abil 0,562119 0,000229
abl 0,733969 0,000149
academ 0,693147 0,000565
accept 0,634878 0,000259
accident 1,771957 0,000361
accord 0,287682 0,000351
accordingli 2,120264 0,000432
account -0,009950 -0,000006
accur 1,203973 0,000245
accuraci 1,469676 0,000898
achiev 0,510826 0,000520
across 0,415515 0,000169
act 0,713350 0,000581
action -0,009950 -0,000002
actual 0,597837 0,000243
ad 0,223144 0,000091
adapt 0,798508 0,000325
add -0,009950 -0,000006
addit -0,009950 -0,000014
address 0,342490 0,000070
adopt 0,415515 0,000592
advanc 0,235722 0,000048
advoc 1,714798 0,000349
affect 0,693147 0,000141
affidavit 3,912023 0,000797
afford 2,040221 0,000415
again 1,078810 0,000220
agent 0,733969 0,000149
agil 2,040221 0,000415
ago 0,967584 0,000394
agre -0,009950 -0,000004
agreement 1,078810 0,000220
ai 1,272966 0,000259
aid 0,843970 0,000172
aim 0,634878 0,000517
albliwi 3,912023 0,000797
aldershot 3,218876 0,000655
aldinetransact 3,912023 0,000797
alessandro 2,659260 0,000541
all 0,000000 0,000000
alloc 0,941609 0,000192
allow 0,061875 0,000025
almc 3,912023 0,000797
along 0,462035 0,000094
alreadi 0,776529 0,000158
also -0,009950 -0,000032
alter 1,469676 0,000299
altern 0,342490 0,000139
although 0,287682 0,000059
altogeth 2,207275 0,000449
alwai 0,597837 0,000122
amacom 3,506558 0,000714
amazon 1,309333 0,000533
america 0,967584 0,000591
american 0,415515 0,000677
among 0,356675 0,000073
amongst 2,120264 0,000432
amp -0,009950 -0,000032
analys 1,309333 0,000267
analysi 0,186330 0,000531
analyt 0,798508 0,000163
analyz 0,843970 0,000516
anbari 3,912023 0,000797
anderson 1,609438 0,000328
andi 1,714798 0,000349
ani 0,083382 0,000068
announc 0,733969 0,000448
anoth 0,127833 0,000052
anova 2,995732 0,000610
antoni 3,912023 0,000797
anyon 1,386294 0,000282
apart 1,897120 0,001159
appear -0,009950 -0,000004
appli -0,009950 -0,000012
applic 0,030459 0,000025
applicata 3,912023 0,000797
approach 0,174353 0,000320
appropri 0,867501 0,000353
approxim 0,891598 0,000182
april 0,072571 0,000089
arbitrari 1,049822 0,000214
archiv 0,040822 0,000191
area 0,478036 0,000097
argu 0,994252 0,000405
armi 2,207275 0,002247
arrai 0,994252 0,000202
art 0,673345 0,000137
articl 0,000000 0,000000
articleabout -0,009950 -0,000002
articletalk -0,009950 -0,000002
asefeso 3,912023 0,000797
ask 0,867501 0,000177
aspect 0,616186 0,000125
asq 3,218876 0,000655
assert 1,514128 0,000308
assess 1,021651 0,000208
assist 1,139434 0,000232
associ 0,127833 0,000104
assum 0,891598 0,000726
assumpt 1,171183 0,000477
ato 3,912023 0,000797
attempt 0,478036 0,000097
attent 1,203973 0,000490
attitud 2,302585 0,000469
attribut -0,009950 -0,000006
august 0,162519 0,000165
author 0,040822 0,000008
autoliv 3,912023 0,002390
automat 0,462035 0,000094
autonomi 2,302585 0,000469
avail -0,009950 -0,000002
awai 1,139434 0,000464
awar 1,203973 0,000490
award 1,609438 0,000328
axi 2,120264 0,000432
axiomat 3,218876 0,001311
badir 3,912023 0,000797
bae 3,506558 0,001428
bahasa 0,186330 0,000038
bank 0,941609 0,000767
barnard 3,912023 0,001593
barrier 1,660731 0,000338
base 0,010050 0,000023
basem 3,912023 0,000797
basi 0,820981 0,000167
basic 0,198451 0,000162
bass 3,218876 0,000655
batch 1,771957 0,000361
becaus 0,127833 0,000156
bechtel 3,912023 0,003186
becki 3,506558 0,000714
becom 0,274437 0,000056
becton 3,912023 0,000797
beg 3,912023 0,000797
begin 0,385662 0,000079
begun 1,966113 0,000400
belief 1,714798 0,000349
believ 1,272966 0,000259
belt 2,525729 0,010286
bender 2,995732 0,000610
benefit 0,776529 0,000474
bertel 3,506558 0,000714
best 0,462035 0,000376
betsi 3,912023 0,000797
better 0,494296 0,000201
beyond 0,713350 0,000726
big 0,673345 0,000137
bill 0,776529 0,000158
billion 1,078810 0,000659
black 1,203973 0,002697
blind 2,120264 0,000432
blue 1,560648 0,000636
board 0,843970 0,000172
bodi 0,867501 0,000353
boe 3,218876 0,001966
bokm 0,127833 0,000026
bone 3,506558 0,001428
book 0,210721 0,000129
bottom 2,040221 0,000831
brainstorm 2,995732 0,000610
break 0,733969 0,000149
breakthrough 2,813411 0,003437
breyfogl 3,912023 0,001593
brian 1,108663 0,000226
bring 1,021651 0,000208
broad 1,203973 0,000245
bruce 1,514128 0,000308
build 0,274437 0,000056
busi 0,287682 0,001289
businessweek 2,207275 0,000449
calcul 0,916291 0,001119
call 0,030459 0,000012
cambridg 0,755023 0,000154
cancer 2,525729 0,000514
cannot 0,314711 0,000064
capabl 0,562119 0,000916
capit 0,994252 0,000202
capitoli 3,912023 0,000797
card 0,994252 0,000202
career 2,120264 0,000432
carl 1,771957 0,000361
cascini 3,912023 0,001593
case 0,083382 0,000170
cash 1,386294 0,000282
catal 0,094311 0,000019
catalog 2,302585 0,000469
categori -0,009950 -0,000006
caterpillar 3,506558 0,001428
caus 0,430783 0,000702
causal 2,120264 0,000432
cavanagh 3,912023 0,001593
cdot 2,525729 0,000514
celegato 3,912023 0,000797
center 0,415515 0,000254
centr 1,469676 0,000299
central 0,478036 0,000097
centric 1,966113 0,000400
ceo 1,714798 0,000698
certain 0,274437 0,000056
certif 1,078810 0,003515
chain 0,843970 0,001031
chakravorti 3,506558 0,000714
challeng 0,400478 0,000082
champion 2,995732 0,003660
chang 0,051293 0,000052
changesupload -0,009950 -0,000004
characterist 0,843970 0,000344
charg 1,272966 0,000259
charl 0,941609 0,000192
chart 1,309333 0,002133
charter 1,897120 0,000386
chase 2,302585 0,000469
cheaper 2,040221 0,000415
check 0,634878 0,000259
chi 2,207275 0,000449
chief 1,609438 0,000328
chip 1,309333 0,000267
chow 3,218876 0,000655
christoph 1,078810 0,000439
cid 0,356675 0,000073
circuit 0,967584 0,000197
citat 0,248461 0,000152
cite 0,597837 0,000122
claim 0,634878 0,000517
clarifi 2,525729 0,000514
client 0,713350 0,000291
coach 3,506558 0,000714
code -0,009950 -0,000004
collect 0,274437 0,000112
collector 2,302585 0,000469
color 1,609438 0,000983
com 0,150823 0,000123
combin 0,261365 0,000106
come 0,356675 0,000145
comment 1,049822 0,000428
commerci 0,527633 0,000107
commit 1,108663 0,000677
common -0,009950 -0,000014
commonli 0,342490 0,000139
commonswikiquotewikidata 2,302585 0,000469
commun 0,139262 0,000057
compani 0,342490 0,001465
compar 0,342490 0,000209
compet 1,139434 0,000232
competit 1,203973 0,000245
complementari 1,832581 0,000373
complet 0,223144 0,000045
complex 0,186330 0,000076
compon 0,261365 0,000106
comput 0,020203 0,000004
computerworld 1,609438 0,000328
concept 0,198451 0,000121
conclud 1,966113 0,000400
conclus 1,660731 0,000338
concret 1,771957 0,000722
conduct -0,009950 -0,000004
confid 1,771957 0,000361
confus 0,693147 0,000141
connect 0,430783 0,000088
consequ 0,891598 0,000182
consid 0,274437 0,000112
consider 0,713350 0,000145
consist 0,301105 0,000184
construct 0,579818 0,000708
consult 1,386294 0,001976
consum 0,653926 0,000133
contact -0,009950 -0,000004
contain 0,162519 0,000165
content -0,009950 -0,000012
contenti 2,659260 0,000541
continu 0,174353 0,000178
contribut -0,009950 -0,000002
control 0,020203 0,000082
controversi 1,171183 0,000238
convent 0,891598 0,000182
convergi 3,912023 0,001593
cooki -0,009950 -0,000002
cooper 1,021651 0,000416
copi 0,891598 0,000182
cordi 3,506558 0,000714
corp 1,832581 0,000746
corpor 0,562119 0,000687
correct 0,820981 0,000167
correctli 1,832581 0,000373
correl 1,347074 0,000274
correspond 0,798508 0,000488
coryea 3,912023 0,001593
cost 0,385662 0,000471
costello 2,813411 0,000573
cours 0,967584 0,000197
cover 0,733969 0,000149
cpk 3,912023 0,004780
crack 2,040221 0,000415
craig 2,040221 0,000415
cranfield 3,218876 0,000655
creat -0,009950 -0,000014
creativ -0,009950 -0,000012
creator 1,469676 0,000299
credit 0,867501 0,000530
criteria 1,609438 0,000655
critic 0,385662 0,001256
critiqu 2,120264 0,000432
crosbi 3,506558 0,002856
cross 0,562119 0,000114
csc 3,218876 0,000655
ctq 3,912023 0,001593
cult 2,995732 0,000610
cultur 1,049822 0,000855
cupello 3,912023 0,000797
current 0,210721 0,000129
curv 1,309333 0,000533
cushion 3,912023 0,000797
custom 0,544727 0,001220
cycl 0,867501 0,000530
czech 2,040221 0,000415
dabbawala 3,912023 0,001593
damco 3,912023 0,001593
danger 1,514128 0,000308
dasgupta 3,218876 0,000655
data 0,030459 0,000112
databas 0,072571 0,000015
date 0,210721 0,000086
dc 3,506558 0,000714
dead 1,386294 0,001694
deadlin 3,506558 0,000714
debat 1,272966 0,000259
decarlo 3,912023 0,000797
decemb 0,061875 0,000151
decis 0,400478 0,000163
decreas 1,660731 0,000676
deer 2,995732 0,001220
defect 2,302585 0,011253
defenc 2,813411 0,000573
defin 0,116534 0,000190
definit 0,186330 0,000038
deirdr 3,506558 0,000714
del 2,040221 0,000415
deliv 1,078810 0,000220
deliveri 1,309333 0,000533
dell 2,407946 0,000490
demand 0,820981 0,000167
deme 3,506558 0,001428
demystifi 2,659260 0,000541
denot 1,386294 0,000282
denso 3,912023 0,000797
denton 3,506558 0,000714
depart 0,843970 0,000344
department 3,218876 0,000655
depend 0,105361 0,000021
deploy 1,049822 0,000428
depot 3,218876 0,000655
der 1,609438 0,000328
describ 0,174353 0,000142
descript -0,009950 -0,000002
descriptionshort 0,000000 0,000000
deserv 2,995732 0,000610
design 0,040822 0,000150
desir 0,941609 0,000383
detail 0,510826 0,000208
deterior 3,218876 0,001311
determin 0,342490 0,000418
develop -0,009950 -0,000014
deviat 1,771957 0,003608
devot 2,040221 0,000831
dfss 3,912023 0,000797
diagram 1,560648 0,001271
dickinson 3,912023 0,000797
dictionari 0,616186 0,000125
differ 0,010050 0,000006
digest 2,207275 0,000899
diminish 3,506558 0,000714
direct 0,261365 0,000106
dirk 2,659260 0,000541
disambigu 1,049822 0,000214
disc 2,120264 0,000863
disciplin 1,203973 0,000245
disclaim -0,009950 -0,000002
discoveri 1,139434 0,000464
dismiss 2,302585 0,000469
displaystyl 1,386294 0,000282
disput 1,309333 0,000267
disputesaccuraci 3,506558 0,000714
disrupt 1,609438 0,000328
distanc 1,514128 0,000617
distribut 0,198451 0,000283
divis 1,237874 0,000252
dmadv 3,912023 0,004780
dmaic 3,912023 0,007169
docenti 3,912023 0,000797
doctrin 2,407946 0,001961
document 0,328504 0,000401
documentari 2,813411 0,000573
dodg 2,813411 0,001719
doesn 1,609438 0,000328
doi 0,162519 0,000099
domin 1,021651 0,000208
donald 1,347074 0,000549
donat -0,009950 -0,000004
done 0,653926 0,000266
doubl 0,843970 0,000172
doubt 2,525729 0,000514
down 0,597837 0,000122
download -0,009950 -0,000002
dpmo 3,912023 0,008762
draw 0,994252 0,000202
drift 2,995732 0,000610
drive 0,867501 0,000177
driven 0,867501 0,000883
drop 0,994252 0,000202
dry 2,995732 0,000610
duh 3,912023 0,001593
dummi 2,407946 0,002452
dusharm 3,912023 0,000797
dynam 0,342490 0,000070
each 0,072571 0,000044
earli 0,301105 0,000061
eastman 3,912023 0,000797
ed 0,798508 0,000325
edit -0,009950 -0,000069
editcommun -0,009950 -0,000002
editor 1,347074 0,000274
educ 0,494296 0,000101
edward 1,139434 0,000464
effect 0,274437 0,000503
effici 0,287682 0,000176
effort 0,653926 0,000133
efm 3,912023 0,000797
egidio 3,912023 0,001593
either 0,248461 0,000051
electr 0,891598 0,000545
element 0,301105 0,000061
elimin 0,867501 0,000883
elit 2,995732 0,000610
embrac 2,040221 0,000415
emerg 0,527633 0,000107
emphasi 1,771957 0,000361
empir 1,108663 0,000677
emploi 0,673345 0,000137
employe 1,386294 0,001129
empow 2,302585 0,000469
encount 1,966113 0,000400
encyclopedia -0,009950 -0,000002
engin 0,061875 0,000076
england 1,469676 0,000299
english -0,009950 -0,000002
enhanc 0,510826 0,000104
enough 0,843970 0,000344
ensur 0,713350 0,000872
enterpris 0,446287 0,000182
entir 0,597837 0,000122
environ 0,385662 0,000079
equat 1,386294 0,000282
equip 1,078810 0,000220
equival 0,820981 0,000167
erlbaum 3,218876 0,000655
erp 2,813411 0,000573
error 0,430783 0,000351
espa 0,210721 0,000043
espous 3,912023 0,000797
essenti 0,634878 0,000129
establish 0,634878 0,000388
etc 0,562119 0,000114
etch 3,506558 0,000714
etymolog 1,966113 0,000801
evalu 0,562119 0,000114
even 0,235722 0,000096
eventsrandom -0,009950 -0,000002
everi 0,261365 0,000106
everyon 1,714798 0,000349
evid 1,272966 0,001555
evolv 1,078810 0,000220
evonik 3,912023 0,001593
exam 2,040221 0,000415
examin 0,867501 0,000177
exampl 0,020203 0,000016
exceed 2,120264 0,000432
excel 1,714798 0,001746
excess 1,386294 0,000282
execut 0,356675 0,000218
exercis 2,120264 0,000432
exist 0,186330 0,000076
expect 0,494296 0,000101
expens 1,108663 0,000226
experi 0,510826 0,000832
experienc 1,966113 0,000400
expert 1,078810 0,000879
expertis 1,897120 0,000386
explain 0,798508 0,000325
explor 0,820981 0,000167
exploratori 1,966113 0,000400
export -0,009950 -0,000002
express 0,544727 0,000333
extens 0,342490 0,000070
extern 0,030459 0,000031
extra 1,609438 0,000328
extrem 0,941609 0,000192
facilit 0,916291 0,000187
fact 0,579818 0,000826
factor 0,544727 0,000887
fad 2,407946 0,000490
fail 0,693147 0,000706
failur 1,021651 0,001040
fals 1,237874 0,000252
far 0,867501 0,000707
faster 0,994252 0,000202
featur 0,210721 0,000043
februari 0,061875 0,000038
fed 2,207275 0,000449
fee 1,714798 0,000349
feedback 1,309333 0,000267
feo 3,912023 0,001593
few 0,653926 0,000133
fewer 1,897120 0,000773
ficalora 3,912023 0,000797
field 0,314711 0,000128
figur 1,272966 0,001296
fileperman -0,009950 -0,000002
filespeci -0,009950 -0,000002
fill 1,660731 0,000338
final 0,494296 0,000101
financ 0,843970 0,000344
financi 0,776529 0,000474
find 0,371064 0,000227
firm 1,171183 0,000715
first 0,020203 0,000029
fishbon 3,912023 0,000797
fit 1,203973 0,001471
five 0,776529 0,000791
fix 0,385662 0,000157
flamboy 3,912023 0,000797
flaw 1,469676 0,000299
flawlessli 3,912023 0,000797
floor 2,120264 0,000432
flow 0,430783 0,000175
fmea 3,218876 0,000655
focu 0,755023 0,000922
focus 0,653926 0,000266
foe 3,912023 0,000797
follow 0,072571 0,000089
ford 2,302585 0,001407
form 0,072571 0,000015
formal 0,510826 0,000104
former 1,049822 0,000214
formula 1,427116 0,000291
forrest 2,525729 0,001029
fortun 2,207275 0,001798
forward 0,941609 0,000383
foster 2,207275 0,000449
found 0,274437 0,000168
foundat -0,009950 -0,000002
fraction 1,514128 0,000308
fran 0,223144 0,000045
francisco 1,609438 0,000328
frank 1,203973 0,000245
free -0,009950 -0,000010
freedom 1,609438 0,000655
friend 2,040221 0,000415
front 1,078810 0,000220
function 0,030459 0,000043
further 0,139262 0,000085
futur 0,235722 0,000192
gaug 2,407946 0,000490
gener -0,009950 -0,000016
geoff 2,525729 0,001543
gerald 2,407946 0,000490
get 0,430783 0,000088
gill 2,525729 0,000514
give 0,446287 0,000091
given 0,261365 0,000053
glimps 3,218876 0,000655
go 1,237874 0,000504
goal 0,562119 0,000916
goe 1,237874 0,000252
goofi 3,912023 0,000797
googl 0,579818 0,000118
gower 3,218876 0,001966
graduat 1,660731 0,000338
great 0,941609 0,000192
greater 0,755023 0,000307
greek 1,832581 0,000373
green 0,916291 0,000933
grew 1,386294 0,000282
group 0,186330 0,000114
grow 0,653926 0,000133
grumman 3,506558 0,000714
guarante 1,078810 0,000220
guesswork 3,912023 0,000797
guid 0,287682 0,000410
guidanc 1,714798 0,000349
gupta 2,302585 0,000469
gygi 3,912023 0,000797
hahn 3,912023 0,000797
haik 3,912023 0,000797
half 1,108663 0,000226
halim 3,506558 0,000714
hand 0,494296 0,000101
handbook 0,941609 0,000575
harlow 2,995732 0,000610
harri 2,120264 0,002159
harvei 2,813411 0,000573
healthcar 1,347074 0,001920
height 1,771957 0,000722
help 0,174353 0,000213
helplearn -0,009950 -0,000002
henc 1,347074 0,000274
henkel 3,912023 0,000797
here 0,301105 0,000061
hererel -0,009950 -0,000002
hide -0,009950 -0,000008
hierarchi 1,469676 0,000299
high 0,223144 0,000182
highli 0,867501 0,000177
hill 0,867501 0,001590
hindo 3,912023 0,000797
hire 1,966113 0,000400
histogram 2,813411 0,000573
histori -0,009950 -0,000010
hit 1,469676 0,000299
hoboken 1,897120 0,000386
hodgin 3,912023 0,000797
hoerl 3,912023 0,001593
holland 2,120264 0,000432
home 0,616186 0,000251
hone 3,912023 0,001593
honeywel 3,506558 0,000714
hoon 3,218876 0,000655
horizont 1,897120 0,000386
hospit 2,407946 0,000981
hous 0,820981 0,000334
how 0,072571 0,000118
howev 0,094311 0,000058
http -0,009950 -0,000002
hulbert 3,912023 0,000797
human 0,527633 0,000322
hype 2,120264 0,000432
hypothesi 1,897120 0,000386
ick 3,506558 0,000714
idea 0,527633 0,000430
identifi 0,356675 0,000508
ideolog 2,659260 0,000541
iec 1,897120 0,000386
iii 1,560648 0,000636
ijqrm 3,912023 0,000797
illinoi 1,966113 0,000400
illustr 1,203973 0,000245
impact 0,544727 0,000111
implement 0,105361 0,000257
implicit 1,514128 0,000308
import 0,162519 0,000199
improv 0,150823 0,001136
inadequ 2,525729 0,001029
inappropri 2,525729 0,000514
inc -0,009950 -0,000012
includ 0,000000 0,000000
increas 0,287682 0,000351
increment 1,386294 0,000565
incumb 3,506558 0,000714
index -0,009950 -0,000004
indic 0,356675 0,000073
individu 0,314711 0,000064
indonesiaitaliano 1,237874 0,000252
industri 0,356675 0,000508
inferenti 3,506558 0,000714
influenc 0,579818 0,000118
inform 0,061875 0,000025
informationcit -0,009950 -0,000002
infrastructur 0,673345 0,000137
initi 0,235722 0,000240
innov 0,820981 0,000669
input 0,634878 0,000129
insid 0,579818 0,000118
inspir 1,237874 0,000252
institut 0,446287 0,000273
instrument 1,049822 0,000214
integr 0,174353 0,000036
intend 0,478036 0,000097
intens 1,427116 0,000291
interest 0,478036 0,000097
intern 0,040822 0,000017
internation 2,040221 0,000415
introduc 0,210721 0,000129
introduct 0,210721 0,000086
introductionsbusi 3,912023 0,000797
inventec 3,912023 0,000797
inventor 2,120264 0,000432
inventori 1,832581 0,000373
invest 0,967584 0,000394
investig 1,078810 0,000659
involv 0,415515 0,000338
ipaal 3,912023 0,000797
isa 2,995732 0,001220
isbn 0,051293 0,000324
ishikawa 3,506558 0,000714
isixsigma 3,506558 0,001428
iso 1,309333 0,001066
issn 0,478036 0,000097
isssp 3,912023 0,001593
issu 0,314711 0,000320
italian 2,040221 0,000415
item -0,009950 -0,000006
itiner 3,912023 0,000797
itself 0,342490 0,000070
ja 3,912023 0,000797
jack 1,897120 0,000773
jame 0,634878 0,000388
januari 0,083382 0,000085
japanes 1,771957 0,001443
jarrar 3,912023 0,000797
job 1,171183 0,000954
joe 1,771957 0,000722
john 0,198451 0,000364
johnson 1,714798 0,000698
jone 1,386294 0,000282
joseph 0,820981 0,000502
jossei 3,912023 0,000797
journal 0,186330 0,000266
jpmorgan 2,659260 0,000541
jstor 0,843970 0,000172
judo 3,912023 0,000797
juli 0,127833 0,000130
jump -0,009950 -0,000002
june 0,094311 0,000096
juran 3,912023 0,003186
just 0,328504 0,000067
justic 2,040221 0,000415
kaizen 3,506558 0,002142
karen 2,040221 0,000415
kei 0,314711 0,000256
keller 2,995732 0,002440
kieran 3,912023 0,000797
know 0,653926 0,000133
knowledg 0,597837 0,000243
known 0,127833 0,000130
kodak 3,506558 0,000714
kullmann 3,912023 0,000797
kwak 3,506558 0,000714
lack 0,544727 0,001442
languag -0,009950 -0,000010
larg 0,127833 0,000104
larger 0,941609 0,000192
largest 1,108663 0,000226
larri 1,514128 0,000617
last -0,009950 -0,000002
late 0,733969 0,000299
later 0,223144 0,000091
latzko 3,912023 0,000797
lavoi 3,912023 0,000797
lawrenc 1,386294 0,000282
lead 0,287682 0,000176
leadership 2,207275 0,002697
lean 2,207275 0,013484
learn 0,162519 0,000132
led 0,446287 0,000091
left 0,916291 0,000187
legal -0,009950 -0,000002
leroi 3,506558 0,001428
less 0,430783 0,000263
lesson 1,386294 0,000282
letter 0,843970 0,000172
level 0,083382 0,000323
li 1,832581 0,000373
licens -0,009950 -0,000002
lietuvi 2,302585 0,000469
life 0,653926 0,000533
lifetim 2,120264 0,000432
like 0,051293 0,000052
likelihood 1,897120 0,000386
lim 2,659260 0,000541
limit 0,186330 0,000531
line 0,261365 0,000106
linear 0,916291 0,000187
link -0,009950 -0,000016
linkpag -0,009950 -0,000002
linksarticl 1,021651 0,000208
linksc 1,272966 0,000259
lisa 2,525729 0,000514
list 0,051293 0,000063
literatur 1,272966 0,001037
littl 0,820981 0,000167
live 0,733969 0,000149
local 0,314711 0,000064
log -0,009950 -0,000004
logistician 3,506558 0,001428
long 0,287682 0,000703
longer 0,755023 0,000154
look 0,478036 0,000292
loop 1,347074 0,000274
loss 0,891598 0,000182
lot 1,386294 0,000282
low 0,478036 0,000097
lower 0,673345 0,000137
lpolskiportugu 2,302585 0,000469
lsl 3,912023 0,000797
lss 3,912023 0,000797
ltd 1,203973 0,000735
lull 3,912023 0,000797
machin 0,040822 0,000008
mad 2,407946 0,000490
made 0,186330 0,000038
maersk 3,912023 0,000797
magazin 0,755023 0,000154
magyar 1,049822 0,000214
main -0,009950 -0,000020
mainli 1,021651 0,000208
mainten 0,843970 0,000344
major 0,223144 0,000045
make 0,061875 0,000126
manag 0,105361 0,000579
managementhidden 3,912023 0,000797
managementprofession 3,912023 0,000797
mani 0,061875 0,000076
mann 2,302585 0,000469
manner 1,469676 0,000299
manufactur 1,171183 0,004531
manufacturingglob 3,912023 0,000797
map 0,616186 0,000627
march 0,116534 0,000095
marin 2,302585 0,000469
mark 0,261365 0,000160
market 0,446287 0,000273
martial 3,912023 0,000797
master 0,941609 0,000575
match 0,400478 0,000082
materi 0,616186 0,000125
maxim 1,469676 0,000299
mba 2,995732 0,000610
mcallist 2,813411 0,000573
mccloskei 3,506558 0,000714
mcgraw 1,108663 0,001806
mcip 3,912023 0,000797
mckesson 3,912023 0,001593
mcnernei 3,912023 0,000797
meadow 3,912023 0,001593
mean 0,083382 0,000407
measur 0,371064 0,000907
mechan 0,356675 0,000073
media 0,139262 0,000028
medic 1,108663 0,000226
meet 0,527633 0,000107
member 0,562119 0,000114
memori 0,562119 0,000114
mention 1,237874 0,000756
mentor 2,995732 0,000610
menu -0,009950 -0,000004
merit 2,659260 0,000541
messag 0,400478 0,000082
method 0,150823 0,000522
methodolog 0,994252 0,003644
metric 1,309333 0,000533
michael 0,385662 0,000157
michigan 2,302585 0,000469
microchip 2,813411 0,001146
microscop 2,995732 0,000610
mid 0,994252 0,000202
midnight 3,912023 0,000797
mikel 3,912023 0,003983
mil 3,218876 0,000655
million 0,843970 0,002406
milwauke 2,995732 0,000610
minim 0,579818 0,000118
minut 1,469676 0,000898
misconcept 2,407946 0,000981
mistak 1,832581 0,001119
misus 1,897120 0,000386
mml 3,506558 0,000714
mobil -0,009950 -0,000002
mode 0,755023 0,000154
model 0,116534 0,000095
monitor 1,021651 0,000208
month 0,776529 0,000158
more 0,010050 0,000025
morri 1,832581 0,000373
morrison 3,912023 0,000797
most 0,040822 0,000042
mostli 0,994252 0,000607
motor 2,040221 0,000415
motorola 2,995732 0,007930
move -0,009950 -0,000014
much 0,400478 0,000245
mulaik 3,912023 0,000797
multi 0,342490 0,000070
multimedia 1,386294 0,000282
multipl 0,094311 0,000038
mumbai 3,506558 0,001428
nam 2,995732 0,000610
name 0,162519 0,000066
narrowli 3,506558 0,000714
nation 0,527633 0,000107
natur 0,356675 0,000363
navig -0,009950 -0,000002
ndtv 3,506558 0,000714
nearest 2,659260 0,002707
necessari 0,616186 0,000125
necessarili 1,049822 0,000214
nederland 0,415515 0,000085
need 0,030459 0,000068
neeli 3,912023 0,000797
neg 0,967584 0,000394
neil 1,771957 0,000361
net 0,385662 0,000079
neuman 3,912023 0,001593
new 0,010050 0,000031
newslett 3,506558 0,000714
newspap 1,347074 0,000274
nica 3,218876 0,000655
non -0,009950 -0,000010
nonconform 3,912023 0,001593
normal 0,673345 0,001234
norsk 0,342490 0,000070
north 1,309333 0,000267
northrop 3,506558 0,000714
not 0,000000 0,000000
note 0,150823 0,000061
noth 1,966113 0,000400
novemb 0,150823 0,000092
now 0,274437 0,000168
number 0,040822 0,000050
object 0,174353 0,000107
observ 0,820981 0,000167
obstacl 2,407946 0,000490
obtain 0,733969 0,000149
oclc 0,891598 0,001816
octob 0,139262 0,000255
oee 3,506558 0,000714
ofelia 3,912023 0,000797
offer 0,248461 0,000101
oft 3,912023 0,000797
oldid -0,009950 -0,000002
olesperantoeuskara 0,510826 0,000104
onli 0,051293 0,000031
onlin 0,415515 0,000085
onmachin 2,813411 0,000573
oper 0,010050 0,000010
opinion 1,347074 0,000274
opportun 1,139434 0,000696
optim 0,415515 0,000169
orang 2,525729 0,000514
order 0,094311 0,000038
ordinari 1,272966 0,000259
org -0,009950 -0,000006
organ -0,009950 -0,000047
organiz 1,609438 0,000983
orient 0,653926 0,000133
origin -0,009950 -0,000057
other -0,009950 -0,000028
out 0,261365 0,000106
output 0,597837 0,000243
outsid 0,776529 0,000474
outsourc 2,207275 0,000449
over 0,094311 0,000250
overcom 1,714798 0,000349
oversel 3,912023 0,000797
overview 0,616186 0,000125
owner 1,171183 0,000238
packag 0,776529 0,000158
page -0,009950 -0,000006
pagecontentscurr -0,009950 -0,000002
pageget -0,009950 -0,000002
pai 1,021651 0,000208
paid 1,560648 0,000636
pand 3,912023 0,002390
paparon 3,912023 0,000797
paper 0,527633 0,000107
paradigmat 3,912023 0,000797
pareto 2,407946 0,001471
part 0,072571 0,000059
parti 0,616186 0,000125
particip 1,021651 0,000624
particularli 0,597837 0,000122
partner 1,966113 0,000400
pass 0,776529 0,000158
path 0,798508 0,000163
patient 1,832581 0,000373
paton 3,912023 0,000797
paul 0,544727 0,000444
paulin 3,506558 0,000714
payment 1,347074 0,000274
pdf 0,139262 0,000284
pdfprintabl -0,009950 -0,000002
pejor 3,912023 0,000797
peopl 0,356675 0,000145
per 0,616186 0,000878
percent 1,514128 0,000308
percentag 1,427116 0,000872
perform 0,040822 0,000150
perman 1,272966 0,000518
permit 1,203973 0,000490
person -0,009950 -0,000002
perspect 0,733969 0,000149
peter 0,446287 0,000182
phase 1,347074 0,002469
phenomenon 2,040221 0,000415
phi 2,407946 0,000490
philip 1,469676 0,000898
philosoph 2,040221 0,000415
php -0,009950 -0,000002
pick 1,609438 0,000328
pilot 2,120264 0,000863
pioneer 1,272966 0,000259
place 0,356675 0,000073
plai 0,713350 0,000145
plain 1,514128 0,000308
plan 0,430783 0,000263
plausibl 2,813411 0,000573
playbook 3,218876 0,000655
plc 2,302585 0,000469
pleas 0,755023 0,000154
plm 3,218876 0,000655
point 0,186330 0,000038
poka 3,506558 0,001428
polici -0,009950 -0,000004
pollut 1,832581 0,000373
polyon 3,912023 0,001593
poor 1,714798 0,000698
popular 0,400478 0,000082
portalrec -0,009950 -0,000002
possibl 0,186330 0,000038
post 0,478036 0,000097
potenti 0,371064 0,000378
power 0,261365 0,000053
practic 0,186330 0,000341
practition 1,514128 0,001542
praveen 3,912023 0,000797
predict 0,733969 0,000149
prefer 0,798508 0,000163
prem 3,218876 0,000655
prepar 1,139434 0,000232
present 0,287682 0,000059
preserv 1,309333 0,000267
press 0,210721 0,000215
prevent 0,634878 0,000259
previou 0,843970 0,000344
price 0,798508 0,000325
primarili 0,653926 0,000266
principl 0,385662 0,000079
print -0,009950 -0,000002
prior 0,891598 0,000182
priorit 1,609438 0,000655
privaci -0,009950 -0,000004
probabl 0,843970 0,000516
problem 0,186330 0,000076
process 0,051293 0,000815
processesqu 3,912023 0,000797
produc 0,342490 0,000209
product 0,174353 0,000639
profession 0,673345 0,001234
professor 1,660731 0,000338
profit -0,009950 -0,000006
program 0,116534 0,000142
programm 0,693147 0,000141
project -0,009950 -0,000047
promin 1,237874 0,000252
promot 0,891598 0,000182
proof 1,347074 0,000274
propon 2,207275 0,000449
proport 1,771957 0,000361
provid 0,061875 0,000050
public 0,127833 0,000078
publish 0,105361 0,000279
pure 1,203973 0,000245
purpos 0,248461 0,000101
put 0,755023 0,000154
pyzdek 3,912023 0,001593
qfd 3,912023 0,000797
qrm 3,218876 0,000655
qualiti 0,634878 0,006335
qualpro 3,912023 0,000797
quantifi 1,560648 0,000318
quantit 1,469676 0,000299
queen 2,995732 0,000610
question 0,597837 0,000122
quick 1,609438 0,000328
quotat 1,469676 0,000299
ramon 3,912023 0,000797
random 0,693147 0,000141
rank 1,272966 0,000259
rare 1,108663 0,000226
rate 0,673345 0,000548
rath 3,506558 0,000714
rather 0,287682 0,000293
ration 1,660731 0,000338
rational 2,525729 0,000514
raytheon 3,506558 0,001428
rbaycancabosanski 2,995732 0,000610
rce 3,506558 0,000714
rcm 3,218876 0,000655
rdmaic 3,912023 0,000797
reach 0,755023 0,000154
read 0,162519 0,000066
readeditview 0,287682 0,000117
real 0,210721 0,000086
reason 0,328504 0,000134
rebutt 3,506558 0,001428
receiv 0,400478 0,000082
recent 0,562119 0,000229
recogn 1,021651 0,000624
record 0,400478 0,000163
red 1,237874 0,000504
reduc 0,274437 0,000838
reduct 1,203973 0,000490
refer -0,009950 -0,000016
referencesarticl 1,660731 0,000338
refin 1,386294 0,000282
reflect 0,562119 0,000114
regist -0,009950 -0,000006
regress 1,771957 0,000722
reimburs 3,218876 0,000655
relat 0,030459 0,000037
relationship 0,653926 0,000133
releg 3,912023 0,000797
relev 0,798508 0,000163
reli 0,562119 0,000114
reliabl 0,371064 0,000227
relianc 2,525729 0,002057
remark 2,525729 0,000514
remov 0,301105 0,000307
renew 1,966113 0,000400
repeat 1,469676 0,000299
report 0,261365 0,000319
repres 0,235722 0,000192
republiclatviaisrael 3,912023 0,000797
requir 0,051293 0,000052
research 0,223144 0,000318
researchg 2,813411 0,000573
resist 1,514128 0,000617
resolv 1,309333 0,000267
resourc 0,248461 0,000101
respect 0,544727 0,000111
respons 0,415515 0,000254
result 0,139262 0,000227
retriev -0,009950 -0,000099
return 0,510826 0,000104
review 0,314711 0,000128
rework 2,813411 0,000573
richard 0,733969 0,000299
richardson 2,995732 0,000610
right 0,314711 0,000192
rigid 2,120264 0,000432
rigor 2,040221 0,000415
risk 0,579818 0,000236
river 1,309333 0,000267
roadmap 2,302585 0,000469
robert 0,527633 0,000215
robust 1,049822 0,000214
roger 1,139434 0,000232
roland 2,813411 0,001146
role 0,527633 0,000860
roll 1,560648 0,000636
ronald 1,714798 0,000349
root 0,733969 0,000448
ross 1,560648 0,000318
rubber 2,407946 0,000981
rudimentari 2,659260 0,000541
ruffa 3,506558 0,000714
rule 0,510826 0,000104
run 0,248461 0,000152
saddl 2,120264 0,000432
safeti -0,009950 -0,000004
sage 2,659260 0,000541
sai 0,616186 0,000376
same 0,116534 0,000071
sampl 1,171183 0,000238
san 1,203973 0,000245
satisfact 2,207275 0,001798
satya 3,912023 0,000797
save 0,994252 0,001620
sbti 3,912023 0,000797
scada 3,506558 0,000714
scatter 2,525729 0,000514
schemat 3,912023 0,000797
scholar 1,021651 0,000208
scholarli 3,218876 0,000655
school 0,867501 0,000353
schroeder 3,218876 0,000655
scienc 0,274437 0,000168
scientif 0,673345 0,000137
score 1,609438 0,000328
scott 0,891598 0,000182
sear 3,218876 0,000655
search -0,009950 -0,000010
sector 1,171183 0,000238
see -0,009950 -0,000008
seek 1,021651 0,000416
seem 1,560648 0,000636
seen 0,776529 0,000158
sei 2,407946 0,000490
seldom 2,659260 0,000541
select 0,371064 0,000076
self 0,478036 0,000389
semiconductor 2,302585 0,000469
separ 0,400478 0,000082
septemb 0,150823 0,000123
serendipit 3,912023 0,000797
seri 0,328504 0,000067
seriou 1,832581 0,000373
serv 0,713350 0,000145
servic 0,210721 0,000300
set 0,051293 0,000104
seven 1,469676 0,000299
sever 0,072571 0,000030
shannon 1,771957 0,000361
share 0,301105 0,000061
sharealik -0,009950 -0,000002
shatter 2,995732 0,000610
sheet 1,771957 0,000361
shelv 2,813411 0,000573
shift 1,021651 0,003745
shop 1,771957 0,000361
short -0,009950 -0,000024
shorten -0,009950 -0,000002
show 0,400478 0,000326
shown 1,237874 0,000252
side 0,579818 0,000236
sidebar -0,009950 -0,000008
sigma 2,302585 0,113934
sign 0,916291 0,000187
signific 0,261365 0,000373
similar 0,150823 0,000061
similarli 0,843970 0,000344
simpli 0,733969 0,000149
sinc 0,139262 0,000057
singl 0,127833 0,000052
sipoc 3,912023 0,002390
site -0,009950 -0,000004
situat 0,776529 0,000158
siu 3,912023 0,000797
six 1,309333 0,050390
sixsigma 3,912023 0,000797
size 0,342490 0,000139
sketchi 3,912023 0,000797
ski 2,659260 0,000541
skill 1,427116 0,000291
slippag 3,506558 0,000714
small 0,314711 0,000064
smarter 2,525729 0,000514
smith 1,139434 0,000232
snee 3,912023 0,000797
societi 0,653926 0,000533
softwar 0,127833 0,000078
solut 0,478036 0,000097
some 0,040822 0,000050
someth 1,347074 0,000274
son 1,049822 0,001069
soni 2,525729 0,000514
sort 1,309333 0,000267
sourc 0,094311 0,000115
sourcesarticl 3,218876 0,000655
span 1,771957 0,000361
spc 3,506558 0,002856
special 0,235722 0,000288
specialist 1,660731 0,000338
specif 0,051293 0,000198
specifi 0,446287 0,000091
spend 1,347074 0,000274
spread 1,171183 0,000477
squar 1,203973 0,000245
stabl 0,867501 0,000177
stack 0,843970 0,000516
stagnant 3,506558 0,000714
stakehold 2,120264 0,000432
standard 0,094311 0,000442
stanford 1,309333 0,000267
stanlei 2,407946 0,000490
start 0,261365 0,000106
state 0,083382 0,000204
statement -0,009950 -0,000008
statementsal 2,207275 0,000449
statementsarticl 0,544727 0,000111
statist -0,009950 -0,000049
statistica 2,659260 0,000541
statistician 2,525729 0,002572
steel 1,897120 0,000386
steiger 3,912023 0,000797
step 0,713350 0,001017
stephen 0,843970 0,000344
stifl 2,995732 0,002440
still 0,342490 0,000279
stori 1,237874 0,000252
strateg 1,171183 0,000238
strategi 0,733969 0,001046
stratif 3,912023 0,000797
stream 0,733969 0,000299
street 1,203973 0,000981
strive 2,407946 0,000490
strong 0,776529 0,000158
strongest 3,218876 0,000655
struggl 1,771957 0,000361
studi 0,314711 0,000705
subject 0,478036 0,000195
subsect 0,020203 0,000021
success 0,494296 0,000604
successfulli 1,427116 0,000581
such 0,000000 0,000000
suh 3,912023 0,000797
suiss 3,506558 0,000714
suit 0,891598 0,000363
summar 1,469676 0,000299
summari 1,469676 0,000599
suomisvenska 2,040221 0,000415
suppli 0,994252 0,001215
supplier 1,832581 0,000746
support 0,150823 0,000092
survei 0,462035 0,000094
sustain 1,171183 0,000238
swimlan 3,912023 0,000797
symbol 1,078810 0,000220
symmetr 1,897120 0,000386
system 0,010050 0,000023
systemat 1,078810 0,000439
tabl -0,009950 -0,000006
taguchi 3,912023 0,001593
take 0,210721 0,000129
target 0,462035 0,000282
task 0,415515 0,000169
tata 2,813411 0,000573
taylor 1,203973 0,000245
team 0,634878 0,000129
tear 3,506558 0,000714
technic 0,478036 0,000292
techniqu 0,385662 0,000628
technolog 0,116534 0,000095
technov 3,912023 0,001593
telef 3,912023 0,000797
tell 1,660731 0,000338
tennant 3,912023 0,002390
term -0,009950 -0,000057
terminolog 1,237874 0,000252
termsbusi 3,912023 0,000797
terror 2,407946 0,000490
test 0,248461 0,000354
texa 1,966113 0,000400
text -0,009950 -0,000006
textstyl 2,659260 0,002707
than 0,072571 0,000192
thank 2,207275 0,000449
that 0,000000 0,000000
then 0,116534 0,000024
theori 0,400478 0,000082
there 0,051293 0,000136
therefor 0,478036 0,000097
these 0,040822 0,000042
thi -0,009950 -0,000053
think 1,049822 0,000214
third 0,342490 0,000139
thoma 0,527633 0,000322
those 0,235722 0,000048
though 0,544727 0,000111
three 0,287682 0,000059
throughput 2,120264 0,000432
thu 0,314711 0,000256
time 0,000000 0,000000
tinadeutscheesti 2,659260 0,000541
tinjin 3,912023 0,000797
tire 2,995732 0,001220
tirthankar 3,912023 0,000797
titl -0,009950 -0,000002
toc 3,218876 0,000655
todai 0,693147 0,000141
toggl -0,009950 -0,000014
toler 1,386294 0,000847
too 0,634878 0,000517
tool -0,009950 -0,000034
toolsdefin 3,912023 0,000797
top -0,009950 -0,000012
topic -0,009950 -0,000002
toshiba 3,912023 0,000797
total 0,673345 0,000411
toward 0,713350 0,000291
tpm 2,813411 0,000573
tqm 2,995732 0,002440
trademark -0,009950 -0,000004
trail 1,897120 0,000386
train 0,967584 0,000985
transcend 3,218876 0,000655
transfer 0,544727 0,000111
transform 0,544727 0,000333
tree 0,693147 0,000141
trick 2,120264 0,000432
troubleshoot 2,995732 0,000610
true 0,776529 0,000316
tucson 3,912023 0,000797
turn 0,776529 0,000158
turnaround 3,912023 0,000797
twelv 2,525729 0,000514
two 0,083382 0,000085
type 0,051293 0,000010
uncertain 2,407946 0,000490
uncertainti 1,237874 0,000252
under -0,009950 -0,000012
underestim 2,995732 0,000610
underli 0,693147 0,000282
understand 0,342490 0,000209
unduli 3,912023 0,000797
unipart 3,912023 0,001593
unit 0,248461 0,000152
univers 0,139262 0,000227
unknown 1,108663 0,000226
unleash 2,525729 0,000514
unlik 0,653926 0,000133
unsourc 0,446287 0,000273
unsuccess 3,218876 0,000655
until 0,510826 0,000104
updat 0,342490 0,000070
upon 0,673345 0,000137
upper 1,660731 0,001691
urldownload -0,009950 -0,000002
usa 1,427116 0,000581
user 0,274437 0,000056
usl 2,995732 0,000610
usual 0,198451 0,000040
utc -0,009950 -0,000002
util 0,597837 0,000122
valid 0,616186 0,000251
valu 0,162519 0,000430
van 0,867501 0,000177
vanguard 3,218876 0,001311
vari 0,478036 0,000195
variabl 0,494296 0,000201
varianc 1,660731 0,000338
variat 0,994252 0,001620
variou 0,223144 0,000091
vativ 3,912023 0,000797
vdm 3,506558 0,000714
vee 3,912023 0,000797
veri 0,314711 0,000128
verif 0,733969 0,000448
verifi 1,237874 0,000756
verificationarticl 2,407946 0,000490
version -0,009950 -0,000006
vest 2,525729 0,000514
view -0,009950 -0,000004
vision 0,867501 0,000353
visual 0,562119 0,000229
vital 2,120264 0,000432
voic 1,514128 0,001233
vol 0,616186 0,000125
volum 0,616186 0,000125
vte 0,967584 0,000197
vtesix 3,912023 0,000797
wai 0,105361 0,000107
wall 1,237874 0,001008
wallac 2,525729 0,001029
walsh 2,525729 0,000514
want 0,820981 0,000167
wast 1,660731 0,001691
water 1,386294 0,000282
weak 1,660731 0,000338
web 0,342490 0,000070
webber 3,912023 0,001593
websit 0,527633 0,000215
week 1,171183 0,000238
welch 3,218876 0,001311
welcom 1,966113 0,000400
well 0,051293 0,000042
wharton 3,218876 0,000655
what -0,009950 -0,000012
wheel 2,120264 0,000432
wheeler 2,813411 0,001146
when 0,030459 0,000050
where 0,072571 0,000059
wherea 1,049822 0,000428
whether 0,400478 0,000082
which 0,000000 0,000000
while 0,051293 0,000073
white 1,108663 0,000226
who 0,301105 0,000307
why 0,494296 0,000201
wide 0,210721 0,000043
wiel 3,912023 0,000797
wikidata 0,562119 0,000114
wikidataarticl 1,171183 0,000238
wikimedia -0,009950 -0,000006
wikipedia -0,009950 -0,000012
wikipediacontact -0,009950 -0,000002
wikiquot 1,966113 0,000400
wilei 0,562119 0,000687
william 0,616186 0,000376
wipro 3,912023 0,001593
wisconsin 3,506558 0,000714
within 0,116534 0,000095
without 0,094311 0,000019
word 0,446287 0,000091
work 0,030459 0,000037
workforc 2,813411 0,000573
workplac 2,525729 0,001029
world 0,139262 0,000028
written 0,287682 0,000059
wrong 1,560648 0,000318
www 0,356675 0,000073
xianyi 3,912023 0,000797
xiv 3,912023 0,000797
xlibri 3,912023 0,000797
yasar 3,506558 0,000714
year 0,162519 0,000132
yellow 2,407946 0,000490
yield 1,139434 0,000928
yoke 3,506558 0,001428
york 0,371064 0,000529
young 1,897120 0,000386
zero 0,693147 0,000423
ziliak 3,506558 0,000714
zinkgraf 3,912023 0,000797
