aasish 3,912023 0,001041
abbi 3,912023 0,001041
abhishek 2,995732 0,000797
abl 0,733969 0,000195
academ 0,693147 0,000738
academi 1,966113 0,000523
accept 0,634878 0,000169
access 0,127833 0,000170
accord 0,287682 0,000153
account -0,009950 -0,000008
accuraci 1,469676 0,000391
acm 0,755023 0,001406
across 0,415515 0,000332
action -0,009950 -0,000003
activ 0,356675 0,000095
ad 0,223144 0,000119
adapt 0,798508 0,000212
add -0,009950 -0,000003
addison 1,203973 0,000641
addit -0,009950 -0,000013
adopt 0,415515 0,000221
advanc 0,235722 0,000063
advantag 0,693147 0,000184
adversari 2,040221 0,001086
aeronaut 2,995732 0,000797
against 0,462035 0,000123
agre -0,009950 -0,000003
ahmet 3,912023 0,001041
aim 0,634878 0,000676
aisgaeilgegalego 1,427116 0,000380
algebra 1,347074 0,000358
algorithm 0,462035 0,000983
ali 1,609438 0,000428
alina 3,506558 0,000933
aliyu 3,912023 0,001041
all 0,000000 0,000000
alleg 2,407946 0,000641
allen 1,714798 0,001369
alloc 0,941609 0,000250
allow 0,061875 0,000033
almost 0,798508 0,000212
along 0,462035 0,000246
alphabet 1,469676 0,000391
alsahfi 3,912023 0,001041
alshemaimri 3,912023 0,001041
also -0,009950 -0,000019
altavista 3,912023 0,001041
alvin 3,218876 0,000856
amal 3,912023 0,001041
american 0,415515 0,000442
amit 2,407946 0,000641
amp -0,009950 -0,000013
analysi 0,186330 0,000397
anatomi 2,407946 0,000641
andrea 1,386294 0,000369
andrew 0,820981 0,000437
ani 0,083382 0,000067
anim 1,021651 0,000272
ann 1,514128 0,000403
annot 1,108663 0,000295
annual 0,776529 0,000207
anomal 2,813411 0,000748
anoth 0,127833 0,000034
anselm 3,912023 0,001041
answer 1,171183 0,000623
appear -0,009950 -0,000011
appli -0,009950 -0,000008
applic 0,030459 0,000113
approach 0,174353 0,000232
april 0,072571 0,000019
arabzadeh 3,912023 0,001041
arbitrari 1,049822 0,000279
architectur 0,400478 0,000320
archiv 0,040822 0,000054
area 0,478036 0,000254
armendariz 3,912023 0,001041
around 0,356675 0,000095
articl 0,000000 0,000000
articleabout -0,009950 -0,000003
articletalk -0,009950 -0,000003
articul 2,525729 0,002016
artifici 0,994252 0,000264
arxiv 1,078810 0,002296
asi 2,659260 0,001415
ask 0,867501 0,000231
aspect 0,616186 0,000164
assembl 0,867501 0,000231
assess 1,021651 0,000544
associ 0,127833 0,000204
assum 0,891598 0,000237
assumpt 1,171183 0,000623
athena 3,912023 0,001041
atlant 2,120264 0,000564
attempt 0,478036 0,000127
attribut -0,009950 -0,000003
audio 0,891598 0,000474
austria 2,813411 0,000748
author 0,040822 0,000011
auto 1,514128 0,000403
autom 0,597837 0,000477
automat 0,462035 0,000737
avail -0,009950 -0,000003
award 1,609438 0,002141
backdrop 3,912023 0,001041
bader 3,506558 0,000933
baeza 2,995732 0,002391
baglei 3,912023 0,001041
bahasa 0,186330 0,000050
bajaj 3,912023 0,001041
balanc 1,139434 0,000909
base 0,010050 0,000048
basi 0,820981 0,000655
batch 1,771957 0,000471
bay 2,120264 0,000564
bc 3,506558 0,000933
becam 0,579818 0,000463
becaus 0,127833 0,000034
becker 2,659260 0,002122
becom 0,274437 0,000146
beel 3,912023 0,001041
began 0,634878 0,000844
begin 0,385662 0,000103
behavior 0,342490 0,000182
behind 0,867501 0,000462
beir 3,912023 0,002081
bela 3,506558 0,000933
believ 1,272966 0,000339
belkin 3,912023 0,001041
ben 1,309333 0,000348
benchmark 1,427116 0,002278
berner 2,525729 0,000672
berri 2,813411 0,000748
bert 2,525729 0,006047
berthier 3,912023 0,002081
best 0,462035 0,000123
better 0,494296 0,000131
beyond 0,713350 0,000569
bhaskar 3,218876 0,001713
bia 1,660731 0,000442
bibliometr 3,506558 0,000933
bidirect 2,813411 0,003742
bill 0,776529 0,000207
binari 0,916291 0,000244
bing 2,302585 0,002450
blair 3,506558 0,001866
blog 0,713350 0,000190
bokm 0,127833 0,000034
book 0,210721 0,000224
boolean 1,560648 0,001661
boost 1,660731 0,000442
borda 3,912023 0,001041
bouchard 3,506558 0,000933
box 0,843970 0,000225
breakthrough 2,813411 0,000748
brian 1,108663 0,000295
brief 1,237874 0,000329
brin 2,995732 0,001594
british 1,203973 0,000641
broad 1,203973 0,000320
broader 1,309333 0,000348
brook 1,660731 0,000442
bruce 1,514128 0,000403
bukhari 3,506558 0,000933
bulletin 2,207275 0,001174
bureau 1,609438 0,000428
bush 2,407946 0,001922
butterworth 2,995732 0,000797
cacm 3,218876 0,000856
call 0,030459 0,000016
calvin 3,506558 0,001866
cambridg 0,755023 0,000603
came 1,078810 0,000574
campo 3,912023 0,002081
capabl 0,562119 0,000150
captur 0,916291 0,000244
card 0,994252 0,001058
carlo 1,714798 0,000456
carterett 3,912023 0,001041
case 0,083382 0,000044
catal 0,094311 0,000025
catalog 2,302585 0,000613
catalyz 3,506558 0,000933
categor 1,171183 0,001869
categori -0,009950 -0,000013
cell 1,469676 0,000391
censorship 2,659260 0,000707
censu 2,407946 0,000641
center 0,415515 0,000221
centr 1,469676 0,000391
central 0,478036 0,000127
cern 2,407946 0,000641
challeng 0,400478 0,000213
chalmer 3,218876 0,000856
chang 0,051293 0,000027
changesupload -0,009950 -0,000005
charl 0,941609 0,000501
chemic 1,660731 0,000884
chen 1,309333 0,000348
chicago 1,609438 0,000428
ching 3,506558 0,000933
choic 0,755023 0,000201
christoph 1,078810 0,000287
chung 2,813411 0,000748
cid 0,356675 0,000190
cikm 3,506558 0,000933
citat 0,248461 0,000198
cite 0,597837 0,000477
citeseerx 1,347074 0,000358
ckl 3,912023 0,001041
clarif 1,832581 0,000975
clark 1,514128 0,000806
class 0,446287 0,000119
classic 0,544727 0,000290
classif 1,021651 0,002446
classifi 0,967584 0,000257
cleverdon 3,912023 0,002081
click 1,714798 0,000456
clifton 3,506558 0,000933
cluster 1,272966 0,001016
code -0,009950 -0,000013
coin 0,941609 0,000250
colbert 3,506558 0,003731
collabor 0,941609 0,000751
collaboratecom 3,912023 0,002081
colleagu 2,302585 0,000613
collect 0,274437 0,000438
colorless 3,506558 0,000933
combin 0,261365 0,000348
combsum 3,912023 0,001041
come 0,356675 0,000095
comedi 3,218876 0,000856
comjnl 3,506558 0,000933
commerci 0,527633 0,000281
committe 1,309333 0,000348
common -0,009950 -0,000016
commonswikiquotewikidata 2,302585 0,000613
commun 0,139262 0,000185
compar 0,342490 0,000364
comparison 0,371064 0,000099
complementari 1,832581 0,000488
complet 0,223144 0,000059
compon 0,261365 0,000070
compound 1,897120 0,001009
comprehens 0,867501 0,000923
comput 0,020203 0,000124
computer 2,659260 0,000707
concept 0,198451 0,000158
concern 0,597837 0,000318
conduct -0,009950 -0,000005
confer 0,274437 0,001314
confront 2,813411 0,000748
connect 0,430783 0,000115
consid 0,274437 0,000073
consider 0,713350 0,000190
construct 0,579818 0,000154
contact -0,009950 -0,000005
content -0,009950 -0,000021
context 0,446287 0,000356
contextu 2,407946 0,003203
continu 0,174353 0,000139
contribut -0,009950 -0,000003
control 0,020203 0,000016
cooki -0,009950 -0,000003
core 0,579818 0,000154
cormack 3,912023 0,001041
corn 3,506558 0,000933
cornel 2,120264 0,001128
corpora 3,218876 0,001713
correct 0,820981 0,000437
cosponsor 3,912023 0,001041
cost 0,385662 0,000103
count 0,916291 0,000244
cover 0,733969 0,000391
coverag 1,897120 0,000505
cranfield 3,218876 0,003425
craswel 3,912023 0,002081
creat -0,009950 -0,000008
creativ -0,009950 -0,000003
crisi 1,347074 0,000358
croft 3,912023 0,001041
cross 0,562119 0,000598
crouch 3,912023 0,001041
cultur 1,049822 0,000279
current 0,210721 0,000112
cyril 3,218876 0,001713
daniel 0,776529 0,000413
danni 2,813411 0,000748
data 0,030459 0,000178
databas 0,072571 0,000193
datajapanczech 1,469676 0,000391
dataset 1,714798 0,002281
daud 3,506558 0,000933
david 0,385662 0,000103
dead 1,386294 0,000369
decemb 0,061875 0,000016
deep 1,078810 0,002583
defens 1,386294 0,000369
defin 0,116534 0,000062
degre 0,916291 0,000731
deng 2,659260 0,000707
dens 2,995732 0,005579
depart 0,843970 0,000225
depend 0,105361 0,000028
deploi 1,108663 0,000295
depth 1,427116 0,000380
deriv 0,494296 0,000263
describ 0,174353 0,000139
descript -0,009950 -0,000013
descriptionshort 0,000000 0,000000
design 0,040822 0,000043
desir 0,941609 0,000250
desk 2,407946 0,000641
desktop 1,347074 0,000358
detail 0,510826 0,000272
determin 0,342490 0,000091
develop -0,009950 -0,000021
devlin 3,506558 0,000933
diagram 1,560648 0,000415
dialog 2,813411 0,001497
differ 0,010050 0,000016
difficulti 1,237874 0,000329
digit 0,400478 0,000213
dimens 1,347074 0,002509
dimension 1,560648 0,000415
direct 0,261365 0,000209
directli 0,415515 0,000221
director 1,660731 0,000884
dirichlet 3,218876 0,000856
disappoint 2,995732 0,000797
disciplin 1,203973 0,000320
disclaim -0,009950 -0,000003
disconnect 2,813411 0,000748
discov 1,108663 0,000590
discrimin 2,525729 0,000672
displai 0,755023 0,000603
distinct 0,544727 0,000145
distinguish 0,733969 0,000195
diverg 1,966113 0,000523
divers 1,469676 0,000782
document 0,328504 0,004107
dohyun 3,912023 0,001041
doi 0,162519 0,000778
domain 0,544727 0,000435
dominik 2,995732 0,000797
don 0,916291 0,000244
donald 1,347074 0,000717
donat -0,009950 -0,000005
dorsch 3,912023 0,001041
doszkoc 3,912023 0,002081
download -0,009950 -0,000003
doyl 3,506558 0,000933
dream 2,302585 0,000613
dual 1,609438 0,000428
each 0,072571 0,000058
earl 2,995732 0,000797
earli 0,301105 0,000481
earliest 1,021651 0,000272
easili 0,843970 0,000225
ebai 3,506558 0,000933
ecir 3,912023 0,001041
econom 0,653926 0,000174
ed 0,798508 0,000212
edit -0,009950 -0,000058
editcommun -0,009950 -0,000003
edward 1,139434 0,000303
effect 0,274437 0,000511
effici 0,287682 0,000612
effort 0,653926 0,000174
either 0,248461 0,000066
elasticsearch 2,995732 0,000797
electro 3,218876 0,000856
element 0,301105 0,000080
elhil 3,912023 0,001041
ellen 2,813411 0,000748
emanuel 2,813411 0,001497
embed 0,755023 0,000402
emin 3,506558 0,000933
emphasi 1,771957 0,001414
emploi 0,673345 0,000358
enabl 0,274437 0,000292
encod 1,203973 0,001601
encourag 1,203973 0,000320
encyclopedia -0,009950 -0,000005
end 0,186330 0,000050
engin 0,061875 0,000247
england 1,469676 0,000391
english -0,009950 -0,000008
enhanc 0,510826 0,000272
enter 1,049822 0,000279
enterpris 0,446287 0,000119
entiti 0,843970 0,000674
entri 1,203973 0,000641
environ 0,385662 0,000103
equat 1,386294 0,000369
eric 1,078810 0,000287
espa 0,210721 0,000056
estim 0,820981 0,000218
ethic 1,309333 0,000348
eugen 1,966113 0,000523
eun 3,506558 0,000933
european 0,733969 0,000195
evalu 0,562119 0,003290
even 0,235722 0,000125
eventsrandom -0,009950 -0,000003
eventu 0,798508 0,000212
everi 0,261365 0,000070
evolv 1,078810 0,000287
exact 1,427116 0,000759
exampl 0,020203 0,000016
experi 0,510826 0,000136
experiment 0,916291 0,000244
expert 1,078810 0,000287
explain 0,798508 0,000212
explor 0,820981 0,000218
export -0,009950 -0,000003
extend 0,385662 0,000205
extern 0,030459 0,000024
extract 1,108663 0,000885
facil 0,891598 0,000474
fact 0,579818 0,000154
factor 0,544727 0,000145
fair 1,427116 0,000380
fairthorn 3,912023 0,001041
fall 0,867501 0,000231
faq 1,386294 0,000369
farouk 3,506558 0,000933
faughnan 3,912023 0,001041
featur 0,210721 0,000617
februari 0,061875 0,000066
feder 1,021651 0,000272
feedback 1,309333 0,001045
field 0,314711 0,000251
figur 1,272966 0,000339
file 0,446287 0,000119
fileperman -0,009950 -0,000003
filespeci -0,009950 -0,000003
film 1,386294 0,000369
filter 1,108663 0,000590
final 0,494296 0,000131
find 0,371064 0,000395
finish 1,560648 0,000415
fire 1,560648 0,000415
first 0,020203 0,000086
focus 0,653926 0,000174
foot 3,218876 0,000856
form 0,072571 0,000058
formal 0,510826 0,000136
forum 1,203973 0,000320
found 0,274437 0,000146
foundat -0,009950 -0,000005
fox 2,120264 0,000564
frake 3,506558 0,000933
framework 0,287682 0,000230
fran 0,223144 0,000059
free -0,009950 -0,000011
freedom 1,609438 0,002141
full 0,371064 0,000395
fulli 0,616186 0,000164
function 0,030459 0,000032
fund 0,941609 0,000250
fundament 0,478036 0,000127
furious 3,506558 0,000933
further 0,139262 0,000111
fusion 1,514128 0,001611
futur 0,235722 0,000188
fuzzi 1,966113 0,000523
gain 0,616186 0,000164
gao 2,995732 0,000797
gap 1,347074 0,000358
gardazi 3,912023 0,001041
garfield 3,912023 0,001041
gave 1,660731 0,000442
gener -0,009950 -0,000021
genom 2,659260 0,000707
geograph 1,078810 0,000287
gerard 2,659260 0,002830
german 1,386294 0,000738
get 0,430783 0,000115
gipp 3,912023 0,001041
given 0,261365 0,000139
global 0,446287 0,000119
goe 1,237874 0,000329
goldberg 2,525729 0,001344
good 0,616186 0,000164
goodrum 3,912023 0,001041
googl 0,579818 0,001234
gordon 1,966113 0,000523
govern 0,544727 0,000145
graph 0,967584 0,000257
grate 3,912023 0,004163
green 0,916291 0,000244
ground 1,560648 0,000415
group 0,186330 0,000297
grow 0,653926 0,000348
gurevych 3,912023 0,001041
hall 0,653926 0,000174
hame 3,506558 0,000933
han 1,897120 0,001514
handl 0,415515 0,000221
harvard 1,386294 0,000369
hashemi 3,912023 0,001041
hay 2,813411 0,001497
hcir 3,912023 0,001041
hdl 1,049822 0,000279
health 0,994252 0,000529
heavi 1,609438 0,000856
helen 2,659260 0,000707
helia 3,912023 0,001041
help 0,174353 0,000046
helplearn -0,009950 -0,000003
hererel -0,009950 -0,000003
herman 2,659260 0,000707
heterogen 2,302585 0,000613
hide -0,009950 -0,000011
hierarch 1,832581 0,000975
highli 0,867501 0,000462
highlight 1,309333 0,000348
hill 0,867501 0,000231
hinrich 3,506558 0,000933
histor 0,579818 0,000154
histori -0,009950 -0,000016
hollerith 3,218876 0,001713
holmstrom 3,912023 0,003122
hossein 2,659260 0,000707
how 0,072571 0,000135
howev 0,094311 0,000050
http -0,009950 -0,000003
huge 1,660731 0,000442
hugu 3,912023 0,001041
human 0,527633 0,000421
hummingbird 3,218876 0,001713
humphrei 2,995732 0,000797
hybrid 1,139434 0,001516
hyperlink 2,040221 0,001086
hypertext 1,771957 0,000471
hypertextu 3,218876 0,000856
hypothesi 1,897120 0,000505
ian 1,347074 0,000358
ibm 0,693147 0,000184
icst 3,912023 0,001041
idea 0,527633 0,000421
identifi 0,356675 0,000285
idf 2,995732 0,001594
ieee 0,634878 0,000676
iii 1,560648 0,000415
ill 2,120264 0,000564
illinoi 1,966113 0,000523
illustr 1,203973 0,000320
imag 0,494296 0,000657
imman 3,912023 0,001041
implement 0,105361 0,000084
impli 0,994252 0,000264
implic 1,309333 0,000348
import 0,162519 0,000216
improv 0,150823 0,000281
inc -0,009950 -0,000005
includ 0,000000 0,000000
incorpor 0,755023 0,001004
increasingli 0,776529 0,000413
independ 0,527633 0,000421
index -0,009950 -0,000045
indirectli 1,771957 0,000471
individu 0,314711 0,000084
indonesiaitalianobahasa 3,912023 0,001041
industri 0,356675 0,000380
inf 3,912023 0,001041
infer 1,139434 0,000606
influenti 1,897120 0,000505
inform 0,061875 0,002272
informat 1,966113 0,000523
informationcit -0,009950 -0,000003
infrastructur 0,673345 0,000179
initi 0,235722 0,000063
input 0,634878 0,000169
inspir 1,237874 0,000329
instead 0,301105 0,000160
institut 0,446287 0,000119
integr 0,174353 0,000186
intellectu 1,897120 0,001009
intellig 0,510826 0,000136
intent 1,171183 0,000623
interact 0,356675 0,000380
interdepend 2,407946 0,005125
interest 0,478036 0,000382
interfac 0,494296 0,000920
intern 0,040822 0,000076
internationalgndnationalunit 1,108663 0,000295
internet 0,462035 0,000369
interpret 0,579818 0,000308
intrex 3,912023 0,001041
introduc 0,210721 0,000448
introduct 0,210721 0,000168
invent 1,021651 0,000815
invert 2,302585 0,001225
investig 1,078810 0,000287
involv 0,415515 0,000221
ipm 3,912023 0,001041
irsg 3,506558 0,000933
iryna 3,912023 0,001041
isbn 0,051293 0,000150
isdn 2,995732 0,000797
issn 0,478036 0,000254
isu 3,912023 0,001041
item -0,009950 -0,000003
iter 1,272966 0,000339
itself 0,342490 0,000091
jacob 1,832581 0,000488
jacquard 3,218876 0,001713
jae 3,506558 0,000933
jame 0,634878 0,000169
jan 1,386294 0,000369
jansen 2,995732 0,000797
jardin 3,912023 0,002081
jasi 3,912023 0,001041
jei 3,506558 0,000933
jianfeng 3,506558 0,000933
jimmi 3,912023 0,002081
john 0,198451 0,000106
johnson 1,714798 0,000456
join 1,386294 0,000369
joint 1,171183 0,000312
jonathan 1,347074 0,000358
jone 1,386294 0,001106
joseph 0,820981 0,001092
journal 0,186330 0,000198
jproc 3,218876 0,000856
jstor 0,843970 0,000449
juli 0,127833 0,000068
jump -0,009950 -0,000003
june 0,094311 0,000075
jussi 3,506558 0,000933
just 0,328504 0,000262
kamran 3,912023 0,001041
karen 2,040221 0,001086
karlgren 3,506558 0,000933
keep 0,733969 0,000195
kei 0,314711 0,000167
kent 2,813411 0,004491
kenton 3,506558 0,000933
kept 1,560648 0,000415
keypunch 3,506558 0,000933
keyword 1,897120 0,001514
khattab 3,912023 0,002081
kim 1,832581 0,000488
know 0,653926 0,000174
knowledg 0,597837 0,001272
known 0,127833 0,000034
korfhag 3,912023 0,003122
kristina 2,995732 0,000797
kuhn 2,407946 0,000641
kuropka 3,912023 0,001041
lancast 3,912023 0,001041
land 1,309333 0,000348
languag -0,009950 -0,000045
lappin 3,912023 0,001041
larg 0,127833 0,000272
lari 3,912023 0,001041
larri 1,514128 0,000403
last -0,009950 -0,000003
late 0,733969 0,001367
latent 2,525729 0,002016
later 0,223144 0,000178
lau 3,218876 0,000856
launch 0,941609 0,000751
lauren 2,407946 0,000641
lawrenc 1,386294 0,000369
leap 2,659260 0,000707
learn 0,162519 0,000519
lee 0,994252 0,000529
legal -0,009950 -0,000005
lemur 3,912023 0,001041
letter 0,843970 0,000225
leverag 1,237874 0,000329
lexic 2,040221 0,002171
lib 2,813411 0,000748
librari 0,356675 0,000759
licens -0,009950 -0,000003
licklid 3,506558 0,000933
like 0,051293 0,000055
limit 0,186330 0,000050
lin 1,660731 0,000884
lina 3,912023 0,001041
lindberg 3,912023 0,001041
lingual 3,912023 0,001041
linguist 2,040221 0,001086
link -0,009950 -0,000013
linkcommon 2,813411 0,000748
linkpag -0,009950 -0,000003
linkspag 3,506558 0,000933
list 0,051293 0,000027
literatur 1,272966 0,001016
liu 1,427116 0,000380
live 0,733969 0,000195
lnorsk 0,653926 0,000174
lockhe 3,506558 0,001866
log -0,009950 -0,000008
long 0,287682 0,000153
longqi 3,912023 0,001041
look 0,478036 0,000127
loom 2,659260 0,000707
low 0,478036 0,000127
lucen 3,506558 0,000933
luhn 3,506558 0,001866
luk 3,218876 0,000856
lux 0,371064 0,000099
machin 0,040822 0,000228
machineri 1,203973 0,000961
madelin 3,912023 0,001041
magnet 1,966113 0,000523
main -0,009950 -0,000011
mainfram 2,207275 0,001174
major 0,223144 0,000297
majumd 3,912023 0,001041
malik 2,525729 0,000672
man 0,843970 0,000225
manag 0,105361 0,000196
manate 3,912023 0,001041
manticor 3,912023 0,001041
map 0,616186 0,000492
marco 1,771957 0,001886
mari 1,347074 0,000358
mark 0,261365 0,000278
marku 2,302585 0,000613
maron 3,912023 0,004163
mask 1,832581 0,000488
master 0,941609 0,000250
match 0,400478 0,000746
matei 2,995732 0,001594
materi 0,616186 0,000164
math 1,832581 0,000488
mathemat 0,616186 0,000820
matric 2,659260 0,000707
matthew 1,560648 0,000830
mayo 3,218876 0,000856
mcgill 3,912023 0,001041
mcgraw 1,108663 0,000295
mcnamara 3,506558 0,000933
mean 0,083382 0,000044
measur 0,371064 0,000790
mechan 0,356675 0,000380
med 2,659260 0,002122
media 0,139262 0,000074
medic 1,108663 0,000295
medicin 1,427116 0,000759
medium 1,171183 0,000312
medlar 3,912023 0,003122
medlin 3,912023 0,005204
meet 0,527633 0,000281
melayu 0,820981 0,000218
melvil 3,912023 0,001041
melvin 3,218876 0,001713
memori 0,562119 0,000299
mention 1,237874 0,000329
menu -0,009950 -0,000005
merg 1,514128 0,000403
mesh 2,407946 0,000641
messag 0,400478 0,000107
messagepag 3,912023 0,001041
meta 1,386294 0,000369
metadata 1,347074 0,001075
method 0,150823 0,000602
methodolog 0,994252 0,000264
metric 1,309333 0,000348
michael 0,385662 0,000103
microfilm 3,506558 0,000933
microsearch 3,912023 0,001041
microsoft 0,579818 0,000925
mid 0,994252 0,000529
militari 1,469676 0,000391
mind 1,347074 0,000717
mine 0,916291 0,000488
ming 3,506558 0,000933
minneapoli 3,218876 0,000856
minnesota 2,525729 0,000672
minut 1,469676 0,000391
mir 3,912023 0,001041
mit 0,776529 0,000620
mitra 3,506558 0,001866
mobil -0,009950 -0,000005
modal 2,407946 0,001922
model 0,116534 0,002108
modern 0,314711 0,000419
modul 0,820981 0,000218
monthli 1,609438 0,000428
mooer 3,912023 0,002081
more 0,010050 0,000011
most 0,040822 0,000022
motiv 1,272966 0,000339
move -0,009950 -0,000013
muhammad 2,407946 0,000641
multi 0,342490 0,000273
multimedia 1,386294 0,000738
multipl 0,094311 0,000075
musa 3,912023 0,001041
mushtaq 3,912023 0,001041
music 1,309333 0,000348
nadia 3,912023 0,001041
name 0,162519 0,000043
nandan 3,912023 0,001041
nation 0,527633 0,000702
natur 0,356675 0,000569
navier 3,506558 0,000933
navig -0,009950 -0,000003
nazari 3,912023 0,001041
nederland 0,415515 0,000111
need 0,030459 0,000097
negar 3,912023 0,001041
nelson 2,040221 0,000543
nenkova 3,912023 0,001041
neto 3,912023 0,002081
network 0,127833 0,000102
neural 1,609438 0,002569
new 0,010050 0,000016
newspap 1,347074 0,000358
nguyen 2,525729 0,000672
nichola 1,560648 0,000830
nick 1,469676 0,000782
nil 2,207275 0,000587
nist 1,771957 0,000471
nlm 3,912023 0,004163
nogueira 3,506558 0,000933
non -0,009950 -0,000008
nonlinear 1,966113 0,000523
normal 0,673345 0,000179
norsk 0,342490 0,000091
not 0,000000 0,000000
note 0,150823 0,000040
notion 1,171183 0,000312
now 0,274437 0,000073
number 0,040822 0,000011
numer 0,430783 0,000229
nynorskpolskiportugu 2,302585 0,000613
object 0,174353 0,000325
obtain 0,733969 0,000195
occur 0,510826 0,000136
occurr 2,120264 0,000564
oclc 0,891598 0,000712
octob 0,139262 0,000037
oddi 3,912023 0,001041
off 0,673345 0,000179
offer 0,248461 0,000066
often 0,127833 0,000102
oguz 3,912023 0,001041
oir 3,912023 0,001041
okapi 3,912023 0,001041
olaf 3,506558 0,000933
oldid -0,009950 -0,000003
olesperantoeuskara 0,510826 0,000136
omar 2,813411 0,001497
onlin 0,415515 0,000442
ontolog 1,660731 0,000442
open 0,150823 0,000040
oper 0,010050 0,000005
oppos 1,237874 0,000329
orbit 2,207275 0,000587
order 0,094311 0,000050
org -0,009950 -0,000003
organ -0,009950 -0,000013
origin -0,009950 -0,000011
orthogon 2,302585 0,000613
osti 3,912023 0,001041
other -0,009950 -0,000021
out 0,261365 0,000070
outlin 0,562119 0,000150
outperform 2,120264 0,000564
output 0,597837 0,000318
over 0,094311 0,000075
overlap 1,309333 0,000697
overload 1,897120 0,000505
overview 0,616186 0,000984
own 0,314711 0,000084
page -0,009950 -0,000016
pagecontentscurr -0,009950 -0,000003
pageget -0,009950 -0,000003
pagerank 3,218876 0,001713
paper 0,527633 0,000561
pappu 3,912023 0,001041
park 1,771957 0,000471
part 0,072571 0,000039
particular 0,301105 0,000080
particularli 0,597837 0,000318
passag 2,995732 0,003188
patent 1,203973 0,000641
pattern 0,494296 0,000526
payal 3,912023 0,001041
pdf 0,139262 0,000222
pdfprintabl -0,009950 -0,000003
pearl 2,525729 0,000672
perform 0,040822 0,000054
perhap 1,660731 0,000442
perri 3,218876 0,000856
person -0,009950 -0,000011
peter 0,446287 0,000237
philip 1,469676 0,000391
philosophi 0,994252 0,000264
photoelectr 3,912023 0,001041
php -0,009950 -0,000003
phrase 1,469676 0,000391
pictur 1,771957 0,001414
piec 1,309333 0,000348
pipelin 2,120264 0,000564
pleas 0,755023 0,000201
plenari 3,218876 0,000856
pmc 1,272966 0,000339
pmid 0,994252 0,000264
podcast 2,302585 0,000613
point 0,186330 0,000050
polici -0,009950 -0,000008
popular 0,400478 0,000107
portalrec -0,009950 -0,000003
pose 1,560648 0,000415
prabhakar 3,218876 0,000856
practic 0,186330 0,000099
pre 0,941609 0,000250
preced 1,427116 0,000380
precis 0,967584 0,001030
predict 0,733969 0,000195
prentic 0,994252 0,000264
preserv 1,309333 0,000348
press 0,210721 0,000224
pressur 1,714798 0,000456
pretrain 3,506558 0,000933
print -0,009950 -0,000003
prior 0,891598 0,000237
privaci -0,009950 -0,000013
probabilist 1,832581 0,003900
probabl 0,843970 0,000225
problem 0,186330 0,000099
proceed 0,579818 0,000771
process 0,051293 0,000205
processinghidden 3,506558 0,000933
produc 0,342490 0,000091
profession 0,673345 0,000358
profit -0,009950 -0,000003
program 0,116534 0,000031
project -0,009950 -0,000005
promot 0,891598 0,000237
properti 0,314711 0,000419
propos 0,510826 0,000544
prototyp 1,386294 0,000369
prove 1,171183 0,000312
provid 0,061875 0,000033
public 0,127833 0,000136
publish 0,105361 0,000420
pun 2,995732 0,000797
punch 2,302585 0,001838
purpos 0,248461 0,000066
purver 3,912023 0,001041
quantum 1,171183 0,000312
queri 1,139434 0,010306
question 0,597837 0,000318
quickli 0,891598 0,000237
quotat 1,469676 0,000391
radc 3,912023 0,001041
raghavan 2,813411 0,000748
rahmani 3,912023 0,001041
ran 1,966113 0,000523
random 0,693147 0,000184
rangan 3,506558 0,000933
rank 1,272966 0,006096
rapidli 1,514128 0,000403
rapp 3,506558 0,000933
rate 0,673345 0,000179
rbaycanca 0,248461 0,000066
rck 3,912023 0,002081
read 0,162519 0,000303
readabl 1,309333 0,000697
readeditview 0,287682 0,000153
real 0,210721 0,000112
recal 2,813411 0,002245
recent 0,562119 0,000299
recognit 1,078810 0,000574
recommend 0,891598 0,000474
record 0,400478 0,000213
reddi 2,659260 0,000707
redirect 0,673345 0,000537
reduc 0,274437 0,000073
reduct 1,203973 0,000320
refer -0,009950 -0,000016
referenceswikipedia 2,813411 0,000748
refin 1,386294 0,001106
reformul 2,813411 0,000748
regist -0,009950 -0,000003
regular 0,867501 0,000231
reimer 3,506558 0,000933
relat 0,030459 0,000041
relationship 0,653926 0,000348
releas 0,415515 0,000221
relev 0,798508 0,004886
reli 0,562119 0,000598
reliabl 0,371064 0,000197
remov 0,301105 0,000160
report 0,261365 0,000487
repres 0,235722 0,000502
represent 0,634878 0,001689
republicspainisraelotheryal 2,659260 0,000707
requir 0,051293 0,000014
research 0,223144 0,000950
reserv 1,272966 0,000339
resourc 0,248461 0,000132
result 0,139262 0,000185
retain 1,832581 0,000488
retriev -0,009950 -0,000392
retrievalnatur 3,912023 0,001041
return 0,510826 0,000136
review 0,314711 0,000251
ribeiro 2,813411 0,001497
ricardo 2,120264 0,001692
rieh 3,912023 0,001041
right 0,314711 0,000251
rijsbergen 3,912023 0,004163
rise 0,916291 0,000244
roark 3,912023 0,001041
robert 0,527633 0,000702
robust 1,049822 0,000559
rocchio 3,912023 0,001041
rodrigo 3,912023 0,001041
roll 1,560648 0,000415
romant 3,506558 0,000933
rosenberg 3,912023 0,001041
rosi 3,912023 0,001041
royal 1,714798 0,000456
safeti -0,009950 -0,000003
salton 3,912023 0,007285
same 0,116534 0,000031
sammon 3,506558 0,001866
sampl 1,171183 0,000312
sanderson 3,506558 0,000933
satori 3,912023 0,002081
saurabh 2,995732 0,000797
scalabl 1,203973 0,000320
scalar 2,525729 0,000672
scale 0,371064 0,000691
sch 2,995732 0,000797
schedl 3,912023 0,001041
scholar 1,021651 0,000272
scienc 0,274437 0,001095
scientif 0,673345 0,001075
score 1,609438 0,001713
sdc 3,506558 0,000933
search -0,009950 -0,000185
second 0,328504 0,000175
section 0,446287 0,000119
see -0,009950 -0,000011
seek 1,021651 0,001631
select 0,371064 0,000197
semant 0,891598 0,003558
semerci 3,912023 0,001041
sentenc 2,525729 0,000672
sequenc 0,820981 0,000218
sergei 1,966113 0,001046
serv 0,713350 0,000380
session 1,469676 0,000391
set 0,051293 0,000109
setspag 3,912023 0,001041
seventeen 3,218876 0,000856
sever 0,072571 0,000077
shade 2,995732 0,000797
shalom 3,912023 0,001041
sharealik -0,009950 -0,000003
shaw 2,525729 0,000672
shengli 3,912023 0,001041
shift 1,021651 0,000544
shinjoung 3,506558 0,000933
short -0,009950 -0,000011
shorten -0,009950 -0,000003
shot 2,813411 0,001497
shown 1,237874 0,000659
shu 3,506558 0,000933
sidebar -0,009950 -0,000011
sigir 3,506558 0,009328
signal 0,755023 0,000603
signific 0,261365 0,000070
similar 0,150823 0,000201
simpl 0,150823 0,000040
simultan 0,891598 0,000237
sinc 0,139262 0,000037
singhal 3,506558 0,000933
singl 0,127833 0,000068
site -0,009950 -0,000005
sleep 2,407946 0,000641
small 0,314711 0,000084
smart 1,049822 0,000279
soboroff 3,912023 0,001041
social 0,510826 0,000272
societi 0,653926 0,001392
softwar 0,127833 0,000068
solr 3,218876 0,000856
solut 0,478036 0,000127
some 0,040822 0,000022
someth 1,347074 0,000358
song 1,897120 0,000505
sophist 1,203973 0,000320
sound 1,237874 0,000329
sourc 0,094311 0,000100
space 0,415515 0,000553
spam 1,660731 0,000442
spars 2,525729 0,006047
sparsiti 3,912023 0,003122
special 0,235722 0,000188
specialist 1,660731 0,000442
specif 0,051293 0,000041
specifi 0,446287 0,000119
speech 1,469676 0,000391
sphinx 3,506558 0,000933
splade 3,912023 0,002081
spoerri 3,912023 0,001041
sponsor 1,714798 0,000456
spot 1,514128 0,000403
springer 0,527633 0,000140
sql 1,171183 0,000312
sravana 3,912023 0,001041
srivastava 2,659260 0,000707
srpskisuomisvenska 1,714798 0,000456
stage 1,139434 0,000303
stagger 3,218876 0,000856
stand 1,078810 0,000287
standard 0,094311 0,000125
state 0,083382 0,000022
statement -0,009950 -0,000005
statesfrancebnf 0,510826 0,000136
statist -0,009950 -0,000013
steel 1,897120 0,000505
stefan 1,560648 0,000415
step 0,713350 0,000190
stiller 3,912023 0,001041
stoica 3,218876 0,000856
stoke 3,218876 0,000856
storag 0,430783 0,000688
store 0,356675 0,000380
strategi 0,733969 0,001172
strength 1,609438 0,000856
string 1,049822 0,000279
strix 3,912023 0,001041
structur 0,139262 0,000259
studi 0,314711 0,000419
subfield 1,832581 0,000488
subgroup 3,912023 0,001041
subject 0,478036 0,000382
submit 1,427116 0,000759
subsect 0,020203 0,000011
success 0,494296 0,000131
such 0,000000 0,000000
suggest 0,820981 0,000218
suitabl 1,237874 0,000329
sullivan 2,525729 0,000672
summar 1,469676 0,000782
suppli 0,994252 0,000264
support 0,150823 0,000080
surrog 2,040221 0,000543
swanson 3,912023 0,001041
symbol 1,078810 0,000287
symposium 1,309333 0,000348
synonymi 3,912023 0,001041
system 0,010050 0,000126
tabl -0,009950 -0,000005
tabul 3,506558 0,001866
tacl 3,506558 0,000933
tama 3,506558 0,000933
tape 1,897120 0,000505
target 0,462035 0,000369
tariq 3,912023 0,001041
task 0,415515 0,000442
taxonomi 2,525729 0,000672
tech 0,843970 0,000225
technic 0,478036 0,000382
techniqu 0,385662 0,000923
technolog 0,116534 0,000186
templat 0,301105 0,000080
tempor 1,714798 0,000456
term -0,009950 -0,000061
terrier 3,912023 0,001041
test 0,248461 0,000066
text -0,009950 -0,000050
thakur 3,912023 0,001041
that 0,000000 0,000000
themselv 0,843970 0,000449
then 0,116534 0,000062
theodor 2,813411 0,000748
theorem 1,171183 0,000623
theoret 0,776529 0,000826
theori 0,400478 0,000426
there 0,051293 0,000027
these 0,040822 0,000043
thesi 1,832581 0,000975
thi -0,009950 -0,000048
think 1,049822 0,000559
third 0,342490 0,000182
those 0,235722 0,000251
though 0,544727 0,000145
thousand 1,386294 0,000369
three 0,287682 0,000153
tim 0,867501 0,000231
time 0,000000 0,000000
timeli 3,218876 0,000856
timelin 0,733969 0,000391
tinadanskdeutscheesti 1,309333 0,000348
tipster 3,912023 0,001041
titl -0,009950 -0,000005
tiwari 3,506558 0,000933
toggl -0,009950 -0,000011
token 1,386294 0,000738
tong 3,506558 0,000933
toni 1,714798 0,000456
tool -0,009950 -0,000019
top -0,009950 -0,000008
topic -0,009950 -0,000005
toutanova 3,912023 0,001041
toward 0,713350 0,000380
track 0,713350 0,000380
traction 3,218876 0,000856
trade 0,916291 0,000244
trademark -0,009950 -0,000003
tradit 0,544727 0,000435
train 0,967584 0,001030
transact 0,673345 0,000358
transcend 3,218876 0,000856
transform 0,544727 0,001159
translat 0,798508 0,000212
transpar 1,237874 0,000329
treat 0,967584 0,000515
trec 3,912023 0,009366
tri 1,427116 0,000380
trust 0,820981 0,000218
truth 1,714798 0,000456
ttcher 3,912023 0,001041
tupl 2,040221 0,000543
two 0,083382 0,000089
twx 3,912023 0,001041
type 0,051293 0,000096
typic 0,186330 0,000248
tze 3,506558 0,000933
ultim 1,139434 0,000303
uncertain 2,407946 0,000641
under -0,009950 -0,000005
underli 0,693147 0,000184
understand 0,342490 0,000638
uniqu 0,867501 0,000231
univac 3,506558 0,001866
univers 0,139262 0,000148
unsourc 0,446287 0,000119
unstructur 2,407946 0,000641
urldownload -0,009950 -0,000003
usa 1,427116 0,000759
user 0,274437 0,000876
ussr 3,218876 0,000856
usual 0,198451 0,000211
utc -0,009950 -0,000003
util 0,597837 0,000159
uyar 3,912023 0,001041
valu 0,162519 0,000130
van 0,867501 0,000923
vannevar 3,912023 0,002081
vari 0,478036 0,000127
variabl 0,494296 0,000131
variant 1,139434 0,000303
vector 1,237874 0,004940
veri 0,314711 0,000167
verif 0,733969 0,000195
version -0,009950 -0,000005
vertic 1,660731 0,000442
via 0,186330 0,000198
video 0,597837 0,000318
vienna 2,659260 0,000707
view -0,009950 -0,000005
viewpoint 1,966113 0,000523
visibl 1,021651 0,000272
visual 0,562119 0,000598
vocabulari 1,966113 0,000523
vol 0,616186 0,000164
voorhe 2,995732 0,000797
vote 1,514128 0,000403
vte 0,967584 0,000257
wai 0,105361 0,000112
wang 1,427116 0,000380
want 0,820981 0,000218
wartim 3,506558 0,000933
washington 1,049822 0,000559
wayback 0,478036 0,000509
web 0,342490 0,001184
webarch 1,021651 0,000272
wei 1,832581 0,000975
weinberg 3,912023 0,002081
well 0,051293 0,000055
weslei 1,078810 0,000574
western 1,108663 0,000295
what -0,009950 -0,000008
when 0,030459 0,000041
where 0,072571 0,000039
wherebi 1,897120 0,000505
which 0,000000 0,000000
while 0,051293 0,000027
whole 0,916291 0,000244
why 0,494296 0,000131
wide 0,210721 0,000224
wiki 1,427116 0,000380
wikidata 0,562119 0,000150
wikidataarticl 1,171183 0,000312
wikimedia -0,009950 -0,000008
wikipedia -0,009950 -0,000024
wikipediacontact -0,009950 -0,000003
wikiquot 1,966113 0,000523
wilei 0,562119 0,000299
wilfrid 3,506558 0,000933
william 0,616186 0,000164
wish 1,609438 0,000428
within 0,116534 0,000062
without 0,094311 0,000025
word 0,446287 0,000594
work 0,030459 0,000032
workshar 3,912023 0,001041
world 0,139262 0,000185
www 0,356675 0,000095
xapian 3,912023 0,001041
xia 3,912023 0,001041
xiaodong 3,912023 0,001041
xinyi 3,912023 0,001041
xml 1,203973 0,000641
yahoo 1,832581 0,000488
yan 2,525729 0,000672
yang 1,966113 0,000523
yate 2,525729 0,002688
year 0,162519 0,000043
yeo 3,506558 0,000933
yilmaz 3,912023 0,001041
york 0,371064 0,000296
zaharia 3,218876 0,001713
zahra 3,506558 0,000933
zamani 3,912023 0,001041
zator 3,912023 0,001041
zero 0,693147 0,000369
zhao 2,813411 0,000748
