abbreviated 2,659260 0,000329
abides 3,912023 0,000484
ability 0,616186 0,000076
abraham 2,525729 0,000312
abstract 1,108663 0,000274
abstraction 1,514128 0,000562
abstractions 2,207275 0,000273
abstracts 2,813411 0,000348
academia 2,120264 0,000262
academic 0,755023 0,000280
acceleration 1,771957 0,000219
accelerator 2,207275 0,000273
accelerators 2,995732 0,000371
access 0,287682 0,001175
accessed 0,916291 0,000453
accesses 2,302585 0,000570
accessibility 1,560648 0,000193
accessible 1,021651 0,000126
according 0,301105 0,000186
account -0,009950 -0,000004
accounting 1,386294 0,000343
accumulated 2,525729 0,000312
accurately 1,771957 0,000219
achieve 0,843970 0,000104
acid 2,207275 0,000819
acm 0,776529 0,000672
acnielsen 3,912023 0,000484
acp 3,912023 0,000484
acquiring 2,207275 0,000273
acquisition 1,427116 0,000177
acronym 2,207275 0,000546
across 0,415515 0,000206
acted 3,912023 0,000484
actions -0,009950 -0,000001
active 0,843970 0,000313
activities 1,171183 0,000290
activity 0,867501 0,000215
actual 0,941609 0,000116
actually 1,108663 0,000274
add -0,009950 -0,000002
added 0,415515 0,000206
adding 0,597837 0,000074
additional -0,009950 -0,000006
additionally 0,967584 0,000120
address 0,713350 0,000353
addresses 1,203973 0,000745
adjacent 2,525729 0,000312
adjectives 3,506558 0,000434
administer 3,218876 0,000796
administration 1,237874 0,000766
administrative 1,966113 0,000243
administrator 2,302585 0,000570
administrators 1,897120 0,000704
ado 3,506558 0,000434
affect 1,347074 0,000500
affects 1,714798 0,000212
afrikaans 1,108663 0,000137
against 0,462035 0,000057
age 1,108663 0,000274
agency 1,237874 0,000153
aggregate 2,207275 0,000273
aggregated 2,813411 0,000348
agostino 3,912023 0,000484
agree -0,009950 -0,000001
aid 1,237874 0,000306
aids 2,407946 0,000298
aim 1,347074 0,000167
aimed 1,609438 0,000199
aiming 2,302585 0,000285
aims 1,171183 0,000145
aisfryskgaeilgegalego 2,813411 0,000348
alberta 2,995732 0,000371
alerting 3,506558 0,000434
algebra 1,560648 0,000193
algorithm 0,776529 0,000192
algorithmic 1,514128 0,000187
algorithms 0,693147 0,000172
all 0,000000 0,000000
allocated 2,120264 0,000262
allocation 1,347074 0,000500
allow 0,287682 0,000320
allowed 0,634878 0,000393
allowing 0,462035 0,000171
allows 0,248461 0,000246
alone 1,309333 0,000162
along 0,462035 0,000057
alphora 3,912023 0,000484
already 0,776529 0,000192
also -0,009950 -0,000028
altering 2,525729 0,000625
alternate 2,995732 0,000371
alternative 0,527633 0,000065
although 0,287682 0,000071
always 0,597837 0,000148
american 0,446287 0,000055
among 0,356675 0,000044
amount 0,616186 0,000152
amounts 1,309333 0,000324
amp -0,009950 -0,000021
analysis 0,186330 0,000300
analytics 1,049822 0,000260
analyze 1,469676 0,000182
analyzing 1,347074 0,000167
anchor 2,659260 0,000329
animation 1,609438 0,000199
anne 2,407946 0,000298
anniversary 2,525729 0,000312
annotated 1,771957 0,000219
annotation 1,966113 0,000243
annual 0,776529 0,000096
anonymization 3,218876 0,000398
another 0,127833 0,000174
ansi 2,207275 0,000273
answers 1,897120 0,000235
any 0,083382 0,000103
api 0,916291 0,000907
apis 1,237874 0,000153
apollo 3,506558 0,000434
appearance -0,009950 -0,000002
appears 1,427116 0,000177
application 0,127833 0,000617
applications 0,094311 0,000245
applied 0,356675 0,000088
apply -0,009950 -0,000002
approach 0,261365 0,000485
appropriate 0,891598 0,000110
approximation 1,832581 0,000453
april 0,072571 0,000009
aragon 1,171183 0,000145
archaeology 2,120264 0,000262
architectural 1,609438 0,000199
architecture 0,462035 0,001029
architectures 1,139434 0,000141
archive 1,514128 0,000187
archived 0,040822 0,000045
area 0,776529 0,000288
areas 0,755023 0,000093
argumentation 3,218876 0,000398
armstrong 2,040221 0,000252
around 0,356675 0,000132
array 1,021651 0,000253
arrays 1,427116 0,000353
arriving 2,659260 0,000329
art 0,713350 0,000088
article 0,040822 0,000071
articleabout -0,009950 -0,000001
articles 0,020203 0,000032
articlespages 3,506558 0,000434
articletalk -0,009950 -0,000001
artificial 1,078810 0,000534
asking 2,995732 0,000371
aspect 1,386294 0,000343
aspects 0,776529 0,000384
assembled 2,659260 0,000329
assignment 1,660731 0,000411
associated 0,400478 0,000099
associating 2,813411 0,000348
atomic 2,120264 0,000525
atomicity 3,506558 0,000434
attachment 3,912023 0,000484
attempt 1,049822 0,000649
attempted 1,897120 0,000235
attempts 0,916291 0,000113
attribute 1,386294 0,000172
attributes 1,347074 0,001000
attribution -0,009950 -0,000001
audit 2,120264 0,000525
auditing 2,659260 0,000329
auer 3,912023 0,000484
augmentation 2,302585 0,000285
augmented 1,560648 0,000193
august 0,162519 0,000040
ausgew 3,506558 0,000434
author 1,386294 0,000172
authority 0,083382 0,000010
authorization 2,207275 0,000546
authorized 1,966113 0,000486
automata 1,897120 0,000235
automated 0,776529 0,000096
automatically 0,653926 0,000081
automation 1,237874 0,000306
automotive 1,897120 0,000235
autonomous 1,609438 0,000199
availability 1,469676 0,000727
available -0,009950 -0,000007
averaging 2,659260 0,000329
avoid 0,941609 0,000116
avoiding 1,714798 0,000212
award 2,120264 0,000262
away 1,139434 0,000282
axioms 2,302585 0,000285
bachman 3,912023 0,002420
back 0,527633 0,000196
backed 2,120264 0,000262
backup 2,659260 0,001645
bahasa 0,186330 0,000023
balances 2,302585 0,000285
bank 1,108663 0,001097
banking 1,347074 0,000167
banks 1,560648 0,000386
base 0,755023 0,000187
based 0,010050 0,000019
basic 0,235722 0,000087
basis 0,820981 0,000203
batch 1,897120 0,000235
beat 2,659260 0,000329
became 0,579818 0,000646
because 0,127833 0,000079
become 0,510826 0,000253
becomes 0,916291 0,000340
began 0,634878 0,000236
begg 3,912023 0,003388
beginning 0,776529 0,000096
belong 2,207275 0,000273
ben 1,309333 0,000162
benefits 1,237874 0,000306
berkeley 1,514128 0,000375
besides 1,832581 0,000227
best 0,462035 0,000057
better 0,494296 0,000061
beynon 3,912023 0,000968
bibframe 2,813411 0,000348
bibliographic 3,912023 0,000484
bibliographical 3,912023 0,000484
biblioteca 3,912023 0,000484
bibo 2,813411 0,000348
big 0,673345 0,000083
bill 0,941609 0,000116
billion 1,139434 0,000141
bingley 3,912023 0,000484
biodiversity 3,218876 0,000398
biological 1,427116 0,000530
biology 1,347074 0,000167
bits 1,966113 0,000486
blockchain 1,660731 0,000205
blocklist 3,912023 0,000484
board 0,916291 0,000113
boarischbosanskibrezhoneg 2,407946 0,000298
bokm 0,127833 0,000016
bolts 3,912023 0,000484
book 0,478036 0,000118
borrowing 2,407946 0,000298
boundaries 1,660731 0,000205
box 1,171183 0,000145
brand 1,832581 0,000227
breaches 2,302585 0,000570
bridging 2,407946 0,000298
bring 1,560648 0,000386
britton 3,912023 0,000484
bronson 3,506558 0,000434
browser 1,078810 0,000267
bruce 1,514128 0,000187
bubble 1,609438 0,000199
build 0,673345 0,000167
building 0,415515 0,000257
builds 1,714798 0,000212
built 0,462035 0,000229
bulk 2,120264 0,000262
burton 3,912023 0,000968
bus 2,207275 0,000273
business 0,301105 0,000298
caching 2,120264 0,000262
cafs 3,912023 0,000484
calc 3,506558 0,000434
calculus 1,560648 0,000579
california 1,021651 0,000379
called 0,040822 0,000040
calls 1,049822 0,000130
came 1,078810 0,000133
candidate 2,040221 0,000252
cannot 0,314711 0,000078
cap 1,714798 0,000424
capabilities 0,891598 0,000331
capability 1,309333 0,000486
capture 1,272966 0,000157
captured 1,714798 0,000212
car 1,386294 0,000172
card 1,272966 0,000472
cardinality 2,995732 0,000371
cards 1,427116 0,000530
carol 2,525729 0,000312
carolyn 3,218876 0,000398
carried 1,514128 0,000187
case 0,139262 0,000052
cases 0,478036 0,000414
casio 3,912023 0,000484
casually 3,218876 0,000398
catal 0,094311 0,000012
catalog 2,525729 0,000312
categories -0,009950 -0,000004
categorized 2,659260 0,000329
category 0,116534 0,000043
cause 0,916291 0,000113
caused 1,049822 0,000130
centered 1,609438 0,000199
central 0,510826 0,000063
centric 1,966113 0,000486
certain 0,274437 0,000204
chain 1,049822 0,000130
challenged 1,309333 0,000162
chan 2,120264 0,000262
change 0,261365 0,000032
changed 0,941609 0,000466
changes 0,356675 0,000221
changesupload -0,009950 -0,000002
changing 0,820981 0,000203
channel 1,309333 0,000162
chapple 3,218876 0,000796
character 1,108663 0,000137
characteristics 1,139434 0,000141
characterize 2,813411 0,000348
characterized 1,660731 0,000205
charles 0,941609 0,000233
charts 1,897120 0,000235
chemistry 1,427116 0,000177
childs 3,912023 0,002420
chip 1,469676 0,000182
chiu 2,995732 0,000371
choice 0,967584 0,000239
chong 3,218876 0,000796
choose 1,272966 0,000157
chosen 1,469676 0,000545
chunk 2,659260 0,000329
chunks 2,659260 0,000329
cid 0,356675 0,000088
cincom 3,912023 0,000484
circuit 1,203973 0,000298
citation 0,415515 0,000257
citations 0,916291 0,000227
cite 0,843970 0,000104
cites 2,525729 0,000312
cities 1,897120 0,000469
city 1,309333 0,000162
class 0,616186 0,000076
classification 1,049822 0,000390
classified 1,272966 0,000472
classify 2,120264 0,000525
clean 2,040221 0,000505
cleansing 2,995732 0,000371
client 0,867501 0,000215
climate 1,386294 0,000172
close 0,941609 0,000116
closely 1,237874 0,000153
closest 2,813411 0,000348
closing 1,514128 0,000187
cloud 0,776529 0,000480
cluster 1,514128 0,000187
clusters 2,040221 0,000252
cmu 2,659260 0,000329
cobol 1,966113 0,000486
codasyl 3,506558 0,005206
codd 2,659260 0,005593
code -0,009950 -0,000007
coded 2,207275 0,000273
codes 1,660731 0,000205
coincided 3,218876 0,000398
coining 3,218876 0,000398
coins 1,771957 0,000219
collage 3,912023 0,000484
collected 1,469676 0,000182
collection 0,527633 0,000653
collections 1,771957 0,000438
collective 1,771957 0,000219
collectively 1,714798 0,000424
column 1,966113 0,001216
columns 2,407946 0,001490
com 0,150823 0,000037
combines 1,714798 0,000849
combining 1,560648 0,000386
come 0,867501 0,000215
commands 1,714798 0,000212
commerce 1,021651 0,000253
commercial 0,653926 0,000405
commercially 1,832581 0,000227
commit 2,302585 0,000570
common 0,072571 0,000081
commonly 0,342490 0,000042
commons -0,009950 -0,000001
commonsnews 2,659260 0,000329
commonswikiversitywikidata 2,407946 0,000298
communications 0,733969 0,000182
companies 0,597837 0,000296
company 0,462035 0,000286
compared 0,634878 0,000236
comparison 0,446287 0,000497
compatibility 1,108663 0,000137
compatible 1,049822 0,000130
competing 1,386294 0,000172
compilation 1,714798 0,000212
compiler 1,078810 0,000133
completed 1,514128 0,000187
completely 0,941609 0,000116
complex 0,261365 0,000097
complexity 0,616186 0,000152
complicated 1,609438 0,000199
comply 1,966113 0,000243
component 0,713350 0,000088
components 0,415515 0,000257
compositions 3,506558 0,000434
compounds 2,813411 0,000348
compression 1,347074 0,000333
comprise 2,813411 0,001044
comprises 2,207275 0,000546
computability 2,040221 0,000252
computation 0,994252 0,000246
computational 0,755023 0,001121
computations 1,832581 0,000453
compute 1,309333 0,000162
computed 1,609438 0,000199
computer 0,139262 0,000448
computerized 2,659260 0,000987
computers 0,562119 0,000695
computing 0,301105 0,001155
computingpages 3,912023 0,000484
concentrate 3,218876 0,000398
concept 0,415515 0,000308
concepts 0,400478 0,000248
conceptual 2,040221 0,004039
concerned 1,237874 0,000153
concluding 3,218876 0,000398
concomp 3,912023 0,000968
concrete 1,832581 0,000227
concurrency 1,386294 0,001372
concurrent 1,272966 0,000315
conditions 0,843970 0,000104
conduct -0,009950 -0,000001
conference 0,301105 0,000037
conferences 1,347074 0,000167
configuration 1,021651 0,000885
conflicting 2,659260 0,000329
conform 2,040221 0,000252
conformance 2,207275 0,000273
conformational 3,506558 0,000434
conformations 3,912023 0,000484
connected 1,108663 0,000411
connection 1,203973 0,000298
connections 1,272966 0,000157
connolly 2,995732 0,002594
considerations 1,560648 0,000193
considered 0,400478 0,000050
consist 1,560648 0,000386
consistency 1,897120 0,001174
consisting 1,469676 0,000182
consolidated 2,659260 0,000329
constraint 2,040221 0,000252
constraints 1,309333 0,000162
construct 1,609438 0,000199
construction 1,049822 0,000260
constructions 3,218876 0,000398
constructs 2,120264 0,000262
consumption 1,139434 0,000141
contact -0,009950 -0,000005
contacts -0,009950 -0,000001
contain 0,693147 0,000257
contained 1,309333 0,000324
container 1,660731 0,000205
containing 0,579818 0,000430
contains 0,634878 0,000079
content -0,009950 -0,000006
contents -0,009950 -0,000005
contentwebarchive 3,912023 0,000484
continuous 1,049822 0,000130
continuously 1,771957 0,000219
contradict 3,912023 0,000484
contradicting 3,506558 0,000434
contradictions 3,912023 0,000484
contrast 0,994252 0,000123
contribute -0,009950 -0,000001
control 0,020203 0,000035
controller 1,832581 0,000227
controlling 1,427116 0,000177
controls 1,078810 0,000267
convenience 2,207275 0,000273
conveniently 3,218876 0,001195
conventional 1,237874 0,000153
conversational 3,912023 0,000968
converted 1,897120 0,000235
cookie -0,009950 -0,000001
cooperate 2,525729 0,000312
cooperatives 2,813411 0,000348
copies 2,120264 0,000525
copy 1,203973 0,000149
core 0,597837 0,000370
corporation 0,916291 0,000340
correct 1,386294 0,000172
correlation 1,897120 0,000235
corrupted 3,506558 0,000868
corruption 2,040221 0,000505
cortesi 3,912023 0,000968
cost 0,478036 0,000237
costly 2,207275 0,000273
costs 0,994252 0,000123
cots 3,912023 0,000484
counting 1,714798 0,000212
course 1,139434 0,000141
courses 2,120264 0,000262
coutada 3,912023 0,000484
crash 1,832581 0,000227
create -0,009950 -0,000004
created 0,430783 0,000107
creating 0,562119 0,000139
creation 0,693147 0,000343
creative -0,009950 -0,000001
creator 1,660731 0,000205
credit 1,139434 0,000282
criteria 1,609438 0,000199
critical 0,653926 0,000162
criticize 3,506558 0,000434
cross 0,562119 0,000278
crud 2,995732 0,000371
cryptography 1,560648 0,000193
cube 3,506558 0,000434
culminated 3,506558 0,000434
curation 3,218876 0,000398
current 0,385662 0,000048
cursor 2,659260 0,000329
custom 1,171183 0,000145
customer 1,139434 0,000282
customers 1,078810 0,000534
customized 2,120264 0,000525
cyber 1,427116 0,000177
cyberwarfare 1,897120 0,000235
daily 1,427116 0,000177
damaged 2,813411 0,000348
dan 0,967584 0,000120
dang 3,218876 0,000398
dashboard 2,813411 0,000348
data 0,030459 0,000897
databank 3,912023 0,001452
database 0,579818 0,022166
databasepages 3,912023 0,000484
databases 0,127833 0,001234
databasesdatabase 3,912023 0,000484
datajapanczech 1,469676 0,000182
datalog 3,218876 0,000398
datapages 3,912023 0,000484
dataphor 3,506558 0,000434
datasource 3,912023 0,000968
dataspaces 2,813411 0,000348
date 0,579818 0,000143
dated 0,967584 0,000359
datenbanksysteme 3,506558 0,000434
david 0,385662 0,000239
davies 2,040221 0,000505
dbase 3,506558 0,002603
dbms 2,813411 0,024016
dbmss 3,506558 0,009110
dbos 3,506558 0,000434
dcl 3,506558 0,000434
ddbms 3,912023 0,000484
ddl 3,506558 0,000434
dealing 1,714798 0,000212
dealings 3,506558 0,000434
deals 1,660731 0,000822
debate 1,560648 0,000193
dec 2,040221 0,000505
decade 1,832581 0,000453
december 0,061875 0,000038
decided 1,469676 0,000182
deciding 2,525729 0,000312
decision 0,494296 0,000183
decisions 1,078810 0,000267
declarative 1,897120 0,000704
dedicated 1,347074 0,000833
deductive 2,813411 0,000348
deduplication 3,218876 0,000398
deep 1,078810 0,000267
default 0,693147 0,000086
define 0,798508 0,000494
defined 0,248461 0,000123
defines 0,776529 0,000192
defining 1,021651 0,000253
definition 0,342490 0,000381
definitions 0,891598 0,000441
defragmentation 2,813411 0,000348
degenerate 3,218876 0,000398
degradation 2,407946 0,000298
degrees 1,560648 0,000193
deleting 2,302585 0,000285
deletion 2,659260 0,000658
deletions 2,813411 0,000348
delivered 1,660731 0,000411
delivers 2,659260 0,000329
demand 1,049822 0,000130
demographic 2,040221 0,000252
denormalized 3,912023 0,000484
depart 3,506558 0,000434
departed 3,506558 0,000434
department 0,941609 0,000349
departments 1,966113 0,000243
departs 3,506558 0,000434
depend 1,171183 0,000145
dependability 2,040221 0,000252
depended 3,506558 0,000434
depends 0,994252 0,000123
deployment 1,078810 0,000400
der 1,609438 0,000199
derived 0,891598 0,000110
described 0,430783 0,000213
describes 0,820981 0,000102
describing 1,203973 0,000149
description -0,009950 -0,000005
descriptions 1,771957 0,000877
descriptionshort 0,000000 0,000000
design 0,127833 0,000443
designated 1,832581 0,000227
designed 0,261365 0,000065
designer 2,040221 0,000252
designers 1,897120 0,000235
designing 1,309333 0,000324
desirable 1,897120 0,000235
desired 1,347074 0,000667
desktop 1,347074 0,000667
despite 1,021651 0,000126
destruction 1,897120 0,000235
detail 1,660731 0,000411
detailed 1,272966 0,000157
details 0,916291 0,000567
detect 1,386294 0,000172
detection 1,108663 0,000137
determined 1,347074 0,000167
determines 2,207275 0,000546
develop 0,867501 0,000322
developed 0,127833 0,000063
developers -0,009950 -0,000002
development 0,083382 0,000186
developments 1,347074 0,000167
device 0,891598 0,000110
devops 2,525729 0,000625
dictionary 0,673345 0,000333
difference 0,820981 0,000203
differences 0,967584 0,000120
different 0,020203 0,000055
differentiable 1,832581 0,000227
difficulties 2,040221 0,000252
digital 0,400478 0,000347
dimension 1,832581 0,000680
dimensional 1,560648 0,000386
dionysios 3,912023 0,000484
diplomica 3,506558 0,000434
direct 0,597837 0,000222
directly 0,415515 0,000206
dirty 2,407946 0,000596
discipline 1,427116 0,000177
disclaimers -0,009950 -0,000001
discontinued 1,714798 0,000212
discrete 1,171183 0,000145
discuss 1,660731 0,000205
disk 1,469676 0,001636
disks 2,813411 0,000696
disparate 2,995732 0,000371
displaying 1,966113 0,000973
distinct 0,916291 0,000453
distinguished 1,897120 0,000235
distributed 0,478036 0,000828
distribution 0,634878 0,000079
diverse 1,771957 0,000219
divided 1,309333 0,000162
dke 3,912023 0,000484
dml 3,506558 0,000434
dmx 3,218876 0,000398
doap 2,813411 0,000348
dobb 2,813411 0,000348
document 0,673345 0,000833
documents 1,078810 0,000400
doi 0,162519 0,000101
doing 1,272966 0,000315
dollar 2,120264 0,000262
domain 0,562119 0,000278
domains 1,609438 0,000199
dominant 1,514128 0,000562
dominated 2,207275 0,000273
donate -0,009950 -0,000002
done 0,653926 0,000243
dortmund 3,912023 0,000484
dotcom 3,506558 0,000434
download -0,009950 -0,000001
downsides 3,506558 0,000434
dql 3,506558 0,000434
draw 2,302585 0,000285
drawbacks 2,407946 0,000298
drawing 1,469676 0,000182
driven 0,867501 0,000215
driving 1,714798 0,000212
dropping 2,659260 0,000329
drums 2,995732 0,000371
dsn 3,912023 0,000484
dss 2,813411 0,000348
dubai 3,218876 0,000398
dublin 2,659260 0,000329
due 0,261365 0,000065
durability 3,218876 0,000398
durable 3,218876 0,000398
dwaine 3,912023 0,000484
dynamically 1,714798 0,000212
dynamics 1,347074 0,000167
each 0,072571 0,000126
earlier 1,139434 0,000282
early 0,301105 0,000335
easier 1,049822 0,000260
easthope 3,912023 0,000968
easy 1,021651 0,000126
ecommerce 2,995732 0,000371
economic 0,843970 0,000104
economical 3,218876 0,000398
ecosystem 1,171183 0,000145
edgar 2,659260 0,000987
edges 2,040221 0,000252
edit -0,009950 -0,000001
editcommunity -0,009950 -0,000001
edited -0,009950 -0,000001
editing 1,771957 0,000219
edition 0,579818 0,000143
eds 0,798508 0,000099
educational 1,514128 0,000187
effectively 0,994252 0,000246
efficiency 0,673345 0,000083
efficient 0,494296 0,000245
effort 0,967584 0,000239
efforts 1,309333 0,000162
either 0,248461 0,000031
ejb 3,912023 0,000484
elaborate 2,995732 0,000371
electron 2,659260 0,000329
electronic 0,634878 0,000314
elementary 1,771957 0,000219
elements 0,415515 0,000051
ellison 3,506558 0,000868
elt 3,218876 0,000796
email 1,469676 0,000727
embedded 0,867501 0,000537
embedding 1,771957 0,000219
emerald 2,995732 0,000371
emerged 1,139434 0,000282
emergence 1,714798 0,000212
emerging 1,139434 0,000282
emphasized 2,813411 0,000348
employ 1,347074 0,000167
employed 1,272966 0,000157
employee 2,040221 0,001010
employees 1,609438 0,000597
employs 2,407946 0,000596
empowered 3,506558 0,000434
empty 1,427116 0,000177
emulation 3,218876 0,000398
enabled 0,994252 0,000369
enables 0,693147 0,000086
encapsulating 3,506558 0,000434
encoding 1,609438 0,000199
encodings 2,525729 0,000312
encompasses 2,120264 0,000262
encryption 1,272966 0,000157
encyclopedia -0,009950 -0,000002
encyclopedias 3,912023 0,000484
end 0,261365 0,000420
energy 0,891598 0,000110
enforcement 1,771957 0,000219
enforcing 2,813411 0,000696
engine 0,693147 0,000772
engineering 0,198451 0,000196
english -0,009950 -0,000002
englishsloven 0,510826 0,000063
enhance 1,347074 0,000167
enhanced 1,386294 0,000515
enormously 3,912023 0,000484
enough 0,843970 0,000209
ensemble 2,659260 0,000329
ensure 0,994252 0,000369
enter 1,966113 0,000243
entered 1,771957 0,000219
enterprise 0,510826 0,000442
entire 0,755023 0,000280
entities 1,139434 0,000423
entitlements 3,912023 0,000484
entity 1,309333 0,001458
entry 1,309333 0,000162
environment 0,478036 0,000059
environmental 1,049822 0,000130
environments 0,941609 0,000233
equipment 1,203973 0,000149
eras 3,912023 0,000484
erasure 2,995732 0,000371
erroneous 3,218876 0,000398
error 0,713350 0,000177
espa 0,210721 0,000026
especially 0,415515 0,000103
essential 0,941609 0,000233
establish 1,714798 0,000424
established 0,916291 0,000340
establishing 1,660731 0,000205
estate 1,897120 0,000235
etc 0,562119 0,000417
ethics 1,560648 0,000193
etl 3,218876 0,000796
eugene 2,120264 0,000262
european 0,755023 0,000093
evaluating 1,771957 0,000219
evaluation 0,843970 0,000104
evaluierung 3,506558 0,000434
even 0,235722 0,000058
event 0,843970 0,000313
eventsrandom -0,009950 -0,000001
eventual 2,302585 0,000285
eventually 0,867501 0,000107
every 0,261365 0,000097
evolved 1,560648 0,000193
exadata 3,506558 0,000434
example 0,030459 0,000072
examples 0,328504 0,000325
execute 1,514128 0,000187
executed 1,203973 0,000298
executions 3,912023 0,000484
exhaust 3,218876 0,000398
exist 0,653926 0,000405
existing 0,673345 0,000167
exists 1,049822 0,000130
expected 0,693147 0,000172
expenses 2,302585 0,000285
expensive 1,560648 0,000386
experiences 1,560648 0,000193
explicit 1,171183 0,000290
exploiting 2,120264 0,000262
exploration 1,966113 0,000243
export -0,009950 -0,000002
express 1,427116 0,000177
expressed 1,203973 0,000596
expression 1,021651 0,000126
expressions 1,386294 0,000172
expressiveness 3,218876 0,000398
extended 0,755023 0,000187
extension 0,967584 0,000239
extensions 0,916291 0,000340
extent 1,386294 0,000172
external 0,030459 0,000083
extract 1,609438 0,000796
extracting 2,207275 0,000273
extraction 1,660731 0,000205
extraneous 3,506558 0,000434
extremely 1,514128 0,000187
facebook 1,560648 0,000193
facial 2,120264 0,000262
facilities 1,171183 0,000290
facility 1,660731 0,000205
fact 0,755023 0,000747
factored 3,218876 0,000398
factory 1,966113 0,000243
failure 1,139434 0,000282
fall 1,139434 0,000141
familiar 1,714798 0,000424
faria 3,912023 0,000484
farming 2,302585 0,000285
fast 0,673345 0,000250
faster 0,994252 0,000123
fault 1,237874 0,000459
faulty 3,218876 0,000398
fdbms 3,912023 0,000968
feasibility 2,525729 0,000312
features 0,371064 0,000367
feb 2,659260 0,000658
february 0,061875 0,000015
federated 2,302585 0,001139
few 0,653926 0,000081
field 0,527633 0,000131
fields 0,713350 0,000088
file 0,616186 0,000534
filepermanent -0,009950 -0,000001
files 0,843970 0,000522
filespecial -0,009950 -0,000001
filings 3,506558 0,000434
filling 2,813411 0,000348
film 1,771957 0,000219
final 0,916291 0,000113
financial 0,776529 0,000480
find 0,544727 0,000067
finding 1,021651 0,000126
fine 1,609438 0,000199
firewall 2,407946 0,000298
firms 1,514128 0,000187
first 0,020203 0,000020
fit 1,560648 0,000386
fits 2,302585 0,000285
five 0,776529 0,000192
fixed 0,494296 0,000122
flash 1,897120 0,000235
flat 2,207275 0,000819
fledged 2,995732 0,000371
flexible 1,427116 0,000353
flies 3,506558 0,000434
flight 1,897120 0,000704
flights 2,995732 0,000371
flow 0,510826 0,000063
foaf 2,659260 0,000329
focal 3,218876 0,000398
folksonomy 2,813411 0,000348
follow 1,078810 0,000133
following 0,210721 0,000078
follows 0,891598 0,000110
forces 1,560648 0,000193
foreign 1,139434 0,000141
forensic 2,407946 0,000298
forensics 2,995732 0,000371
form 0,162519 0,000141
formal 0,673345 0,000250
formally 1,897120 0,000235
format 0,941609 0,000349
formed 1,139434 0,000282
former 1,049822 0,000130
forms 0,562119 0,000070
forth 1,560648 0,000193
fortran 1,560648 0,000193
forum 1,347074 0,000167
found 0,385662 0,000143
foundation -0,009950 -0,000001
foundations 0,967584 0,000120
founded 1,347074 0,000167
four 0,820981 0,000102
foxpro 3,506558 0,000434
framework 0,342490 0,000169
fran 0,223144 0,000028
franca 1,609438 0,000199
francebnf 3,912023 0,000484
frankfurt 3,218876 0,000398
fred 1,966113 0,000243
free -0,009950 -0,000002
frequently 0,967584 0,000120
fulcher 3,912023 0,000484
full 0,371064 0,000046
fully 0,616186 0,000076
functional 0,733969 0,000182
functionalities 2,659260 0,000329
functionality 0,843970 0,000418
functions 0,356675 0,000353
fundamentally 1,832581 0,000227
fundamentals 1,309333 0,000162
funding 1,386294 0,000172
further 0,139262 0,000103
furthermore 1,272966 0,000157
fusion 1,514128 0,000187
future 0,274437 0,000034
fuzzy 1,966113 0,000243
gained 1,237874 0,000153
games 1,078810 0,000133
gather 2,525729 0,000312
gathering 2,120264 0,000262
gehrke 3,912023 0,000484
general -0,009950 -0,000017
generally 0,287682 0,000214
generation 0,867501 0,000215
generic 1,203973 0,000149
generous 3,912023 0,000484
geographic 1,203973 0,000149
geographical 1,966113 0,000243
geometry 1,347074 0,000167
geotagging 2,813411 0,000348
github 1,078810 0,000133
give 0,843970 0,000104
given 0,261365 0,000032
global 0,478036 0,000177
glossaries 2,120264 0,000262
goal 0,713350 0,000177
good 0,733969 0,000272
gov 1,469676 0,000182
governance 1,309333 0,000162
grad 3,506558 0,000868
grained 2,207275 0,000273
granted 1,832581 0,000227
graph 0,994252 0,000861
graphically 3,506558 0,000434
graphics 0,941609 0,000349
graphs 1,660731 0,000205
graves 2,995732 0,000371
gray 2,120264 0,000262
grddl 2,813411 0,000348
green 0,994252 0,000123
grew 1,386294 0,000343
groundbreaking 2,813411 0,000348
group 0,301105 0,000298
grouping 2,302585 0,000285
groups 0,891598 0,000441
grow 1,714798 0,000212
grown 1,897120 0,000469
growth 0,755023 0,000093
guaranteeing 2,995732 0,000371
guarantees 2,040221 0,001010
guide 0,356675 0,000088
guillermo 3,912023 0,000484
guys 2,813411 0,000348
hacker 1,560648 0,000193
hacking 1,897120 0,000235
halder 3,912023 0,000968
hall 0,653926 0,000243
halloween 3,912023 0,000484
hand 0,733969 0,000182
handle 0,994252 0,000123
handled 1,609438 0,000398
handling 0,798508 0,000099
hanne 3,912023 0,000484
happens 1,966113 0,000243
happy 2,813411 0,000348
hard 1,078810 0,000133
hardware 0,579818 0,000861
harris 2,813411 0,000348
hashing 2,302585 0,000285
hatom 2,813411 0,000348
having 0,579818 0,000143
hazardous 2,659260 0,000329
hcalendar 2,813411 0,000348
hcard 2,813411 0,000348
healthcare 1,347074 0,000167
heart 2,302585 0,000285
held 1,237874 0,000306
helder 3,912023 0,000484
help 0,248461 0,000154
helplearn -0,009950 -0,000001
helps 1,347074 0,000333
henry 1,514128 0,000187
hererelated -0,009950 -0,000001
hershey 3,912023 0,000968
heterogeneous 2,525729 0,000312
hidden 0,843970 0,000209
hide -0,009950 -0,000005
hierarchic 3,506558 0,000868
hierarchical 1,897120 0,000704
hierarchy 1,660731 0,000616
high 0,223144 0,000138
higher 0,430783 0,000107
highly 0,867501 0,000215
historic 2,407946 0,000298
history -0,009950 -0,000014
hlter 3,506558 0,000434
holap 3,506558 0,000434
hold 1,021651 0,000632
home 0,653926 0,000081
honeywell 3,506558 0,000434
hooks 2,525729 0,000312
horizontally 3,218876 0,000398
hosted 1,660731 0,000411
hotel 2,995732 0,000371
how 0,072571 0,000063
however 0,094311 0,000082
hproduct 2,813411 0,000348
hrecipe 2,813411 0,000348
hreview 2,813411 0,000348
hrvatskiidobahasa 1,203973 0,000149
html 1,078810 0,000133
http 1,021651 0,000126
https -0,009950 -0,000001
hub 2,040221 0,000252
human 0,579818 0,000287
humanities 2,407946 0,000298
hybrid 1,171183 0,000145
hyperdata 2,813411 0,000348
hyperlinked 3,912023 0,000484
hypermedia 2,995732 0,000371
hypertext 1,771957 0,000877
ibm 0,693147 0,001629
icde 2,995732 0,000371
icl 3,912023 0,000484
idea 0,820981 0,000305
ideal 2,207275 0,000273
ideas 0,891598 0,000110
idefix 3,912023 0,000484
identification 1,139434 0,000282
identified 0,994252 0,000123
identifiers 1,897120 0,000704
identifying 1,139434 0,000141
idms 3,506558 0,000434
ids 2,525729 0,000312
ieee 0,634878 0,000079
iet 3,218876 0,000398
ilir 3,912023 0,000484
illus 3,912023 0,000484
image 0,544727 0,000067
images 1,237874 0,000153
impact 0,597837 0,000074
impedance 2,995732 0,000741
implementation 0,328504 0,000122
implementations 0,733969 0,000545
implemented 0,544727 0,000135
implements 1,347074 0,000167
import 1,966113 0,000486
important 0,287682 0,000036
impossible 1,347074 0,000167
imprecise 2,995732 0,000371
improve 0,274437 0,000170
ims 3,912023 0,002904
ina 0,356675 0,000044
inasloven 0,616186 0,000076
inc -0,009950 -0,000002
include 0,061875 0,000115
included 0,400478 0,000099
includes 0,274437 0,000102
including 0,040822 0,000025
inconvenience 3,912023 0,000968
incorporate 1,560648 0,000193
incorporates 2,040221 0,000252
incorporating 1,832581 0,000227
increase 0,544727 0,000202
increases 1,171183 0,000145
increasingly 0,776529 0,000096
incurred 2,995732 0,000371
independence 1,897120 0,001408
independent 0,713350 0,000353
index -0,009950 -0,000009
indexers 3,912023 0,000484
indexes 2,040221 0,001262
indexing 1,771957 0,000438
indicate 1,272966 0,000315
indirection 2,995732 0,000371
indirectly 1,771957 0,000219
individual 0,415515 0,000257
individuals 1,309333 0,000324
indonesiainterlinguaisizulu 2,995732 0,000371
induced 2,407946 0,000298
industrial 0,843970 0,000104
industry 0,527633 0,000131
inferences 2,302585 0,000285
influenced 1,203973 0,000298
info 1,832581 0,000227
information 0,072571 0,000458
informationcite -0,009950 -0,000001
informix 3,506558 0,000434
infrastructure 0,713350 0,000088
ingres 3,506558 0,002169
initial 0,597837 0,000148
initialization 2,207275 0,000273
initialized 2,813411 0,000348
injury 2,813411 0,000348
inmon 3,506558 0,000434
inp 3,912023 0,000484
input 0,733969 0,000091
inserting 3,218876 0,000398
insertion 2,525729 0,000937
insertions 3,506558 0,000434
inside 0,755023 0,000280
insisting 3,912023 0,000484
inspired 1,347074 0,000167
instance 0,510826 0,000126
instances 1,514128 0,000187
instead 0,301105 0,000149
institute 0,579818 0,000143
institutions 1,171183 0,000290
insurance 1,427116 0,000177
intact 3,912023 0,000484
integrated 0,634878 0,000864
integrates 2,659260 0,000329
integration 0,673345 0,000333
integrity 1,427116 0,000883
intelligence 0,693147 0,000686
intelligent 1,203973 0,000149
intended 0,494296 0,000061
intentional 2,525729 0,000312
interact 1,514128 0,000375
interacting 2,120264 0,000262
interaction 0,967584 0,000359
interactions 1,714798 0,000424
interactive 0,891598 0,000110
interactively 3,912023 0,000484
interacts 2,407946 0,000298
interchange 2,120264 0,000262
interchangeably 2,813411 0,000348
interest 0,693147 0,000343
interested 1,832581 0,000227
interesting 1,897120 0,000235
interface 0,616186 0,000534
interfaces 0,713350 0,000618
intermediates 3,506558 0,000434
internal 0,634878 0,001414
international 0,139262 0,000052
internationalgndfastnationalunited 1,237874 0,000153
internet 0,462035 0,000057
interpretation 1,660731 0,000616
interpreter 1,609438 0,000199
interrogate 3,912023 0,000484
interview 1,560648 0,000579
interviewed 2,813411 0,000696
introduce 1,660731 0,000205
introducing 1,021651 0,000126
introduction 0,261365 0,000097
intrusion 1,966113 0,000486
inventory 1,966113 0,000486
inverted 2,813411 0,000348
invisible 2,040221 0,000252
involved 0,916291 0,000227
involves 0,776529 0,000480
involving 1,309333 0,000162
ipc 2,659260 0,000329
iri 2,813411 0,000348
irrelevant 2,659260 0,000329
isbn 0,051293 0,000082
iso 1,309333 0,000162
isolation 1,714798 0,000212
ispolskiportugu 1,771957 0,000219
issn 0,478036 0,000118
issues 0,527633 0,000065
item -0,009950 -0,000001
itl 3,912023 0,000484
itself 0,342490 0,000254
ixbrl 2,813411 0,000348
iyad 3,912023 0,000484
jacobs 2,995732 0,000371
january 0,083382 0,000041
jawa 1,560648 0,000193
jdbc 2,813411 0,000696
jdoql 3,912023 0,000484
jeffrey 1,514128 0,000187
jennifer 2,302585 0,000285
johannes 2,995732 0,000371
join 2,040221 0,000505
joint 1,171183 0,000145
jordan 1,714798 0,000212
jose 2,120264 0,000262
journal 0,198451 0,000025
journals 1,609438 0,000398
json 1,347074 0,000167
juha 3,506558 0,000434
july 0,127833 0,000016
jump -0,009950 -0,000002
jun 2,407946 0,000298
june 0,094311 0,000012
justification 2,525729 0,000312
jyri 3,912023 0,000484
kahn 2,525729 0,000312
kaufmann 1,897120 0,000704
keep 0,994252 0,000369
keeping 1,427116 0,000353
ken 1,966113 0,000486
kept 1,560648 0,000193
kernel 1,171183 0,000145
key 0,356675 0,000530
keys 1,514128 0,000749
kimball 3,506558 0,000434
kind 1,021651 0,000379
kinds 1,171183 0,000145
kiswahilikurd 1,897120 0,000235
kman 3,912023 0,000484
knowledge 0,616186 0,000686
known 0,127833 0,000190
korth 3,506558 0,000434
kroenke 3,912023 0,000484
labor 1,832581 0,000453
lack 0,843970 0,000104
language 0,186330 0,000692
languages -0,009950 -0,000026
large 0,127833 0,000316
larry 1,514128 0,000187
last -0,009950 -0,000001
late 0,755023 0,000280
latency 1,897120 0,000235
later 0,223144 0,000248
latinalatvie 1,203973 0,000149
layer 0,867501 0,000107
layers 1,427116 0,000353
layout 1,714798 0,000636
learn 0,494296 0,000061
learning 0,494296 0,000367
least 0,527633 0,000065
leaving 1,714798 0,000212
led 0,446287 0,000221
ledger 2,040221 0,000252
lee 0,994252 0,000123
left 0,916291 0,000113
legal -0,009950 -0,000001
length 1,237874 0,000153
less 0,430783 0,000107
lessons 1,832581 0,000227
level 0,116534 0,000360
levels 0,755023 0,000467
libraries 0,713350 0,000088
library 0,478036 0,000414
license -0,009950 -0,000001
lifetime 2,120264 0,000262
lightning 2,207275 0,000273
lightstone 3,912023 0,000968
lightweight 1,609438 0,000199
like 0,072571 0,000108
limit 0,994252 0,000123
limited 0,510826 0,000063
linders 3,912023 0,000484
lindsay 2,995732 0,000371
lineage 2,995732 0,000371
ling 2,813411 0,000348
lingua 2,040221 0,000252
linked 0,941609 0,000582
linkpage -0,009950 -0,000001
linkpages 3,218876 0,000398
links -0,009950 -0,000014
linksarticles 1,021651 0,000126
linstedt 3,506558 0,000434
list 0,083382 0,000062
lists 0,597837 0,000296
little 0,820981 0,000102
liu 1,427116 0,000177
lnorsk 0,653926 0,000081
load 1,347074 0,000833
loading 1,897120 0,000469
local 0,415515 0,000051
location 0,994252 0,000123
locations 1,078810 0,000267
lochovsky 3,912023 0,000968
lock 1,832581 0,000453
locking 2,659260 0,000329
locks 2,407946 0,000298
log -0,009950 -0,000005
logging 1,966113 0,000486
logic 0,755023 0,000654
logical 1,514128 0,002248
login 1,966113 0,000243
logs 2,120264 0,000262
long 0,287682 0,000071
longer 0,755023 0,000093
longevity 2,995732 0,000371
look 0,967584 0,000239
looking 1,203973 0,000149
lookup 2,407946 0,000298
loosely 1,897120 0,000235
loss 0,967584 0,000239
lot 1,469676 0,000182
lotus 2,120264 0,000262
low 0,478036 0,000118
lower 0,776529 0,000096
lowering 2,995732 0,000371
lux 0,371064 0,000046
machine 0,083382 0,000072
machines 0,776529 0,000192
macmillan 1,660731 0,000205
made 0,186330 0,000138
mads 2,659260 0,000329
magazine 0,776529 0,000096
magnetic 2,302585 0,000570
magnitude 1,897120 0,000235
main -0,009950 -0,000028
mainframe 2,525729 0,000312
mainly 1,021651 0,000126
mainstream 1,832581 0,000227
maintain 0,941609 0,000349
maintained 1,078810 0,000667
maintaining 1,171183 0,000580
maintenance 0,843970 0,000313
major 0,314711 0,000117
majority 1,139434 0,000141
make 0,235722 0,000087
making 0,328504 0,000122
manage 0,967584 0,000239
manageable 3,218876 0,000398
managed 1,203973 0,000447
management 0,139262 0,000706
managers 1,427116 0,000177
managing 1,021651 0,000506
manipulate 1,469676 0,000364
manipulated 2,659260 0,000329
manipulation 0,994252 0,000615
manner 1,469676 0,000182
manual 1,237874 0,000306
manufacturing 1,469676 0,000182
many 0,061875 0,000092
map 1,171183 0,000145
mapper 2,407946 0,000298
mapping 1,237874 0,000306
mappings 2,813411 0,000348
march 0,116534 0,000087
mariadb 3,506558 0,000434
marked 1,139434 0,000282
market 0,616186 0,000381
marketing 0,916291 0,000113
marklogic 3,506558 0,000434
markus 2,302585 0,000285
mart 2,813411 0,000348
massively 2,659260 0,000329
match 1,386294 0,000172
matches 1,021651 0,000126
matching 1,171183 0,000145
material 0,867501 0,000107
materialization 3,218876 0,000398
materialized 2,813411 0,002088
mathematical 0,733969 0,000726
mathematics 0,916291 0,000340
matters 1,771957 0,000219
maximum 1,386294 0,000172
maybe 2,813411 0,000348
mdx 3,218876 0,000398
meaning 0,544727 0,000270
meaningful 1,966113 0,000243
means 0,198451 0,000025
measure 0,994252 0,000123
media 0,139262 0,000017
medical 1,139434 0,000141
medium 1,203973 0,000149
meghan 3,506558 0,000434
melayumirand 2,995732 0,000371
memory 0,579818 0,001004
menu -0,009950 -0,000002
merriam 2,813411 0,001044
mesh 2,525729 0,000312
mess 3,506558 0,000434
message 0,478036 0,000237
messages 1,078810 0,000400
meta 1,386294 0,000172
metadata 1,347074 0,000667
method 0,210721 0,000026
methodical 3,506558 0,000434
methodology 1,108663 0,000137
methods 0,274437 0,000136
michael 0,400478 0,000149
michigan 2,302585 0,001709
micro 1,560648 0,000579
microdata 2,659260 0,000329
microformat 2,659260 0,000329
microformats 2,659260 0,000329
microscopy 3,912023 0,000484
microsoft 0,579818 0,000215
mid 0,994252 0,000615
middleware 1,832581 0,000453
migrate 3,506558 0,000868
migration 1,714798 0,002121
mike 1,237874 0,000153
miklos 3,506558 0,000434
mimer 3,506558 0,000434
minho 3,506558 0,000434
minimize 1,514128 0,000187
mining 1,021651 0,000632
miscellaneous 2,525729 0,000625
misleading 2,659260 0,000329
mismatch 2,659260 0,000658
mismatchpages 2,525729 0,000625
mission 1,966113 0,000243
misusing 3,912023 0,000484
mit 0,776529 0,000096
mobile -0,009950 -0,000006
model 0,162519 0,001669
modeled 1,897120 0,000235
modeling 0,867501 0,001825
models 0,527633 0,001240
modern 0,314711 0,000117
modification 1,560648 0,000579
modify 1,237874 0,000153
mods 2,813411 0,000348
module 1,049822 0,000130
molap 3,506558 0,000434
molecules 2,995732 0,000371
money 1,171183 0,000145
monitoring 1,427116 0,001589
more 0,010050 0,000021
morehead 3,912023 0,000484
morgan 1,309333 0,000486
most 0,040822 0,000051
mostly 0,994252 0,000123
motivations 2,813411 0,000348
move -0,009950 -0,000005
moved 1,347074 0,000167
movies 2,207275 0,000273
mrds 3,912023 0,000484
multi 0,342490 0,000297
multics 2,995732 0,000371
multidimensional 2,302585 0,000855
multimedia 1,386294 0,000686
multiple 0,116534 0,000130
multiprocessing 1,832581 0,000227
multiprocessor 3,218876 0,000398
multitasking 2,207275 0,000273
multithreading 1,897120 0,000235
multitier 3,506558 0,000434
multivalue 3,506558 0,000434
munging 3,218876 0,000398
museum 1,714798 0,000424
music 1,347074 0,000333
mysql 2,525729 0,000937
nacional 3,912023 0,000484
nadeau 3,912023 0,000968
name 0,342490 0,000169
namespace 1,832581 0,000227
national 0,562119 0,000139
natural 0,733969 0,000091
naturally 2,525729 0,000312
navigate 2,120264 0,000262
navigating 2,659260 0,000658
navigation -0,009950 -0,000002
navigational 3,218876 0,004381
navigator 2,525729 0,000625
necessary 0,616186 0,000152
necessitate 2,995732 0,000371
nederlands 0,415515 0,000051
need 0,248461 0,000215
needed 0,210721 0,000495
needing 0,597837 0,000148
needs 0,415515 0,000154
negative 1,078810 0,000133
nelson 2,040221 0,001010
net 0,415515 0,000051
netezza 3,506558 0,000434
network 0,210721 0,000443
networking 1,171183 0,000145
networks 0,446287 0,000221
new 0,010050 0,000015
newer 1,309333 0,000162
newest 2,995732 0,000371
newsql 2,995732 0,002224
next 0,400478 0,000198
nist 1,771957 0,000219
nodes 1,108663 0,000137
non -0,009950 -0,000004
normal 1,139434 0,000141
normalization 2,302585 0,001424
normalize 3,912023 0,000484
normalized 2,525729 0,000625
norsk 0,342490 0,000042
north 1,309333 0,000324
nosql 2,813411 0,005221
not 0,000000 0,000000
notable 0,941609 0,000233
notably 1,309333 0,000162
notation 1,203973 0,000447
notations 1,771957 0,000219
notes 0,415515 0,000257
nothing 1,966113 0,000243
novalombardmagyar 2,659260 0,000329
now 0,274437 0,000204
nowadays 2,302585 0,000285
null 1,347074 0,000167
number 0,051293 0,000082
numbers 0,544727 0,000202
numerical 1,021651 0,000126
nynorskoccitan 1,897120 0,000235
object 0,544727 0,002157
objects 0,544727 0,000876
obtained 1,171183 0,000145
occasionally 2,207275 0,000819
occurrences 2,995732 0,000741
oclc 0,891598 0,000110
october 0,139262 0,000069
ocw 3,506558 0,000434
odbc 2,813411 0,000696
oed 3,506558 0,000434
offered 1,139434 0,000282
offering 0,994252 0,000123
offerings 2,040221 0,000252
office 0,916291 0,000113
often 0,127833 0,000269
olap 2,995732 0,001112
oldid -0,009950 -0,000001
olesperantoeuskara 0,510826 0,000063
once 0,544727 0,000067
one 0,010050 0,000039
ongoing 1,560648 0,000193
online 0,415515 0,000360
only 0,051293 0,000082
ontologies 2,407946 0,000596
onwards 2,525729 0,000312
oodbms 3,912023 0,000484
open 0,235722 0,000175
opening 1,966113 0,000243
operating 0,462035 0,000229
operation 0,713350 0,000353
operational 1,171183 0,001304
operations 0,301105 0,000410
opportunities 1,427116 0,000177
opposition 2,995732 0,000371
optimization 0,693147 0,000515
optimize 1,560648 0,000386
optimized 1,714798 0,000212
optimizer 2,525729 0,000625
optional 1,386294 0,000343
optionally 2,120264 0,000262
oql 3,506558 0,000434
oracle 1,108663 0,001372
ordbms 3,912023 0,000484
order 0,094311 0,000035
ordered 1,386294 0,000343
orders 2,120264 0,000262
oregon 2,813411 0,000348
org -0,009950 -0,000004
organization -0,009950 -0,000015
organizational 1,609438 0,000199
organizations 0,798508 0,000296
organize 2,207275 0,000273
organized 1,469676 0,001091
organizing 1,771957 0,000438
oriented 0,798508 0,002075
original 0,030459 0,000034
orms 3,218876 0,000398
oromooo 2,659260 0,000329
other -0,009950 -0,000034
others 0,314711 0,000078
out 0,261365 0,000097
outline 0,653926 0,000243
outlined 2,813411 0,000348
output 0,713350 0,000265
outside 0,798508 0,000198
outsiders 3,506558 0,000434
over 0,094311 0,000035
overall 0,967584 0,000120
overcome 1,897120 0,000235
overhead 1,469676 0,000182
overview 0,616186 0,000152
owl 2,525729 0,000625
own 0,371064 0,000321
owner 1,309333 0,000162
owners 1,660731 0,000205
ownership 1,469676 0,000364
oxford 0,843970 0,000209
pace 2,659260 0,000329
pacelc 2,995732 0,000371
packaging 1,771957 0,000219
page -0,009950 -0,000002
pagecontentscurrent -0,009950 -0,000001
pageget -0,009950 -0,000001
pages -0,009950 -0,000005
paiho 3,912023 0,000484
pajula 3,912023 0,000484
palgrave 1,897120 0,000235
paper 0,713350 0,000265
papers 1,203973 0,000298
paradigm 1,021651 0,000126
parallel 1,021651 0,000379
parallelization 2,995732 0,000371
parameters 1,021651 0,000506
paramount 3,912023 0,000484
part 0,127833 0,000032
partial 1,237874 0,000306
participating 2,040221 0,000505
particular 0,301105 0,000373
particularly 0,597837 0,000074
partition 1,660731 0,000822
parts 0,544727 0,000202
passwords 1,897120 0,000235
past 1,049822 0,000130
patents 1,714798 0,000212
path 0,994252 0,000246
paths 1,897120 0,000469
patterns 0,776529 0,000192
paul 0,544727 0,000067
payment 1,427116 0,000177
payroll 3,218876 0,000398
pdf 0,139262 0,000155
pdfprintable -0,009950 -0,000001
pearson 1,347074 0,000500
pekka 3,912023 0,000484
people 0,356675 0,000088
per 0,616186 0,000076
performance 0,261365 0,000776
performs 1,609438 0,000597
perhaps 1,660731 0,000205
peripheral 2,120264 0,000262
permanent 1,609438 0,000199
person 1,021651 0,000632
personal -0,009950 -0,000004
personnel 1,966113 0,000730
perspective 0,820981 0,000102
phase 1,560648 0,000386
philanthropy 2,995732 0,000371
philosophy 0,994252 0,000246
phone 1,714798 0,001273
photograph 2,040221 0,000252
php -0,009950 -0,000001
phrases 1,832581 0,000227
phrasesarticles 2,407946 0,000298
physical 0,616186 0,001067
physically 2,302585 0,000570
physics 0,994252 0,000123
picture 2,302585 0,000285
piece 1,714798 0,000424
piemont 1,427116 0,000177
place 0,597837 0,000074
placed 1,660731 0,000205
plan 0,916291 0,000227
plane 1,771957 0,000219
planning 0,941609 0,000233
plans 1,171183 0,000145
platform 0,527633 0,000196
platforms 0,776529 0,000096
playlist 3,912023 0,000484
plc 2,407946 0,000298
please 0,776529 0,000192
plenary 3,218876 0,000796
plus 1,203973 0,000149
pods 3,506558 0,000434
point 0,301105 0,000075
pointers 2,302585 0,000285
policy -0,009950 -0,000002
popular 0,579818 0,000359
popularity 1,171183 0,000290
popularized 2,120264 0,000262
populated 3,506558 0,000868
portable 1,660731 0,000205
portalrecent -0,009950 -0,000001
portland 3,218876 0,000398
portugal 2,407946 0,000298
position 1,171183 0,000290
possible 0,287682 0,000249
possibly 1,386294 0,000686
post 0,579818 0,000215
postgres 3,506558 0,000434
postgresql 2,813411 0,001044
potentially 0,755023 0,000280
powerful 1,108663 0,000137
practical 0,634878 0,000236
practice 0,371064 0,000046
pre 0,941609 0,000116
precisely 1,609438 0,000199
predefined 2,525729 0,000312
predicate 2,995732 0,000371
prentice 0,994252 0,000492
preprocessor 2,995732 0,000371
present 0,597837 0,000074
presentation 1,660731 0,000411
presentations 2,813411 0,000348
presented 1,139434 0,000141
preservation 2,525729 0,001250
press 0,210721 0,000104
prevents 2,207275 0,000273
previous 0,843970 0,000104
primarily 0,653926 0,000243
primary 0,527633 0,000392
principle 1,078810 0,000267
principles 0,597837 0,000074
print -0,009950 -0,000001
printed 1,560648 0,000193
privacy -0,009950 -0,000006
private 0,693147 0,000086
privileges 2,525729 0,000312
probabilistic 1,897120 0,000235
probability 1,078810 0,000133
problem 0,385662 0,000191
problems 0,430783 0,000107
procedure 1,386294 0,000172
process 0,116534 0,000115
processes 0,634878 0,000079
processing 0,356675 0,000706
processor 1,272966 0,000315
processors 1,427116 0,000706
produce 0,916291 0,000340
produced 0,820981 0,000102
producers 2,659260 0,000329
producing 1,347074 0,000333
product 0,579818 0,000430
production 0,798508 0,000296
products 0,579818 0,000502
professional 0,843970 0,000313
profit -0,009950 -0,000001
program 0,328504 0,000366
programmable 1,966113 0,000243
programmed 1,609438 0,000199
programmer 1,386294 0,001029
programmers 1,347074 0,000667
programming 0,446287 0,000607
programs 0,494296 0,000306
progress 1,560648 0,000386
project 0,314711 0,000389
projects -0,009950 -0,000002
proper 1,171183 0,000145
properties 0,693147 0,000343
proposed 0,713350 0,000177
protected 0,776529 0,000288
protecting 1,966113 0,000730
protection 0,994252 0,000369
protein 2,813411 0,000696
protocol 0,713350 0,000265
prototype 1,609438 0,000199
prototypes 2,659260 0,000329
provably 3,218876 0,000398
provide 0,174353 0,000259
provided 0,494296 0,000183
provides 0,261365 0,000420
providing 0,673345 0,000250
prtv 3,912023 0,000484
public 0,248461 0,000031
publishers 1,514128 0,000187
publishing 0,446287 0,000276
purely 2,207275 0,000273
purpose 0,356675 0,000530
purposes 0,798508 0,000296
pursued 2,995732 0,000371
pushing 2,659260 0,000329
putting 2,040221 0,000252
pypl 3,912023 0,000484
quality 0,673345 0,000167
quantities 1,771957 0,000219
quantum 1,171183 0,000145
quel 3,506558 0,000434
queries 1,897120 0,001878
query 1,427116 0,006356
querying 2,525729 0,000937
questions 1,171183 0,000290
quotes 2,207275 0,000273
raghu 3,912023 0,000484
rahwan 3,912023 0,000484
raid 2,995732 0,000741
raju 2,995732 0,000371
ralph 2,407946 0,000298
ramakrishnan 3,912023 0,000484
ramalho 3,506558 0,000434
ran 1,966113 0,000243
randomized 1,832581 0,000227
range 0,446287 0,000110
ranges 2,302585 0,000285
ransom 2,525729 0,000312
rapid 1,237874 0,000153
rapidly 1,514128 0,000187
rather 0,287682 0,000463
ratliff 3,912023 0,000968
raul 3,506558 0,000434
rbaycanca 0,248461 0,000031
rdb 3,218876 0,000398
rdbms 2,813411 0,001044
rdf 2,120264 0,000525
rdfa 2,659260 0,000329
rdfs 2,813411 0,000348
read 0,843970 0,000209
reading 0,342490 0,000169
readview 1,309333 0,000324
ready 1,469676 0,000545
real 0,210721 0,000104
reality 1,272966 0,000315
reason 1,049822 0,000130
reasoner 2,813411 0,000348
reasoning 1,171183 0,000290
reasons 0,891598 0,000221
recent 0,693147 0,000086
recipes 2,995732 0,000371
reconstituted 3,912023 0,000484
reconstruct 3,218876 0,000398
reconstruction 2,207275 0,000273
record 0,916291 0,001474
recorded 1,237874 0,000153
records 0,994252 0,001599
recovering 3,218876 0,000796
recovery 1,714798 0,000636
redirect 1,832581 0,000907
reduced 1,078810 0,000133
reduces 1,609438 0,000199
reduction 1,237874 0,000153
redundancy 2,040221 0,001262
refactoring 2,659260 0,000329
refer 0,867501 0,000429
reference 0,478036 0,000059
references 0,020203 0,000012
referencesarticles 1,660731 0,000205
referencing 2,302585 0,000285
referential 2,813411 0,000348
referred 0,446287 0,000221
refers 0,755023 0,000187
reflect 1,386294 0,000172
reflects 1,832581 0,000227
registered -0,009950 -0,000001
registering 2,995732 0,000371
registries 2,407946 0,000298
regularly 1,771957 0,000219
regulations 1,386294 0,000172
reinforcement 1,832581 0,000227
rel 3,506558 0,000434
related 0,051293 0,000108
relatedpeople 3,506558 0,000434
relates 2,207275 0,000273
relation 1,347074 0,000333
relational 1,714798 0,012305
relations 1,386294 0,000686
relationship 0,891598 0,000662
relationships 1,171183 0,001014
relatively 1,049822 0,000130
release 0,579818 0,000072
releasing 2,207275 0,000273
relevant 0,916291 0,000113
reliable 0,616186 0,000076
relied 2,207275 0,000273
relies 1,272966 0,000157
relocated 3,218876 0,000398
rely 1,139434 0,000141
remain 1,078810 0,000133
remained 1,771957 0,000219
remains 1,237874 0,000306
remanence 3,218876 0,000398
remote 0,843970 0,000104
remotely 2,040221 0,000252
removal 1,609438 0,000398
remove 0,527633 0,000131
removed 0,693147 0,000086
rendering 1,347074 0,000167
reorganization 3,218876 0,000398
repeating 2,995732 0,000371
replaced 1,237874 0,000306
replicated 3,218876 0,000796
replication 2,040221 0,001514
report 0,462035 0,000286
reporting 1,427116 0,000177
repository 1,078810 0,000400
represent 0,733969 0,000182
representation 0,776529 0,000288
represented 0,967584 0,000359
representing 1,108663 0,000274
republicisraelotheridrefnaraencyclopedia 3,912023 0,000484
require 0,462035 0,000057
required 0,274437 0,000136
requirements 0,597837 0,000444
requires 0,430783 0,000266
requiring 1,049822 0,000130
rescue 2,813411 0,000348
research 0,261365 0,000517
researchers 0,820981 0,000102
reservation 3,506558 0,000434
reside 3,912023 0,001452
resided 3,506558 0,000434
resides 2,659260 0,000329
residing 3,912023 0,000484
resilience 2,407946 0,000298
resiliency 3,506558 0,000434
resized 3,506558 0,000434
resolved 2,302585 0,000285
resolving 2,995732 0,000371
resource 0,733969 0,000091
resources 0,314711 0,000039
respective 1,966113 0,000486
respects 2,995732 0,000371
respond 1,660731 0,000205
response 0,755023 0,000093
responsibility 1,560648 0,000386
responsible 1,078810 0,000133
restore 2,207275 0,000819
restrictions 1,309333 0,000162
result 0,371064 0,000138
results 0,446287 0,000110
retained 2,813411 0,000348
retention 2,659260 0,000329
retrieval 1,347074 0,001833
retrieved -0,009950 -0,000021
retrieving 2,302585 0,000285
retrofitted 3,912023 0,000484
reuter 3,912023 0,000484
reverse 1,427116 0,000177
rewrite 2,207275 0,000273
rewriting 2,040221 0,000252
right 0,478036 0,000059
rigid 2,302585 0,000285
rise 0,967584 0,000239
risk 0,597837 0,000074
rolap 3,506558 0,000434
roles 1,469676 0,000364
rom 0,616186 0,000076
roughly 1,660731 0,000205
row 2,207275 0,000546
rows 2,302585 0,001424
rrid 2,813411 0,000348
rule 0,941609 0,000349
rules 0,616186 0,000229
rumelhart 3,506558 0,000434
run 0,446287 0,000166
runa 0,916291 0,000113
running 0,713350 0,000088
safeguarded 3,912023 0,000484
safety -0,009950 -0,000001
said 0,755023 0,000093
salary 2,995732 0,000741
sales 1,171183 0,000290
same 0,116534 0,000130
san 1,272966 0,000157
sasturianuaz 2,525729 0,000312
satellite 2,120264 0,000262
satisfy 2,040221 0,000252
satu 3,912023 0,000484
saves 2,659260 0,000329
saw 1,832581 0,000227
sawsdl 2,813411 0,000348
saxon 3,506558 0,000434
say 1,078810 0,000133
scalability 1,469676 0,000545
scalable 1,832581 0,000227
scale 0,494296 0,000183
scanning 2,120264 0,000262
scenario 1,897120 0,000235
scheduler 1,966113 0,000243
scheduling 1,386294 0,000172
schema 1,897120 0,002112
schemas 2,302585 0,000570
schools 1,609438 0,000199
science 0,287682 0,000142
sciencenote 2,207275 0,000273
scientific 0,693147 0,000086
scientists 1,660731 0,000205
scope 0,941609 0,000116
scraping 2,120264 0,000262
scrubbing 3,218876 0,000398
scylladb 3,506558 0,000434
search -0,009950 -0,000014
searched 2,407946 0,000298
searching 1,832581 0,000227
section 0,562119 0,000209
security 0,314711 0,001168
see -0,009950 -0,000014
seeks 1,966113 0,000243
seelterskshqipsicilianu 3,912023 0,000484
sees 2,813411 0,000348
segments 1,832581 0,000227
select 1,347074 0,000333
selected 1,386294 0,000172
selecting 2,302585 0,000285
selling 1,514128 0,000187
semantic 1,272966 0,002205
semantics 1,171183 0,000869
semi 0,843970 0,000209
sense 1,078810 0,000133
sensitive 1,272966 0,000157
sensor 1,514128 0,000187
sequential 1,897120 0,000469
serialize 3,218876 0,000398
series 0,328504 0,000081
seriously 2,813411 0,000348
server 0,653926 0,000566
servers 1,021651 0,000885
service 0,314711 0,000117
services 0,400478 0,000198
session 1,660731 0,000205
set 0,083382 0,000124
sets 0,776529 0,000384
settings 1,609438 0,000199
several 0,094311 0,000047
shacl 2,659260 0,000329
sharding 2,995732 0,000371
share 0,616186 0,000152
sharealike -0,009950 -0,000001
shared 0,755023 0,000747
sharing 0,967584 0,000239
shipping 1,832581 0,000227
shopping 1,966113 0,000243
short -0,009950 -0,000006
shortened -0,009950 -0,000001
side 0,693147 0,000086
sidebar -0,009950 -0,000005
sigir 3,506558 0,000434
sigmod 2,407946 0,000298
significant 0,328504 0,000081
siikavirta 3,912023 0,000484
silberschatz 3,218876 0,000398
simari 3,912023 0,000484
simi 0,755023 0,000093
similar 0,186330 0,000046
simple 0,150823 0,000019
simplifying 3,218876 0,000398
simply 0,733969 0,000091
simulation 1,309333 0,000162
simultaneous 1,609438 0,000199
simultaneously 1,309333 0,000162
since 0,139262 0,000086
single 0,127833 0,000142
sioc 2,813411 0,000348
sister 1,386294 0,000686
site -0,009950 -0,000001
situations 1,237874 0,000153
sixth 2,659260 0,000329
size 0,462035 0,000171
sizes 1,514128 0,000187
skills 1,660731 0,000205
skos 2,659260 0,000329
slenskaitaliano 0,562119 0,000070
slowly 2,525729 0,000312
small 0,314711 0,000039
smart 1,078810 0,000267
smc 3,218876 0,000398
snow 2,813411 0,000348
snowflake 2,995732 0,000371
soc 1,966113 0,000243
social 0,527633 0,000196
software 0,127833 0,000601
sold 1,347074 0,000167
solid 1,347074 0,000333
solutions 0,820981 0,000102
solve 1,203973 0,000298
some 0,040822 0,000096
sometimes 0,301105 0,000335
soon 1,427116 0,000177
sort 1,609438 0,000199
sorting 2,407946 0,000298
sound 1,560648 0,000193
source 0,186330 0,000115
sources 0,446287 0,000386
sourceview 1,309333 0,000324
space 0,478036 0,000118
span 2,302585 0,000570
spans 2,995732 0,000371
sparql 2,407946 0,000298
spatial 1,660731 0,000205
special 0,494296 0,000306
specialized 0,843970 0,000626
specific 0,094311 0,000175
specifically 0,843970 0,000418
specified 0,733969 0,000091
specifying 1,897120 0,000469
speed 1,049822 0,000260
spite 3,218876 0,000398
split 1,469676 0,000182
splitting 1,897120 0,000235
spread 1,309333 0,000162
spreadsheet 2,525729 0,000625
spreadsheets 2,659260 0,000658
spring 1,660731 0,000205
sqaraqalpaqsha 1,386294 0,000172
sql 1,171183 0,004637
srpskisrpskohrvatski 0,510826 0,000063
stable 0,867501 0,000107
stage 1,386294 0,000686
standard 0,198451 0,000196
standardization 1,309333 0,000324
standardized 1,203973 0,000298
standardkonformit 3,506558 0,000434
standards 0,462035 0,000114
standardssyntax 2,813411 0,000348
star 2,040221 0,001010
start 0,843970 0,000104
started 0,634878 0,000314
state 0,235722 0,000262
stated 1,171183 0,000145
statement -0,009950 -0,000002
statements 0,314711 0,000234
statementsarticles 0,544727 0,000135
states 0,385662 0,000095
static 1,272966 0,000472
statically 2,407946 0,000298
statistical 0,776529 0,000096
statistics -0,009950 -0,000004
steve 1,078810 0,000133
stewardship 2,813411 0,000348
still 0,342490 0,000085
stochastic 1,347074 0,000167
stonebraker 3,912023 0,000968
storage 0,430783 0,002825
store 0,733969 0,001544
stored 0,733969 0,001090
stores 1,272966 0,000315
storing 1,171183 0,000724
strict 1,609438 0,000199
strings 1,514128 0,000187
strong 0,776529 0,000096
structure 0,314711 0,000545
structured 0,653926 0,000405
structures 0,673345 0,001333
student 1,609438 0,000199
study 0,510826 0,000063
style 0,994252 0,000123
sub 1,021651 0,000126
subject 0,527633 0,000065
sublanguages 3,506558 0,000434
subschemas 3,912023 0,000484
subscription 2,120264 0,000525
subsection 0,020203 0,000010
subsequent 1,469676 0,000364
subsets 2,040221 0,000252
substances 3,506558 0,000434
successful 0,843970 0,000104
such 0,000000 0,000000
sudarshan 2,813411 0,000348
suitable 1,347074 0,000167
sum 1,347074 0,000167
summing 3,506558 0,000434
suomisvenskatagalog 1,171183 0,000145
superior 2,813411 0,000348
superkey 2,995732 0,000371
supervised 1,660731 0,000205
supplier 2,659260 0,000329
suppliers 1,897120 0,000235
support 0,198451 0,000368
supported 0,634878 0,000314
supporting 0,843970 0,000209
surrogate 2,207275 0,000546
sweden 2,302585 0,000285
sybase 3,506558 0,000434
synchronization 2,040221 0,000252
synchronized 2,995732 0,001112
synonym 2,525729 0,000625
synthesis 1,714798 0,000212
system 0,030459 0,000237
systematic 1,427116 0,000177
systems 0,061875 0,000360
systemshidden 2,207275 0,000273
systemstypes 2,995732 0,000371
table -0,009950 -0,000021
tables 1,660731 0,002876
take 0,527633 0,000131
takes 0,634878 0,000079
talk 1,203973 0,000149
tamer 3,912023 0,000484
tape 2,040221 0,000505
target 0,673345 0,000083
targets 1,272966 0,000630
task 0,776529 0,000384
tasks 0,798508 0,000296
tatar 1,272966 0,000157
tax 1,560648 0,000193
tcos 3,912023 0,000484
team 0,776529 0,000192
teams 1,469676 0,000182
technical 0,478036 0,000473
techniques 0,544727 0,000472
technologies 0,562119 0,000070
technology 0,186330 0,000161
telecommunications 1,469676 0,000182
template 0,328504 0,000081
temporal 1,771957 0,000877
temporary 1,966113 0,000243
ten 1,469676 0,000182
tended 2,995732 0,000371
tendency 2,207275 0,000273
teorey 3,912023 0,000968
teradata 3,218876 0,000398
term 0,223144 0,000331
terminal 1,897120 0,000469
terminals 2,995732 0,000371
terminology 1,309333 0,000810
terms -0,009950 -0,000010
test 0,673345 0,000250
tested 1,897120 0,000235
testgorilla 3,912023 0,000484
testing 0,616186 0,000152
text -0,009950 -0,000006
textually 3,912023 0,000484
than 0,072571 0,000135
that 0,000000 0,000000
themselves 0,843970 0,000104
then 0,116534 0,000029
theorem 1,171183 0,000290
theoretic 2,525729 0,001250
theoretical 0,967584 0,000120
theory 0,400478 0,000495
there 0,051293 0,000057
therefore 0,478036 0,000059
thermodynamic 2,207275 0,000273
these 0,040822 0,000086
things 0,843970 0,000104
third 0,356675 0,000044
this -0,009950 -0,000057
thomas 0,527633 0,000065
those 0,235722 0,000029
though 0,544727 0,000270
thousands 1,469676 0,000182
three 0,287682 0,000285
throughout 1,078810 0,000133
throwing 3,912023 0,000484
thus 0,328504 0,000244
tier 1,832581 0,000227
tightly 3,218876 0,000398
time 0,010050 0,000020
timeline 0,776529 0,000096
tinachitumbukacymraegdanskdeutscheesti 3,912023 0,000484
title -0,009950 -0,000001
titles 2,207275 0,000273
tods 3,912023 0,000484
toggle -0,009950 -0,000007
tolerance 1,514128 0,001124
tool 0,653926 0,000162
toolkit 1,469676 0,000182
tools -0,009950 -0,000015
top -0,009950 -0,000005
topdb 3,912023 0,000484
topic -0,009950 -0,000004
topical 3,218876 0,000398
topics 0,653926 0,000324
topological 2,207275 0,000273
total 0,673345 0,000333
totals 3,506558 0,000434
toxic 2,302585 0,000285
track 1,049822 0,000260
trademark -0,009950 -0,000001
tradition 2,659260 0,000329
traditional 0,544727 0,000135
training 1,078810 0,000133
transaction 1,427116 0,002648
transactions 0,713350 0,000706
transform 1,237874 0,000613
transformation 1,272966 0,000472
transforming 2,120264 0,000262
translate 2,040221 0,000252
translating 2,525729 0,000312
transparently 3,912023 0,000484
trauma 2,995732 0,000371
traumatic 3,912023 0,000484
treat 1,771957 0,000219
tree 0,843970 0,000104
trees 1,469676 0,000182
trend 1,237874 0,000153
trig 2,813411 0,000348
trigger 1,897120 0,000235
triggers 2,525729 0,000312
triples 2,659260 0,000658
triplestores 3,912023 0,000484
trix 2,813411 0,000348
true 0,776529 0,000096
trust 0,967584 0,000120
truth 1,771957 0,000219
tsitchizris 3,912023 0,000968
tuned 2,995732 0,001112
tuning 2,995732 0,001853
tuominen 3,912023 0,000484
tuples 2,302585 0,000285
turing 1,660731 0,000205
turtle 2,659260 0,000329
twalonwinaray 3,218876 0,000398
two 0,083382 0,000113
type 0,150823 0,000205
types 0,198451 0,000295
typically 0,223144 0,000497
ubiquitous 1,469676 0,000182
ukraineyale 2,302585 0,000285
ulietuvi 1,049822 0,000130
ullman 3,506558 0,000868
unauthorized 1,897120 0,000704
under -0,009950 -0,000001
underlying 0,755023 0,000374
underpin 2,995732 0,000371
understand 1,139434 0,000141
understanding 0,562119 0,000209
unexpected 2,302585 0,000285
unhappy 3,912023 0,000484
unified 1,560648 0,000193
unifies 3,506558 0,000434
unintentional 2,995732 0,000371
unique 0,916291 0,000113
uniquely 2,525729 0,000312
unit 0,798508 0,000494
united 0,527633 0,000065
units 1,309333 0,000324
universities 1,469676 0,000182
university 0,186330 0,000300
unsourced 0,446287 0,000331
unstructured 2,407946 0,000596
unsuccessful 3,218876 0,000398
unsupervised 2,040221 0,000252
until 0,510826 0,000253
upcs 3,912023 0,000484
update 0,527633 0,000653
updated 0,867501 0,000322
updates 1,203973 0,000447
updating 1,427116 0,000530
upon 0,673345 0,000083
uppsala 3,912023 0,000484
uri 2,040221 0,000252
urldownload -0,009950 -0,000001
usage 0,597837 0,000074
use -0,009950 -0,000039
used -0,009950 -0,000048
useful 0,634878 0,000236
user 0,328504 0,000569
users 0,478036 0,001419
uses 0,094311 0,000093
ushered 3,912023 0,000484
using -0,009950 -0,000027
usually 0,223144 0,000138
utc -0,009950 -0,000001
utilities 1,897120 0,000469
uyghurcheti 2,302585 0,000285
valid 1,272966 0,000315
validation 1,237874 0,000306
value 0,301105 0,000112
values 0,597837 0,000074
vandalismall 3,912023 0,000484
variable 0,843970 0,000104
variants 1,427116 0,000177
various 0,223144 0,000359
vary 1,049822 0,000260
varying 1,309333 0,000162
vasarhelyi 3,912023 0,000484
vast 1,514128 0,000187
vault 2,525729 0,000312
vax 2,525729 0,000312
vendor 1,469676 0,000182
vendors 1,514128 0,000375
verification 0,733969 0,000091
verlag 1,832581 0,000227
version -0,009950 -0,000010
versions 0,579818 0,000072
very 0,314711 0,000195
via 0,186330 0,000231
victoria 2,659260 0,000329
video 0,616186 0,000076
view -0,009950 -0,000016
viewed 1,347074 0,000167
viewing 2,302585 0,000285
viewpoint 2,040221 0,000252
views 1,609438 0,003982
virtual 0,527633 0,000261
virtualization 2,207275 0,001365
virus 2,407946 0,000298
vision 0,891598 0,000110
visual 0,843970 0,000104
visualization 1,609438 0,000199
visually 2,525729 0,000312
vldb 2,659260 0,000329
vms 2,813411 0,000348
vocabularies 2,659260 0,000658
vol 0,616186 0,000076
volatile 2,407946 0,000298
volume 0,616186 0,000076
volumes 1,832581 0,000227
voting 1,966113 0,000243
vtecomputer 2,040221 0,000252
vtedata 2,302585 0,000570
vtedatabase 2,995732 0,000371
vtedatabasemain 3,912023 0,000484
vtesemantic 2,813411 0,000348
wagner 2,120264 0,000525
wang 1,427116 0,000177
ware 2,995732 0,000371
warehouse 2,407946 0,001192
warehouseconcepts 3,506558 0,000868
warehouses 2,813411 0,000348
warehousescreating 3,506558 0,000434
warehousing 2,407946 0,000596
wars 1,897120 0,000235
watch 1,386294 0,000172
watermarking 3,912023 0,000484
way 0,198451 0,000270
wayback 0,478036 0,000177
wayne 2,995732 0,001482
ways 0,446287 0,000331
weasel 2,407946 0,000596
web 0,342490 0,000466
webbackground 2,813411 0,000348
webpages 3,506558 0,000434
website 0,634878 0,000079
websites 1,203973 0,000149
webster 2,659260 0,000987
weekly 1,966113 0,000243
well 0,051293 0,000044
went 1,714798 0,000212
what -0,009950 -0,000012
when 0,030459 0,000049
where 0,072571 0,000081
whereas 1,049822 0,000130
whether 0,400478 0,000050
which 0,000000 0,000000
while 0,051293 0,000051
who 0,301105 0,000149
wide 0,597837 0,000444
widely 0,342490 0,000042
widespread 0,994252 0,000246
widom 3,912023 0,000968
wiki 1,427116 0,000177
wikibooksresources 1,660731 0,000205
wikidata 0,562119 0,000139
wikidatawikipedia 0,967584 0,000120
wikimedia -0,009950 -0,000002
wikinewsquotations 2,659260 0,000329
wikipedia -0,009950 -0,000009
wikipediacontact -0,009950 -0,000001
wikiproject 1,832581 0,000227
wikiquotetexts 2,525729 0,000312
wikisourcetextbooks 2,525729 0,000312
wikiversity 1,609438 0,000199
wiktionarymedia 1,660731 0,000205
william 0,713350 0,000177
wireless 1,078810 0,000133
within 0,116534 0,000072
without 0,094311 0,000035
wong 2,407946 0,000298
word 0,693147 0,000172
worded 2,407946 0,000596
work 0,127833 0,000063
workable 3,912023 0,000484
worked 1,609438 0,000199
workflow 2,207275 0,000273
working 0,478036 0,000118
workload 2,207275 0,000273
workloads 2,525729 0,000312
world 0,139262 0,000086
wrangling 3,218876 0,000398
write 0,941609 0,000116
writing 0,891598 0,000221
written 0,287682 0,000178
wrote 1,078810 0,000267
www 0,356675 0,000044
xiaomei 3,506558 0,000434
xml 1,203973 0,002085
xmla 3,506558 0,000434
xqj 2,995732 0,000371
xquery 2,659260 0,000987
years 0,274437 0,000204
yliker 3,912023 0,000484
york 0,371064 0,000092
zbekcha 0,462035 0,000057
zero 0,733969 0,000091
zsu 3,912023 0,000484
