abraham 2,525729 0,001811
absenc 2,040221 0,000975
access 0,127833 0,000214
accord 0,287682 0,000069
account -0,009950 -0,000005
accur 1,203973 0,000288
acid 2,207275 0,000528
acm 0,755023 0,000541
acquisit 1,203973 0,000576
acronym 2,120264 0,001014
actian 3,912023 0,000935
action -0,009950 -0,000002
activerecord 3,912023 0,000935
ad 0,223144 0,000267
ada 1,609438 0,000385
adaba 3,912023 0,000935
adapt 0,798508 0,000191
add -0,009950 -0,000021
addison 1,203973 0,000288
addit -0,009950 -0,000007
adher 1,660731 0,001191
admin 2,813411 0,000672
administr 0,867501 0,000415
adopt 0,415515 0,000497
adstar 3,912023 0,000935
advanc 0,235722 0,000056
advantag 0,693147 0,000497
against 0,462035 0,000110
agenc 1,108663 0,000530
ago 0,967584 0,000694
agre -0,009950 -0,000002
aid 0,843970 0,000202
aim 0,634878 0,000152
airlin 2,407946 0,000576
airtabl 3,912023 0,000935
aisgaeilgegalego 1,427116 0,000341
aker 3,912023 0,000935
ala 2,995732 0,000716
alan 1,049822 0,000502
alemannisch 3,218876 0,000769
algebra 1,347074 0,000644
algol 1,897120 0,000453
all 0,000000 0,000000
alleg 2,407946 0,000576
allianc 1,832581 0,000438
allow 0,061875 0,000015
alpha 1,832581 0,000438
alphabet 1,469676 0,000351
also -0,009950 -0,000019
altern 0,342490 0,000655
although 0,287682 0,000069
altibas 3,912023 0,000935
amazon 1,309333 0,000626
ambigu 1,386294 0,000331
ambra 3,912023 0,000935
american 0,415515 0,000596
among 0,356675 0,000085
amor 3,506558 0,002514
amp -0,009950 -0,000012
analyt 0,798508 0,000573
andi 1,714798 0,000410
angela 2,813411 0,002017
annal 2,040221 0,000488
anoth 0,127833 0,000031
ansi 2,207275 0,005803
anymor 2,525729 0,000604
anywher 1,560648 0,000373
apach 1,386294 0,000994
api 0,798508 0,000763
apl 2,040221 0,000488
appear -0,009950 -0,000007
appli -0,009950 -0,000002
applic 0,030459 0,000051
approach 0,174353 0,000042
approv 1,272966 0,000304
approxim 0,891598 0,000213
apptio 3,912023 0,000935
april 0,072571 0,000139
ar 1,309333 0,000313
architectur 0,400478 0,000287
archiv 0,040822 0,000273
area 0,478036 0,000114
argu 0,994252 0,000238
armstrong 2,040221 0,000488
arora 2,207275 0,003165
arrai 0,994252 0,001188
articl 0,000000 0,000000
articleabout -0,009950 -0,000002
articletalk -0,009950 -0,000002
arvind 2,813411 0,000672
ashdown 3,912023 0,002805
aspir 2,659260 0,000636
assembl 0,867501 0,000415
assign 0,798508 0,000191
associ 0,127833 0,000061
aster 3,912023 0,000935
asturianuaz 1,427116 0,000341
atlant 2,120264 0,000507
atlanta 2,995732 0,000716
atom 1,309333 0,000313
attempt 0,478036 0,000114
attribut -0,009950 -0,000002
august 0,162519 0,000155
aurora 2,525729 0,000604
ausgew 3,506558 0,000838
author 0,040822 0,000020
autogener 3,912023 0,000935
autom 0,597837 0,000286
avail -0,009950 -0,000012
avoid 0,579818 0,000139
axiom 2,302585 0,000550
azur 1,771957 0,000847
babbag 2,813411 0,001345
backward 1,514128 0,000362
baer 3,506558 0,002514
bahasa 0,186330 0,000045
bank 0,941609 0,000675
base 0,010050 0,000031
basic 0,198451 0,000332
beaulieu 3,912023 0,000935
becam 0,579818 0,000416
becaus 0,127833 0,000092
began 0,634878 0,000303
begin 0,385662 0,000092
behav 1,427116 0,000682
behavior 0,342490 0,000164
bellamkonda 3,912023 0,002805
belong 1,347074 0,000322
berkelei 1,514128 0,000362
beth 2,995732 0,002148
bibcod 0,693147 0,000166
big 0,673345 0,000322
bigint 3,218876 0,000769
bigqueri 3,912023 0,000935
binari 0,916291 0,001095
bind 1,469676 0,000351
blob 2,525729 0,000604
blockchain 1,609438 0,000385
blue 1,560648 0,001492
boarischbosanskibrezhoneg 2,407946 0,000576
boi 3,506558 0,000838
bokm 0,127833 0,000031
book 0,210721 0,000050
boolean 1,560648 0,000746
box 0,843970 0,000202
boyc 3,912023 0,004675
boycedeveloperiso 3,912023 0,000935
brandon 2,120264 0,000507
break 0,733969 0,000175
briefli 2,659260 0,000636
build 0,274437 0,000131
builder 2,407946 0,000576
built 0,462035 0,000110
bureau 1,609438 0,000385
busi 0,287682 0,000413
businessentitiescurr 3,912023 0,000935
bydataloginfluencedcql 3,912023 0,000935
bydonald 3,912023 0,000935
byiso 3,912023 0,000935
cach 1,386294 0,000331
calculu 1,560648 0,001492
calif 3,506558 0,000838
call 0,030459 0,000015
cambridg 0,755023 0,000180
caml 2,040221 0,000488
canada 1,427116 0,000341
candid 1,897120 0,000453
cap 1,560648 0,000373
carbon 1,609438 0,000385
card 0,994252 0,000238
cari 3,218876 0,000769
case 0,083382 0,000120
catal 0,094311 0,000023
categor 1,171183 0,000280
categori -0,009950 -0,000014
caus 0,430783 0,000103
cdbm 3,912023 0,000935
cell 1,469676 0,000351
center 0,415515 0,000695
central 0,478036 0,000114
centric 1,966113 0,000470
centuri 0,843970 0,000202
ceo 1,714798 0,000410
certifi 1,714798 0,000820
challeng 0,400478 0,000096
chamberlin 3,912023 0,011220
chamberlinraymond 3,912023 0,000935
chang 0,051293 0,000061
changesupload -0,009950 -0,000005
chappl 3,218876 0,000769
chapter 0,891598 0,000213
char 2,659260 0,000636
charact 0,843970 0,001815
charl 0,941609 0,000450
chart 1,309333 0,000313
chatham 3,912023 0,000935
chess 2,813411 0,000672
chicago 1,609438 0,000385
chri 0,994252 0,000238
cid 0,356675 0,000256
cipher 2,659260 0,000636
citat 0,248461 0,000059
citeseerx 1,347074 0,000322
citi 1,272966 0,000913
clarion 3,218876 0,000769
class 0,446287 0,000427
classic 0,544727 0,000130
classifi 0,967584 0,000463
claus 2,040221 0,003413
cleaner 2,659260 0,000636
clickhous 3,912023 0,000935
client 0,713350 0,000170
clob 3,912023 0,000935
closer 1,660731 0,000397
closur 1,771957 0,000424
cloud 0,733969 0,000702
cloudant 3,912023 0,000935
clustrix 3,912023 0,000935
cobol 1,966113 0,000470
cockroachdb 3,506558 0,000838
codasyl 3,506558 0,000838
codd 2,659260 0,005085
code -0,009950 -0,000024
cogno 3,912023 0,001870
collect 0,274437 0,000131
colleg 1,514128 0,000362
column 1,660731 0,005160
com 0,150823 0,000144
command 0,891598 0,000426
comment 1,049822 0,000251
commerci 0,527633 0,000883
committe 1,309333 0,000626
common -0,009950 -0,000014
commonli 0,342490 0,000246
commonstextbook 2,659260 0,000636
commonswikibookswikiversitywikidata 2,302585 0,000550
commun 0,139262 0,000133
compani 0,342490 0,000164
compar 0,342490 0,000082
comparison 0,371064 0,000798
compat 0,693147 0,000166
compil 0,755023 0,000180
complement 1,966113 0,000470
complet 0,223144 0,000213
complex 0,186330 0,000089
complianc 1,514128 0,001809
compon 0,261365 0,000187
compris 1,714798 0,000410
comput 0,020203 0,000068
concaten 2,407946 0,000576
concept 0,198451 0,000237
concret 1,771957 0,000424
concurr 0,994252 0,000475
condit 0,579818 0,000139
condor 3,506558 0,000838
conduct -0,009950 -0,000002
confer 0,274437 0,000066
conflict 1,309333 0,000313
conform 1,272966 0,000913
connect 0,430783 0,000309
conserv 1,897120 0,000453
consist 0,301105 0,000144
consortium 1,771957 0,000424
constitu 2,659260 0,000636
constraint 1,139434 0,000545
construct 0,579818 0,000693
constructor 2,659260 0,000636
consult 1,386294 0,000331
contact -0,009950 -0,000005
contain 0,162519 0,000039
contemporari 1,347074 0,000322
content -0,009950 -0,000010
contribut -0,009950 -0,000002
control 0,020203 0,000039
convent 0,891598 0,000213
cooki -0,009950 -0,000002
cooper 1,021651 0,000244
corp 1,832581 0,000876
corpor 0,562119 0,000537
correctli 1,832581 0,000438
correspond 0,798508 0,000191
countri 0,867501 0,000207
cql 3,912023 0,000935
creat -0,009950 -0,000012
creation 0,653926 0,000156
creativ -0,009950 -0,000002
crimin 1,771957 0,000424
criteria 1,609438 0,000385
critic 0,385662 0,000553
crud 2,995732 0,000716
cubrid 3,912023 0,000935
cue 2,813411 0,001345
current 0,210721 0,000151
cursor 2,659260 0,001271
custom 0,544727 0,000391
cynefin 3,912023 0,000935
cypher 3,218876 0,000769
darwen 3,912023 0,001870
data 0,030459 0,000444
databas 0,072571 0,001284
databasespi 3,912023 0,000935
datacom 3,912023 0,000935
dataczech 1,171183 0,000280
dataeas 3,912023 0,000935
dataflex 3,912023 0,000935
datagrip 3,912023 0,000935
datalog 2,995732 0,002864
dataphor 3,506558 0,000838
date 0,210721 0,000554
datenbanksystem 3,506558 0,000838
datetim 3,506558 0,002514
dax 3,912023 0,000935
dbase 3,506558 0,000838
dbeaver 3,912023 0,000935
dbedit 3,912023 0,000935
dbforg 3,912023 0,000935
dbm 2,659260 0,001271
dbmss 3,506558 0,000838
dbvisual 3,912023 0,000935
dcl 3,506558 0,000838
ddl 3,506558 0,000838
debat 1,272966 0,000304
decemb 0,061875 0,000104
decfloat 3,912023 0,000935
decid 0,867501 0,000207
decim 1,660731 0,000794
decis 0,400478 0,000096
declar 1,108663 0,001325
deduct 2,525729 0,000604
deep 1,078810 0,000774
defer 2,407946 0,000576
defin 0,116534 0,000334
definit 0,186330 0,000267
delet 1,139434 0,000545
demystifi 2,659260 0,000636
denot 1,386294 0,000331
der 1,609438 0,000385
derbi 3,912023 0,000935
describ 0,174353 0,000167
descript -0,009950 -0,000005
descriptionshort 0,000000 0,000000
design 0,040822 0,000068
despit 1,021651 0,000488
determin 0,342490 0,000082
develop -0,009950 -0,000031
develothon 3,912023 0,000935
deviat 1,771957 0,000424
devot 2,040221 0,000488
diagnost 2,040221 0,000488
diana 2,995732 0,002148
dictionari 0,616186 0,000147
differ 0,010050 0,000005
difficult 0,597837 0,000286
digit 0,400478 0,000096
dimens 1,347074 0,000322
diplomica 3,506558 0,000838
directli 0,415515 0,000099
disambigu 1,049822 0,000502
disciplinestat 2,995732 0,000716
disclaim -0,009950 -0,000002
discuss 0,494296 0,000236
disk 1,469676 0,000703
displaystyl 1,386294 0,000331
distinct 0,544727 0,000391
distribut 0,198451 0,000427
dml 3,506558 0,000838
dmx 3,218876 0,000769
dmy 0,994252 0,000238
doctrin 2,407946 0,000576
document 0,328504 0,000707
doi 0,162519 0,000194
doll 3,912023 0,000935
domain 0,544727 0,000260
donald 1,347074 0,002254
donat -0,009950 -0,000005
doubl 0,843970 0,000202
download -0,009950 -0,000002
dql 3,506558 0,000838
draft 1,427116 0,001364
dram 3,218876 0,000769
drda 3,912023 0,003740
drive 0,867501 0,000207
driver 1,237874 0,000296
drop 0,994252 0,000238
duckdb 3,912023 0,000935
due 0,261365 0,000062
duplic 1,897120 0,001360
dynam 0,342490 0,000246
each 0,072571 0,000017
eagl 3,506558 0,000838
earli 0,301105 0,000288
easier 1,049822 0,000502
edgar 2,659260 0,003178
edit -0,009950 -0,000059
editcommun -0,009950 -0,000002
educ 0,494296 0,000118
eduquest 3,912023 0,000935
effect 0,274437 0,000131
effici 0,287682 0,000069
eik 3,912023 0,000935
either 0,248461 0,000059
electron 0,430783 0,000103
element 0,301105 0,000504
elimin 0,867501 0,000207
elixir 1,771957 0,000424
ell 3,912023 0,000935
embed 0,755023 0,000541
emploi 0,673345 0,000161
empress 3,912023 0,000935
empti 1,386294 0,000331
enabl 0,274437 0,000066
encyclopedia -0,009950 -0,000002
end 0,186330 0,000045
endors 2,995732 0,000716
enforc 0,916291 0,000219
engin 0,061875 0,000089
english -0,009950 -0,000014
englishpag 3,506558 0,000838
englishsloven 0,510826 0,000122
enhanc 0,510826 0,000122
enterpris 0,446287 0,000320
enterprisedb 3,912023 0,000935
entir 0,597837 0,000286
entiti 0,843970 0,000403
entri 1,203973 0,000288
environ 0,385662 0,000092
equival 0,820981 0,000196
erlang 1,714798 0,000410
espa 0,210721 0,000050
especi 0,415515 0,000199
ess 3,912023 0,001870
essenti 0,634878 0,000152
evalu 0,562119 0,000269
evaluierung 3,506558 0,000838
eventsrandom -0,009950 -0,000002
everi 0,261365 0,000062
exact 1,427116 0,000341
exampl 0,020203 0,000039
exasol 3,912023 0,000935
exist 0,186330 0,000178
explicitli 0,916291 0,000219
export -0,009950 -0,000002
express 0,544727 0,000781
extend 0,385662 0,000092
extens 0,342490 0,000737
extensionarticl 3,912023 0,000935
extern 0,030459 0,000022
extremedb 3,912023 0,000935
facil 0,891598 0,000852
facilit 0,916291 0,000219
factor 0,544727 0,000130
fals 1,237874 0,000296
featur 0,210721 0,000302
februari 0,061875 0,000089
feder 1,021651 0,000244
fellow 2,813411 0,001345
fernando 2,525729 0,000604
fetch 1,966113 0,000940
field 0,314711 0,000075
file 0,446287 0,000213
filemak 3,506558 0,000838
filenam 1,897120 0,000453
fileperman -0,009950 -0,000002
filespeci -0,009950 -0,000002
financi 0,776529 0,000186
find 0,371064 0,000089
fip 3,218876 0,004616
firebird 3,506558 0,000838
first 0,020203 0,000029
firstli 2,659260 0,000636
five 0,776529 0,000186
flashsystem 3,912023 0,000935
flaw 1,469676 0,000351
float 1,347074 0,000644
floppi 3,506558 0,000838
flow 0,430783 0,000412
fold 2,207275 0,001055
follow 0,072571 0,000069
foo 2,207275 0,001583
footbal 2,995732 0,000716
forc 0,597837 0,000143
foreign 1,139434 0,000272
form 0,072571 0,000017
formal 0,510826 0,000122
format 0,634878 0,000455
formatdatabasestandardiso 3,912023 0,000935
former 1,049822 0,000502
forth 1,560648 0,000373
fortran 1,560648 0,000746
foss 1,966113 0,000470
foundat -0,009950 -0,000019
foundationdb 3,218876 0,000769
foxpro 3,506558 0,000838
framework 0,287682 0,000344
fran 0,223144 0,000053
frana 3,912023 0,000935
francisco 1,609438 0,000385
frank 1,203973 0,000288
fred 1,966113 0,000470
free -0,009950 -0,000002
freeli 1,966113 0,000470
frequenc 1,078810 0,000258
frontbas 3,912023 0,000935
fulfil 1,771957 0,000424
full 0,371064 0,000089
fulli 0,616186 0,000295
function 0,030459 0,000051
fundament 0,478036 0,000114
gari 1,714798 0,000820
geeta 3,912023 0,002805
gene 2,040221 0,000488
gener -0,009950 -0,000010
gerstner 3,912023 0,000935
gillespi 3,912023 0,000935
ginni 3,912023 0,000935
global 0,446287 0,000213
globalfoundri 3,912023 0,000935
gone 2,207275 0,000528
googl 0,579818 0,000277
got 1,897120 0,000453
govern 0,544727 0,000260
gql 3,912023 0,000935
grammar 1,966113 0,000470
granit 2,525729 0,000604
graph 0,967584 0,000694
graphql 2,659260 0,000636
great 0,941609 0,000225
greenplum 3,506558 0,000838
gremlin 3,506558 0,000838
grid 1,660731 0,000397
group 0,186330 0,000223
guid 0,287682 0,000344
hak 1,897120 0,000453
hakozaki 3,912023 0,000935
hana 3,912023 0,000935
handl 0,415515 0,000099
hard 1,049822 0,000251
harvei 2,813411 0,000672
haskel 1,514128 0,000362
hat 1,966113 0,000470
hawker 3,912023 0,000935
hdl 1,049822 0,000251
head 0,867501 0,000207
heidisql 3,912023 0,000935
helix 2,995732 0,000716
helplearn -0,009950 -0,000002
here 0,301105 0,000072
hererel -0,009950 -0,000002
hermann 2,995732 0,002148
heron 3,506558 0,000838
hibern 2,995732 0,001432
hidden 0,843970 0,000202
hide -0,009950 -0,000010
hierarch 1,832581 0,000438
high 0,223144 0,000053
higher 0,430783 0,000103
hill 0,867501 0,000207
himself 2,995732 0,000716
histori -0,009950 -0,000045
hlter 3,506558 0,000838
holocaust 3,912023 0,000935
honolulu 3,506558 0,000838
host 0,755023 0,000180
hour 1,386294 0,000331
how 0,072571 0,000052
howev 0,094311 0,000045
hrvatskibahasa 1,427116 0,000341
hsqldb 3,506558 0,000838
html 1,078810 0,000258
htmlmajor 3,912023 0,000935
htsql 3,912023 0,000935
http -0,009950 -0,000002
hugh 1,714798 0,000820
hurslei 3,912023 0,000935
iahc 2,813411 0,000672
ibm 0,693147 0,003976
ibphoenix 3,912023 0,000935
id 1,309333 0,000313
ident 0,820981 0,000196
identifi 0,356675 0,000085
idm 3,218876 0,000769
iec 1,897120 0,011336
ieciniti 3,912023 0,000935
ieee 0,634878 0,000152
ignit 3,218876 0,000769
ignor 1,078810 0,000258
ilog 3,912023 0,000935
imped 2,302585 0,001651
imper 1,560648 0,000373
implement 0,105361 0,000327
implementationsmanydialect 3,912023 0,000935
import 0,162519 0,000194
ina 0,356675 0,000085
inasloven 0,616186 0,000147
inc -0,009950 -0,000012
incent 2,040221 0,000488
incident 3,912023 0,000935
includ 0,000000 0,000000
incompat 1,272966 0,001217
incorpor 0,755023 0,000361
index -0,009950 -0,000007
india 1,171183 0,000280
indic 0,356675 0,000256
individu 0,314711 0,000075
indonesiainterlingua 1,660731 0,000397
industri 0,356675 0,000085
influenc 0,579818 0,000139
influenti 1,897120 0,000453
infobright 3,912023 0,000935
inform 0,061875 0,000148
informa 3,218876 0,000769
informalnam 3,912023 0,000935
informationcit -0,009950 -0,000002
informix 3,506558 0,000838
infrastructur 0,673345 0,000161
ingr 3,506558 0,002514
inherit 1,609438 0,000385
initi 0,235722 0,000225
insert 1,560648 0,000746
insid 0,579818 0,000139
insignific 3,218876 0,000769
instead 0,301105 0,000144
institut 0,446287 0,000640
integ 1,139434 0,000545
integr 0,174353 0,000250
intellig 0,510826 0,000122
interact 0,356675 0,000085
interbas 3,912023 0,000935
interchang 1,714798 0,000820
interest 0,478036 0,000114
interfac 0,494296 0,000236
intern 0,040822 0,000098
internationalgndfastnationalunit 1,237874 0,000296
internet 0,462035 0,000221
interoper 1,609438 0,001154
intersystem 3,506558 0,001676
interv 1,386294 0,000663
interview 1,427116 0,001364
intrins 1,714798 0,000410
introduc 0,210721 0,000302
invent 1,021651 0,000244
invok 1,714798 0,000410
iri 2,040221 0,000488
isam 3,912023 0,000935
isbl 3,912023 0,001870
isbn 0,051293 0,000098
iso 1,309333 0,011266
ispolskiportugu 1,771957 0,000424
issu 0,314711 0,000150
item -0,009950 -0,000002
itself 0,342490 0,000164
jami 2,995732 0,000716
jan 1,386294 0,000331
januari 0,083382 0,000179
java 0,891598 0,001705
javascript 1,021651 0,000977
jdbc 2,813411 0,001345
jessica 2,525729 0,000604
jim 1,514128 0,000724
john 0,198451 0,000095
johnson 1,714798 0,000410
join 1,386294 0,000663
joint 1,171183 0,000280
jooq 3,912023 0,001870
jose 2,120264 0,001014
journal 0,186330 0,000045
jpql 3,912023 0,001870
jrt 3,912023 0,001870
json 1,347074 0,001288
jtc 2,659260 0,001907
juli 0,127833 0,000122
julia 1,514128 0,000362
jump -0,009950 -0,000002
june 0,094311 0,000316
kaleida 3,912023 0,000935
kaufmann 1,897120 0,000453
kei 0,314711 0,000527
kenexa 3,912023 0,000935
keypunch 3,506558 0,000838
keyword 1,897120 0,000453
kind 0,673345 0,000161
kinza 3,912023 0,000935
kju 3,912023 0,001870
known 0,127833 0,000031
kotlin 1,897120 0,000453
krishna 3,218876 0,001539
kulkarni 2,813411 0,000672
kurd 2,995732 0,000716
kyndryl 3,912023 0,000935
lab 1,171183 0,001120
label 1,049822 0,000251
laboratori 1,309333 0,000626
lack 0,544727 0,000391
lanc 2,659260 0,001907
languag -0,009950 -0,000174
languagedesign 3,912023 0,000935
languagesdeclar 3,506558 0,000838
languagesin 3,912023 0,000935
languagesprogram 2,120264 0,001014
languagesrel 3,912023 0,000935
larg 0,127833 0,000214
larger 0,941609 0,000225
last -0,009950 -0,000002
late 0,733969 0,000175
later 0,223144 0,000160
latinalatvi 1,203973 0,000288
lawyer 2,407946 0,000576
lbd 3,912023 0,000935
ldap 2,525729 0,000604
lead 0,287682 0,000069
learn 0,162519 0,000078
learson 3,912023 0,000935
least 0,527633 0,000252
leav 1,078810 0,000258
left 0,916291 0,000219
legal -0,009950 -0,000005
lenovo 3,218876 0,000769
less 0,430783 0,000103
let 0,916291 0,000438
letter 0,843970 0,000202
level 0,083382 0,000040
lexic 2,040221 0,000488
lexmark 3,912023 0,000935
librari 0,356675 0,000341
libreoffic 3,218876 0,000769
licens -0,009950 -0,000007
life 0,653926 0,000156
like 0,051293 0,000049
limit 0,186330 0,000134
link -0,009950 -0,000014
linkpag -0,009950 -0,000002
linq 3,218876 0,003077
linter 2,995732 0,000716
linux 0,916291 0,000219
lisp 1,386294 0,000331
list 0,051293 0,000184
liter 1,714798 0,000820
littl 0,820981 0,000196
lnorsk 0,653926 0,000156
local 0,314711 0,000075
locat 0,527633 0,000126
lock 1,309333 0,000313
log -0,009950 -0,000007
logic 0,616186 0,000442
lombardmagyar 1,832581 0,000438
lorentz 3,506558 0,002514
loshin 3,506558 0,000838
lotu 2,120264 0,001014
loui 1,771957 0,000424
lower 0,673345 0,000161
lua 1,897120 0,000453
luann 3,912023 0,000935
lucif 3,506558 0,000838
lulu 2,995732 0,000716
lux 0,371064 0,000089
machin 0,040822 0,000029
machineri 1,203973 0,000288
made 0,186330 0,000045
magnet 1,966113 0,000470
mahc 2,995732 0,000716
main -0,009950 -0,000014
mainfram 2,207275 0,001055
maintain 0,400478 0,000096
mainten 0,843970 0,000202
major 0,223144 0,000107
make 0,061875 0,000059
manag 0,105361 0,000554
mani 0,061875 0,000074
manifesto 2,302585 0,000550
manipul 0,673345 0,000644
march 0,116534 0,000279
mari 1,347074 0,001288
mariadb 3,506558 0,000838
mark 0,261365 0,000062
marker 2,813411 0,000672
mashup 2,407946 0,000576
match 0,400478 0,000191
mathematica 2,407946 0,000576
mathtt 3,912023 0,021505
matlab 1,660731 0,000397
maxdb 3,912023 0,000935
mcgraw 1,108663 0,000265
mcjone 3,912023 0,000935
mdarrai 3,912023 0,000935
mdx 3,218876 0,000769
mean 0,083382 0,000020
media 0,139262 0,000200
meet 0,527633 0,000126
melayu 0,820981 0,000196
melton 3,506558 0,000838
member 0,562119 0,000134
memori 0,562119 0,000134
menu -0,009950 -0,000005
mer 2,995732 0,000716
merg 1,514128 0,000362
merger 1,966113 0,000470
messag 0,400478 0,000096
method 0,150823 0,000072
michael 0,385662 0,000092
michel 1,560648 0,000373
microelectron 3,218876 0,000769
microprocessor 2,407946 0,001151
microscop 2,995732 0,000716
microsoft 0,579818 0,001109
midrang 3,912023 0,001870
mike 1,237874 0,000296
mimer 3,506558 0,004190
mind 1,347074 0,000322
minor 1,309333 0,000313
minut 1,469676 0,000351
mirror 1,897120 0,000453
mismatch 2,525729 0,002415
mobil -0,009950 -0,000002
model 0,116534 0,000501
modif 1,386294 0,000663
modul 0,820981 0,000196
modular 1,427116 0,000341
monetdb 3,912023 0,000935
mongodb 2,525729 0,000604
month 0,776529 0,000186
montreal 3,218876 0,000769
more 0,010050 0,000012
morgan 1,309333 0,000313
morgenthal 3,912023 0,001870
mosh 2,995732 0,000716
most 0,040822 0,000059
move -0,009950 -0,000014
mql 3,912023 0,000935
msql 3,912023 0,000935
mudd 3,912023 0,000935
multi 0,342490 0,000082
multidimension 2,302585 0,000550
multimedia 1,386294 0,000331
multipl 0,094311 0,000045
multiset 3,218876 0,000769
mump 3,912023 0,000935
museum 1,660731 0,000397
mutat 2,302585 0,000550
mysql 2,525729 0,001811
name 0,162519 0,000427
nation 0,527633 0,001009
navi 3,218876 0,000769
navicat 3,912023 0,000935
navig -0,009950 -0,000007
nchar 3,912023 0,001870
nclob 3,912023 0,000935
ndl 3,912023 0,000935
necessarili 1,049822 0,000251
nederland 0,415515 0,000099
need 0,030459 0,000022
net 0,385662 0,000277
netezza 3,506558 0,000838
network 0,127833 0,000031
new 0,010050 0,000012
newer 1,309333 0,000313
newsql 2,995732 0,000716
nexusdb 3,912023 0,000935
nist 1,771957 0,000424
non -0,009950 -0,000005
nonscalar 3,912023 0,000935
nonstop 3,506558 0,000838
normal 0,673345 0,000161
norsk 0,342490 0,000082
nosql 2,813411 0,003362
not 0,000000 0,000000
notat 0,941609 0,000225
note 0,150823 0,000072
novemb 0,150823 0,000144
now 0,274437 0,000197
null 1,309333 0,002504
number 0,040822 0,000020
numer 0,430783 0,000412
nuodb 3,912023 0,000935
nynorsk 2,302585 0,000550
object 0,174353 0,000708
observ 0,820981 0,000196
obviou 2,120264 0,000507
ocaml 1,966113 0,000470
occur 0,510826 0,000244
ocl 3,912023 0,000935
octob 0,139262 0,000333
odbc 2,813411 0,001345
offer 0,248461 0,000059
offic 0,733969 0,000175
offici 0,653926 0,000938
olap 2,995732 0,000716
olb 3,912023 0,000935
old 0,994252 0,000238
older 1,237874 0,000296
oldid -0,009950 -0,000002
olesperantoeuskara 0,510826 0,000122
oltp 3,912023 0,000935
omit 1,714798 0,000410
omni 3,912023 0,000935
onlin 0,415515 0,000298
opel 3,912023 0,000935
open 0,150823 0,000036
openoffic 2,995732 0,000716
openqasm 3,912023 0,000935
oper 0,010050 0,000012
oppel 3,912023 0,000935
optim 0,415515 0,000199
option 0,527633 0,000126
oql 3,506558 0,000838
oracl 1,078810 0,006704
oral 2,995732 0,002864
order 0,094311 0,000068
ordinari 1,272966 0,000304
org -0,009950 -0,000012
organ -0,009950 -0,000007
orient 0,653926 0,001250
origin -0,009950 -0,000078
orm 2,995732 0,000716
orthogon 2,302585 0,001101
osborn 2,995732 0,000716
osprei 3,506558 0,000838
other -0,009950 -0,000019
outer 2,302585 0,000550
outlin 0,562119 0,000134
outsid 0,776529 0,000186
over 0,094311 0,000068
overbrac 3,912023 0,005610
overload 1,897120 0,000453
overview 0,616186 0,000295
overwrit 2,659260 0,000636
own 0,314711 0,000150
pacelc 2,995732 0,000716
packag 0,776529 0,000557
page -0,009950 -0,000010
pagecontentscurr -0,009950 -0,000002
pageget -0,009950 -0,000002
palmisano 3,912023 0,000935
panorama 3,912023 0,000935
paper 0,527633 0,000126
paradigmdeclarativefamilyqueri 3,912023 0,000935
paradox 2,659260 0,000636
pars 1,514128 0,000362
part 0,072571 0,000173
parti 0,616186 0,000147
particular 0,301105 0,000144
particularli 0,597837 0,000143
partit 1,347074 0,000322
pascal 1,347074 0,000644
patrick 1,714798 0,000410
pattern 0,494296 0,000236
paul 0,544727 0,000260
pdf 0,139262 0,000300
pdfprintabl -0,009950 -0,000002
peopl 0,356675 0,000085
percona 3,912023 0,001870
perez 2,813411 0,000672
perform 0,040822 0,000010
period 0,713350 0,000170
perl 1,347074 0,000644
persist 1,386294 0,001657
person -0,009950 -0,000010
peter 0,446287 0,000107
pgadmin 3,912023 0,000935
pgq 3,912023 0,000935
philip 1,469676 0,000351
phono 2,525729 0,000604
php -0,009950 -0,000005
phpliteadmin 3,912023 0,000935
phpmyadmin 3,912023 0,000935
phpsqliteadmin 3,912023 0,000935
piemont 1,427116 0,000341
place 0,356675 0,000085
plan 0,430783 0,000206
planet 2,040221 0,000488
platform 0,400478 0,000287
platformwebsitewww 3,912023 0,000935
plex 3,912023 0,000935
plu 1,203973 0,000288
plumb 2,995732 0,000716
point 0,186330 0,000045
polici -0,009950 -0,000005
polit 1,078810 0,000258
polyhedra 3,912023 0,000935
polymorph 1,966113 0,000470
popul 1,309333 0,000626
popular 0,400478 0,000287
port 1,272966 0,000608
portabl 1,203973 0,000288
portal 0,494296 0,000236
portalrec -0,009950 -0,000002
postgr 3,506558 0,000838
postgresql 2,813411 0,008741
potenti 0,371064 0,000089
power 0,261365 0,000125
powerpc 2,813411 0,000672
powershel 3,506558 0,000838
practic 0,186330 0,000045
precis 0,967584 0,000463
predefin 2,525729 0,002415
predic 2,659260 0,001271
prepar 1,139434 0,000272
prereleas 3,912023 0,000935
press 0,210721 0,000050
pride 3,218876 0,000769
primari 0,527633 0,000252
primarili 0,653926 0,000156
principl 0,385662 0,000092
print -0,009950 -0,000002
prior 0,891598 0,000426
prioriti 1,609438 0,000385
privaci -0,009950 -0,000005
pro 1,237874 0,000296
procedur 0,867501 0,001866
proceed 0,579818 0,000139
process 0,051293 0,000086
produc 0,342490 0,000082
product 0,174353 0,000208
productshardwarecurr 3,912023 0,000935
profession 0,673345 0,000322
profit -0,009950 -0,000002
program 0,116534 0,000473
programm 0,693147 0,000166
programmingdatabas 3,912023 0,000935
programmingsql 3,912023 0,000935
progress 1,171183 0,000280
project -0,009950 -0,000012
prolog 1,897120 0,000453
promontori 3,912023 0,000935
pronounc 2,207275 0,001583
pronunci 2,659260 0,001271
pronunciationsal 3,506558 0,000838
properti 0,314711 0,000075
propos 0,510826 0,000122
proprietari 1,171183 0,000840
protocol 0,527633 0,000126
prototyp 1,386294 0,000331
psm 3,912023 0,000935
pub 2,207275 0,003165
public 0,127833 0,000061
publish 0,105361 0,000076
pun 2,995732 0,000716
purchas 1,139434 0,000272
purequeri 3,912023 0,000935
purpos 0,248461 0,000059
python 0,916291 0,000657
qbe 3,506558 0,000838
qiskit 3,506558 0,000838
quantum 1,171183 0,000560
quasirel 3,912023 0,000935
quel 3,506558 0,003352
queri 1,139434 0,012527
raku 2,040221 0,000488
rank 1,272966 0,000304
rare 1,108663 0,000265
ration 1,660731 0,000397
raymond 1,966113 0,001410
rbaycanca 0,248461 0,000059
rdb 3,218876 0,003077
rdbm 2,813411 0,002017
rdbmss 3,506558 0,002514
rdf 2,120264 0,000507
reach 0,755023 0,000180
read 0,162519 0,000039
readabl 1,309333 0,000313
readeditview 0,287682 0,000138
real 0,210721 0,000050
realli 1,660731 0,000397
reason 0,328504 0,000236
receiv 0,400478 0,000096
recent 0,562119 0,000269
record 0,400478 0,000574
recount 3,506558 0,000838
recurs 1,514128 0,000724
red 1,237874 0,000296
redirect 0,673345 0,000161
redshift 3,912023 0,000935
reduct 1,203973 0,000288
redwood 3,912023 0,002805
ref 2,407946 0,000576
refer -0,009950 -0,000017
referenti 2,813411 0,000672
regard 0,776529 0,000186
regardless 1,272966 0,000304
regist -0,009950 -0,000002
registr 2,407946 0,000576
regular 0,867501 0,000207
reilli 1,078810 0,000516
reinsch 3,912023 0,000935
relat 0,030459 0,000342
releas 0,415515 0,000397
releasesql 3,912023 0,000935
remot 0,776529 0,000557
ren 2,407946 0,000576
replac 0,494296 0,000118
repli 2,995732 0,000716
replic 1,609438 0,000385
report 0,261365 0,000062
repres 0,235722 0,000056
republicspainisraelotheryal 2,659260 0,000636
request 0,776529 0,000186
requir 0,051293 0,000025
research 0,223144 0,000373
reserv 1,272966 0,000608
respect 0,544727 0,000130
restrict 0,755023 0,000180
result 0,139262 0,000133
retail 1,386294 0,000331
rethinkdb 3,506558 0,000838
retriev -0,009950 -0,000078
return 0,510826 0,000122
reunion 3,912023 0,001870
review 0,314711 0,000075
revis 1,021651 0,001465
rewrit 1,560648 0,000373
rfc 1,714798 0,000820
right 0,314711 0,000075
roadblock 3,506558 0,000838
rochest 2,659260 0,000636
roeser 3,912023 0,002805
rom 0,616186 0,000147
roman 1,660731 0,000397
rome 2,302585 0,000550
rometti 3,912023 0,000935
routin 1,897120 0,000907
row 1,714798 0,003689
rubi 1,347074 0,000322
rugbi 3,912023 0,000935
rule 0,510826 0,000244
run 0,248461 0,000059
runa 0,916291 0,000219
runtim 1,309333 0,000313
rust 1,427116 0,000341
ryan 1,560648 0,000373
sa 1,771957 0,000424
saa 2,995732 0,000716
sabr 3,506558 0,000838
saenz 3,912023 0,000935
safeti -0,009950 -0,000002
sai 0,616186 0,000147
said 0,755023 0,000180
same 0,116534 0,000028
samuel 1,714798 0,000410
san 1,203973 0,000863
sand 2,813411 0,000672
sap 2,525729 0,002415
saw 1,832581 0,000438
scalar 2,525729 0,000604
scan 1,660731 0,000397
schema 1,771957 0,001694
schemata 3,912023 0,000935
scicomp 3,912023 0,000935
scienc 0,274437 0,000131
scientif 0,673345 0,000161
scope 0,891598 0,000213
scratch 1,771957 0,000424
search -0,009950 -0,000012
seattl 2,659260 0,000636
sebastopol 2,207275 0,001055
second 0,328504 0,000157
secondli 2,813411 0,000672
section 0,446287 0,000107
see -0,009950 -0,000026
select 0,371064 0,000089
selectr 3,912023 0,000935
self 0,478036 0,000114
sell 1,139434 0,000272
semant 0,891598 0,000426
semicolon 2,207275 0,000528
sens 1,049822 0,000251
sensit 1,078810 0,000258
septemb 0,150823 0,000072
sequel 3,912023 0,014960
sequenc 0,820981 0,000196
seri 0,328504 0,000157
server 0,597837 0,001858
servic 0,210721 0,000101
session 1,469676 0,000351
set 0,051293 0,000074
sever 0,072571 0,000069
shafranovich 3,912023 0,000935
shard 2,813411 0,000672
share 0,301105 0,000288
sharealik -0,009950 -0,000002
shell 1,049822 0,000502
shellei 3,218876 0,000769
short -0,009950 -0,000002
shortcut 2,525729 0,000604
shorten -0,009950 -0,000005
show 0,400478 0,000096
shqipsimpl 1,203973 0,000288
shrikanth 3,912023 0,002805
siddelei 3,912023 0,000935
sidebar -0,009950 -0,000010
sigfidet 3,912023 0,000935
sigmod 2,407946 0,000576
simi 0,755023 0,000180
similar 0,150823 0,000036
simon 1,021651 0,000244
simula 2,040221 0,000488
sinc 0,139262 0,000067
singl 0,127833 0,000061
singlestor 3,912023 0,000935
sirkin 3,912023 0,000935
sister 1,386294 0,000663
site -0,009950 -0,000005
size 0,342490 0,000082
skillsbuild 3,912023 0,000935
slenskaitaliano 0,562119 0,000134
slogan 3,218876 0,000769
smallint 3,912023 0,000935
smalltalk 1,714798 0,000410
smart 1,049822 0,000251
smarter 2,525729 0,000604
snowflak 2,995732 0,001432
softwar 0,127833 0,000519
soliddb 3,912023 0,000935
solut 0,478036 0,000114
some 0,040822 0,000078
somebodi 3,218876 0,000769
somewhat 2,040221 0,000488
soql 3,912023 0,000935
sourc 0,094311 0,000045
spanner 3,912023 0,000935
sparql 2,407946 0,001151
speak 1,139434 0,000272
specif 0,051293 0,000086
specifi 0,446287 0,000533
sport 2,040221 0,000488
spss 2,659260 0,000636
sql 1,171183 0,066901
sqlalchemi 3,506558 0,000838
sqlbase 3,912023 0,000935
sqlclr 3,912023 0,000935
sqldata 3,912023 0,000935
sqlinternet 3,912023 0,000935
sqlite 2,813411 0,000672
sqlyog 3,912023 0,000935
sqream 3,912023 0,000935
sqsh 3,912023 0,000935
squar 1,203973 0,000576
squirrel 3,506558 0,000838
srpskisrpskohrvatski 0,510826 0,000122
stabl 0,867501 0,000207
standard 0,094311 0,001420
standardkonformit 3,506558 0,000838
standardqueri 3,912023 0,000935
standardslist 2,813411 0,000672
stanford 1,309333 0,000313
star 1,609438 0,000385
starkei 3,912023 0,000935
statement -0,009950 -0,000055
statementsarticl 0,544727 0,000130
statesfrancebnf 0,510826 0,000122
statist -0,009950 -0,000005
statu 0,693147 0,000166
storag 0,430783 0,000412
store 0,356675 0,000852
stream 0,733969 0,000175
strictli 1,966113 0,000470
string 1,049822 0,000753
stripe 2,659260 0,000636
strive 2,407946 0,000576
strongli 1,560648 0,000373
strongoscross 3,912023 0,000935
structur 0,139262 0,000499
studio 1,609438 0,001539
subcommitte 2,995732 0,001432
subdivid 2,995732 0,000716
subject 0,478036 0,000114
sublanguag 3,506558 0,000838
subqueri 3,912023 0,000935
subscript 1,714798 0,000410
subsect 0,020203 0,000014
subsidiari 2,302585 0,000550
such 0,000000 0,000000
suggest 0,820981 0,000196
sum 1,203973 0,000288
sundeep 3,912023 0,002805
suomisvenskatagalog 1,171183 0,000280
superkei 2,995732 0,000716
superscript 3,912023 0,000935
supersed 1,966113 0,000470
supplier 1,832581 0,000438
support 0,150823 0,000360
surrog 2,040221 0,000488
swap 1,966113 0,000470
swift 1,386294 0,000331
sybas 3,506558 0,000838
syntax 1,171183 0,001959
system 0,010050 0,000082
systemsdata 3,912023 0,000935
systemshidden 2,207275 0,000528
systemstyp 2,995732 0,000716
tabl -0,009950 -0,000029
talig 3,506558 0,000838
task 0,415515 0,000099
tatar 1,272966 0,000304
tcl 2,525729 0,000604
team 0,634878 0,000303
technic 0,478036 0,000229
technica 1,347074 0,000322
technolog 0,116534 0,000167
techrepubl 2,302585 0,001101
techtarget 2,995732 0,001432
teller 2,659260 0,000636
tempor 1,714798 0,001230
tend 1,108663 0,000265
teradata 3,218876 0,000769
term -0,009950 -0,000007
termin 0,941609 0,000225
terminolog 1,237874 0,000296
test 0,248461 0,000119
tetun 2,813411 0,000672
text -0,009950 -0,000007
textstyl 2,659260 0,003178
texttt 3,912023 0,001870
than 0,072571 0,000035
that 0,000000 0,000000
then 0,116534 0,000056
theorem 1,171183 0,000280
theoret 0,776529 0,000186
theori 0,400478 0,000096
there 0,051293 0,000012
these 0,040822 0,000020
thi -0,009950 -0,000024
think 1,049822 0,000502
thinkcentr 3,912023 0,000935
thinkpad 3,506558 0,000838
third 0,342490 0,000082
thoma 0,527633 0,000378
though 0,544727 0,000260
thought 1,108663 0,000265
three 0,287682 0,000138
thu 0,314711 0,000075
thunder 3,506558 0,000838
tidb 3,912023 0,000935
time 0,000000 0,000000
timelin 0,733969 0,000351
timescaledb 3,912023 0,000935
timestamp 2,040221 0,000488
timesten 3,506558 0,000838
tinacymraegdanskdeutscheesti 2,302585 0,000550
titl -0,009950 -0,000005
tivoli 3,912023 0,000935
toad 3,912023 0,001870
toggl -0,009950 -0,000012
tool -0,009950 -0,000021
top -0,009950 -0,000002
topic -0,009950 -0,000007
tora 3,912023 0,000935
toronto 2,995732 0,000716
tour 2,302585 0,000550
tournament 3,506558 0,000838
tower 2,525729 0,000604
trademark -0,009950 -0,000005
trafodion 3,912023 0,000935
transact 0,673345 0,000966
transbas 3,912023 0,000935
transcript 2,525729 0,000604
transit 1,171183 0,000280
tresel 3,912023 0,000935
trigger 1,514128 0,001086
true 0,776529 0,000186
truncat 2,407946 0,001151
truth 1,714798 0,000410
tube 2,995732 0,000716
tunnel 2,120264 0,000507
tupl 2,040221 0,001950
two 0,083382 0,000060
type 0,051293 0,000539
typewrit 3,912023 0,000935
typic 0,186330 0,000045
udc 3,506558 0,000838
ulietuvi 1,049822 0,000251
under -0,009950 -0,000002
underbrac 3,912023 0,002805
underground 2,995732 0,000716
understand 0,342490 0,000164
unidata 3,506558 0,000838
union 0,994252 0,000713
uniqu 0,867501 0,000622
unisi 3,218876 0,000769
univers 0,139262 0,000200
unknown 1,108663 0,000265
unmanag 3,506558 0,000838
unquot 2,995732 0,001432
unsourc 0,446287 0,000213
until 0,510826 0,000122
unwil 3,912023 0,000935
updat 0,342490 0,000327
upon 0,673345 0,000161
upper 1,660731 0,000397
url 1,203973 0,000288
urldownload -0,009950 -0,000002
usa 1,427116 0,002047
user 0,274437 0,000459
usual 0,198451 0,000047
utc -0,009950 -0,000002
utilis 2,407946 0,000576
vacuum 2,813411 0,000672
valu 0,162519 0,000388
varbinari 3,912023 0,000935
varchar 3,912023 0,000935
vari 0,478036 0,000571
variabl 0,494296 0,000118
varieti 0,616186 0,000147
vax 2,407946 0,000576
vectorwis 3,912023 0,000935
vendor 1,139434 0,002451
verlag 1,832581 0,000438
versa 2,302585 0,000550
version -0,009950 -0,000017
vertica 3,506558 0,000838
vesqu 3,912023 0,000935
via 0,186330 0,000045
vice 1,660731 0,000397
view -0,009950 -0,000005
vika 3,218876 0,002308
vincent 1,771957 0,000424
virtual 0,462035 0,000221
virtuoso 3,506558 0,000838
visual 0,562119 0,000269
voltdb 3,912023 0,000935
volum 0,616186 0,000147
vowel 2,995732 0,000716
vsam 3,912023 0,000935
vte 0,967584 0,000463
vtedatabas 2,995732 0,000716
vteibmhistori 3,912023 0,000935
vteintern 2,813411 0,000672
vteprogram 2,040221 0,000488
vtequeri 3,912023 0,000935
vtesqlvers 3,912023 0,000935
wagner 2,120264 0,000507
wai 0,105361 0,000101
wallac 2,525729 0,000604
war 1,078810 0,000258
warehous 2,302585 0,001101
watson 2,040221 0,001950
watsonx 2,995732 0,000716
weather 1,897120 0,000907
web 0,342490 0,000082
websit 0,527633 0,000252
webspher 3,506558 0,000838
well 0,051293 0,000012
weslei 1,078810 0,000258
what -0,009950 -0,000012
when 0,030459 0,000007
where 0,072571 0,000052
which 0,000000 0,000000
while 0,051293 0,000025
whitemarsh 3,912023 0,000935
whitespac 2,207275 0,000528
whose 0,776529 0,000371
wide 0,210721 0,000252
wiki 1,427116 0,000341
wikibook 1,386294 0,000663
wikibooksresourc 1,660731 0,000397
wikidata 0,562119 0,000134
wikidataarticl 1,171183 0,000280
wikidataus 1,108663 0,000265
wikimedia -0,009950 -0,000005
wikipedia -0,009950 -0,000019
wikipediacontact -0,009950 -0,000002
wikiversitydata 2,302585 0,000550
window 0,891598 0,000426
wip 2,525729 0,000604
within 0,116534 0,000056
without 0,094311 0,000045
word 0,446287 0,000213
work 0,030459 0,000022
workbench 3,506558 0,001676
workgroup 3,506558 0,000838
workload 1,966113 0,000470
workshop 1,347074 0,000322
world 0,139262 0,000100
write 0,527633 0,000252
written 0,287682 0,000206
www 0,356675 0,000170
xml 1,203973 0,004029
xpath 3,218876 0,000769
xqj 2,995732 0,000716
xqueri 2,659260 0,001907
xtradb 3,912023 0,000935
yamato 3,912023 0,000935
yasar 3,506558 0,000838
ydb 3,912023 0,000935
year 0,162519 0,000194
yeswebsitewww 3,912023 0,000935
yor 2,040221 0,000488
york 0,371064 0,000089
yql 3,912023 0,001870
yugabytedb 3,912023 0,000935
yyyi 3,506558 0,000838
zbekcha 0,462035 0,000110
zemk 3,912023 0,000935
zen 2,207275 0,000528
zip 2,120264 0,000507
zloof 3,912023 0,000935
