abbreviated 2,659260 0,000822
able 0,733969 0,000227
abstract 1,108663 0,000686
abstracting 3,912023 0,001210
abstraction 1,514128 0,000468
accelerate 2,525729 0,000781
accelerated 1,966113 0,000608
access 0,287682 0,000890
accessible 1,021651 0,000316
accomplished 2,120264 0,001311
account -0,009950 -0,000006
accounts 1,171183 0,000362
achieve 0,843970 0,000783
acknowledge 3,218876 0,000995
across 0,415515 0,000385
actions -0,009950 -0,000003
actual 0,941609 0,000873
adams 2,659260 0,000822
add -0,009950 -0,000006
added 0,415515 0,000257
addition 0,371064 0,000115
additional -0,009950 -0,000003
addressing 1,469676 0,000454
adeos 3,218876 0,001991
administrative 1,966113 0,001216
administrators 1,897120 0,000587
advanced 0,430783 0,000133
advantages 1,309333 0,000405
aggregating 3,218876 0,000995
agnostic 3,218876 0,000995
agree -0,009950 -0,000003
aims 1,171183 0,000362
ais 1,272966 0,000394
aix 2,659260 0,000822
algorithm 0,776529 0,000240
all 0,000000 0,000000
allocation 1,347074 0,000417
allow 0,287682 0,000356
allowed 0,634878 0,000393
allowing 0,462035 0,000571
allows 0,248461 0,000538
almost 0,798508 0,000247
alone 1,309333 0,000810
also -0,009950 -0,000031
alternative 0,527633 0,000163
amazon 1,309333 0,000405
amd 2,813411 0,004350
american 0,446287 0,000276
amit 2,407946 0,000745
among 0,356675 0,000221
amp -0,009950 -0,000006
android 1,272966 0,000394
another 0,127833 0,000079
anton 2,302585 0,000712
antonio 2,120264 0,000656
any 0,083382 0,000129
anyway 2,813411 0,000870
api 0,916291 0,000567
apolinar 3,912023 0,001210
app 1,386294 0,000857
appearance -0,009950 -0,000009
appeared 1,203973 0,000745
application 0,127833 0,000316
applications 0,094311 0,000379
applied 0,356675 0,000110
apply -0,009950 -0,000003
approach 0,261365 0,000323
apps 1,272966 0,002362
april 0,072571 0,000045
arch 1,966113 0,000608
architectural 1,609438 0,000498
architecture 0,462035 0,001572
architectures 1,139434 0,000705
archived 0,040822 0,000164
armstrong 2,040221 0,000631
art 0,713350 0,000221
article 0,040822 0,000038
articleabout -0,009950 -0,000003
articles 0,020203 0,000006
articletalk -0,009950 -0,000003
asit 3,912023 0,001210
assigned 1,237874 0,000383
assist 1,966113 0,000608
assisted 2,040221 0,008832
associated 0,400478 0,000124
association 0,634878 0,000196
athlon 3,912023 0,003629
attention 1,203973 0,000372
attribution -0,009950 -0,000003
august 0,162519 0,000302
authority 0,083382 0,000026
automatically 0,653926 0,000202
availability 1,469676 0,000454
available -0,009950 -0,000009
aware 1,514128 0,000936
baburajan 3,912023 0,001210
bandwidth 1,897120 0,000587
bandwidths 3,506558 0,001084
barclay 3,506558 0,001084
bare 2,407946 0,000745
based 0,010050 0,000028
basilisk 2,207275 0,000683
becomes 0,916291 0,000283
began 0,634878 0,000196
beginning 0,776529 0,000480
behavior 0,462035 0,000286
beneficial 2,207275 0,000683
benefits 1,237874 0,002297
better 0,494296 0,000459
bhyve 3,218876 0,000995
binary 0,916291 0,001983
blanchard 2,525729 0,000781
block 0,798508 0,000247
blog 0,776529 0,000240
bluestacks 2,995732 0,000926
bochs 3,218876 0,000995
bokm 0,127833 0,000040
bosanski 1,347074 0,000417
boston 1,560648 0,000483
box 1,171183 0,000362
brandon 2,120264 0,000656
brandz 3,218876 0,000995
bsd 1,832581 0,000567
building 0,415515 0,000257
business 0,301105 0,000186
butler 2,525729 0,000781
bxr 3,912023 0,001210
cad 2,995732 0,000926
called 0,040822 0,000076
calls 1,049822 0,000649
came 1,078810 0,000334
cannot 0,314711 0,000195
capabilities 0,891598 0,000551
capable 1,309333 0,000810
capacity 1,237874 0,000383
capital 1,237874 0,000383
case 0,139262 0,000043
cases 0,478036 0,000148
catal 0,094311 0,000029
catch 2,120264 0,000656
categories -0,009950 -0,000006
category 0,116534 0,000036
cbs 2,040221 0,001262
ceedo 3,218876 0,000995
center 0,562119 0,001043
central 0,510826 0,000158
centralize 3,218876 0,001991
centralized 1,771957 0,001644
centrally 2,525729 0,000781
cgroups 2,813411 0,000870
changes 0,356675 0,000110
changesupload -0,009950 -0,000006
changing 0,820981 0,000254
chapter 0,941609 0,000291
cheap 2,207275 0,000683
checkpointing 3,506558 0,001084
chernicoff 3,912023 0,001210
chris 0,994252 0,000307
chroot 2,995732 0,001853
citrix 2,813411 0,002610
claimed 1,469676 0,000454
classical 1,309333 0,000405
client 0,867501 0,002146
clients 1,139434 0,000705
close 0,941609 0,000291
closely 1,237874 0,000766
cloud 0,776529 0,001201
clouds 2,207275 0,000683
cms 2,659260 0,003289
code -0,009950 -0,000012
collaborated 3,218876 0,000995
com 0,150823 0,000140
combines 1,714798 0,001060
comjnl 3,506558 0,001084
commerce 1,021651 0,000948
commoditization 3,506558 0,001084
common 0,072571 0,000045
commonly 0,342490 0,000106
commons -0,009950 -0,000006
commonswikidata 1,171183 0,000362
communicate 1,386294 0,000429
communication 0,616186 0,000191
companies 0,597837 0,000185
compared 0,634878 0,000393
comparison 0,446287 0,000276
compatibility 1,108663 0,000343
compensate 2,995732 0,001853
complete 0,713350 0,001103
completely 0,941609 0,000291
complexity 0,616186 0,000191
component 0,713350 0,000221
components 0,415515 0,000257
comprehensive 0,941609 0,000291
compute 1,309333 0,000810
computer 0,139262 0,001077
computers 0,562119 0,000521
computing 0,301105 0,001117
concept 0,415515 0,000385
concrete 1,832581 0,001133
conduct -0,009950 -0,000003
conference 0,301105 0,000186
configuration 1,021651 0,000316
configures 3,912023 0,001210
connect 1,427116 0,000883
connected 1,108663 0,001028
connection 1,203973 0,000372
considerably 2,525729 0,000781
consolidate 2,813411 0,000870
consolidation 2,659260 0,002467
consumerization 3,912023 0,001210
contact -0,009950 -0,000003
contacts -0,009950 -0,000003
container 1,660731 0,001541
containerization 2,995732 0,006484
containers 2,040221 0,005047
content -0,009950 -0,000003
contents -0,009950 -0,000012
contiguous 3,218876 0,000995
contribute -0,009950 -0,000003
control 0,020203 0,000044
conventional 1,237874 0,000383
cookie -0,009950 -0,000003
cooperate 2,525729 0,000781
cooperative 1,609438 0,000498
corporation 0,916291 0,000283
cost 0,478036 0,000443
costs 0,994252 0,000307
covers 1,660731 0,001027
cpu 1,560648 0,002413
cpus 2,120264 0,001311
creasy 3,912023 0,001210
create -0,009950 -0,000009
created 0,430783 0,000266
creates 1,309333 0,001215
creating 0,562119 0,000174
creation 0,693147 0,000214
creative -0,009950 -0,000003
critical 0,653926 0,000202
cross 0,562119 0,000174
czech 2,120264 0,000656
dalvik 2,813411 0,000870
darn 3,912023 0,001210
data 0,030459 0,000075
database 0,579818 0,000538
databases 0,127833 0,000040
datacenter 2,525729 0,001562
david 0,385662 0,000119
december 0,061875 0,000019
decoupling 2,995732 0,002779
dedicated 1,347074 0,000417
defined 0,248461 0,000077
definition 0,342490 0,000106
degradation 2,407946 0,000745
delivery 1,347074 0,000417
dell 2,407946 0,000745
demand 1,049822 0,000325
demonstrated 1,514128 0,000936
denali 3,912023 0,002419
deployment 1,078810 0,000334
describe 0,820981 0,000254
description -0,009950 -0,000003
descriptionshort 0,000000 0,000000
designed 0,261365 0,000081
designers 1,897120 0,000587
desktop 1,347074 0,009580
desktops 2,525729 0,003124
developed 0,127833 0,000040
developers -0,009950 -0,000003
development 0,083382 0,000052
device 0,891598 0,001103
devices 0,867501 0,001073
diagram 1,832581 0,000567
dictionary 0,673345 0,000208
different 0,020203 0,000037
differs 1,560648 0,000965
difficult 0,597837 0,000370
digital 0,400478 0,000124
directly 0,415515 0,000257
disadvantages 2,525729 0,001562
disaggregated 3,912023 0,001210
disc 2,813411 0,000870
disclaimers -0,009950 -0,000003
disk 1,469676 0,002272
disrupting 2,813411 0,000870
distinguish 1,347074 0,000417
distributed 0,478036 0,000887
distribution 0,634878 0,000393
distrobox 3,218876 0,000995
dividing 2,659260 0,001645
docker 2,813411 0,003480
doi 0,162519 0,000101
dom 1,560648 0,000483
domain 0,562119 0,000695
domains 1,609438 0,000498
dominant 1,514128 0,000468
domu 3,912023 0,001210
donate -0,009950 -0,000006
dos 1,714798 0,000530
dosbox 3,218876 0,000995
dosemu 3,218876 0,000995
doubling 2,525729 0,000781
dove 2,995732 0,000926
download -0,009950 -0,000003
dramatically 1,966113 0,000608
drive 1,309333 0,001215
driven 0,867501 0,000268
driver 1,771957 0,001644
drivers 1,469676 0,002272
dynamically 1,714798 0,000530
each 0,072571 0,000157
early 0,301105 0,000093
easier 1,049822 0,000649
ebpf 2,995732 0,000926
ecs 3,218876 0,000995
edit -0,009950 -0,000049
editcommunity -0,009950 -0,000003
edited -0,009950 -0,000003
education 0,579818 0,000359
effectively 0,994252 0,000307
efficiency 0,673345 0,001041
efficient 0,494296 0,000153
efficiently 1,237874 0,000383
efra 3,912023 0,001210
either 0,248461 0,000077
electronic 0,634878 0,000393
electronics 1,171183 0,000362
elements 0,415515 0,000257
eliminates 2,407946 0,000745
eliminating 2,207275 0,000683
embedded 0,867501 0,000268
embracing 2,659260 0,000822
employs 2,407946 0,000745
emulate 2,995732 0,001853
emulated 3,218876 0,001991
emulates 3,218876 0,000995
emulating 3,506558 0,004337
emulation 3,218876 0,002986
emulator 2,995732 0,000926
emulators 2,995732 0,001853
enable 0,798508 0,000247
enabled 0,994252 0,000307
enables 0,693147 0,000429
enabling 0,941609 0,000291
encapsulation 2,995732 0,000926
encompassing 2,525729 0,000781
encryption 1,272966 0,000394
encyclopedia -0,009950 -0,000003
engineering 0,198451 0,000061
english -0,009950 -0,000006
englishcommons 3,506558 0,001084
englishsloven 0,510826 0,000158
enhanced 1,386294 0,000429
ensures 1,832581 0,000567
enterprise 0,510826 0,000632
environment 0,478036 0,001626
environments 0,941609 0,001165
equivalence 2,659260 0,000822
equivalent 1,021651 0,000316
equivalents 3,506558 0,001084
espa 0,210721 0,000065
essentially 1,514128 0,000468
esxi 3,218876 0,000995
ethernet 2,407946 0,001489
evaluation 0,843970 0,000261
even 0,235722 0,000219
eventsrandom -0,009950 -0,000003
every 0,261365 0,000081
evpn 3,218876 0,000995
example 0,030459 0,000028
exceptions 1,714798 0,000530
excess 2,302585 0,000712
executed 1,203973 0,001489
executes 1,714798 0,000530
execution 0,891598 0,001930
exhibit 2,407946 0,000745
existence 1,469676 0,000909
expenditure 2,813411 0,000870
explained 1,386294 0,000429
explicitly 0,916291 0,000283
export -0,009950 -0,000003
extended 0,755023 0,000233
extensible 1,609438 0,000498
extensions 0,916291 0,000567
external 0,030459 0,000019
extreme 1,514128 0,000468
facilitates 1,771957 0,000548
family 1,078810 0,000667
faq 1,386294 0,000429
far 0,867501 0,000268
fat 1,966113 0,000608
feature 0,616186 0,000572
features 0,371064 0,000229
february 0,061875 0,000057
fees 2,120264 0,000656
felix 2,407946 0,000745
fernando 2,525729 0,000781
file 0,616186 0,000953
filepermanent -0,009950 -0,000003
files 0,843970 0,000783
filespecial -0,009950 -0,000003
find 0,544727 0,000168
finn 3,506558 0,002169
firm 1,560648 0,000483
firmware 2,207275 0,001365
first 0,020203 0,000062
flexibility 1,660731 0,000514
flexible 1,427116 0,000441
fly 2,207275 0,000683
folder 2,525729 0,000781
folders 2,995732 0,000926
foley 2,659260 0,000822
form 0,162519 0,000302
formerly 1,309333 0,000405
fostered 3,218876 0,000995
foundation -0,009950 -0,000003
fraction 2,207275 0,000683
framework 0,342490 0,000106
fran 0,223144 0,000069
free -0,009950 -0,000009
freebsd 1,897120 0,001173
freitag 3,912023 0,001210
frequently 0,967584 0,000299
full 0,371064 0,002410
fully 0,616186 0,000191
function 0,210721 0,000065
functionality 0,843970 0,000261
furthermore 1,272966 0,000394
fusion 1,514128 0,000468
gain 1,386294 0,000429
gaining 1,966113 0,000608
gandhi 3,506558 0,001084
ganeti 2,813411 0,000870
general -0,009950 -0,000003
generation 0,867501 0,000536
generic 1,203973 0,000372
geneve 3,218876 0,000995
gets 1,469676 0,000454
given 0,261365 0,000081
giving 1,714798 0,000530
gmbh 2,995732 0,000926
goal 0,713350 0,000662
goes 1,237874 0,000766
goldberg 2,525729 0,000781
gonz 2,995732 0,000926
gplpv 3,912023 0,003629
graphics 0,941609 0,000291
gribble 3,912023 0,001210
grin 3,912023 0,001210
group 0,301105 0,000279
gsx 3,912023 0,001210
guerrero 3,912023 0,001210
guest 3,218876 0,022892
guests 3,218876 0,000995
guez 3,218876 0,000995
hall 0,653926 0,000404
hallmark 3,912023 0,001210
hand 0,733969 0,000227
hard 1,078810 0,001001
hardware 0,579818 0,010219
haro 3,506558 0,001084
hat 1,966113 0,000608
having 0,579818 0,000179
help 0,248461 0,000077
helplearn -0,009950 -0,000003
hererelated -0,009950 -0,000003
hern 2,813411 0,000870
heterogeneous 2,525729 0,000781
hide -0,009950 -0,000012
high 0,223144 0,000345
higher 0,430783 0,000133
history -0,009950 -0,000018
hogg 3,506558 0,001084
hooks 2,525729 0,000781
horizon 1,897120 0,000587
host 1,272966 0,006692
hosted 1,660731 0,001027
hostedspecialized 3,218876 0,000995
hosting 1,560648 0,000965
hosts 2,040221 0,000631
however 0,094311 0,000058
hrvatskibahasa 1,427116 0,000441
https -0,009950 -0,000003
hvd 3,506558 0,001084
hvds 3,912023 0,001210
hvm 3,912023 0,001210
hybrid 1,171183 0,002897
hyper 2,302585 0,000712
hypervisor 2,659260 0,012334
hypervisors 2,995732 0,003705
iberoamerican 3,912023 0,001210
ibm 0,693147 0,004501
icore 3,218876 0,000995
ideally 1,897120 0,000587
identical 1,514128 0,000936
idg 2,407946 0,000745
illusion 2,407946 0,000745
image 0,544727 0,000505
images 1,237874 0,000383
imitate 3,506558 0,001084
implement 0,755023 0,000467
implementation 0,328504 0,000203
implemented 0,544727 0,000168
implementing 0,994252 0,000307
implements 1,347074 0,001250
important 0,287682 0,000089
impression 3,506558 0,001084
improve 0,274437 0,000085
improved 0,776529 0,000240
improves 1,832581 0,001133
improving 1,171183 0,001086
ina 0,356675 0,000110
inability 2,659260 0,000822
inc -0,009950 -0,000006
include 0,061875 0,000038
included 0,400478 0,000372
including 0,040822 0,000038
increase 0,544727 0,000674
increases 1,171183 0,000362
increasing 0,916291 0,000283
independence 1,897120 0,000587
independent 0,713350 0,000441
independently 1,347074 0,000417
index -0,009950 -0,000003
indicate 1,272966 0,000394
indistinguishable 3,218876 0,000995
individual 0,415515 0,000128
indonesiaitaliano 1,237874 0,000383
informationcite -0,009950 -0,000003
infotech 3,912023 0,001210
infrastructure 0,713350 0,000662
initial 0,597837 0,000185
initially 0,693147 0,000214
input 0,733969 0,000227
inside 0,755023 0,000467
install 1,714798 0,000530
installed 1,272966 0,000394
installfree 3,218876 0,000995
installing 2,040221 0,001262
instances 1,514128 0,002341
instead 0,301105 0,000093
instruction 1,560648 0,003861
instructions 1,469676 0,003181
integration 0,673345 0,000208
intel 1,609438 0,002986
intended 0,494296 0,000306
intent 1,771957 0,001096
interacting 2,120264 0,000656
interactive 0,891598 0,000551
interacts 2,407946 0,000745
interest 0,693147 0,000214
interface 0,616186 0,001524
internet 0,462035 0,000286
interpretive 3,506558 0,002169
interrupts 2,995732 0,001853
intervention 1,897120 0,000587
intrinsic 1,897120 0,000587
introduced 0,371064 0,000115
introduces 1,832581 0,001133
introduction 0,261365 0,000162
investments 1,714798 0,000530
involves 0,776529 0,000480
iron 1,966113 0,001216
isbn 0,051293 0,000016
iseries 3,912023 0,001210
isolated 2,207275 0,002048
isolating 3,218876 0,002986
isolation 1,714798 0,001591
issn 0,478036 0,000148
issues 0,527633 0,000163
itanium 3,506558 0,001084
item -0,009950 -0,000003
jail 2,995732 0,002779
jails 3,506558 0,001084
january 0,083382 0,000103
journal 0,198451 0,000061
juan 2,207275 0,000683
july 0,127833 0,000237
jump -0,009950 -0,000003
jun 2,407946 0,000745
june 0,094311 0,000058
keith 2,207275 0,000683
kernel 1,171183 0,003259
kernels 2,659260 0,001645
keyboard 2,407946 0,000745
keyboards 3,218876 0,000995
king 1,771957 0,001096
kit 1,966113 0,000608
known 0,127833 0,000119
kubernetes 2,659260 0,000822
kubevirt 3,218876 0,000995
kvm 3,218876 0,001991
lack 0,843970 0,000261
lan 2,407946 0,002234
language 0,186330 0,000058
languages -0,009950 -0,000006
last -0,009950 -0,000003
late 0,755023 0,000467
latency 1,897120 0,000587
later 0,223144 0,000069
layer 0,867501 0,001073
layers 1,427116 0,000883
ldoms 3,218876 0,000995
leads 1,237874 0,000383
leandro 3,506558 0,001084
lee 0,994252 0,000615
legal -0,009950 -0,000003
less 0,430783 0,000133
level 0,116534 0,000144
lez 2,995732 0,000926
license -0,009950 -0,000003
licenses 1,771957 0,000548
licensing 1,609438 0,002986
lies 1,897120 0,000587
lietuvi 2,302585 0,000712
lightweight 1,609438 0,000498
like 0,072571 0,000090
limitations 1,139434 0,001762
limiting 1,966113 0,000608
lin 1,660731 0,001027
lining 3,506558 0,001084
link 0,162519 0,000050
linkpage -0,009950 -0,000003
links -0,009950 -0,000012
linksarticles 1,021651 0,000316
linux 0,916291 0,003683
list 0,083382 0,000052
literature 1,272966 0,000394
lmctfy 3,218876 0,000995
location 0,994252 0,000307
locations 1,078810 0,000334
log -0,009950 -0,000009
logical 1,514128 0,003746
lombard 3,218876 0,000995
look 0,967584 0,000898
looks 1,832581 0,000567
lost 1,514128 0,000468
low 0,478036 0,000148
lpar 3,218876 0,001991
lpolskiportugu 2,302585 0,000712
lynxsecure 3,218876 0,000995
mac 1,272966 0,001574
machine 0,083382 0,001341
machines 0,776529 0,002881
made 0,186330 0,000058
main -0,009950 -0,000022
mainframe 2,525729 0,000781
mainframes 2,525729 0,001562
mainline 3,218876 0,000995
maintain 0,941609 0,000291
maintained 1,078810 0,000334
maintenance 0,843970 0,000261
making 0,328504 0,000102
mallick 3,912023 0,001210
manage 0,967584 0,000299
managed 1,203973 0,000745
management 0,139262 0,000086
manager 0,994252 0,000922
managerial 2,407946 0,001489
manages 1,714798 0,000530
manner 1,469676 0,000454
manual 1,237874 0,000383
many 0,061875 0,000115
march 0,116534 0,000108
marius 3,506558 0,001084
mark 0,462035 0,000143
market 0,616186 0,000191
mary 1,514128 0,000468
massachusetts 1,514128 0,000468
match 1,386294 0,000429
matter 1,386294 0,000429
means 0,198451 0,000245
mechanism 0,733969 0,000454
media 0,139262 0,000086
meet 0,867501 0,000536
memory 0,579818 0,002510
mendoza 3,218876 0,000995
menu -0,009950 -0,000006
merge 1,897120 0,000587
methods 0,274437 0,000170
mice 3,218876 0,000995
microcomputers 3,506558 0,001084
microsoft 0,579818 0,001972
minicomputers 3,218876 0,000995
minimum 1,469676 0,000454
miscellaneous 2,525729 0,001562
mobile -0,009950 -0,000006
mode 0,891598 0,000827
model 0,162519 0,000151
models 0,527633 0,000489
modern 0,314711 0,000097
modes 1,714798 0,000530
modification 1,560648 0,000483
modified 1,203973 0,001117
modifies 2,995732 0,000926
monitor 1,660731 0,003595
monitors 2,120264 0,000656
monthly 1,609438 0,000498
more 0,010050 0,000037
most 0,040822 0,000025
mostly 0,994252 0,000307
mouse 2,207275 0,000683
move -0,009950 -0,000015
moves 1,427116 0,000441
moving 0,776529 0,000480
multiple 0,116534 0,000432
multiplexed 2,995732 0,000926
multiseat 3,912023 0,001210
multitasking 2,207275 0,000683
munich 2,813411 0,000870
nakajima 3,912023 0,001210
namespaces 2,207275 0,000683
nano 2,207275 0,000683
national 0,562119 0,000174
native 1,078810 0,001001
navarro 3,912023 0,001210
navigation -0,009950 -0,000003
nchez 3,218876 0,001991
nederlands 0,415515 0,000128
need 0,248461 0,000077
needs 0,415515 0,000385
network 0,210721 0,001433
networked 2,040221 0,001262
networking 1,171183 0,000362
networks 0,446287 0,000414
new 0,010050 0,000016
next 0,400478 0,000124
nicandro 3,912023 0,001210
nichols 2,525729 0,000781
nodes 1,108663 0,000343
non -0,009950 -0,000006
norsk 0,342490 0,000106
not 0,000000 0,000000
noted 1,171183 0,000362
november 0,150823 0,000047
now 0,274437 0,000170
number 0,051293 0,000016
nvgre 3,218876 0,000995
obtain 1,347074 0,000833
occurred 1,469676 0,000454
october 0,139262 0,000258
offers 0,755023 0,000233
offs 2,407946 0,000745
often 0,127833 0,000079
old 0,994252 0,000307
oldid -0,009950 -0,000003
oleuskara 1,514128 0,000468
omnissa 3,218876 0,000995
one 0,010050 0,000028
only 0,051293 0,000016
open 0,235722 0,000146
openshift 2,813411 0,000870
openvz 3,218876 0,000995
operating 0,462035 0,004572
operatingsystemos 3,218876 0,000995
operation 0,713350 0,000221
operational 1,171183 0,000724
operations 0,301105 0,000186
opportunity 1,832581 0,000567
ops 3,912023 0,006048
optical 1,560648 0,000483
oracle 1,108663 0,000343
orchestration 3,218876 0,000995
order 0,094311 0,000029
ordinary 1,272966 0,000394
org -0,009950 -0,000009
organization -0,009950 -0,000006
organizations 0,798508 0,000247
oriented 0,798508 0,000247
origin 1,108663 0,000343
original 0,030459 0,000094
orleans 3,218876 0,000995
oses 2,995732 0,000926
other -0,009950 -0,000022
otherwise 1,108663 0,000343
ottawa 3,218876 0,000995
output 0,713350 0,000221
over 0,094311 0,000146
overall 0,967584 0,001197
overcome 1,897120 0,001173
overcomes 3,912023 0,001210
overhead 1,469676 0,000909
overheads 3,506558 0,001084
overlay 2,525729 0,000781
ovirt 2,813411 0,000870
own 0,371064 0,000115
packed 3,912023 0,001210
page -0,009950 -0,000006
pagecontentscurrent -0,009950 -0,000003
pageget -0,009950 -0,000003
pages -0,009950 -0,000003
paper 0,713350 0,000441
para 3,506558 0,001084
parallel 1,021651 0,000316
parallelism 2,525729 0,000781
parallels 3,218876 0,004977
paravirt 3,912023 0,002419
paravirtual 3,912023 0,002419
paravirtualization 3,912023 0,025403
paravirtualized 3,912023 0,004839
paravirtualizing 3,912023 0,001210
particular 0,301105 0,000186
partition 1,660731 0,001027
partitions 2,407946 0,001489
parts 0,544727 0,000168
patch 2,120264 0,000656
pcem 3,218876 0,000995
pcs 2,407946 0,000745
pdf 0,139262 0,000775
pdfprintable -0,009950 -0,000003
pearpc 3,218876 0,000995
pentium 3,506558 0,001084
per 0,616186 0,000191
performance 0,261365 0,000970
performing 1,272966 0,000394
personal -0,009950 -0,000006
perspective 0,820981 0,000508
peters 2,407946 0,000745
php -0,009950 -0,000003
physical 0,616186 0,002667
pierce 3,506558 0,001084
pikeos 2,995732 0,001853
pioneered 2,407946 0,000745
place 0,597837 0,000185
platform 0,527633 0,001142
player 1,966113 0,000608
podman 3,218876 0,000995
point 0,301105 0,000093
policy -0,009950 -0,000006
pool 1,897120 0,000587
pooling 2,995732 0,000926
pools 2,302585 0,002136
popek 3,912023 0,001210
popular 0,579818 0,000179
port 1,609438 0,000498
portable 1,660731 0,000514
portalrecent -0,009950 -0,000003
ported 1,966113 0,000608
portion 1,832581 0,000567
potential 0,653926 0,000202
potes 3,912023 0,001210
power 0,400478 0,000495
powerful 1,108663 0,000343
ppc 2,995732 0,001853
predecessors 2,525729 0,000781
prentice 0,994252 0,000615
present 0,597837 0,000370
presentation 1,660731 0,000514
presents 1,771957 0,000548
press 0,210721 0,000065
price 1,021651 0,000316
pricing 1,609438 0,000498
primarily 0,653926 0,000202
primary 0,527633 0,000163
principles 0,597837 0,000185
print -0,009950 -0,000003
prior 0,891598 0,000276
privacy -0,009950 -0,000006
private 0,693147 0,000429
privilege 2,525729 0,000781
privileged 3,506558 0,001084
pro 1,347074 0,000417
problem 0,385662 0,000119
procedia 2,813411 0,000870
proceedings 0,597837 0,000185
process 0,116534 0,000036
processes 0,634878 0,000196
processing 0,356675 0,000221
processor 1,272966 0,000787
processors 1,427116 0,003089
producing 1,347074 0,000417
product 0,579818 0,000179
productivity 1,660731 0,000514
profit -0,009950 -0,000003
program 0,328504 0,000609
programs 0,494296 0,000764
project 0,314711 0,000097
projects -0,009950 -0,000006
prominence 2,407946 0,000745
propagation 2,302585 0,000712
properly 1,309333 0,000405
proposed 0,713350 0,000221
proprietary 1,171183 0,000362
protcy 3,912023 0,001210
protocol 0,713350 0,000441
proven 1,771957 0,000548
provide 0,174353 0,000054
provided 0,494296 0,000306
provides 0,261365 0,000485
providing 0,673345 0,000208
proxmox 3,218876 0,000995
pseries 3,912023 0,001210
public 0,248461 0,000077
published 0,328504 0,000102
publishing 0,446287 0,000138
qemu 2,995732 0,001853
qnx 2,407946 0,000745
quantifiable 2,995732 0,000926
quickly 0,891598 0,000276
rajani 3,912023 0,001210
rajeev 3,912023 0,001210
ram 1,660731 0,001027
range 0,446287 0,000138
rapid 1,237874 0,000383
rate 0,755023 0,000233
rather 0,287682 0,000089
ratio 1,469676 0,000454
raw 1,272966 0,000394
readeditview 0,287682 0,000178
realize 2,525729 0,000781
reboots 3,506558 0,001084
red 1,237874 0,000383
redhat 3,912023 0,001210
reduce 0,673345 0,000625
reduces 1,609438 0,000995
reduction 1,237874 0,000383
references 0,020203 0,000019
referred 0,446287 0,000138
refers 0,755023 0,000700
reflected 1,609438 0,000498
regardless 1,272966 0,000394
registered -0,009950 -0,000003
rekindled 3,912023 0,001210
related 0,051293 0,000032
release 0,579818 0,000179
released 0,693147 0,000643
reliability 1,021651 0,000632
reliable 0,616186 0,000191
relocating 2,995732 0,000926
relying 2,040221 0,000631
remote 0,843970 0,000783
replace 1,203973 0,000372
replaced 1,237874 0,000383
replaces 2,207275 0,001365
report 0,462035 0,000143
representation 0,776529 0,000240
republic 1,714798 0,000530
request 1,203973 0,000372
require 0,462035 0,000286
requirements 0,597837 0,000370
requires 0,430783 0,000400
requiring 1,049822 0,000325
research 0,261365 0,000162
resource 0,733969 0,000908
resources 0,314711 0,001362
respectively 0,967584 0,000598
respond 1,660731 0,000514
result 0,371064 0,000115
retrieved -0,009950 -0,000068
return 0,820981 0,000254
rights 0,891598 0,000276
rings 2,659260 0,000822
rising 2,207275 0,000683
river 1,309333 0,000405
rkt 3,218876 0,000995
rodr 3,218876 0,000995
roots 2,120264 0,000656
rump 2,407946 0,000745
run 0,446287 0,001932
running 0,713350 0,002868
runs 1,171183 0,001086
runtime 1,347074 0,000417
safe 0,994252 0,000307
safer 2,302585 0,000712
safety -0,009950 -0,000006
said 0,755023 0,000467
salient 3,218876 0,000995
same 0,116534 0,000288
satisfied 2,659260 0,000822
scalability 1,469676 0,002727
scenario 1,897120 0,000587
science 0,287682 0,000089
scott 0,891598 0,000276
screenshot 2,525729 0,000781
seamless 2,659260 0,000822
search -0,009950 -0,000012
seccomp 3,218876 0,000995
security 0,314711 0,000195
see -0,009950 -0,000025
seen 0,776529 0,000240
selected 1,386294 0,000429
sep 2,813411 0,000870
separate 0,693147 0,000214
separated 1,514128 0,000468
separates 2,525729 0,000781
separating 2,813411 0,000870
sequence 0,994252 0,000307
series 0,328504 0,000406
server 0,653926 0,003235
servers 1,021651 0,000948
service 0,314711 0,000195
services 0,400478 0,000248
session 1,660731 0,001027
set 0,083382 0,000180
several 0,094311 0,000087
share 0,616186 0,000191
sharealike -0,009950 -0,000003
shared 0,755023 0,000467
shares 1,771957 0,000548
sharing 0,967584 0,000898
shaw 2,525729 0,000781
sheepshaver 3,218876 0,000995
short -0,009950 -0,000003
shortened -0,009950 -0,000006
sidebar -0,009950 -0,000012
sie 3,506558 0,001084
signed 1,309333 0,000405
significant 0,328504 0,000305
silver 1,771957 0,000548
simh 3,218876 0,000995
similar 0,186330 0,000058
simmon 3,218876 0,000995
simple 0,150823 0,000093
simpler 1,832581 0,001133
simplifies 2,120264 0,000656
simply 0,733969 0,000227
simulated 2,407946 0,002234
simulation 1,309333 0,000810
simultaneously 1,309333 0,000405
since 0,139262 0,000043
singh 1,714798 0,000530
single 0,127833 0,000316
site -0,009950 -0,000003
sku 3,506558 0,001084
small 0,314711 0,000097
smartos 2,995732 0,000926
software 0,127833 0,000909
softwarecomparison 3,218876 0,000995
softwarehardware 3,218876 0,000995
solaris 2,207275 0,000683
some 0,040822 0,000050
source 0,186330 0,000058
space 0,478036 0,000591
sparc 2,525729 0,000781
specialist 1,897120 0,000587
specially 2,302585 0,000712
specific 0,094311 0,000087
specifically 0,843970 0,000261
spent 2,040221 0,000631
srpskisuomisvenska 1,714798 0,000530
stack 0,867501 0,000268
stage 1,386294 0,000429
stand 1,714798 0,001060
standard 0,198451 0,000123
standardization 1,309333 0,000405
start 0,843970 0,000261
started 0,634878 0,000196
starting 0,755023 0,000233
statement -0,009950 -0,000003
statistically 2,407946 0,000745
statistics -0,009950 -0,000003
std 2,407946 0,000745
steven 0,916291 0,000283
still 0,342490 0,000106
storage 0,430783 0,001732
store 0,733969 0,000227
strategic 1,171183 0,000362
strategies 1,078810 0,000334
strategy 0,891598 0,000276
strengthens 3,506558 0,001084
strobl 3,912023 0,001210
structures 0,673345 0,000208
subnets 3,218876 0,000995
subsection 0,020203 0,000006
substantial 1,427116 0,000441
substantially 1,966113 0,000608
successful 0,843970 0,000261
such 0,000000 0,000000
summary 1,469676 0,000454
supervisor 2,995732 0,000926
support 0,198451 0,000552
supported 0,634878 0,000196
switch 1,514128 0,000468
symantec 2,207275 0,000683
symposium 1,309333 0,000405
synonym 2,525729 0,000781
system 0,030459 0,000405
systems 0,061875 0,000210
table -0,009950 -0,000006
tasks 0,798508 0,000988
technical 0,478036 0,000148
technique 0,994252 0,000307
techniques 0,544727 0,001179
technologies 0,562119 0,000174
technology 0,186330 0,000173
template 0,328504 0,000102
tend 1,386294 0,000429
tends 1,966113 0,000608
term 0,223144 0,000138
terminologyhidden 3,912023 0,001210
terms -0,009950 -0,000006
text -0,009950 -0,000003
than 0,072571 0,000045
that 0,000000 0,000000
then 0,116534 0,000036
there 0,051293 0,000016
therefore 0,478036 0,000148
these 0,040822 0,000063
thick 3,506558 0,001084
thin 2,207275 0,000683
thinapp 3,218876 0,000995
this -0,009950 -0,000062
thought 1,139434 0,000705
thus 0,328504 0,000102
tied 2,120264 0,000656
time 0,010050 0,000009
timeline 0,776529 0,000240
tinadanskdeutscheesti 1,309333 0,000405
title -0,009950 -0,000003
toggle -0,009950 -0,000009
tools -0,009950 -0,000012
top -0,009950 -0,000009
topic -0,009950 -0,000003
trade 1,139434 0,000352
trademark -0,009950 -0,000003
traditional 0,544727 0,000168
trango 3,912023 0,001210
translated 1,609438 0,000995
translates 2,525729 0,000781
translation 1,609438 0,002986
transparent 1,966113 0,000608
trap 2,659260 0,000822
traps 2,525729 0,000781
tries 1,832581 0,000567
turban 3,506558 0,002169
turbo 2,995732 0,000926
twin 3,218876 0,000995
two 0,083382 0,000155
type 0,150823 0,000047
types 0,198451 0,000245
typically 0,223144 0,000069
ubuntu 2,407946 0,000745
ultimately 1,427116 0,000441
under -0,009950 -0,000006
underlying 0,755023 0,001634
understanding 0,562119 0,000174
underutilized 3,912023 0,002419
unified 1,560648 0,000483
uniform 1,347074 0,000417
unit 0,798508 0,000247
univention 3,912023 0,001210
university 0,186330 0,000058
unlimited 2,302585 0,001424
unmodified 3,506558 0,003253
upcoming 2,659260 0,000822
updated 0,867501 0,000536
updates 1,203973 0,000372
upon 0,673345 0,000208
urldownload -0,009950 -0,000003
use -0,009950 -0,000025
used -0,009950 -0,000025
usenix 1,966113 0,000608
user 0,328504 0,001219
users 0,478036 0,001035
uses 0,094311 0,000029
using -0,009950 -0,000022
usual 1,966113 0,000608
utc -0,009950 -0,000003
utilization 2,407946 0,002234
utilizes 2,995732 0,000926
utm 3,218876 0,000995
vaughan 2,525729 0,000781
vcloud 2,813411 0,000870
vdi 3,912023 0,003629
vendors 1,514128 0,000936
version -0,009950 -0,000015
versioning 2,525729 0,000781
versions 0,579818 0,000179
very 0,314711 0,000097
ves 3,912023 0,001210
via 0,186330 0,000403
viehland 3,912023 0,002419
view -0,009950 -0,000006
virt 3,218876 0,000995
virtual 0,527633 0,012726
virtualbox 2,995732 0,001853
virtualised 3,912023 0,001210
virtualization 2,207275 0,081220
virtualizationcomputing 3,912023 0,001210
virtualizationhardware 3,912023 0,001210
virtualize 3,506558 0,001084
virtualized 3,506558 0,005421
virtualizing 3,912023 0,001210
virtually 2,120264 0,000656
virtuozzo 3,218876 0,000995
visible 1,309333 0,000405
vkernel 2,525729 0,000781
vmi 3,506558 0,001084
vmm 3,912023 0,006048
vmware 3,218876 0,017916
vose 3,912023 0,002419
voses 3,912023 0,002419
vpn 2,302585 0,001424
vserver 3,218876 0,000995
vsphere 3,218876 0,000995
vswitch 3,218876 0,000995
vtevirtualization 3,218876 0,000995
vxlan 3,218876 0,000995
washington 1,049822 0,000325
way 0,198451 0,000123
wayback 0,478036 0,000591
webarchive 1,021651 0,000316
well 0,051293 0,000016
what -0,009950 -0,000015
whatever 3,506558 0,001084
when 0,030459 0,000038
where 0,072571 0,000090
which 0,000000 0,000000
while 0,051293 0,000048
whitaker 3,912023 0,001210
white 1,108663 0,000686
why 0,494296 0,000306
wiki 1,427116 0,000883
wikidata 0,562119 0,000174
wikidatause 1,108663 0,000343
wikimedia -0,009950 -0,000009
wikipedia -0,009950 -0,000022
wikipediacontact -0,009950 -0,000003
wiktionary 1,832581 0,000567
win 2,040221 0,001893
wind 2,040221 0,000631
windows 1,021651 0,004423
windsor 3,912023 0,002419
wire 1,966113 0,000608
wireless 1,078810 0,000334
within 0,116534 0,000108
without 0,094311 0,000117
words 0,916291 0,000283
work 0,127833 0,000040
working 0,478036 0,000296
workload 2,207275 0,000683
workloads 2,525729 0,000781
workspace 2,525729 0,001562
workstation 2,207275 0,004095
world 0,139262 0,000172
worse 2,040221 0,000631
wouldn 3,506558 0,001084
written 0,287682 0,000178
www 0,356675 0,000110
xcp 3,218876 0,000995
xen 3,218876 0,012939
xenlinux 3,912023 0,001210
xenparavirtops 3,912023 0,001210
xenproject 3,912023 0,001210
xenserver 3,218876 0,000995
xtratum 3,218876 0,001991
yet 0,891598 0,000276
zdnet 1,560648 0,001448
zerovm 3,218876 0,000995
