aachen 3,912023 0,001232
abil 0,562119 0,000088
abort 3,218876 0,001520
abraham 2,525729 0,003579
abras 3,218876 0,000507
absolut 1,660731 0,000523
abstract 0,713350 0,000449
ac 2,813411 0,000443
acceler 1,021651 0,000161
accept 0,634878 0,000200
access 0,127833 0,000906
account -0,009950 -0,000005
achiev 0,510826 0,000161
acm 0,755023 0,000475
across 0,415515 0,000065
act 0,713350 0,000112
action -0,009950 -0,000005
activ 0,356675 0,000056
actual 0,597837 0,000188
ad 0,223144 0,000070
adapt 0,798508 0,000251
add -0,009950 -0,000003
addison 1,203973 0,001895
addit -0,009950 -0,000003
addition 0,967584 0,000152
address 0,342490 0,000701
adjust 1,078810 0,000170
adopt 0,415515 0,000196
advis 1,771957 0,000279
affect 0,693147 0,000436
against 0,462035 0,000218
agre -0,009950 -0,000002
airplan 2,525729 0,000398
aisfurlangaeilgegalego 3,912023 0,000616
alan 1,049822 0,000165
alarm 2,813411 0,000443
alberto 2,525729 0,000398
alert 1,897120 0,000299
alessandro 2,659260 0,000419
algorithm 0,462035 0,000436
all 0,000000 0,000000
alloc 0,941609 0,001186
allow 0,061875 0,000058
almost 0,798508 0,000126
alon 1,272966 0,000200
alpha 1,832581 0,000577
alreadi 0,776529 0,000367
also -0,009950 -0,000034
alter 1,469676 0,000231
altern 0,342490 0,000054
although 0,287682 0,000136
alwai 0,597837 0,000094
among 0,356675 0,000112
amort 3,506558 0,000552
amount 0,579818 0,000183
amp -0,009950 -0,000152
analog 1,021651 0,000161
analysi 0,186330 0,000147
anderson 1,609438 0,008108
andrea 1,386294 0,000218
andrew 0,820981 0,001163
android 1,272966 0,001603
ani 0,083382 0,000079
anil 3,506558 0,000552
anim 1,021651 0,000161
anoth 0,127833 0,000342
anymor 2,525729 0,000398
anywai 2,813411 0,000443
anywher 1,560648 0,000246
api 0,798508 0,000251
appear -0,009950 -0,000005
appl 1,203973 0,000190
appli -0,009950 -0,000003
applianc 1,966113 0,000929
applic 0,030459 0,000216
approach 0,174353 0,000055
appropri 0,867501 0,000137
april 0,072571 0,000057
aragon 1,171183 0,000184
arbitrari 1,049822 0,000165
architectur 0,400478 0,000630
archiv 0,040822 0,000064
area 0,478036 0,000151
argu 0,994252 0,000157
argument 1,171183 0,000184
around 0,356675 0,000225
arpaci 3,912023 0,001232
arrai 0,994252 0,000157
arriv 1,469676 0,000231
art 0,673345 0,000212
articl 0,000000 0,000000
articleabout -0,009950 -0,000002
articletalk -0,009950 -0,000002
artifici 0,994252 0,000470
ask 0,867501 0,000137
assembl 0,867501 0,000410
assert 1,514128 0,000238
assign 0,798508 0,000251
associ 0,127833 0,000020
assum 0,891598 0,000140
asturianuava 2,525729 0,000398
asynchron 2,040221 0,000964
atom 1,309333 0,000206
attach 1,514128 0,000238
attack 0,867501 0,000410
attempt 0,478036 0,000151
attribut -0,009950 -0,000003
audio 0,891598 0,000140
augment 1,237874 0,000195
august 0,162519 0,000128
ausland 3,912023 0,000616
authent 1,347074 0,000212
author 0,040822 0,000032
autom 0,597837 0,000282
automata 1,897120 0,000299
automot 1,897120 0,000299
avail -0,009950 -0,000013
avi 3,506558 0,000552
avion 3,506558 0,000552
avoid 0,579818 0,000274
awai 1,139434 0,000359
bach 3,506558 0,000552
back 0,462035 0,000291
background 1,237874 0,000195
backup 2,207275 0,000347
bahasa 0,186330 0,000029
baldini 3,912023 0,000616
base 0,010050 0,000009
basi 0,820981 0,000129
basic 0,198451 0,000031
becam 0,579818 0,000274
becaus 0,127833 0,000141
becom 0,274437 0,000043
began 0,634878 0,000200
begin 0,385662 0,000121
behalf 2,207275 0,000347
behav 1,427116 0,000225
behavior 0,342490 0,000054
belong 1,347074 0,000212
ben 1,309333 0,000618
benchmark 1,427116 0,000225
berkelei 1,514128 0,000238
berntsso 3,912023 0,000616
berntsson 3,912023 0,000616
bic 2,995732 0,000472
binari 0,916291 0,000144
biologi 1,347074 0,000212
bionic 2,995732 0,000472
bitmap 3,506558 0,000552
blackberri 2,813411 0,000443
block 0,597837 0,001035
bo 2,813411 0,025689
board 0,843970 0,000266
bokm 0,127833 0,000020
book 0,210721 0,000100
boot 1,966113 0,000310
born 1,966113 0,000310
borrow 1,771957 0,000558
bosanskibrezhoneg 2,407946 0,000379
bouaynaya 3,912023 0,001848
bought 1,832581 0,000289
bound 1,171183 0,000369
brand 1,386294 0,000218
bravo 3,912023 0,001232
breach 1,714798 0,000270
brien 2,995732 0,000472
bsczikiswahili 3,912023 0,000616
bsd 1,832581 0,000866
bu 2,207275 0,001737
buffer 1,609438 0,001013
bug 1,171183 0,000553
build 0,274437 0,000043
built 0,462035 0,000073
busi 0,287682 0,000045
bypass 2,207275 0,000347
byte 1,560648 0,000737
cach 1,386294 0,000436
california 1,021651 0,000161
call 0,030459 0,000134
cannot 0,314711 0,000198
card 0,994252 0,000313
carri 0,967584 0,000305
case 0,083382 0,000066
catal 0,094311 0,000015
categori -0,009950 -0,000011
cathi 2,995732 0,000472
caus 0,430783 0,000746
cellular 1,714798 0,000270
center 0,415515 0,000131
central 0,478036 0,000301
centuri 0,843970 0,000266
certain 0,274437 0,000043
chang 0,051293 0,000032
changesupload -0,009950 -0,000003
channel 1,049822 0,000331
chapter 0,891598 0,000281
charact 0,843970 0,000664
charg 1,272966 0,000200
cheaper 2,040221 0,000321
check 0,634878 0,000500
checksum 3,506558 0,001656
chemistri 1,427116 0,000225
chip 1,309333 0,000412
choffn 3,912023 0,000616
choos 0,916291 0,000144
chosen 1,469676 0,000231
chunk 2,302585 0,000362
cia 2,525729 0,000398
circuit 0,967584 0,000457
circumv 2,302585 0,000362
cite 0,597837 0,000094
citerefberntssostrand 3,912023 0,000616
class 0,446287 0,000070
classic 0,544727 0,000086
classif 1,021651 0,000161
classifi 0,967584 0,000305
clear 1,049822 0,000165
cli 2,040221 0,000321
close 0,356675 0,000112
cloud 0,733969 0,000347
cluster 1,272966 0,000200
code -0,009950 -0,000033
coder 2,407946 0,000379
cohes 2,995732 0,000472
collabor 0,941609 0,000148
collect 0,274437 0,000043
combin 0,261365 0,000123
come 0,356675 0,000112
command 0,891598 0,001263
commenc 2,995732 0,000472
commerc 1,021651 0,000161
commerci 0,527633 0,000083
common -0,009950 -0,000017
commonli 0,342490 0,000108
commonswikibookswikinewswikidata 3,912023 0,000616
commun 0,139262 0,000088
compani 0,342490 0,000162
comparison 0,371064 0,000234
compat 0,693147 0,000436
compil 0,755023 0,000357
complet 0,223144 0,000035
complex 0,186330 0,000176
compon 0,261365 0,000288
compos 1,171183 0,000553
compress 1,108663 0,000175
compromis 1,897120 0,000597
comput 0,020203 0,000340
concept 0,198451 0,000406
conceptu 1,469676 0,000231
concern 0,597837 0,000094
concurr 0,994252 0,001409
condit 0,579818 0,000183
conduct -0,009950 -0,000002
confidenti 2,040221 0,000321
configur 0,798508 0,000251
confus 0,693147 0,000109
connect 0,430783 0,000203
consensu 1,832581 0,000289
consequ 0,891598 0,000281
consid 0,274437 0,000043
consist 0,301105 0,000190
consol 1,897120 0,001195
construct 0,579818 0,000183
consumpt 1,139434 0,000179
contact -0,009950 -0,000003
contain 0,162519 0,000154
content -0,009950 -0,000014
context 0,446287 0,000632
continu 0,174353 0,000055
contrast 0,891598 0,000140
contribut -0,009950 -0,000003
control 0,020203 0,000083
convert 1,049822 0,000165
cooki -0,009950 -0,000002
cooper 1,021651 0,000643
coordin 1,309333 0,000206
copi 0,891598 0,000281
corpor 0,562119 0,000265
corrupt 1,832581 0,001154
cost 0,385662 0,000425
counter 1,660731 0,001830
cpu 1,347074 0,008059
crash 1,560648 0,001228
creat -0,009950 -0,000009
creation 0,653926 0,000103
creativ -0,009950 -0,000002
critic 0,385662 0,000061
cross 0,562119 0,000088
cryptographi 1,560648 0,000246
current 0,210721 0,000232
cursor 2,659260 0,000419
cyber 1,427116 0,000225
cyberwarfar 1,897120 0,000299
cycl 0,867501 0,000546
cymraegdanskdavvi 3,912023 0,000616
dahlin 3,912023 0,019708
dashboard 2,407946 0,000379
data 0,030459 0,000110
databas 0,072571 0,000023
datajapanczech 1,469676 0,000231
date 0,210721 0,000133
david 0,385662 0,000121
dbo 3,506558 0,000552
debug 1,660731 0,000523
decemb 0,061875 0,000049
decid 0,867501 0,000137
decis 0,400478 0,000063
default 0,693147 0,000218
defin 0,116534 0,000037
definit 0,186330 0,000059
defragment 2,813411 0,000443
degrad 2,207275 0,000347
deitel 3,912023 0,001232
delet 1,139434 0,000179
delhi 2,995732 0,000472
deliber 1,771957 0,000279
deliv 1,078810 0,000170
demand 0,820981 0,000258
denial 2,040221 0,000321
depend 0,105361 0,000033
depict 2,302585 0,000362
deploi 1,108663 0,000175
deploy 1,049822 0,000165
deriv 0,494296 0,000156
describ 0,174353 0,000055
descript -0,009950 -0,000002
descriptionshort 0,000000 0,000000
descriptor 2,813411 0,000886
design 0,040822 0,000129
desktop 1,347074 0,000848
despit 1,021651 0,000322
detail 0,510826 0,000322
detect 0,755023 0,000475
determin 0,342490 0,000108
develop -0,009950 -0,000036
devic 0,634878 0,003398
dhotr 3,506558 0,000552
dictionari 0,616186 0,000194
differ 0,010050 0,000021
differenti 0,916291 0,000144
difficult 0,597837 0,000282
digit 0,400478 0,000315
direct 0,261365 0,000329
directli 0,415515 0,000392
directori 1,560648 0,001720
disclaim -0,009950 -0,000002
discret 1,049822 0,000165
discretionari 3,218876 0,000507
discuss 0,494296 0,000078
disk 1,469676 0,002082
dispers 2,302585 0,000362
distinct 0,544727 0,000086
distinguish 0,733969 0,000116
distribut 0,198451 0,000406
divers 1,469676 0,000694
divid 1,049822 0,000165
divis 1,237874 0,000195
dma 3,218876 0,001520
dmy 0,994252 0,000157
document 0,328504 0,000052
doi 0,162519 0,000077
domain 0,544727 0,000343
domin 1,021651 0,000322
donat -0,009950 -0,000003
door 2,040221 0,000321
down 0,597837 0,000188
download -0,009950 -0,000002
dram 3,218876 0,000507
drive 0,867501 0,000683
driven 0,867501 0,000546
driver 1,237874 0,001559
drop 0,994252 0,000157
due 0,261365 0,000165
durabl 2,813411 0,000443
dusseau 3,912023 0,001232
dynam 0,342490 0,000108
each 0,072571 0,000183
earli 0,301105 0,000095
earlier 1,139434 0,000179
easi 1,021651 0,000322
easier 1,049822 0,000165
easili 0,843970 0,000133
eco 2,302585 0,000362
edit -0,009950 -0,000034
editcommun -0,009950 -0,000002
educ 0,494296 0,000156
effici 0,287682 0,000181
effort 0,653926 0,000103
eighth 3,506558 0,000552
either 0,248461 0,000196
electr 0,891598 0,000140
electron 0,430783 0,000203
element 0,301105 0,000095
elimin 0,867501 0,000137
elvi 3,506558 0,000552
emait 1,560648 0,000246
embed 0,755023 0,001426
emili 2,407946 0,000379
emphas 1,347074 0,000212
empir 1,108663 0,000175
emploi 0,673345 0,000106
emul 1,832581 0,000289
enabl 0,274437 0,000518
encyclopedia -0,009950 -0,000002
energi 0,843970 0,000266
engin 0,061875 0,000039
english -0,009950 -0,000003
englishsloven 0,510826 0,000080
enhanc 0,510826 0,000080
enough 0,843970 0,000266
ensur 0,713350 0,000674
enter 1,049822 0,000165
enterpris 0,446287 0,000281
entir 0,597837 0,000094
entri 1,203973 0,000190
environ 0,385662 0,000304
eonerc 3,912023 0,000616
equip 1,078810 0,000340
error 0,430783 0,000610
errorsarticl 3,506558 0,000552
especi 0,415515 0,000131
essenti 0,634878 0,000200
establish 0,634878 0,000100
etc 0,562119 0,000088
evalu 0,562119 0,000177
even 0,235722 0,000148
event 0,356675 0,000674
eventsrandom -0,009950 -0,000002
everi 0,261365 0,000123
evolut 0,820981 0,000129
exact 1,427116 0,000674
exactli 1,171183 0,000184
exampl 0,020203 0,000035
exce 1,897120 0,000896
exceed 2,120264 0,000334
except 0,733969 0,000578
exchang 0,579818 0,000091
execut 0,356675 0,001011
exist 0,186330 0,000205
exokernel 2,995732 0,000472
expand 0,776529 0,000367
expandedarticl 2,995732 0,000472
expans 1,309333 0,000618
expect 0,494296 0,000078
expens 1,108663 0,000349
expir 2,120264 0,000334
exploit 1,078810 0,000170
export -0,009950 -0,000002
expung 3,912023 0,000616
extens 0,342490 0,000054
extent 1,386294 0,000218
extern 0,030459 0,000010
extra 1,609438 0,000253
extract 1,108663 0,000349
face 1,021651 0,000161
facil 0,891598 0,000140
facto 2,207275 0,000347
factor 0,544727 0,000086
fail 0,693147 0,000109
failur 1,021651 0,000483
famili 0,994252 0,000157
faster 0,994252 0,000157
fault 1,237874 0,001754
feasibl 1,771957 0,000279
featur 0,210721 0,000299
februari 0,061875 0,000029
federico 2,659260 0,000419
feedback 1,309333 0,000206
few 0,653926 0,000206
field 0,314711 0,000050
figur 1,272966 0,000200
fiji 1,897120 0,000299
file 0,446287 0,002389
filenam 1,897120 0,000597
fileperman -0,009950 -0,000002
filespeci -0,009950 -0,000002
find 0,371064 0,000117
finish 1,560648 0,000983
first 0,020203 0,000025
five 0,776529 0,000122
fix 0,385662 0,000061
flash 1,897120 0,000597
flexibl 1,139434 0,000359
flexsc 3,912023 0,000616
flow 0,430783 0,000271
fm 3,506558 0,000552
focus 0,653926 0,000103
folder 2,525729 0,001193
follow 0,072571 0,000080
forens 2,207275 0,000347
form 0,072571 0,000034
formal 0,510826 0,000241
format 0,634878 0,000200
fortran 1,560648 0,000246
found 0,274437 0,000043
foundat -0,009950 -0,000002
fourth 1,560648 0,001720
fragment 1,897120 0,000299
framework 0,287682 0,000091
franca 1,609438 0,000253
fredrik 3,506558 0,000552
free -0,009950 -0,000011
frequent 0,916291 0,000289
friendli 1,386294 0,000218
fulfil 1,771957 0,000279
full 0,371064 0,000117
function 0,030459 0,000043
further 0,139262 0,000088
gagn 3,912023 0,001848
galvin 3,912023 0,001848
game 0,478036 0,000151
gener -0,009950 -0,000020
geograph 1,078810 0,000170
geometri 1,347074 0,000212
give 0,446287 0,000141
given 0,261365 0,000082
global 0,446287 0,000141
glossari 0,867501 0,000273
gnu 1,272966 0,000200
good 0,616186 0,000097
govern 0,544727 0,000086
gpl 2,120264 0,000334
grant 1,139434 0,000359
graphic 0,733969 0,000693
great 0,941609 0,000148
greatli 1,427116 0,000225
green 0,916291 0,000144
greg 2,120264 0,001001
group 0,186330 0,000117
guarante 1,078810 0,000170
gui 1,309333 0,001855
hacker 1,309333 0,000206
hak 1,897120 0,000299
hal 2,040221 0,000321
hall 0,653926 0,001235
hamper 3,912023 0,000616
handbook 0,941609 0,000148
handler 2,207275 0,001042
hard 1,049822 0,000826
harden 2,407946 0,000379
hardwar 0,579818 0,003104
harvei 2,813411 0,000443
haviland 3,506558 0,001656
healthcar 1,347074 0,000212
heap 1,966113 0,000310
help 0,174353 0,000137
helplearn -0,009950 -0,000002
herbert 2,120264 0,000334
hererel -0,009950 -0,000002
hexadecim 2,525729 0,000398
hide -0,009950 -0,000006
high 0,223144 0,000105
higher 0,430783 0,000136
hill 0,867501 0,000137
hindifran 2,525729 0,000398
histor 0,579818 0,000091
histori -0,009950 -0,000016
hobbi 3,218876 0,003040
hobbyist 2,525729 0,001193
hold 0,579818 0,000091
holwerda 3,912023 0,000616
home 0,616186 0,000194
homebrew 2,995732 0,000472
hornjoserbscehrvatskiidoilokanobahasa 3,506558 0,000552
household 2,120264 0,000334
how 0,072571 0,000046
howev 0,094311 0,000059
http -0,009950 -0,000003
human 0,527633 0,000415
hundr 1,237874 0,000195
hybrid 1,139434 0,000179
hyde 3,912023 0,000616
hypervisor 2,407946 0,001137
ibm 0,693147 0,000982
ibsi 3,912023 0,000616
icon 2,207275 0,000695
ida 3,912023 0,000616
identifi 0,356675 0,000112
ieee 0,634878 0,000100
iet 3,218876 0,000507
ignor 1,078810 0,000340
ignoredharv 3,912023 0,000616
illeg 1,897120 0,000299
illus 2,407946 0,000379
imag 0,494296 0,000233
immedi 0,967584 0,000457
impact 0,544727 0,000172
implant 2,995732 0,000472
implement 0,105361 0,000116
import 0,162519 0,000102
improv 0,150823 0,000071
ina 0,356675 0,000056
inaccess 2,659260 0,000419
inasloven 0,616186 0,000097
inc -0,009950 -0,000002
includ 0,000000 0,000000
incompat 1,272966 0,000200
inconsist 2,302585 0,000362
increas 0,287682 0,000226
inde 1,714798 0,000270
indefinit 1,237874 0,000195
independ 0,527633 0,000166
index -0,009950 -0,000003
india 1,171183 0,000184
indic 0,356675 0,000056
indirect 2,040221 0,000642
individu 0,314711 0,000050
indonesiainterlinguainterlingueisizulu 2,813411 0,000443
inevit 2,525729 0,000398
inexpens 2,207275 0,000347
inform 0,061875 0,000175
informationcit -0,009950 -0,000002
initi 0,235722 0,000111
inlin 1,897120 0,000299
inod 2,813411 0,000443
input 0,634878 0,001599
inspir 1,237874 0,000195
instal 0,994252 0,000626
instanc 0,478036 0,000075
instead 0,301105 0,000142
institut 0,446287 0,000070
instruct 1,108663 0,002444
int 1,514128 0,000715
integ 1,139434 0,000718
integr 0,174353 0,000192
intel 1,609438 0,000760
intellig 0,510826 0,000322
intend 0,478036 0,000075
intens 1,427116 0,000225
interact 0,356675 0,000393
intercompat 3,912023 0,000616
interest 0,478036 0,000075
interestingli 3,912023 0,000616
interfac 0,494296 0,001712
interfer 2,120264 0,001001
intermediari 1,897120 0,000299
intern 0,040822 0,000019
internationalgndfastnationalunit 1,237874 0,000195
internet 0,462035 0,000073
interpret 0,579818 0,000091
interrupt 1,609438 0,018243
introduc 0,210721 0,000133
introduct 0,210721 0,000033
intrus 1,832581 0,000289
invalid 1,714798 0,000270
invent 1,021651 0,000161
invok 1,714798 0,000270
involv 0,415515 0,000065
io 1,660731 0,001307
ipado 2,525729 0,001591
ipc 2,659260 0,001256
iphon 2,813411 0,000443
irwin 2,659260 0,000419
isbn 0,051293 0,000258
isol 1,427116 0,000899
isplattd 2,120264 0,000334
isr 3,912023 0,000616
issn 0,478036 0,000151
item -0,009950 -0,000002
itself 0,342490 0,000054
januari 0,083382 0,000066
java 0,891598 0,000281
jawa 1,560648 0,000246
jean 1,514128 0,000238
job 1,171183 0,000738
john 0,198451 0,000031
journal 0,186330 0,000059
juli 0,127833 0,000060
jump -0,009950 -0,000002
june 0,094311 0,000045
just 0,328504 0,000103
kasz 2,995732 0,000472
keep 0,733969 0,000231
kei 0,314711 0,000248
keith 2,207275 0,001042
kernel 1,171183 0,008113
kernelarchitectur 2,995732 0,000472
kerrisk 3,506558 0,002760
keyboard 2,302585 0,001087
keystrok 2,659260 0,000419
kill 1,714798 0,000540
kilobyt 3,912023 0,000616
kind 0,673345 0,000106
knowledg 0,597837 0,000094
known 0,127833 0,000101
kurd 2,995732 0,000472
lack 0,544727 0,000086
lalingua 3,218876 0,000507
languag -0,009950 -0,000019
laptop 2,120264 0,000334
lar 3,218876 0,000507
larg 0,127833 0,000121
larger 0,941609 0,000296
larkin 3,912023 0,000616
last -0,009950 -0,000002
late 0,733969 0,000116
latenc 1,897120 0,000299
later 0,223144 0,000211
latinalatvi 1,203973 0,000190
latter 0,916291 0,000144
layer 0,713350 0,000674
layout 1,660731 0,000261
learn 0,162519 0,000154
least 0,527633 0,000249
leav 1,078810 0,000340
legal -0,009950 -0,000006
lespa 3,218876 0,000507
less 0,430783 0,000407
lesser 2,659260 0,000419
leva 3,912023 0,000616
level 0,083382 0,000066
libo 3,912023 0,000616
librari 0,356675 0,000898
licens -0,009950 -0,000003
light 1,049822 0,000165
ligurel 3,506558 0,000552
like 0,051293 0,000073
likewis 2,407946 0,000379
limit 0,186330 0,000235
line 0,261365 0,000411
link -0,009950 -0,000011
linkpag -0,009950 -0,000002
linu 2,659260 0,000419
linux 0,916291 0,004328
lisp 1,386294 0,000218
list 0,051293 0,000048
live 0,733969 0,000347
liveusb 3,912023 0,000616
livio 3,912023 0,000616
lnorsk 0,653926 0,000103
load 0,891598 0,000561
loadabl 2,813411 0,000443
loader 2,207275 0,000347
locat 0,527633 0,000166
lock 1,309333 0,000206
log -0,009950 -0,000003
logic 0,616186 0,000097
long 0,287682 0,000045
longer 0,755023 0,000119
look 0,478036 0,000075
loup 3,912023 0,000616
low 0,478036 0,000075
lubomur 3,912023 0,000616
lux 0,371064 0,000058
lzisch 3,218876 0,000507
machin 0,040822 0,000084
macintosh 2,813411 0,001329
maco 1,660731 0,001046
madhavapeddi 3,912023 0,000616
maggio 3,912023 0,000616
magnet 1,966113 0,000619
magnitud 1,897120 0,000299
magyar 1,049822 0,000165
main -0,009950 -0,000030
mainfram 2,207275 0,000695
mainli 1,021651 0,000161
maintain 0,400478 0,000189
mainten 0,843970 0,000133
major 0,223144 0,000035
make 0,061875 0,000088
malagasi 2,040221 0,000321
malform 3,506558 0,000552
malici 1,660731 0,000784
manag 0,105361 0,000382
managementconcept 2,995732 0,000472
mani 0,061875 0,000127
manipul 0,673345 0,000106
manual 0,994252 0,000470
manufactur 1,171183 0,000369
map 0,616186 0,000194
maraka 3,912023 0,000616
march 0,116534 0,000055
market 0,446287 0,000351
martina 3,506558 0,000552
mask 1,832581 0,000289
mass 1,309333 0,000206
master 0,941609 0,000148
match 0,400478 0,000063
mathemat 0,616186 0,000485
mauric 2,525729 0,000398
maxim 1,469676 0,000231
mcgraw 1,108663 0,000175
mean 0,083382 0,000066
meaning 1,966113 0,000310
media 0,139262 0,000088
medic 1,108663 0,000175
megielladeutscheesti 3,506558 0,000552
melayuminangkabau 2,040221 0,000321
memori 0,562119 0,007611
menu -0,009950 -0,000005
messag 0,400478 0,000252
metadata 1,347074 0,000636
method 0,150823 0,000095
methodolog 0,994252 0,000157
michael 0,385662 0,000425
microchip 2,813411 0,000443
microcomput 2,813411 0,002658
microcontrol 2,407946 0,000379
microkernel 2,407946 0,001137
microprocessor 2,407946 0,000379
microsoft 0,579818 0,000730
mid 0,994252 0,000157
middlewar 1,832581 0,000577
militari 1,469676 0,000231
million 0,843970 0,000133
mine 0,916291 0,000144
minim 0,579818 0,000274
minimalist 2,813411 0,000443
minimum 1,469676 0,000231
minix 2,813411 0,000886
mirand 3,218876 0,000507
misbehav 3,912023 0,001232
miss 0,867501 0,000546
mmu 3,912023 0,000616
mnemon 3,912023 0,000616
mobil -0,009950 -0,000011
mode 0,755023 0,001426
model 0,116534 0,000147
modern 0,314711 0,000446
modif 1,386294 0,000218
modifi 0,527633 0,000166
modul 0,820981 0,000129
moment 1,560648 0,000246
monitor 1,021651 0,000161
monolith 2,659260 0,000837
monopol 3,506558 0,001656
more 0,010050 0,000019
most 0,040822 0,000135
motherboard 2,659260 0,000419
motiv 1,272966 0,000200
mous 2,207275 0,001042
move -0,009950 -0,000016
movement 1,108663 0,000175
much 0,400478 0,000567
multi 0,342490 0,000108
multic 2,995732 0,001415
multicomput 3,912023 0,003695
multikernel 2,995732 0,000472
multilevel 2,659260 0,000419
multimedia 1,386294 0,000436
multipl 0,094311 0,000208
multiprocess 1,832581 0,000289
multiprocessor 3,218876 0,001520
multiprogram 3,912023 0,001232
multiqueu 3,912023 0,000616
multitask 2,120264 0,002003
multithread 1,832581 0,000289
mv 3,506558 0,000552
name 0,162519 0,000128
natur 0,356675 0,000056
navig -0,009950 -0,000002
nearli 1,139434 0,000359
necessari 0,616186 0,000194
necessit 2,813411 0,000443
nederland 0,415515 0,000065
need 0,030459 0,000077
neg 0,967584 0,000152
neglig 3,506558 0,000552
netoti 1,771957 0,000279
network 0,127833 0,000443
never 1,021651 0,000161
new 0,010050 0,000013
newer 1,309333 0,000206
next 0,400478 0,000252
ngliscafrikaansalemannisch 2,813411 0,000443
nichol 2,525729 0,000398
non -0,009950 -0,000003
nonetheless 2,659260 0,000419
nordfriisknorsk 1,714798 0,000270
normal 0,673345 0,000424
not 0,000000 0,000000
notat 0,941609 0,000148
note 0,150823 0,000047
notif 2,207275 0,000347
novalombardmadhur 2,813411 0,000443
novemb 0,150823 0,000071
now 0,274437 0,000086
nskisoomaaliga 2,995732 0,000472
ntf 3,506558 0,000552
number 0,040822 0,000045
numer 0,430783 0,000068
nwarg 3,912023 0,000616
nynorskoccitan 1,897120 0,000299
obei 3,218876 0,000507
object 0,174353 0,000192
obscur 2,813411 0,000443
obsolet 1,609438 0,000253
occasion 1,714798 0,000270
occur 0,510826 0,000804
occurr 2,120264 0,000334
octob 0,139262 0,000066
oem 2,659260 0,000419
off 0,673345 0,000106
offend 2,995732 0,000472
offset 2,302585 0,000725
often 0,127833 0,000302
old 0,994252 0,000157
oldid -0,009950 -0,000002
olesperantoeuskara 0,510826 0,000080
onc 0,527633 0,000083
onli 0,051293 0,000081
onto 1,660731 0,000784
open 0,150823 0,000190
oper 0,010050 0,000347
optim 0,415515 0,000065
option 0,527633 0,000083
order 0,094311 0,000045
org -0,009950 -0,000003
organ -0,009950 -0,000019
orient 0,653926 0,000309
origin -0,009950 -0,000017
os 2,995732 0,000472
osdev 3,912023 0,000616
osdi 3,912023 0,000616
other -0,009950 -0,000058
otherwis 1,108663 0,000175
out 0,261365 0,000206
outlin 0,562119 0,000088
output 0,597837 0,001318
over 0,094311 0,000059
overflow 1,771957 0,000279
overhead 1,469676 0,000694
overlai 2,407946 0,000379
overwritten 3,218876 0,000507
own 0,314711 0,000297
owner 1,171183 0,000184
packet 2,120264 0,000668
page -0,009950 -0,000019
pagecontentscurr -0,009950 -0,000002
pageget -0,009950 -0,000002
pagesus 1,469676 0,000231
paid 1,560648 0,000246
papadopoulo 3,912023 0,000616
paradigm 0,941609 0,000148
parallel 0,941609 0,000296
part 0,072571 0,000080
partial 0,916291 0,000433
particular 0,301105 0,000047
partit 1,347074 0,000424
path 0,798508 0,000251
paul 0,544727 0,000086
paus 2,659260 0,000419
pdf 0,139262 0,000219
pdfprintabl -0,009950 -0,000002
pdp 3,218876 0,001013
pearson 1,347074 0,000848
per 0,616186 0,000291
percept 1,832581 0,000289
perform 0,040822 0,000109
period 0,713350 0,000225
peripher 1,832581 0,000577
perman 1,272966 0,000802
person -0,009950 -0,000011
peter 0,446287 0,000211
petter 2,995732 0,000472
phenomena 1,966113 0,000310
philosophi 0,994252 0,000157
phone 1,386294 0,000436
photograph 1,714798 0,000270
php -0,009950 -0,000002
physic 0,446287 0,000281
pic 3,218876 0,000507
pid 3,218876 0,001013
piec 1,309333 0,000412
piemont 1,427116 0,000225
pioneer 1,272966 0,000200
pipe 2,407946 0,001137
pipelin 2,120264 0,000334
place 0,356675 0,000337
plain 1,514128 0,000477
plan 0,430783 0,000068
platform 0,400478 0,000189
plugboard 3,912023 0,000616
point 0,186330 0,000029
pointer 1,771957 0,000279
polici -0,009950 -0,000003
poll 2,040221 0,000321
pollut 1,832581 0,000866
ponat 2,120264 0,000334
pop 1,714798 0,000810
popular 0,400478 0,000757
port 1,272966 0,000401
portabl 1,203973 0,000758
portalrec -0,009950 -0,000002
posix 2,407946 0,000758
possibl 0,186330 0,000059
potenti 0,371064 0,000292
power 0,261365 0,000247
practic 0,186330 0,000059
pre 0,941609 0,000148
precursor 1,832581 0,000289
predetermin 2,525729 0,000795
predict 0,733969 0,000116
preemptiv 2,407946 0,001895
prefer 0,798508 0,000251
prefetch 3,218876 0,000507
prentic 0,994252 0,001878
prepar 1,139434 0,000179
preserv 1,309333 0,000206
press 0,210721 0,000232
prevent 0,634878 0,000300
previou 0,843970 0,000133
principl 0,385662 0,000243
print -0,009950 -0,000003
prioriti 1,609438 0,000760
privaci -0,009950 -0,000003
privat 0,634878 0,000200
privileg 2,207275 0,001042
probabl 0,843970 0,000133
problem 0,186330 0,000059
procedur 0,867501 0,000410
process 0,051293 0,000533
processor 1,021651 0,001287
produc 0,342490 0,000054
product 0,174353 0,000027
profession 0,673345 0,000106
profit -0,009950 -0,000002
program 0,116534 0,001321
programm 0,693147 0,000546
prohibit 1,714798 0,000270
project -0,009950 -0,000003
proprietari 1,171183 0,000184
protect 0,462035 0,001455
protocol 0,527633 0,000332
prove 1,171183 0,000184
provid 0,061875 0,000127
public 0,127833 0,000040
publish 0,105361 0,000083
punch 2,302585 0,000362
punctuat 2,659260 0,000419
purchas 1,139434 0,000179
purpos 0,248461 0,000274
purposefulli 3,218876 0,000507
push 1,203973 0,000379
put 0,755023 0,000119
pwrite 3,912023 0,000616
pxe 2,995732 0,000472
qnx 2,407946 0,000379
qualiti 0,634878 0,000100
quantifi 1,560648 0,000246
quantum 1,171183 0,000184
queue 1,660731 0,001569
raid 2,995732 0,000472
ram 1,660731 0,000784
ran 1,966113 0,000310
randal 2,525729 0,000398
random 0,693147 0,000327
rang 0,371064 0,000117
rate 0,673345 0,000106
rbaycanca 0,248461 0,000039
rdma 3,912023 0,000616
react 1,832581 0,000289
read 0,162519 0,000205
readabl 1,309333 0,000412
reader 1,560648 0,000491
readi 1,309333 0,000618
readview 1,309333 0,000412
real 0,210721 0,000365
realiti 1,237874 0,000390
realli 1,660731 0,000261
reason 0,328504 0,000155
receiv 0,400478 0,000315
recent 0,562119 0,000088
record 0,400478 0,000063
recov 2,040221 0,000642
recurs 1,514128 0,000238
reduc 0,274437 0,000302
redund 1,714798 0,000810
refer -0,009950 -0,000008
regist -0,009950 -0,000022
reinforc 1,660731 0,000261
rel 0,634878 0,000100
relat 0,030459 0,000005
releas 0,415515 0,000262
reli 0,562119 0,000088
reliabl 0,371064 0,000175
relinquish 3,912023 0,000616
remain 0,400478 0,000063
remot 0,776529 0,000367
remzi 3,912023 0,000616
render 0,994252 0,000157
reorgan 2,659260 0,000419
report 0,261365 0,000041
repositori 0,994252 0,000157
repres 0,235722 0,000037
represent 0,634878 0,000100
republicisraelotheryal 1,714798 0,000270
request 0,776529 0,000733
requestad 3,506558 0,001656
requir 0,051293 0,000105
research 0,223144 0,000105
reset 2,525729 0,000398
resort 2,659260 0,000419
resourc 0,248461 0,000587
respons 0,415515 0,000065
rest 1,049822 0,000165
restor 1,966113 0,000310
restrict 0,755023 0,000357
result 0,139262 0,000044
resum 2,813411 0,001329
retriev -0,009950 -0,000027
return 0,510826 0,000161
review 0,314711 0,000050
rewritten 1,966113 0,000619
richet 3,912023 0,001848
ring 1,966113 0,000619
riot 3,218876 0,000507
ripoarischrom 3,218876 0,000507
rise 0,916291 0,000289
robin 1,714798 0,000270
root 0,733969 0,000116
roughli 1,660731 0,000261
round 1,469676 0,000231
routin 1,897120 0,001493
rowalonwinaraywolof 3,218876 0,000507
rudimentari 2,659260 0,000419
rule 0,510826 0,000080
rumagn 2,995732 0,000472
rump 2,407946 0,000379
run 0,248461 0,000978
runa 0,916291 0,000144
rwth 3,912023 0,001232
safe 0,916291 0,000144
safeguard 2,040221 0,000321
safeti -0,009950 -0,000003
sainio 3,912023 0,000616
salama 3,912023 0,001848
same 0,116534 0,000165
sarduscotsshqip 3,218876 0,000507
save 0,994252 0,000783
scale 0,371064 0,000117
scatter 2,525729 0,000398
schedul 1,021651 0,001126
schedulingalgorithm 2,995732 0,000472
scherr 3,912023 0,000616
scienc 0,274437 0,000130
sciencenot 2,207275 0,000347
scope 0,891598 0,000140
scott 0,891598 0,000140
screen 1,660731 0,000523
scsi 3,506558 0,000552
search -0,009950 -0,000008
seatback 3,912023 0,000616
second 0,328504 0,000052
secreci 2,525729 0,000398
section 0,446287 0,000351
sector 1,171183 0,000184
secur 0,274437 0,001383
see -0,009950 -0,000008
seek 1,021651 0,000161
seen 0,776529 0,000244
seg 3,912023 0,000616
segment 1,108663 0,001396
select 0,371064 0,000058
semant 0,891598 0,000140
semi 0,843970 0,000133
send 1,108663 0,000698
sensor 1,347074 0,000212
sent 1,171183 0,000553
separ 0,400478 0,000694
septemb 0,150823 0,000095
seri 0,328504 0,000052
server 0,597837 0,000471
servic 0,210721 0,000531
set 0,051293 0,000065
settlement 1,660731 0,000261
seventeen 3,218876 0,000507
seventh 2,659260 0,000419
sever 0,072571 0,000046
sfn 2,995732 0,000943
share 0,301105 0,000711
sharealik -0,009950 -0,000002
shaw 2,525729 0,000398
shell 1,049822 0,000331
short -0,009950 -0,000003
shorten -0,009950 -0,000002
shortest 2,407946 0,000379
show 0,400478 0,000063
sidebar -0,009950 -0,000006
sigarch 3,912023 0,000616
sigbu 3,912023 0,000616
sigint 3,506558 0,000552
sign 0,916291 0,000144
signal 0,755023 0,001545
signific 0,261365 0,000082
signum 3,912023 0,001232
sigsegv 3,912023 0,000616
silberschatz 3,218876 0,012162
sim 2,659260 0,000419
simi 0,755023 0,000119
similar 0,150823 0,000095
similarli 0,843970 0,000399
simpl 0,150823 0,000071
simpler 1,832581 0,000289
simplic 1,897120 0,000597
simplifi 0,820981 0,000258
simultan 0,891598 0,000421
sinc 0,139262 0,000088
singl 0,127833 0,000161
site -0,009950 -0,000002
size 0,342490 0,000216
sleep 2,407946 0,000379
slenskaitaliano 0,562119 0,000088
slice 2,813411 0,001329
slow 1,237874 0,000195
slower 1,966113 0,000310
small 0,314711 0,000198
smaller 0,994252 0,000157
smallest 2,659260 0,000419
smart 1,049822 0,000331
smartphon 2,040221 0,001606
soar 2,302585 0,000362
soc 1,897120 0,000299
social 0,510826 0,000241
soft 2,040221 0,000321
softwar 0,127833 0,001087
sold 1,347074 0,000212
solid 1,171183 0,000553
solv 0,820981 0,000129
some 0,040822 0,000064
someth 1,347074 0,000212
sometim 0,301105 0,000142
son 1,049822 0,000165
soon 1,427116 0,000225
sophist 1,203973 0,000190
sort 1,309333 0,000206
sourc 0,094311 0,000148
sourceview 1,309333 0,000412
space 0,415515 0,000589
spec 2,302585 0,000362
special 0,235722 0,000260
specif 0,051293 0,000040
specifi 0,446287 0,000141
speed 0,941609 0,000296
split 1,139434 0,000179
springer 0,527633 0,000083
sqaraqalpaqsha 1,386294 0,000218
srpskisrpskohrvatski 0,510826 0,000080
stack 0,843970 0,001196
stall 2,040221 0,000642
stand 1,078810 0,000170
standard 0,094311 0,000045
starch 2,659260 0,002512
stat 1,771957 0,000279
statcount 2,659260 0,000419
state 0,083382 0,000131
statement -0,009950 -0,000005
statementsarticl 0,544727 0,000086
statesfrancebnf 0,510826 0,000080
statist -0,009950 -0,000003
statu 0,693147 0,000546
steven 0,867501 0,000137
stick 2,813411 0,000443
still 0,342490 0,000270
stochast 1,347074 0,000212
stop 0,967584 0,000152
storag 0,430783 0,000610
store 0,356675 0,000449
strand 2,813411 0,000886
stream 0,733969 0,000231
strip 2,525729 0,000398
strive 2,407946 0,000379
structur 0,139262 0,000263
stumm 3,912023 0,000616
subdirectori 3,218876 0,000507
subject 0,478036 0,000075
subroutin 2,995732 0,000472
subsect 0,020203 0,000013
success 0,494296 0,000156
successor 1,897120 0,000299
such 0,000000 0,000000
suffici 1,078810 0,000170
suit 0,891598 0,000140
sundasuomisvenskatagalog 1,897120 0,000299
supercomput 1,897120 0,000896
supervis 1,469676 0,000231
supervisor 2,813411 0,000443
support 0,150823 0,000475
surfac 1,469676 0,000231
surround 1,514128 0,000238
suspend 2,207275 0,000695
swap 1,966113 0,000619
switch 0,916291 0,001875
syllabl 3,506558 0,000552
symbian 2,207275 0,000347
symposium 1,309333 0,000206
synchron 1,386294 0,000218
syntax 1,171183 0,000738
sysent 3,912023 0,001232
syst 3,218876 0,000507
system 0,010050 0,000484
systemsgener 2,813411 0,000443
systemshidden 2,207275 0,000347
tabl -0,009950 -0,000017
tablet 1,832581 0,000577
take 0,210721 0,000166
taken 0,867501 0,000137
tanenbaum 3,506558 0,036435
tape 1,897120 0,000597
taqbaylit 1,897120 0,000299
target 0,462035 0,000145
task 0,415515 0,000458
tatar 1,272966 0,000200
tcp 1,897120 0,000299
team 0,634878 0,000100
technic 0,478036 0,000075
techniqu 0,385662 0,000121
technolog 0,116534 0,000037
teleprint 2,995732 0,000472
templat 0,301105 0,000047
templeo 3,912023 0,000616
temporarili 2,040221 0,000321
term -0,009950 -0,000013
termin 0,941609 0,000741
terraneo 3,912023 0,000616
text -0,009950 -0,000006
than 0,072571 0,000114
that 0,000000 0,000000
then 0,116534 0,000110
theoret 0,776529 0,000122
theori 0,400478 0,000315
there 0,051293 0,000113
therefor 0,478036 0,000075
thermodynam 2,207275 0,000347
these 0,040822 0,000039
thi -0,009950 -0,000042
thing 0,798508 0,000377
third 0,342490 0,000377
thom 3,912023 0,000616
thoma 0,527633 0,000083
those 0,235722 0,000111
thousand 1,386294 0,000218
thread 1,386294 0,004365
three 0,287682 0,000091
threshold 2,207275 0,000347
thu 0,314711 0,000149
time 0,000000 0,000000
timelin 0,733969 0,000231
timer 3,506558 0,000552
tina 1,771957 0,000279
tinyo 3,506558 0,000552
titl -0,009950 -0,000002
togeth 0,579818 0,000183
toggl -0,009950 -0,000009
token 1,386294 0,000218
toki 2,120264 0,000334
toler 1,386294 0,000218
too 0,634878 0,000300
tool -0,009950 -0,000008
top -0,009950 -0,000002
topic -0,009950 -0,000002
torvald 2,659260 0,000419
touchscreen 3,506558 0,000552
trace 1,427116 0,000225
track 0,713350 0,000225
trackpad 3,912023 0,000616
trademark -0,009950 -0,000002
transfer 0,544727 0,000686
transistor 2,407946 0,000379
transmit 1,347074 0,000212
transpar 1,237874 0,000195
trap 1,966113 0,001548
tree 0,693147 0,000109
tri 1,427116 0,000225
triad 3,218876 0,000507
trick 2,120264 0,000334
trigger 1,514128 0,000715
true 0,776529 0,000122
trust 0,820981 0,000129
try 0,994252 0,000157
tschpolskiportugu 1,832581 0,000289
twenti 1,897120 0,000597
two 0,083382 0,000053
type 0,051293 0,000089
typic 0,186330 0,000147
tzebuergeschlietuvi 1,514128 0,000238
ubiquit 1,469676 0,000231
unauthor 1,897120 0,000597
under -0,009950 -0,000005
understand 0,342490 0,000054
unfortun 2,995732 0,000472
unikernel 2,813411 0,001772
unikraft 3,912023 0,000616
unit 0,248461 0,000196
univers 0,139262 0,000066
unix 1,469676 0,003933
unlik 0,653926 0,000309
unlimit 2,302585 0,000725
unreli 2,120264 0,000334
unrestrict 2,995732 0,000472
unstructur 2,407946 0,000379
unsupervis 2,040221 0,000321
until 0,510826 0,000080
updat 0,342490 0,000162
upon 0,673345 0,000106
urldownload -0,009950 -0,000002
usa 1,427116 0,000225
usag 0,579818 0,000183
usb 2,302585 0,000725
usenix 1,966113 0,000619
user 0,274437 0,001901
usual 0,198451 0,000187
usurp 3,218876 0,000507
utc -0,009950 -0,000002
util 0,597837 0,000094
uyghurchev 2,813411 0,000443
valid 0,616186 0,000097
vandalismwikipedia 3,506558 0,000552
vari 0,478036 0,000226
variant 1,139434 0,000179
variat 0,994252 0,000157
variou 0,223144 0,000070
vaughan 2,525729 0,000398
vax 2,407946 0,000379
vector 1,237874 0,000585
vendor 1,139434 0,000179
veri 0,314711 0,000099
verif 0,733969 0,000116
version -0,009950 -0,000006
via 0,186330 0,000147
video 0,597837 0,000188
view -0,009950 -0,000002
vii 2,659260 0,000419
violat 1,386294 0,000436
virtual 0,462035 0,001746
virus 2,407946 0,000379
vision 0,867501 0,000137
visit 1,714798 0,000540
visual 0,562119 0,000177
vittorio 3,506558 0,000552
vkernel 2,525729 0,000398
vm 2,813411 0,000443
vol 0,616186 0,000097
volatil 1,714798 0,000540
voluntari 2,407946 0,000379
vote 1,514128 0,000238
vte 0,967584 0,000152
vtecomput 2,040221 0,000321
vteoper 2,813411 0,000443
vulner 0,994252 0,001409
vxwork 3,912023 0,000616
wafa 3,912023 0,000616
wai 0,105361 0,000083
wait 1,771957 0,001395
want 0,820981 0,000129
warg 3,912023 0,001232
watch 1,237874 0,000195
web 0,342490 0,000108
websit 0,527633 0,000083
weight 1,108663 0,000175
well 0,051293 0,000057
weslei 1,078810 0,001698
what -0,009950 -0,000011
when 0,030459 0,000101
where 0,072571 0,000057
wherea 1,049822 0,000331
whether 0,400478 0,000126
which 0,000000 0,000000
while 0,051293 0,000065
who 0,301105 0,000237
whose 0,776529 0,000122
wide 0,210721 0,000133
widespread 0,994252 0,000313
wiki 1,427116 0,000225
wikidata 0,562119 0,000088
wikidatawikipedia 0,967584 0,000152
wikimedia -0,009950 -0,000005
wikipedia -0,009950 -0,000009
wikipediacontact -0,009950 -0,000002
wikivers 1,609438 0,000253
wiktionari 1,832581 0,000289
wilei 0,562119 0,000265
william 0,616186 0,000097
wimp 3,912023 0,000616
window 0,891598 0,002246
wireless 1,078810 0,000170
within 0,116534 0,000037
without 0,094311 0,000074
word 0,446287 0,000422
work 0,030459 0,000024
workload 1,966113 0,000310
workstat 1,771957 0,000558
world 0,139262 0,000044
worldwid 1,108663 0,000175
wrap 2,120264 0,000334
write 0,527633 0,001080
writer 1,514128 0,000477
written 0,287682 0,000226
www 0,356675 0,000056
xalan 3,912023 0,000616
xbox 3,506558 0,000552
year 0,162519 0,000051
yet 0,891598 0,000140
yor 2,040221 0,000321
york 0,371064 0,000058
zazaki 1,966113 0,000310
zbekcha 0,462035 0,000073
zdnet 1,560648 0,000246
zero 0,693147 0,000109
