abl 0,733969 0,000083
absolut 1,660731 0,000187
academ 0,693147 0,000078
accept 0,634878 0,000143
access 0,127833 0,000058
accident 1,771957 0,000599
accommod 1,897120 0,000214
accord 0,287682 0,000195
account -0,009950 -0,000003
achiev 0,510826 0,000115
acm 0,755023 0,000085
acquisit 1,203973 0,000136
act 0,713350 0,000080
action -0,009950 -0,000001
activest 3,912023 0,000441
ad 0,223144 0,000025
ada 1,609438 0,000181
adapt 0,798508 0,000090
add -0,009950 -0,000002
addit -0,009950 -0,000003
addition 0,967584 0,000218
adher 1,660731 0,000187
admin 2,813411 0,000317
administ 2,207275 0,000498
administr 0,867501 0,000293
adopt 0,415515 0,000375
advanc 0,235722 0,000080
advantag 0,693147 0,000078
advoc 1,714798 0,000193
advocaci 2,525729 0,000285
affect 0,693147 0,000078
afl 2,995732 0,000338
again 1,078810 0,000122
agent 0,733969 0,000083
aggress 2,407946 0,000271
ago 0,967584 0,000109
agpl 2,813411 0,000317
agre -0,009950 -0,000004
agreement 1,078810 0,000365
ahead 1,427116 0,000161
aid 0,843970 0,000095
aim 0,634878 0,000286
aisfryskgaeilgegalego 2,813411 0,000317
aix 2,659260 0,000300
aka 2,525729 0,000285
alan 1,049822 0,000237
alexa 2,525729 0,000569
all 0,000000 0,000000
allison 3,506558 0,000395
allow 0,061875 0,000021
allus 3,912023 0,000441
almalinux 3,506558 0,000395
alon 1,272966 0,000144
alpha 1,832581 0,000207
alpin 3,506558 0,001186
alpinelinux 3,912023 0,000441
alreadi 0,776529 0,000175
alsa 3,912023 0,000441
also -0,009950 -0,000046
alt 2,407946 0,000271
altern 0,342490 0,000232
although 0,287682 0,000357
altu 3,912023 0,000882
amanda 3,218876 0,000363
amazon 1,309333 0,000148
amd 2,813411 0,000634
american 0,415515 0,000094
amongst 2,120264 0,000239
amor 3,506558 0,000395
amp -0,009950 -0,000016
analysi 0,186330 0,000063
analyst 1,272966 0,000287
anand 2,813411 0,000317
anatomi 2,407946 0,000271
andalusia 3,912023 0,000441
andrew 0,820981 0,000463
andri 3,912023 0,000441
android 1,272966 0,003157
andru 3,912023 0,000441
anduino 3,506558 0,000395
angel 2,120264 0,000478
ani 0,083382 0,000066
anim 1,021651 0,000230
anjuta 3,912023 0,000441
ankush 3,506558 0,000395
anniversari 2,525729 0,000285
announc 0,733969 0,000165
annual 0,776529 0,000088
anoth 0,127833 0,000043
ansi 2,207275 0,000249
antergo 3,506558 0,000395
antitrust 3,506558 0,000395
antix 3,506558 0,000395
anvin 3,912023 0,000441
anybodi 3,506558 0,000395
anyon 1,386294 0,000625
anywher 1,560648 0,000176
aosp 3,506558 0,000395
apach 1,386294 0,000156
api 0,798508 0,000810
app 1,021651 0,000461
apparmor 3,506558 0,000395
appear -0,009950 -0,000004
appl 1,203973 0,000814
appli -0,009950 -0,000001
applic 0,030459 0,000062
approach 0,174353 0,000020
approv 1,272966 0,000287
apr 2,995732 0,000338
april 0,072571 0,000196
apsl 2,813411 0,000317
apt 2,995732 0,000338
ar 1,309333 0,000295
aragon 1,171183 0,000132
arc 2,040221 0,000230
arch 1,897120 0,000856
archbang 3,506558 0,000395
architectur 0,400478 0,000406
archiv 0,040822 0,000709
archlab 3,506558 0,000395
ari 2,040221 0,000230
arm 1,469676 0,000331
around 0,356675 0,000241
articl 0,000000 0,000000
articleabout -0,009950 -0,000001
articletalk -0,009950 -0,000001
artist 1,771957 0,000200
artix 3,506558 0,000395
asahi 3,506558 0,000395
ask 0,867501 0,000196
aspect 0,616186 0,000069
assembl 0,867501 0,000293
assign 0,798508 0,000090
associ 0,127833 0,000086
assum 0,891598 0,000201
astra 3,506558 0,000395
asturianuava 2,525729 0,000285
asturix 3,506558 0,000395
asymptot 2,302585 0,000260
attach 1,514128 0,000171
attempt 0,478036 0,000108
attend 2,302585 0,000260
attribut -0,009950 -0,000004
audi 3,506558 0,000395
audio 0,891598 0,000201
audioo 3,218876 0,000363
aug 2,659260 0,000300
august 0,162519 0,000660
aurora 2,525729 0,000285
austrumi 3,506558 0,000395
author 0,040822 0,000028
auto 1,514128 0,000171
autocraci 3,912023 0,000441
autom 0,597837 0,000135
automat 0,462035 0,000052
automobil 2,407946 0,000271
avail -0,009950 -0,000019
avoid 0,579818 0,000065
aw 2,407946 0,000271
awai 1,139434 0,000128
awio 3,912023 0,000441
awk 3,218876 0,000726
axbo 3,912023 0,000441
ayisyenkurd 2,813411 0,000317
azur 1,771957 0,000200
back 0,462035 0,000104
backbox 3,506558 0,000395
backtrack 3,218876 0,000363
bacon 2,659260 0,000300
bahasa 0,186330 0,000021
balsa 3,506558 0,000395
banyumasan 3,218876 0,000363
barrett 2,813411 0,000317
barri 2,207275 0,000747
basa 2,407946 0,000543
base 0,010050 0,000033
bash 3,912023 0,001323
basi 0,820981 0,000185
basic 0,198451 0,000224
bazaar 2,525729 0,000854
bazzit 3,506558 0,000395
becam 0,579818 0,000392
becaus 0,127833 0,000058
becom 0,274437 0,000062
beer 2,525729 0,000285
beerwar 2,995732 0,000338
befehl 3,912023 0,000441
began 0,634878 0,000573
begin 0,385662 0,000087
belief 1,714798 0,000193
bell 1,714798 0,000580
ben 1,309333 0,000295
benedict 3,506558 0,000395
benjamin 1,386294 0,000313
benson 2,995732 0,000338
bentson 3,912023 0,000441
benz 3,506558 0,000395
bergelt 3,912023 0,000441
berkelei 1,514128 0,000171
besid 1,832581 0,000207
besset 3,912023 0,000441
best 0,462035 0,000052
better 0,494296 0,000056
bharat 3,506558 0,000395
bibcod 0,693147 0,000078
big 0,673345 0,000076
billion 1,078810 0,000608
binari 0,916291 0,000207
bind 1,469676 0,000166
bioinformat 1,660731 0,000187
biolog 1,427116 0,000161
bionic 2,995732 0,000675
bioslax 3,506558 0,000395
birthdai 2,659260 0,000300
bit 1,078810 0,000243
black 1,203973 0,000136
blackarch 3,506558 0,000395
blackberri 2,813411 0,000317
blag 3,506558 0,000395
blankon 3,506558 0,000395
blaze 2,525729 0,000285
blender 3,912023 0,000441
block 0,597837 0,000135
blog 0,713350 0,000161
blue 1,560648 0,000176
board 0,843970 0,000095
boarischbosanskibrezhoneg 2,407946 0,000271
bob 1,832581 0,000207
bodhi 3,506558 0,000395
bodi 0,867501 0,000196
bokm 0,127833 0,000014
book 0,210721 0,000024
boot 1,966113 0,000887
bootload 3,218876 0,000726
borland 3,218876 0,000363
born 1,966113 0,000222
boston 1,560648 0,000176
bourn 3,912023 0,000441
bradlei 2,407946 0,000271
branch 1,021651 0,000115
brand 1,386294 0,000313
brazil 2,207275 0,000249
brazilian 2,659260 0,000300
breach 1,714798 0,000193
breakup 3,218876 0,000363
brett 2,525729 0,000285
brian 1,108663 0,000125
bridgeo 2,995732 0,000338
bring 1,021651 0,000115
broad 1,203973 0,000136
broadcast 1,832581 0,000207
brockmeier 3,912023 0,000441
brouwer 3,912023 0,000441
brown 1,237874 0,000140
bruce 1,514128 0,000341
bryan 2,525729 0,000285
bsczi 3,506558 0,000395
bsd 1,832581 0,002686
bstj 3,218876 0,000363
bu 2,207275 0,000249
budgi 3,506558 0,000395
build 0,274437 0,000124
built 0,462035 0,000365
bundl 1,514128 0,000171
busi 0,287682 0,000292
busybox 3,506558 0,002767
byfield 3,912023 0,000441
byminix 3,912023 0,000441
cachyo 3,506558 0,000395
cagr 3,218876 0,000363
caixa 3,506558 0,000395
calcul 0,916291 0,000103
caldera 3,218876 0,000363
california 1,021651 0,000115
call 0,030459 0,000048
calyxo 3,506558 0,000395
cannot 0,314711 0,000071
canon 1,714798 0,000193
cantril 3,912023 0,001323
capabl 0,562119 0,000063
capsul 3,912023 0,000441
captur 0,916291 0,000103
car 1,309333 0,000148
card 0,994252 0,000112
career 2,120264 0,000239
carefulli 1,897120 0,000214
carla 3,218876 0,000363
carri 0,967584 0,000109
casad 3,912023 0,000441
case 0,083382 0,000019
casual 3,218876 0,000363
catal 0,094311 0,000011
catalyst 2,813411 0,000317
categori -0,009950 -0,000007
cathedr 2,995732 0,001013
caus 0,430783 0,000049
cbt 3,912023 0,000441
cddl 2,813411 0,000317
ceas 2,659260 0,000300
cebuano 2,407946 0,000271
celadon 3,506558 0,000395
celebr 2,302585 0,000260
cengag 2,207275 0,000249
center 0,415515 0,000047
cento 3,218876 0,000363
central 0,478036 0,000054
certain 0,274437 0,000062
certif 1,078810 0,000486
certifi 1,714798 0,000580
chakra 2,813411 0,000317
challeng 0,400478 0,000045
chanc 1,660731 0,000187
chang 0,051293 0,000040
changesupload -0,009950 -0,000002
chao 2,207275 0,000249
chapter 0,891598 0,000101
charg 1,272966 0,000431
chatroom 3,912023 0,000441
cheap 2,207275 0,000249
check 0,634878 0,000072
cherri 3,218876 0,000363
chicken 3,506558 0,000395
chimera 3,506558 0,000395
china 0,967584 0,000218
chip 1,309333 0,000148
chipmunk 3,912023 0,000441
choic 0,755023 0,000340
choos 0,916291 0,000207
chri 0,994252 0,000112
christoph 1,078810 0,000243
chrome 1,966113 0,000222
chromebook 3,912023 0,001323
chromeo 2,995732 0,002026
chromiumo 2,813411 0,000317
cid 0,356675 0,000040
cinnamon 3,506558 0,000791
cio 2,525729 0,000285
circl 1,966113 0,000222
citat 0,248461 0,000028
cite 0,597837 0,000135
citi 1,272966 0,000287
clang 3,506558 0,000395
clarif 1,832581 0,000413
classic 0,544727 0,000061
clear 1,049822 0,000118
clearo 3,506558 0,000395
cli 2,040221 0,001840
client 0,713350 0,000080
clinu 3,912023 0,000441
clinux 3,912023 0,000441
clockwis 3,912023 0,000441
clone 2,207275 0,000249
close 0,356675 0,000241
cloud 0,733969 0,000165
cluster 1,272966 0,000287
clutter 2,995732 0,000338
coar 3,912023 0,000441
code -0,009950 -0,000037
codec 2,813411 0,000317
codelit 3,912023 0,000441
coher 2,302585 0,000519
collabor 0,941609 0,000212
collect 0,274437 0,000186
coloro 3,506558 0,000395
com 0,150823 0,000493
combin 0,261365 0,000118
come 0,356675 0,000040
command 0,891598 0,000503
commemor 3,912023 0,000441
comment 1,049822 0,000237
commerc 1,021651 0,000115
commerci 0,527633 0,000773
commod 1,469676 0,000331
commodor 3,506558 0,000395
common -0,009950 -0,000013
commonli 0,342490 0,000116
commonsnew 2,659260 0,000300
commonswikibookswikiquotewikiversitywikidata 2,302585 0,000260
commun 0,139262 0,000220
comp 2,407946 0,001357
compani 0,342490 0,000270
compar 0,342490 0,000077
comparison 0,371064 0,000586
compat 0,693147 0,000860
compatibilitylay 3,218876 0,000363
compet 1,139434 0,000128
competitor 1,966113 0,000222
compil 0,755023 0,001277
complet 0,223144 0,000201
complex 0,186330 0,000042
complic 1,427116 0,000161
compon 0,261365 0,000560
compos 1,171183 0,000132
composit 1,386294 0,000469
compositor 3,912023 0,000441
compound 1,897120 0,000214
comprehens 0,867501 0,000098
compris 1,714798 0,000193
comptia 3,506558 0,000791
comput 0,020203 0,000084
computerworld 1,609438 0,000181
con 2,659260 0,000300
conceiv 2,120264 0,000239
concept 0,198451 0,000045
condit 0,579818 0,000065
conduct -0,009950 -0,000001
confer 0,274437 0,000062
configur 0,798508 0,000540
confin 2,525729 0,000285
confirm 1,514128 0,000171
connect 0,430783 0,000049
consent 2,302585 0,000260
consid 0,274437 0,000186
consist 0,301105 0,000034
consol 1,897120 0,000642
construct 0,579818 0,000065
consult 1,386294 0,000156
consum 0,653926 0,000074
contact -0,009950 -0,000002
contain 0,162519 0,000311
contemporari 1,347074 0,000152
content -0,009950 -0,000006
context 0,446287 0,000050
continu 0,174353 0,000039
contribut -0,009950 -0,000004
contributor 1,832581 0,000413
control 0,020203 0,000014
controversi 1,171183 0,000660
convent 0,891598 0,000201
convention 2,813411 0,000317
cook 1,771957 0,000999
cooki -0,009950 -0,000001
cooper 1,021651 0,000115
coordin 1,309333 0,000148
copi 0,891598 0,000201
copyabl 3,912023 0,000441
copyleft 2,813411 0,003489
copyright 1,897120 0,001711
corbet 2,995732 0,000338
core 0,579818 0,000261
corel 3,506558 0,000395
coreutil 3,912023 0,000882
corpor 0,562119 0,000317
correspond 0,798508 0,000090
cost 0,385662 0,000174
counter 1,660731 0,000374
countri 0,867501 0,000098
coupl 1,514128 0,000171
cours 0,967584 0,000327
cover 0,733969 0,000248
cowork 3,912023 0,000441
cox 2,302585 0,000260
cpu 1,347074 0,000304
crdroid 3,506558 0,000395
creat -0,009950 -0,000015
creation 0,653926 0,000147
creativ -0,009950 -0,000002
creator 1,469676 0,000331
crew 3,506558 0,000395
critic 0,385662 0,000174
croce 3,912023 0,000441
cross 0,562119 0,000127
crunchbang 3,506558 0,000395
crux 3,506558 0,000395
crystal 2,813411 0,000317
crystallab 3,912023 0,000882
cub 3,506558 0,000395
culmin 2,525729 0,000285
cultur 1,049822 0,000118
curiou 3,218876 0,000363
current 0,210721 0,000048
custom 0,544727 0,000123
cyanogenmod 3,506558 0,000395
cyborg 3,218876 0,000363
cygwin 2,995732 0,000338
cynthia 2,525729 0,000285
da 2,659260 0,000600
daemon 2,659260 0,001199
dai 0,562119 0,000127
damn 2,995732 0,000675
dan 0,916291 0,000103
daniel 0,776529 0,000263
darl 2,659260 0,000300
darwin 2,302585 0,000260
darwinian 3,506558 0,000395
daryl 3,912023 0,000441
data 0,030459 0,000014
databas 0,072571 0,000016
dataczech 1,171183 0,000132
date 0,210721 0,000309
dave 1,771957 0,000400
davi 1,347074 0,000152
david 0,385662 0,000217
davor 3,912023 0,000441
dead 1,386294 0,000313
deal 0,843970 0,000190
debat 1,272966 0,000287
debian 2,407946 0,004615
debianubuntu 3,506558 0,000395
decemb 0,061875 0,000321
deck 3,218876 0,000363
deepin 3,506558 0,000395
default 0,693147 0,000234
defin 0,116534 0,000013
definit 0,186330 0,000084
deflat 2,813411 0,000317
defragment 2,813411 0,000317
delai 1,347074 0,000152
dell 2,407946 0,000271
della 3,218876 0,000363
delphi 2,407946 0,000271
demand 0,820981 0,000093
demolinux 3,506558 0,000395
demonstr 0,994252 0,000224
denni 2,120264 0,000478
depend 0,105361 0,000024
depth 1,427116 0,000322
deriv 0,494296 0,000223
descend 2,525729 0,000285
describ 0,174353 0,000020
descript -0,009950 -0,000002
descriptionshort 0,000000 0,000000
design 0,040822 0,000092
desktop 1,347074 0,004252
deterg 3,912023 0,000882
determin 0,342490 0,000039
deutschdolnoserbskieesti 3,912023 0,000441
develop -0,009950 -0,000062
developercommun 3,912023 0,000441
developerwork 3,506558 0,000395
devic 0,634878 0,001789
devot 2,040221 0,000230
devuan 3,506558 0,000395
diamond 2,302585 0,000519
die 2,040221 0,000230
differ 0,010050 0,000011
differenti 0,916291 0,000207
difficult 0,597837 0,000067
digit 0,400478 0,000271
digitalocean 2,813411 0,000634
dilemma 2,525729 0,000285
direct 0,261365 0,000059
directli 0,415515 0,000141
director 1,660731 0,000187
directori 1,560648 0,000176
disambigu 1,049822 0,000118
disclaim -0,009950 -0,000001
discontinu 1,514128 0,000171
discontinuedandroid 3,506558 0,000395
discuss 0,494296 0,000056
disk 1,469676 0,000497
dislik 3,506558 0,000395
dismiss 2,302585 0,000260
displac 2,525729 0,000285
displai 0,755023 0,000596
disput 1,309333 0,000148
distribut 0,198451 0,001857
distributionsandroidlineageo 3,506558 0,000395
distributor 2,407946 0,000271
distro 2,995732 0,001013
distrowatch 3,912023 0,002205
divers 1,469676 0,000497
divest 2,995732 0,000338
divesto 3,506558 0,000395
dna 2,813411 0,000317
document 0,328504 0,000222
dog 2,813411 0,000317
doi 0,162519 0,000018
dollar 1,514128 0,000171
domain 0,544727 0,000307
domest 1,514128 0,000171
domin 1,021651 0,000691
donat -0,009950 -0,000002
donna 3,506558 0,000395
doudoulinux 3,506558 0,000395
dougla 1,237874 0,000140
download -0,009950 -0,000002
dpkg 3,912023 0,000441
dragon 3,218876 0,000363
dragonfli 2,659260 0,000300
dragora 3,506558 0,000395
dreamhost 3,912023 0,000441
dreamlinux 3,506558 0,000395
dreamwork 3,912023 0,000441
dri 3,912023 0,000441
driven 0,867501 0,000098
driver 1,237874 0,000837
drm 2,813411 0,000317
due 0,261365 0,000088
dup 3,912023 0,000441
duval 3,912023 0,000441
dvb 3,912023 0,000441
dvd 2,659260 0,000300
dwm 3,912023 0,000441
dynam 0,342490 0,000193
dynix 3,218876 0,000363
each 0,072571 0,000008
earli 0,301105 0,000102
earth 1,272966 0,000144
easier 1,049822 0,000237
eckert 3,912023 0,000441
eclips 1,771957 0,000200
edg 0,820981 0,000093
edit -0,009950 -0,000026
editcommun -0,009950 -0,000001
editor 1,347074 0,000456
edubuntu 3,506558 0,000395
educ 0,494296 0,000223
effect 0,274437 0,000093
effici 0,287682 0,000032
effort 0,653926 0,000074
efl 3,912023 0,000882
egg 2,407946 0,000271
egham 3,912023 0,000441
eglibc 3,912023 0,000441
egotist 3,506558 0,000395
eight 2,120264 0,000239
eissfeldt 3,912023 0,000441
either 0,248461 0,000084
elabor 2,525729 0,000285
elad 3,218876 0,000726
electron 0,430783 0,000097
eleg 2,813411 0,000317
element 0,301105 0,000034
elementari 1,771957 0,000200
elf 3,506558 0,000395
eliv 3,506558 0,000395
elk 3,912023 0,000882
els 1,469676 0,000166
emac 2,407946 0,000543
email 1,469676 0,000166
emait 1,560648 0,000176
embed 0,755023 0,001192
emmabunt 3,506558 0,000395
emphas 1,347074 0,000152
emui 3,218876 0,000363
emul 1,832581 0,000207
encourag 1,203973 0,000136
encyclopedia -0,009950 -0,000001
end 0,186330 0,000063
endeavouro 3,506558 0,000395
endless 2,995732 0,000338
engin 0,061875 0,000014
english -0,009950 -0,000003
englishshort 3,912023 0,000441
enlighten 2,995732 0,001351
enough 0,843970 0,000095
enrol 3,912023 0,000441
enter 1,049822 0,000237
enterpris 0,446287 0,000503
entertain 2,120264 0,000239
entir 0,597837 0,000472
entiti 0,843970 0,000095
environ 0,385662 0,000609
epl 2,995732 0,000338
equiti 1,771957 0,000400
eric 1,078810 0,000608
error 0,430783 0,000049
esa 3,506558 0,000395
escap 1,832581 0,000207
espa 0,210721 0,000024
especi 0,415515 0,000094
essenti 0,634878 0,000072
establish 0,634878 0,000215
estim 0,820981 0,000833
etc 0,562119 0,000253
etch 3,506558 0,000791
ettrich 3,912023 0,000441
eulero 3,218876 0,000726
eunic 3,218876 0,000363
evdev 3,912023 0,000441
even 0,235722 0,000053
event 0,356675 0,000040
eventsrandom -0,009950 -0,000001
eventu 0,798508 0,000090
ever 1,272966 0,000287
everi 0,261365 0,000059
everyon 1,714798 0,000193
evolut 0,820981 0,000185
evolv 1,078810 0,000608
ew 3,912023 0,000441
eweek 2,659260 0,000300
exam 2,040221 0,000230
examin 0,867501 0,000098
exampl 0,020203 0,000020
except 0,733969 0,000248
exchang 0,579818 0,000065
exclus 1,272966 0,000287
execut 0,356675 0,000161
execv 3,912023 0,000441
exist 0,186330 0,000126
exit 2,040221 0,000230
exokernel 2,995732 0,000338
expect 0,494296 0,000056
expens 1,108663 0,000125
explicitli 0,916291 0,000310
export -0,009950 -0,000001
expos 1,272966 0,000144
express 0,544727 0,000307
extens 0,342490 0,000232
extensionc 2,995732 0,000338
extent 1,386294 0,000156
extern 0,030459 0,000010
extremadura 3,912023 0,000441
ey 1,714798 0,000193
facebook 1,560648 0,000176
facil 0,891598 0,000101
facilit 0,916291 0,000103
fact 0,579818 0,000261
falcon 3,506558 0,000395
fall 0,867501 0,000098
famili 0,994252 0,000560
familiar 1,609438 0,000181
familyunix 3,218876 0,000363
faq 1,386294 0,000781
far 0,867501 0,000098
fast 0,673345 0,000076
faster 0,994252 0,000112
fastest 2,120264 0,000478
fault 1,237874 0,000279
favor 1,139434 0,000128
feather 2,995732 0,000338
featur 0,210721 0,000119
februari 0,061875 0,000230
feder 1,021651 0,000115
federico 2,659260 0,000300
fedora 2,659260 0,002698
fee 1,714798 0,000387
feedback 1,309333 0,000295
fiddl 3,506558 0,000395
figur 1,272966 0,000287
file 0,446287 0,000503
fileperman -0,009950 -0,000001
filespeci -0,009950 -0,000001
filesystem 2,407946 0,000271
film 1,386294 0,000469
final 0,494296 0,000167
find 0,371064 0,000084
fip 3,218876 0,000363
fire 1,560648 0,000176
firefox 1,771957 0,000400
firemonkei 3,912023 0,000441
firm 1,171183 0,000132
firmwar 2,207275 0,000747
first 0,020203 0,000027
fit 1,203973 0,000136
fix 0,385662 0,000043
fledgl 3,912023 0,000441
flight 1,832581 0,000207
flock 2,207275 0,000249
floppi 3,506558 0,000395
floppyfw 3,506558 0,000395
fltk 3,912023 0,000441
focu 0,755023 0,000170
focus 0,653926 0,000074
follow 0,072571 0,000033
fopen 3,506558 0,000395
forb 1,427116 0,000161
forbad 3,912023 0,000441
forbid 2,813411 0,000317
forecast 1,078810 0,000122
forens 2,207275 0,000249
foresight 2,813411 0,000317
forget 2,659260 0,000300
fork 1,203973 0,000679
form 0,072571 0,000033
format 0,634878 0,000573
formerli 1,309333 0,000295
fortran 1,560648 0,000528
fortunebusinessinsight 3,912023 0,000441
forum 1,203973 0,000407
foss 1,966113 0,000222
found 0,274437 0,000155
foundat -0,009950 -0,000022
fourdan 3,912023 0,000441
framework 0,287682 0,000065
fran 0,223144 0,000025
franc 1,427116 0,000161
franca 1,609438 0,000181
freak 3,506558 0,000395
freax 3,912023 0,001323
free -0,009950 -0,000064
freebas 3,912023 0,000441
freebsd 1,897120 0,001069
freed 2,995732 0,000338
freedom 1,609438 0,000363
freedombox 3,506558 0,000395
freedomhec 3,912023 0,000441
freeli 1,966113 0,000665
freespir 3,506558 0,000395
frequent 0,916291 0,000207
fresh 2,120264 0,000239
front 1,078810 0,000365
frugalwar 3,506558 0,000395
fruition 3,218876 0,000363
frustrat 2,813411 0,000317
fsf 3,912023 0,002646
ftp 2,040221 0,000460
full 0,371064 0,000042
fulli 0,616186 0,000069
fun 2,659260 0,001199
function 0,030459 0,000010
fund 0,941609 0,000106
fundament 0,478036 0,000054
funet 3,506558 0,000395
further 0,139262 0,000031
fvwm 3,912023 0,000441
gain 0,616186 0,000139
galassi 3,912023 0,000441
galli 3,912023 0,000441
gamba 3,506558 0,000395
game 0,478036 0,000377
gamer 3,218876 0,000363
gardin 3,218876 0,000363
garfinkel 3,912023 0,000441
garrett 2,995732 0,000338
gartner 2,302585 0,000519
garuda 3,506558 0,000395
gazett 3,506558 0,000395
gcc 2,659260 0,002099
gdp 2,207275 0,000249
geani 3,506558 0,000395
geckolinux 3,506558 0,000395
gene 2,040221 0,000230
gener -0,009950 -0,000021
gentoo 2,995732 0,001013
german 1,386294 0,000313
germani 1,560648 0,000176
get 0,430783 0,000194
getfedora 3,912023 0,000441
getti 3,218876 0,000363
gfortran 3,912023 0,000441
giant 1,660731 0,000187
gica 3,506558 0,000395
gigabuck 3,912023 0,000441
gimp 3,912023 0,000441
gist 3,506558 0,000395
git 2,207275 0,000995
github 1,078810 0,000365
give 0,446287 0,000050
given 0,261365 0,000029
glbasic 3,912023 0,000441
glibc 3,218876 0,001452
global 0,446287 0,000252
glyn 3,506558 0,000395
gnewsens 3,506558 0,000395
gnome 2,302585 0,002336
gnu 1,272966 0,014064
gnulinex 3,912023 0,000441
gnustep 3,506558 0,000395
gnv 3,218876 0,000363
go 1,237874 0,000279
goal 0,562119 0,000063
gobolinux 3,506558 0,000395
gobuntu 3,506558 0,000395
gomez 2,813411 0,000317
gone 2,207275 0,000249
good 0,616186 0,000208
googl 0,579818 0,000458
gordon 1,966113 0,000222
govern 0,544727 0,000307
gpl 2,120264 0,003825
gplv 3,218876 0,001089
gracefulli 3,506558 0,000395
gradual 1,560648 0,000176
grapheneo 3,506558 0,000395
graphic 0,733969 0,001076
grati 2,995732 0,000338
greatest 1,897120 0,000428
greg 2,120264 0,000478
grep 2,813411 0,000952
grew 1,386294 0,000469
grievanc 3,506558 0,000395
groovi 2,407946 0,000271
gross 2,120264 0,000239
group 0,186330 0,000189
grow 0,653926 0,000147
growth 0,733969 0,000248
grub 3,506558 0,000395
gtk 2,659260 0,000899
guadalinex 3,912023 0,000441
guardian 1,560648 0,000176
gui 1,309333 0,000886
guid 0,287682 0,000227
guidelin 1,237874 0,000140
guil 3,912023 0,000882
guix 3,506558 0,000395
gut 3,912023 0,000441
hack 1,203973 0,000136
hacker 1,309333 0,000148
hafrikaansalemannisch 3,912023 0,000441
hak 1,897120 0,000214
hal 2,040221 0,000230
half 1,108663 0,000250
hall 0,653926 0,000074
han 1,897120 0,000214
handl 0,415515 0,000187
handylinux 3,506558 0,000395
harald 3,218876 0,000726
hardwar 0,579818 0,001438
harpercollin 3,218876 0,000363
hartman 3,218876 0,000726
haskel 1,514128 0,000171
hat 1,966113 0,002438
havoc 3,912023 0,000441
header 1,714798 0,000193
health 0,994252 0,000112
heather 2,659260 0,000300
heiko 3,506558 0,000395
heinz 2,525729 0,000285
held 1,237874 0,000140
helicopt 2,813411 0,000317
help 0,174353 0,000039
helplearn -0,009950 -0,000001
helsinki 2,813411 0,001586
here 0,301105 0,000034
hererel -0,009950 -0,000001
hewlett 2,659260 0,000300
hexagon 3,218876 0,000363
hide -0,009950 -0,000004
high 0,223144 0,000075
higher 0,430783 0,000049
highli 0,867501 0,000196
highlight 1,309333 0,000148
hill 0,867501 0,000098
himanshu 3,912023 0,000441
hio 3,506558 0,000395
histori -0,009950 -0,000020
hiveloc 3,912023 0,000441
hobbi 3,218876 0,000363
hobbyist 2,525729 0,000569
hold 0,579818 0,000196
holder 1,897120 0,000642
hollywood 3,506558 0,000791
home 0,616186 0,000208
hornjoserbscehrvatskiidobahasa 3,218876 0,000363
host 0,755023 0,000255
hot 1,966113 0,000222
hotspot 2,995732 0,000338
how 0,072571 0,000049
howev 0,094311 0,000085
howstuffwork 2,813411 0,000317
hoyer 3,912023 0,000441
hpl 3,912023 0,000882
html 1,078810 0,000122
http -0,009950 -0,000001
huge 1,660731 0,000187
humbl 3,912023 0,000441
hundr 1,237874 0,000140
hurd 2,995732 0,000675
hut 3,912023 0,000441
hybrid 1,139434 0,000128
hyperbola 3,506558 0,000395
hyperosarch 3,506558 0,000395
hyprland 3,912023 0,000441
hyundai 2,813411 0,000317
ian 1,347074 0,000152
ib 3,506558 0,000395
ibm 0,693147 0,000938
icaza 3,912023 0,000441
idc 2,813411 0,000952
idg 2,407946 0,000271
illumo 2,995732 0,000338
imag 0,494296 0,000056
imagesarticl 2,995732 0,000338
immunix 3,506558 0,000395
impact 0,544727 0,000061
implement 0,105361 0,000178
import 0,162519 0,000018
impract 2,813411 0,000317
improv 0,150823 0,000051
ina 0,356675 0,000040
inasloven 0,616186 0,000069
inc -0,009950 -0,000007
inch 3,506558 0,000395
includ 0,000000 0,000000
incomplet 1,966113 0,000222
incorpor 0,755023 0,000085
increas 0,287682 0,000032
increasingli 0,776529 0,000175
independ 0,527633 0,000178
index -0,009950 -0,000002
india 1,171183 0,000264
indian 1,771957 0,000200
indic 0,356675 0,000080
indirectli 1,771957 0,000200
individu 0,314711 0,000177
indonesiainterlingua 1,660731 0,000187
industri 0,356675 0,000241
inexpens 2,207275 0,000498
influenc 0,579818 0,000065
inform 0,061875 0,000014
informationcit -0,009950 -0,000001
infoworld 1,609438 0,000363
infrastructur 0,673345 0,000228
ingenu 3,218876 0,000363
ingo 3,218876 0,000363
init 2,995732 0,000675
initi 0,235722 0,000239
inmultilingualsupport 3,912023 0,000441
inod 2,813411 0,000317
input 0,634878 0,000286
inshan 3,912023 0,000441
insid 0,579818 0,000131
inspur 3,506558 0,000395
instal 0,994252 0,001457
instead 0,301105 0,000034
institut 0,446287 0,000302
instruct 1,108663 0,000125
integr 0,174353 0,000079
intel 1,609438 0,001814
intellig 0,510826 0,000115
intelligenc 3,912023 0,000441
intend 0,478036 0,000216
inter 1,966113 0,000222
interact 0,356675 0,000121
interfac 0,494296 0,001003
interfacemost 3,912023 0,000441
interim 2,525729 0,000285
interix 3,218876 0,000363
intern 0,040822 0,000018
internationalviafgndnationalunit 2,813411 0,000317
internet 0,462035 0,000260
interoper 1,609438 0,000181
interpret 0,579818 0,000065
interrupt 1,609438 0,000181
interview 1,427116 0,000161
introduc 0,210721 0,000024
introduct 0,210721 0,000048
invent 1,021651 0,000115
inventionsfre 3,912023 0,000441
io 1,660731 0,000562
ioctl 3,506558 0,000395
iod 3,218876 0,000363
ipado 2,525729 0,000285
ipapag 3,912023 0,000441
ipc 2,659260 0,000600
irc 2,659260 0,000300
irix 3,218876 0,000363
iron 1,966113 0,000222
isa 2,995732 0,000338
isbn 0,051293 0,000052
isc 2,995732 0,000338
iso 1,309333 0,000148
isplattd 2,120264 0,000239
issu 0,314711 0,000177
ital 2,207275 0,000249
item -0,009950 -0,000001
itself 0,342490 0,000193
itwir 3,912023 0,000441
jake 2,659260 0,000300
jane 2,407946 0,000271
januari 0,083382 0,000263
jason 1,771957 0,000200
java 0,891598 0,000201
jawa 1,560648 0,000176
jeff 1,560648 0,000176
jeffrei 1,514128 0,000171
jen 2,525729 0,000285
jike 3,912023 0,000441
jim 1,514128 0,000341
jimenez 3,912023 0,000441
jo 2,407946 0,000271
job 1,171183 0,000264
joe 1,771957 0,000599
johnston 3,218876 0,000363
join 1,386294 0,000156
jon 1,514128 0,000171
jonathan 1,347074 0,000152
jone 1,386294 0,000313
jono 3,912023 0,000441
jorg 2,995732 0,000338
journal 0,186330 0,000105
juan 2,207275 0,000249
jul 3,506558 0,000395
juli 0,127833 0,000375
jump -0,009950 -0,000001
june 0,094311 0,000298
jupit 3,912023 0,000441
jurix 3,506558 0,000395
just 0,328504 0,000111
jvm 2,659260 0,000600
kaff 3,912023 0,000441
kai 1,966113 0,000222
kaio 3,218876 0,000363
kaisen 3,506558 0,000395
kali 3,506558 0,000395
kanotix 3,506558 0,000395
kao 2,995732 0,000338
karen 2,040221 0,000230
kasz 2,995732 0,000338
kateo 3,506558 0,000395
kde 3,506558 0,002372
kdevelop 3,912023 0,000441
keep 0,733969 0,000165
kei 0,314711 0,000177
keith 2,207275 0,000498
kel 2,813411 0,000317
ken 1,966113 0,000443
kerala 3,218876 0,000726
kernel 1,171183 0,012280
kernelarchitectur 2,995732 0,000338
kerrisk 3,506558 0,000395
khan 2,302585 0,000260
kind 0,673345 0,000076
kiswahili 1,771957 0,000200
kit 1,714798 0,000193
klaava 3,912023 0,001323
klibc 3,912023 0,000441
knit 3,912023 0,000441
knoppix 3,506558 0,000395
know 0,653926 0,000147
known 0,127833 0,000072
koliva 3,912023 0,000441
komodo 2,813411 0,000317
kongoni 3,506558 0,000395
kooyman 3,912023 0,000441
korea 1,771957 0,000400
korora 3,506558 0,000395
kotlin 1,897120 0,000214
krane 3,912023 0,000441
krei 3,218876 0,000363
kroah 3,506558 0,000791
kubuntu 3,506558 0,000395
kuhn 2,407946 0,000271
kulkarni 2,813411 0,000317
kurz 3,912023 0,000441
kwin 3,912023 0,000882
kwort 3,506558 0,000395
kylin 3,506558 0,000395
kylix 3,912023 0,000441
lab 1,171183 0,000396
laboratori 1,309333 0,000148
lack 0,544727 0,000061
lalingua 3,218876 0,000363
lamp 3,218876 0,000726
landlei 3,912023 0,000441
languag -0,009950 -0,000024
laptop 2,120264 0,000478
larg 0,127833 0,000072
larger 0,941609 0,000212
largest 1,108663 0,000250
last -0,009950 -0,000002
later 0,223144 0,000252
latest 0,994252 0,000224
latinalatvi 1,203973 0,000136
latter 0,916291 0,000103
launch 0,941609 0,000318
laundri 3,912023 0,000441
law 0,653926 0,000147
layer 0,713350 0,000161
lazaru 3,506558 0,000791
lazzareschi 3,912023 0,000441
lead 0,287682 0,000130
leap 2,659260 0,000300
learn 0,162519 0,000073
least 0,527633 0,000178
leav 1,078810 0,000122
led 0,446287 0,000050
leen 3,912023 0,000441
left 0,916291 0,000103
legal -0,009950 -0,000004
leiva 3,912023 0,000441
lemmk 3,912023 0,000441
lennart 3,218876 0,000363
less 0,430783 0,000097
lesser 2,659260 0,000300
leung 3,912023 0,000441
level 0,083382 0,000038
levin 2,813411 0,000317
lgpl 2,659260 0,000600
liam 2,813411 0,000634
liberti 2,407946 0,000271
libr 2,659260 0,000600
libranet 3,506558 0,000395
librari 0,356675 0,000965
libreoffic 3,218876 0,000363
licens -0,009950 -0,000052
licensegplv 3,912023 0,000441
life 0,653926 0,000074
light 1,049822 0,000118
lightweight 1,609438 0,000544
ligurel 3,506558 0,000395
like 0,051293 0,000093
likework 3,912023 0,000441
lilo 3,912023 0,000441
limit 0,186330 0,000063
lin 1,660731 0,000562
line 0,261365 0,000236
linh 3,218876 0,000363
link -0,009950 -0,000008
linker 2,995732 0,000338
linkpag -0,009950 -0,000001
linksvay 3,912023 0,000441
linpu 3,506558 0,000395
linu 2,659260 0,008095
linux 0,916291 0,044936
linuxchix 3,912023 0,000441
linuxgizmo 3,912023 0,000441
linuxmovi 3,912023 0,000441
linuxquest 3,912023 0,000441
linuxtl 3,506558 0,000395
linuxtux 3,912023 0,000441
linuxtv 3,912023 0,000882
linuxus 3,912023 0,000441
liquid 1,771957 0,000200
lisp 1,386294 0,000313
list 0,051293 0,000116
listc 2,302585 0,000519
lite 2,302585 0,000260
live 0,733969 0,000248
llc 1,714798 0,000387
llvm 2,407946 0,000543
lmi 3,912023 0,001323
lnorsk 0,653926 0,000074
lo 2,207275 0,000498
load 0,891598 0,000201
loadabl 2,813411 0,000634
loader 2,207275 0,000249
local 0,314711 0,000106
localtim 3,912023 0,000441
locat 0,527633 0,000119
lock 1,309333 0,000295
log -0,009950 -0,000002
logicmonitor 3,912023 0,000441
login 1,966113 0,000222
logo 1,771957 0,000400
lojban 2,659260 0,000300
lombardmagyar 1,832581 0,000207
long 0,287682 0,000162
longer 0,755023 0,000170
look 0,478036 0,000054
loongarch 3,912023 0,000441
loongson 3,912023 0,000441
loos 1,609438 0,000181
lot 1,386294 0,000156
loui 1,771957 0,000200
love 2,302585 0,000260
low 0,478036 0,000162
lsb 3,506558 0,000395
ltd 1,203973 0,000136
lubuntu 3,506558 0,000395
lug 3,912023 0,000882
lugradio 3,912023 0,000441
lui 2,659260 0,000300
lvm 3,912023 0,000441
lwn 2,659260 0,000899
lxde 3,912023 0,000441
lxle 3,506558 0,000395
lynxo 3,218876 0,000363
lyon 2,813411 0,000317
mac 1,237874 0,000558
macdonald 3,218876 0,000363
machin 0,040822 0,000014
machten 3,218876 0,000363
macintosh 2,813411 0,000317
maco 1,660731 0,000562
made 0,186330 0,000147
magazin 0,755023 0,000681
mage 3,506558 0,000395
mageia 3,506558 0,000395
magic 2,302585 0,000260
mail 1,203973 0,000950
main -0,009950 -0,000012
mainfram 2,207275 0,001493
mainli 1,021651 0,000115
mainstream 1,832581 0,000207
maint 0,798508 0,000360
maintain 0,400478 0,000361
major 0,223144 0,000126
make 0,061875 0,000042
makefil 3,506558 0,000395
maker 1,771957 0,000400
maketecheasi 3,912023 0,000441
mako 3,506558 0,000395
malagasym 3,912023 0,000441
malloc 3,506558 0,000395
malwar 1,897120 0,000214
man 0,843970 0,000095
manag 0,105361 0,000333
managementconcept 2,995732 0,000338
mandat 1,714798 0,000193
mandrak 3,506558 0,000395
mandriva 3,506558 0,000395
mani 0,061875 0,000188
manifesto 2,302585 0,000260
manjaro 3,218876 0,000363
manual 0,994252 0,000112
manufactur 1,171183 0,000396
map 0,616186 0,000139
mapper 2,407946 0,000271
mar 2,120264 0,000478
marc 1,771957 0,000200
march 0,116534 0,000368
mari 1,347074 0,000152
marjanov 3,912023 0,000441
mark 0,261365 0,000236
market 0,446287 0,001811
marketshar 3,912023 0,000441
marshmallow 3,506558 0,000395
mascot 2,302585 0,000519
massachusett 1,514128 0,000171
match 0,400478 0,000045
mate 2,995732 0,000675
mathemat 0,616186 0,000069
matt 1,609438 0,000181
matter 1,049822 0,000237
matthew 1,560648 0,000352
matthia 2,525729 0,000285
matur 1,560648 0,000176
mcallist 2,813411 0,000317
mcc 3,218876 0,000363
mcilroi 3,506558 0,000395
mcmillan 3,218876 0,000363
mcpherson 3,218876 0,000363
mdy 1,514128 0,000171
mean 0,083382 0,000056
meanwhil 2,207275 0,000249
measur 0,371064 0,000209
measuringworth 3,912023 0,000882
media 0,139262 0,000047
medium 1,171183 0,000132
meego 3,218876 0,000363
meeker 3,912023 0,000441
meet 0,527633 0,000059
melayu 0,820981 0,000093
membership 1,771957 0,000200
memcpi 3,912023 0,000441
memori 0,562119 0,000507
menu -0,009950 -0,000002
mer 2,995732 0,000338
merced 3,506558 0,000395
merg 1,514128 0,000171
mesa 3,218876 0,000726
messag 0,400478 0,000045
meta 1,386294 0,000156
methodolog 0,994252 0,000112
michael 0,385662 0,000130
microblaz 3,912023 0,000441
microcomput 2,813411 0,000634
microkernel 2,407946 0,000271
microprocessor 2,407946 0,000814
microsoft 0,579818 0,000523
microsystem 1,897120 0,001069
microvax 3,912023 0,000441
mid 0,994252 0,000112
migrat 1,427116 0,000161
miguel 3,506558 0,000791
mike 1,237874 0,000140
militari 1,469676 0,000166
miller 1,469676 0,000331
million 0,843970 0,000571
mind 1,347074 0,000152
minicomput 2,995732 0,000338
minim 0,579818 0,000065
minimalist 2,813411 0,000317
minist 2,407946 0,000271
minix 2,813411 0,006026
minor 1,309333 0,000148
mint 2,659260 0,000600
mip 2,995732 0,000338
miracl 2,995732 0,000338
mit 0,776529 0,000263
miui 3,218876 0,000363
mk 3,218876 0,000363
mlinux 3,506558 0,000395
mmap 3,912023 0,000441
mo 2,525729 0,000285
mobil -0,009950 -0,000012
mobilinux 3,218876 0,000363
mock 3,506558 0,000395
mode 0,755023 0,000255
model 0,116534 0,000066
modelopen 3,506558 0,000395
modern 0,314711 0,000035
modif 1,386294 0,000156
modifi 0,527633 0,000178
modul 0,820981 0,000463
modular 1,427116 0,000161
moln 3,218876 0,000363
monei 1,171183 0,000132
mono 2,407946 0,000271
monodevelop 3,506558 0,000395
monolith 2,659260 0,000899
monopoli 2,302585 0,000260
monthli 1,609438 0,000181
moodi 3,912023 0,000441
mordor 3,506558 0,000395
mordorintellig 3,912023 0,000441
more 0,010050 0,000018
morton 2,995732 0,000338
most 0,040822 0,000106
motion 1,771957 0,000200
move -0,009950 -0,000009
movement 1,108663 0,000500
movi 1,897120 0,000214
mozilla 1,514128 0,000341
mpl 2,995732 0,000338
much 0,400478 0,000090
multikernel 2,995732 0,000338
multilevel 2,659260 0,000300
multipl 0,094311 0,000032
multitask 2,120264 0,000239
murdock 3,506558 0,000395
muse 3,506558 0,000395
music 1,309333 0,000148
musix 3,506558 0,000395
musl 3,506558 0,001186
mutat 2,302585 0,000779
mutter 3,912023 0,000882
naiv 2,659260 0,000300
name 0,162519 0,000421
nano 2,207275 0,000249
nasa 1,897120 0,000214
nation 0,527633 0,000119
nativ 1,078810 0,000122
natti 3,912023 0,000441
natur 0,356675 0,000080
navig -0,009950 -0,000001
near 1,171183 0,000264
nearli 1,139434 0,000257
necessari 0,616186 0,000139
nederlandsnedersaksi 2,995732 0,000338
need 0,030459 0,000021
neil 1,771957 0,000200
neon 2,813411 0,000317
net 0,385662 0,000304
netbean 2,525729 0,000285
netbook 3,506558 0,001186
netbsd 2,525729 0,000569
netfilterlinux 3,912023 0,000441
netmarketshar 3,912023 0,000441
netovep 2,813411 0,000317
network 0,127833 0,000144
neutral 1,771957 0,000200
new 0,010050 0,000010
newer 1,309333 0,000148
newest 2,995732 0,000338
newsgroup 2,525729 0,002278
next 0,400478 0,000045
nextstep 3,218876 0,000363
nexu 3,506558 0,000395
nich 3,218876 0,000363
nichol 2,525729 0,000854
nimblex 3,506558 0,000395
nio 2,995732 0,000338
nixo 3,506558 0,000395
nobara 3,506558 0,000395
nobodi 3,506558 0,000395
nomin 2,302585 0,000260
non -0,009950 -0,000007
norm 1,966113 0,000222
norsk 0,342490 0,000039
north 1,309333 0,000295
not 0,000000 0,000000
notabl 0,616186 0,000347
note 0,150823 0,000068
notebook 3,506558 0,000395
nova 2,813411 0,000317
novala 3,506558 0,000395
novel 1,771957 0,000200
novemb 0,150823 0,001003
now 0,274437 0,000124
nskisoomaaliga 2,995732 0,000338
nugget 3,506558 0,000395
number 0,040822 0,000055
numer 0,430783 0,000243
nynorskoccitan 1,897120 0,000214
object 0,174353 0,000059
oblig 1,832581 0,000413
obtain 0,733969 0,000165
ocel 3,912023 0,000441
oct 2,302585 0,000260
octob 0,139262 0,000801
off 0,673345 0,000228
offer 0,248461 0,000084
offic 0,733969 0,000165
offici 0,653926 0,000221
often 0,127833 0,000043
old 0,994252 0,000224
older 1,237874 0,000140
oldid -0,009950 -0,000001
olesperantoeuskara 0,510826 0,000058
olivi 2,995732 0,000338
omarchi 3,506558 0,000395
omnirom 3,506558 0,000395
onc 0,527633 0,000119
onli 0,051293 0,000058
onlin 0,415515 0,000094
onward 2,207275 0,000249
onyx 3,912023 0,000441
oop 3,506558 0,000395
open 0,150823 0,000612
openbsd 2,525729 0,000569
openelec 3,506558 0,000395
openlinux 3,506558 0,000395
openmandriva 3,506558 0,000395
openprint 3,912023 0,000441
openrc 3,912023 0,000882
openrisc 3,912023 0,000441
openserv 3,218876 0,000363
opensolari 2,995732 0,000338
opensourc 2,659260 0,000899
opensus 3,218876 0,001089
oper 0,010050 0,000096
operatingsystemsbsd 3,218876 0,000363
optim 0,415515 0,000047
option 0,527633 0,000059
oracl 1,078810 0,000243
orbit 2,207275 0,000249
org -0,009950 -0,000030
organ -0,009950 -0,000007
organis 1,560648 0,000176
orgarticl 3,912023 0,000441
ori 3,218876 0,000363
orient 0,653926 0,000221
origin -0,009950 -0,000179
osf 2,813411 0,000317
osgentoo 3,506558 0,000395
oss 2,995732 0,000675
ossanna 3,506558 0,000395
ost 3,912023 0,000441
other -0,009950 -0,000046
othero 3,912023 0,000441
otherwis 1,108663 0,000125
out 0,261365 0,000118
outlaw 2,813411 0,000317
outlin 0,562119 0,000063
outlook 2,207275 0,000249
output 0,597837 0,000067
ovensfe 3,912023 0,000441
over 0,094311 0,000085
overal 0,967584 0,000109
overview 0,616186 0,000417
own 0,314711 0,000284
packag 0,776529 0,001313
packard 2,407946 0,000543
packt 2,120264 0,000239
pacman 3,912023 0,000441
page -0,009950 -0,000010
pagecontentscurr -0,009950 -0,000001
pageget -0,009950 -0,000001
pagesus 1,469676 0,000166
pagethi 2,659260 0,000300
pai 1,021651 0,000115
paid 1,560648 0,000176
pamela 2,995732 0,000338
pantheon 3,912023 0,000441
parabola 2,995732 0,000338
paranoid 3,218876 0,000726
parrot 2,302585 0,000260
parsix 3,506558 0,000395
part 0,072571 0,000090
parti 0,616186 0,000278
particl 2,407946 0,000271
particularli 0,597837 0,000067
partit 1,347074 0,000152
partli 2,120264 0,000239
pascal 1,347074 0,000607
pascalabc 3,912023 0,000441
pase 3,218876 0,000363
patent 1,203973 0,000271
patrick 1,714798 0,000387
pattern 0,494296 0,000056
paul 0,544727 0,000061
pc 2,407946 0,000543
pclinuxo 3,506558 0,000791
pda 3,912023 0,000441
pdf 0,139262 0,000094
pdfprintabl -0,009950 -0,000001
peanut 3,218876 0,000363
pedro 2,120264 0,000239
pend 2,120264 0,000478
penguin 2,040221 0,000460
pennington 3,912023 0,000441
pentoo 3,506558 0,000395
peopl 0,356675 0,000040
peppermint 3,506558 0,000395
percent 1,514128 0,000854
peren 3,912023 0,000441
perform 0,040822 0,000009
perhap 1,660731 0,000187
peripher 1,832581 0,000207
perl 1,347074 0,000456
permiss 1,469676 0,000497
permit 1,203973 0,000407
perpetu 2,995732 0,000675
person -0,009950 -0,000008
perspect 0,733969 0,000083
peter 0,446287 0,000151
philip 1,469676 0,000166
philosophi 0,994252 0,000112
phoenix 2,813411 0,000317
phone 1,386294 0,000313
phono 2,525729 0,000285
phoronix 3,218876 0,000726
php -0,009950 -0,000003
pia 3,506558 0,000395
pictur 1,771957 0,000200
piec 1,309333 0,000148
piemont 1,427116 0,000161
pingui 3,506558 0,000395
pioneer 1,272966 0,000144
pixar 3,912023 0,000441
pixelexperi 3,506558 0,000395
place 0,356675 0,000080
placement 2,040221 0,000230
plai 0,713350 0,000080
plain 1,514128 0,000171
plan 0,430783 0,000340
plasma 3,506558 0,001186
platform 0,400478 0,000587
platformsalpha 3,912023 0,000441
platformscross 3,912023 0,000441
platypux 3,506558 0,000395
player 1,469676 0,000166
playstat 2,813411 0,000317
pleas 0,755023 0,000085
poetter 3,912023 0,000441
polici -0,009950 -0,000002
polkitd 3,912023 0,000441
ponat 2,120264 0,000239
pop 1,714798 0,000193
popular 0,400478 0,000903
port 1,272966 0,001148
portabl 1,203973 0,000136
portag 3,912023 0,000441
portal 0,494296 0,000334
portalrec -0,009950 -0,000001
porteu 3,506558 0,000395
portmanteau 3,506558 0,000395
posit 0,616186 0,000069
posix 2,407946 0,002715
possibl 0,186330 0,000021
post 0,478036 0,000216
postmarketo 3,218876 0,000363
potenti 0,371064 0,000460
power 0,261365 0,000206
powerpc 2,813411 0,000634
practic 0,186330 0,000042
precursor 1,832581 0,000413
predat 2,525729 0,000285
predomin 2,995732 0,000338
preemptiv 2,407946 0,000543
prefer 0,798508 0,000270
premier 3,218876 0,000363
presid 1,832581 0,000207
press 0,210721 0,000048
prevent 0,634878 0,000143
previous 0,843970 0,000190
price 0,798508 0,000180
primari 0,527633 0,000059
primarili 0,653926 0,000147
princip 1,237874 0,000140
principl 0,385662 0,000130
print -0,009950 -0,000003
printer 2,525729 0,000285
prioriti 1,609438 0,000181
privaci -0,009950 -0,000002
pro 1,237874 0,000140
probabl 0,843970 0,000095
problem 0,186330 0,000021
procedur 0,867501 0,000098
process 0,051293 0,000075
processor 1,021651 0,000230
produc 0,342490 0,000116
product 0,174353 0,000098
professor 1,660731 0,000187
profit -0,009950 -0,000004
program 0,116534 0,000328
programm 0,693147 0,000078
prohibit 1,714798 0,000580
project -0,009950 -0,000040
projectshidden 3,506558 0,000395
prolifer 1,832581 0,000207
promin 1,237874 0,000140
promis 1,078810 0,000122
promot 0,891598 0,000101
prompt 1,609438 0,000181
pronounc 2,207275 0,000995
pronunciationspag 3,912023 0,000441
propon 2,207275 0,000249
propos 0,510826 0,000115
proprietari 1,171183 0,001320
protect 0,462035 0,000260
protocol 0,527633 0,000178
prove 1,171183 0,000132
proven 1,771957 0,000400
provid 0,061875 0,000105
providex 3,912023 0,000441
provis 1,660731 0,000187
pthread 3,218876 0,000363
pub 2,207275 0,000498
public 0,127833 0,000144
publicli 1,309333 0,000148
publish 0,105361 0,000071
puppi 3,506558 0,000395
purchas 1,139434 0,000257
purebas 3,912023 0,000441
pureo 3,218876 0,000363
purpos 0,248461 0,000140
put 0,755023 0,000170
pw 2,659260 0,000300
pxe 2,995732 0,000338
python 0,916291 0,000517
qnx 2,407946 0,000271
qualifi 2,120264 0,000239
qualiti 0,634878 0,000072
quantit 1,469676 0,000166
qube 3,218876 0,000363
question 0,597837 0,000067
queue 1,660731 0,000187
quick 1,609438 0,000181
quickli 0,891598 0,000101
radio 1,469676 0,000166
ram 1,660731 0,000187
ran 1,966113 0,000222
randal 2,525729 0,000285
randolph 3,218876 0,000363
random 0,693147 0,000078
rang 0,371064 0,000209
rapid 1,203973 0,000136
rapidli 1,514128 0,000341
rapidq 3,912023 0,000441
raspberri 2,525729 0,000285
rate 0,673345 0,000076
rather 0,287682 0,000097
ratpoison 3,912023 0,000441
raymond 1,966113 0,000887
rbaycanca 0,248461 0,000028
reach 0,755023 0,000255
read 0,162519 0,000037
readeditview 0,287682 0,000065
readm 2,995732 0,000338
real 0,210721 0,000071
reason 0,328504 0,000037
rebrand 2,659260 0,000300
receiv 0,400478 0,000045
recent 0,562119 0,000127
recept 2,659260 0,000300
recip 2,525729 0,000285
recipi 2,407946 0,000271
reciproc 2,659260 0,000300
recommend 0,891598 0,000101
record 0,400478 0,000135
red 1,237874 0,002093
redistribut 2,407946 0,000543
refer -0,009950 -0,000009
reg 2,995732 0,000338
regex 3,912023 0,000882
region 1,108663 0,000375
regist -0,009950 -0,000006
regular 0,867501 0,000293
reilli 1,078810 0,000730
reimplement 2,995732 0,000338
reiser 3,912023 0,000441
rel 0,634878 0,000215
relat 0,030459 0,000010
relationship 0,653926 0,000074
releas 0,415515 0,000796
releaseseptemb 3,912023 0,000441
reliabl 0,371064 0,000084
remain 0,400478 0,000090
remix 2,813411 0,000634
remot 0,776529 0,000088
remov 0,301105 0,000068
repetit 2,120264 0,000239
replac 0,494296 0,000446
replic 1,609438 0,000181
report 0,261365 0,000118
repositori 0,994252 0,000448
repositorygit 3,506558 0,000395
repres 0,235722 0,000053
republicgreeceisraelotheridrefelmcip 3,912023 0,000441
reput 1,660731 0,000187
request 0,776529 0,000175
requir 0,051293 0,000029
research 0,223144 0,000025
resort 2,659260 0,000300
resourc 0,248461 0,000056
respect 0,544727 0,000123
respons 0,415515 0,000094
restructur 2,407946 0,000271
result 0,139262 0,000031
resurrect 3,506558 0,000395
retriev -0,009950 -0,000182
reus 1,832581 0,000207
reveal 1,203973 0,000271
review 0,314711 0,000071
revis 1,021651 0,000115
revolut 1,272966 0,000431
revolutionari 2,659260 0,001199
rewritten 1,966113 0,000222
richard 0,733969 0,000414
right 0,314711 0,000106
rigid 2,120264 0,000239
ring 1,966113 0,000222
ripoarischrom 3,218876 0,000363
risc 2,659260 0,000600
rise 0,916291 0,000310
ritchi 2,525729 0,000854
robbin 3,218876 0,000363
robert 0,527633 0,000178
robin 1,714798 0,000387
rock 2,120264 0,000239
rocket 2,120264 0,000239
rocki 3,218876 0,000363
rofi 3,912023 0,000441
role 0,527633 0,000059
roll 1,560648 0,000352
root 0,733969 0,000083
rosa 2,813411 0,000317
round 1,469676 0,000166
rout 1,108663 0,000125
router 1,714798 0,000387
routin 1,897120 0,000214
row 1,714798 0,000193
rowalon 3,218876 0,000363
royalti 2,525729 0,000285
rpm 3,506558 0,000395
rte 3,218876 0,000363
rubi 1,347074 0,000304
rule 0,510826 0,000115
rump 2,407946 0,000271
run 0,248461 0,000728
runa 0,916291 0,000103
runit 3,912023 0,000441
russel 1,897120 0,000214
russian 1,609438 0,000181
rust 1,427116 0,000322
rusti 3,218876 0,000363
rvm 2,813411 0,000317
ryan 1,560648 0,000352
sabayon 3,506558 0,000395
sabili 3,506558 0,000395
safeti -0,009950 -0,000001
sage 2,659260 0,000600
sai 0,616186 0,000208
sailfish 3,218876 0,000363
sale 1,049822 0,000355
salix 3,506558 0,000395
same 0,116534 0,000066
samsung 2,040221 0,000460
samuel 1,714798 0,000193
sanchez 3,218876 0,000363
sandler 3,912023 0,000441
santhanam 3,912023 0,000441
sarduscotsseelterskshqipsicilianu 3,218876 0,000363
scaffold 3,506558 0,000395
scala 2,040221 0,000230
scale 0,371064 0,000084
sch 2,995732 0,000338
schedul 1,021651 0,000230
schedulingalgorithm 2,995732 0,000338
scheme 1,171183 0,000264
school 0,867501 0,000196
schwartz 2,302585 0,000260
sci 2,120264 0,000239
scienc 0,274437 0,000031
scientif 0,673345 0,000076
scm 2,659260 0,000300
sco 2,813411 0,000952
scratch 1,771957 0,000400
script 0,916291 0,000723
sculpt 3,506558 0,000395
sde 3,506558 0,000395
sdl 2,659260 0,000600
sdlbasic 3,912023 0,000441
search -0,009950 -0,000006
seattl 2,659260 0,000300
sebastopol 2,207275 0,000249
second 0,328504 0,000074
secur 0,274437 0,000340
securitycertif 3,912023 0,000441
sed 3,506558 0,000791
see -0,009950 -0,000012
seek 1,021651 0,000230
seen 0,776529 0,000175
segment 1,108663 0,000125
select 0,371064 0,000084
self 0,478036 0,000054
selinux 3,506558 0,000395
sell 1,139434 0,000642
sendmail 3,912023 0,000441
separ 0,400478 0,000135
septemb 0,150823 0,000561
serenityo 3,218876 0,000363
seri 0,328504 0,000037
serieslinux 3,912023 0,000441
serv 0,713350 0,000080
server 0,597837 0,002292
servic 0,210721 0,000166
set 0,051293 0,000029
settl 2,207275 0,000249
seventi 3,912023 0,000441
sever 0,072571 0,000049
sfml 3,912023 0,000441
shade 2,995732 0,000338
shakti 3,912023 0,000441
share 0,301105 0,001120
sharealik -0,009950 -0,000001
sharp 1,966113 0,000665
shelf 2,659260 0,000300
shell 1,049822 0,002130
shift 1,021651 0,000115
ship 1,272966 0,000287
shipment 2,525729 0,000285
short -0,009950 -0,000003
shorten -0,009950 -0,000001
shortest 2,407946 0,000271
show 0,400478 0,000135
shuah 3,912023 0,000441
shut 2,207275 0,000249
shuttleworth 3,912023 0,000441
sic 2,995732 0,000338
sidebar -0,009950 -0,000004
siever 3,912023 0,000441
sifri 3,912023 0,000441
sight 2,407946 0,000271
signific 0,261365 0,000029
silber 3,912023 0,000441
silicon 2,120264 0,000239
sillysound 3,912023 0,000441
simi 0,755023 0,000085
similar 0,150823 0,000017
simpl 0,150823 0,000051
simpler 1,832581 0,000413
simpli 0,733969 0,000165
simplifi 0,820981 0,000185
simson 3,912023 0,000441
sinc 0,139262 0,000094
singl 0,127833 0,000043
sister 1,386294 0,000313
site -0,009950 -0,000001
situat 0,776529 0,000088
size 0,342490 0,000270
sky 2,995732 0,000338
slackwar 2,995732 0,001013
slax 3,506558 0,000791
sleepycat 2,995732 0,000338
slenskaitaliano 0,562119 0,000063
slightli 1,771957 0,000200
sloven 1,514128 0,000171
slowli 2,525729 0,000285
smack 3,912023 0,000441
small 0,314711 0,000106
smart 1,049822 0,000355
smartphon 2,040221 0,001380
smbd 3,912023 0,000441
smith 1,139434 0,000257
social 0,510826 0,000058
softland 3,506558 0,000395
softpedia 3,506558 0,000395
softwar 0,127833 0,001268
softwarecomput 3,506558 0,000395
softwarefinnish 3,912023 0,000441
softwaregener 2,995732 0,000338
softwarepackag 2,995732 0,000338
solar 2,813411 0,000317
solari 2,207275 0,000249
sold 1,347074 0,000152
solu 3,506558 0,000395
solut 0,478036 0,000108
solydxk 3,506558 0,000395
some 0,040822 0,000060
someon 1,832581 0,000207
someth 1,347074 0,000152
sometim 0,301105 0,000034
soni 2,525729 0,000569
sophist 1,203973 0,000136
sort 1,309333 0,000148
sought 1,966113 0,000222
sourc 0,094311 0,000564
sourceiniti 3,912023 0,000441
space 0,415515 0,000328
spacecraft 2,659260 0,000300
spacex 3,506558 0,000395
spafford 3,506558 0,000395
spain 2,207275 0,000249
sparc 2,525729 0,000285
sparkylinux 3,506558 0,000395
special 0,235722 0,000053
specif 0,051293 0,000064
spin 2,120264 0,000239
splashtop 3,506558 0,000395
splice 3,912023 0,000441
split 1,139434 0,000128
sponsor 1,714798 0,000387
spread 1,171183 0,000132
springer 0,527633 0,000059
sqaraqalpaqsha 1,386294 0,000156
srpskisrpskohrvatski 0,510826 0,000058
sshd 3,912023 0,000441
stabl 0,867501 0,000098
stack 0,843970 0,000476
stackoverflow 2,995732 0,000338
staff 1,469676 0,000166
stahe 3,912023 0,000441
stai 1,771957 0,000200
stall 2,040221 0,000230
stallman 3,218876 0,002540
stan 2,813411 0,000317
stand 1,078810 0,000122
standalon 2,525729 0,000285
standard 0,094311 0,000202
stanford 1,309333 0,000295
star 1,609438 0,000544
start 0,261365 0,000206
stat 1,771957 0,001398
statcount 2,659260 0,001199
state 0,083382 0,000113
statecurrentsourc 3,218876 0,000363
statement -0,009950 -0,000015
statementsarticl 0,544727 0,000123
statesfrancebnf 0,510826 0,000058
static 1,272966 0,000144
statist -0,009950 -0,000011
statusthi 2,659260 0,000300
steam 2,407946 0,000271
steamo 3,218876 0,001089
step 0,713350 0,000080
stephen 0,843970 0,000095
steve 1,078810 0,000122
steven 0,867501 0,000293
still 0,342490 0,000116
storag 0,430783 0,000097
stori 1,237874 0,000279
storm 2,207275 0,000249
stratecheri 3,912023 0,000441
strategi 0,733969 0,000083
strategist 3,506558 0,000395
strauss 3,506558 0,000395
stream 0,733969 0,000083
strike 2,302585 0,000260
student 1,049822 0,000237
studi 0,314711 0,000248
studio 1,609438 0,000726
style 0,941609 0,000106
styliz 3,506558 0,000395
su 2,120264 0,000956
sub 1,021651 0,000115
sublicens 3,506558 0,002767
subroutin 2,995732 0,000338
subsect 0,020203 0,000007
subsystem 2,207275 0,001742
subtli 3,912023 0,000441
succe 2,407946 0,000271
success 0,494296 0,000223
successfulli 1,427116 0,000161
such 0,000000 0,000000
suggest 0,820981 0,000093
suit 0,891598 0,000201
summari 1,469676 0,000166
summer 1,427116 0,000161
sun 1,237874 0,000977
suno 2,407946 0,000543
sunwah 3,506558 0,000395
suomisvenskatagalog 1,171183 0,000132
supercomput 1,897120 0,001711
supercomputersavail 3,912023 0,000441
superh 3,912023 0,000441
supplier 1,832581 0,000207
support 0,150823 0,000476
surfac 1,469676 0,000166
surfacefling 3,506558 0,000395
surpass 1,897120 0,000214
survei 0,462035 0,000052
suse 2,813411 0,002855
swai 3,506558 0,000395
swapnil 3,912023 0,000441
swiss 2,040221 0,000230
switch 0,916291 0,000207
sylviu 3,912023 0,000441
symbiot 3,912023 0,000441
sysadmin 3,506558 0,000395
syscal 3,912023 0,000441
syslinux 3,912023 0,000441
system 0,010050 0,000194
systemd 3,506558 0,001186
systemkernel 3,912023 0,000441
systemrescu 3,506558 0,000395
systemsgener 2,813411 0,000317
systemsunix 3,912023 0,000441
sysvinit 3,912023 0,000441
tabl -0,009950 -0,000002
tablet 1,832581 0,001033
tactic 2,813411 0,000317
tail 1,966113 0,000222
tailor 1,966113 0,000222
take 0,210721 0,000095
taken 0,867501 0,000196
talk 1,108663 0,000125
tanenbaum 3,506558 0,002372
tape 1,897120 0,000214
taqbaylit 1,897120 0,000214
tarbal 3,912023 0,000441
target 0,462035 0,000208
targetcloud 3,912023 0,000441
task 0,415515 0,000094
taskbar 3,506558 0,000395
tatar 1,272966 0,000144
taylor 1,203973 0,000136
team 0,634878 0,000143
tech 0,843970 0,000666
technic 0,478036 0,000162
technica 1,347074 0,000304
technolog 0,116534 0,000105
technologist 2,995732 0,000338
tecmint 3,912023 0,000441
telecommun 1,347074 0,000152
televis 1,514128 0,000683
term -0,009950 -0,000008
termin 0,941609 0,000318
tesla 2,207275 0,000249
test 0,248461 0,000056
tetuntoki 3,506558 0,000395
text -0,009950 -0,000010
textbook 1,714798 0,000193
than 0,072571 0,000098
thank 2,207275 0,000249
that 0,000000 0,000000
theme 2,040221 0,000230
themselv 0,843970 0,000190
then 0,116534 0,000039
theodor 2,813411 0,000317
there 0,051293 0,000046
therefor 0,478036 0,000108
these 0,040822 0,000009
thi -0,009950 -0,000030
thibodeau 3,912023 0,000441
think 1,049822 0,000237
third 0,342490 0,000193
thompson 1,714798 0,000580
those 0,235722 0,000080
though 0,544727 0,000061
thousand 1,386294 0,000625
thread 1,386294 0,000156
three 0,287682 0,000032
throughout 1,078810 0,000243
tiemann 3,912023 0,000441
tile 2,813411 0,000634
tim 0,867501 0,000196
time 0,000000 0,000000
timelin 0,733969 0,000331
timothe 3,912023 0,000441
tinacorsucymraegdansk 3,506558 0,000395
tini 2,407946 0,000271
titan 2,659260 0,000600
titl -0,009950 -0,000001
tivo 3,912023 0,000441
tivoiz 2,995732 0,000338
tizen 3,218876 0,000363
todai 0,693147 0,000234
togeth 0,579818 0,000261
toggl -0,009950 -0,000006
tomoyo 3,912023 0,000441
too 0,634878 0,000072
took 1,237874 0,000140
tool -0,009950 -0,000009
toolchain 2,525729 0,000569
toolkit 1,427116 0,000965
top -0,009950 -0,000013
topic -0,009950 -0,000004
topologilinux 3,506558 0,000395
torvald 2,659260 0,012592
torvaldsoper 3,912023 0,000441
torvaldswritten 3,912023 0,000441
total 0,673345 0,000152
touch 2,040221 0,000230
tough 2,813411 0,000317
toward 0,713350 0,000080
toybox 3,218876 0,002540
toyota 2,813411 0,000317
tozzi 3,912023 0,000882
trademark -0,009950 -0,000016
tradit 0,544727 0,000184
trail 1,897120 0,000214
train 0,967584 0,000109
tranco 3,912023 0,000441
transfer 0,544727 0,000061
transpar 1,237874 0,000279
tree 0,693147 0,000078
trek 2,813411 0,000317
trend 0,733969 0,000165
tri 1,427116 0,000161
trisquel 3,506558 0,000395
trolltech 3,912023 0,000441
tru 3,218876 0,000363
true 0,776529 0,000088
truelist 3,912023 0,000882
truena 3,506558 0,000395
trust 0,820981 0,000093
tschpolskiportugu 1,832581 0,000207
turbolinux 3,506558 0,000395
ture 1,660731 0,000187
turkix 3,506558 0,000395
turn 0,776529 0,000175
tux 3,912023 0,001323
tuxedo 3,506558 0,000395
tuxedocomput 3,912023 0,000441
tv 2,995732 0,000338
tvo 2,813411 0,000317
tweedi 3,912023 0,000441
twenti 1,897120 0,000214
two 0,083382 0,000038
type 0,051293 0,000029
typemonolithicuserlandutil 3,912023 0,000441
typic 0,186330 0,000084
tzebuergeschlietuvi 1,514128 0,000171
ubuntu 2,407946 0,003801
uclibc 3,218876 0,000726
uclinux 3,912023 0,000882
udevd 3,912023 0,000441
ugi 2,813411 0,000317
ultrix 3,218876 0,000726
unclassifi 3,218876 0,000363
uncom 3,506558 0,000395
under -0,009950 -0,000016
undergo 2,995732 0,000338
understand 0,342490 0,000077
unfit 1,609438 0,000181
unikernel 2,813411 0,000317
unit 0,248461 0,000168
uniti 2,813411 0,000317
univers 0,139262 0,000079
unix 1,469676 0,009610
unixdefaultus 3,912023 0,000441
unixwar 3,218876 0,000363
unlicens 2,525729 0,000285
unlik 0,653926 0,000074
unpaid 3,506558 0,000395
unround 3,912023 0,000882
unsourc 0,446287 0,000101
unsuccessfulli 3,506558 0,000395
until 0,510826 0,000230
uo 3,506558 0,000395
updat 0,342490 0,000463
upload 1,771957 0,000200
upstart 3,912023 0,000441
uptak 3,218876 0,001452
urlc 2,120264 0,000239
urldownload -0,009950 -0,000001
uruk 3,506558 0,000395
usag 0,579818 0,000784
usb 2,302585 0,000260
usenet 2,659260 0,000899
user 0,274437 0,001423
userland 2,813411 0,003172
userlinux 3,506558 0,000395
userspac 3,506558 0,001581
usual 0,198451 0,000022
utc -0,009950 -0,000001
util 0,597837 0,000539
uuk 3,912023 0,001323
uw 2,813411 0,000317
vahcuenghv 3,912023 0,000441
vala 3,218876 0,000363
valeri 3,506558 0,000395
valu 0,162519 0,000018
valv 3,218876 0,000363
vari 0,478036 0,000054
variant 1,139434 0,000385
variantsopen 3,912023 0,000441
varieti 0,616186 0,000278
variou 0,223144 0,000327
vast 1,514128 0,000171
vaughan 2,525729 0,000854
vax 2,407946 0,000271
vectorlinux 3,506558 0,000395
vehicl 1,309333 0,000148
vendor 1,139434 0,000514
veri 0,314711 0,000142
version -0,009950 -0,000019
versu 1,347074 0,000304
vetter 3,912023 0,000441
vger 3,912023 0,000441
via 0,186330 0,000105
video 0,597837 0,000674
view -0,009950 -0,000001
villa 3,506558 0,000395
vim 2,407946 0,000271
vine 3,218876 0,000363
virtual 0,462035 0,000417
vishal 3,218876 0,000363
vision 0,867501 0,000098
visit 1,714798 0,000193
vista 2,813411 0,001269
visual 0,562119 0,000063
vital 2,120264 0,000239
vkernel 2,525729 0,000285
vlamswinaraywolof 3,218876 0,000363
voic 1,514128 0,000171
void 2,207275 0,000498
volkerd 3,912023 0,000441
volunt 2,813411 0,001269
vowel 2,995732 0,000675
vse 3,218876 0,000363
vtecontributor 3,912023 0,000441
vtefre 2,995732 0,000338
vtelinux 2,995732 0,000338
vtelinuxlinux 3,912023 0,000441
vteoper 2,813411 0,000317
vteunix 3,218876 0,000363
vulner 0,994252 0,000112
wai 0,105361 0,000012
want 0,820981 0,000185
washington 1,049822 0,000118
wasn 2,813411 0,000317
watch 1,237874 0,000279
watcho 2,659260 0,000300
waugh 3,506558 0,000395
waybar 3,912023 0,000441
wayland 3,506558 0,005930
wearabl 2,407946 0,000271
web 0,342490 0,000541
websit 0,527633 0,000476
websitekernel 3,912023 0,000441
week 1,171183 0,000132
weil 3,506558 0,000395
well 0,051293 0,000046
welt 3,912023 0,000441
west 1,560648 0,000176
weston 3,912023 0,000441
weta 3,912023 0,000882
what -0,009950 -0,000017
wheeler 2,813411 0,000634
when 0,030459 0,000027
where 0,072571 0,000033
wherea 1,049822 0,000118
whether 0,400478 0,000090
which 0,000000 0,000000
while 0,051293 0,000075
who 0,301105 0,000238
whole 0,916291 0,000413
whonixfedoracentosstream 3,506558 0,000395
whose 0,776529 0,000175
why 0,494296 0,000223
wichtigen 3,912023 0,000441
wide 0,210721 0,000190
widespread 0,994252 0,000112
widget 2,525729 0,001139
wikibooksresourc 1,660731 0,000187
wikidataarticl 1,171183 0,000132
wikidatawikipedia 0,967584 0,000109
wikimedia -0,009950 -0,000002
wikinewsquot 2,659260 0,000300
wikipedia -0,009950 -0,000010
wikipediacontact -0,009950 -0,000001
wikiquotetext 2,525729 0,000285
wikisourcetextbook 2,525729 0,000285
wikivers 1,609438 0,000181
wiktionarymedia 1,660731 0,000187
william 0,616186 0,000069
williamson 2,525729 0,000285
win 1,469676 0,000331
window 0,891598 0,003619
wing 2,659260 0,000300
winux 3,506558 0,000395
wire 0,941609 0,000106
wireless 1,078810 0,000122
within 0,116534 0,000039
without 0,094311 0,000032
woodhul 3,912023 0,000441
word 0,446287 0,000201
work 0,030459 0,000062
workload 1,966113 0,000222
workstat 1,771957 0,001199
world 0,139262 0,000063
worldwid 1,108663 0,000875
wrapper 2,407946 0,000271
wright 1,714798 0,000193
write 0,527633 0,000119
written 0,287682 0,000227
wrote 1,078810 0,000243
wtfpl 2,995732 0,000338
www 0,356675 0,000442
wxbasic 3,912023 0,000441
xandro 3,506558 0,000395
xbasic 3,912023 0,000441
xenix 3,218876 0,000363
xfce 3,912023 0,001764
xfwm 3,912023 0,000441
xiaomi 3,506558 0,000395
xiti 3,912023 0,000441
xitimonitor 3,912023 0,000441
xo 3,506558 0,000395
xojo 3,912023 0,000441
xorg 3,912023 0,000882
xtensakernel 3,912023 0,000441
xubuntu 3,506558 0,000395
yabas 3,912023 0,000441
year 0,162519 0,000165
yellow 2,407946 0,000271
yor 2,040221 0,000230
york 0,371064 0,000084
young 1,897120 0,000214
youtub 1,272966 0,000144
yum 3,912023 0,000441
zazak 3,218876 0,000363
zbekcha 0,462035 0,000052
zdnet 1,560648 0,001232
zeitgeist 3,912023 0,000441
zenwalk 3,506558 0,000395
ziff 2,995732 0,000338
zlib 2,813411 0,000317
zorin 3,506558 0,000395
zsh 3,912023 0,000441
zvezdana 3,912023 0,000441
zypper 3,912023 0,000441
