able 0,733969 0,000083
absolute 1,832581 0,000207
academic 0,755023 0,000085
accepted 1,171183 0,000264
access 0,287682 0,000065
accessible 1,021651 0,000115
accessing 1,386294 0,000156
accidental 2,302585 0,000779
accommodate 2,120264 0,000239
according 0,301105 0,000204
account -0,009950 -0,000002
accounts 1,171183 0,000132
achieve 0,843970 0,000095
achieving 1,897120 0,000214
acm 0,776529 0,000088
acquisitions 2,120264 0,000239
actions -0,009950 -0,000001
activestate 3,912023 0,000441
acts 1,714798 0,000193
ada 1,660731 0,000187
adapt 1,771957 0,000200
add -0,009950 -0,000001
added 0,415515 0,000047
additional -0,009950 -0,000003
additionally 0,967584 0,000218
adds 1,203973 0,000136
adhere 2,207275 0,000249
admin 2,995732 0,000338
administer 3,218876 0,000363
administered 2,659260 0,000300
administration 1,237874 0,000140
administrative 1,966113 0,000222
administrators 1,897120 0,000214
adopted 0,867501 0,000098
adopters 2,525729 0,000285
adoption 0,820981 0,000555
advance 1,609438 0,000181
advanced 0,430783 0,000049
advancing 2,995732 0,000338
advantageous 3,506558 0,000395
advocacy 2,525729 0,000285
advocates 1,966113 0,000222
affected 1,660731 0,000187
afl 2,995732 0,000338
again 1,078810 0,000122
agent 0,994252 0,000112
aggressive 2,525729 0,000285
ago 0,967584 0,000109
agpl 2,813411 0,000317
agree -0,009950 -0,000003
agreement 1,171183 0,000396
agrees 2,995732 0,000338
ahead 1,427116 0,000161
aiding 3,218876 0,000363
aim 1,347074 0,000152
aims 1,171183 0,000396
aisfryskgaeilgegalego 2,813411 0,000317
aix 2,659260 0,000300
aka 2,525729 0,000285
alan 1,049822 0,000237
alexa 2,525729 0,000569
all 0,000000 0,000000
allison 3,506558 0,000395
allowed 0,634878 0,000072
allows 0,248461 0,000056
allusion 3,912023 0,000441
almalinux 3,506558 0,000395
alone 1,309333 0,000148
alpha 1,832581 0,000207
alpine 3,506558 0,001186
alpinelinux 3,912023 0,000441
already 0,776529 0,000175
alsa 3,912023 0,000441
also -0,009950 -0,000046
alt 2,525729 0,000285
alternative 0,527633 0,000119
alternatively 1,427116 0,000161
alternatives 1,609438 0,000544
although 0,287682 0,000357
altus 3,912023 0,000882
amanda 3,218876 0,000363
amazon 1,309333 0,000148
amd 2,813411 0,000634
american 0,446287 0,000101
amongst 2,120264 0,000239
amor 3,506558 0,000395
amp -0,009950 -0,000016
analysis 0,186330 0,000063
analysts 1,714798 0,000387
anand 2,813411 0,000317
anatomy 2,407946 0,000271
andalusia 3,912023 0,000441
andrew 0,820981 0,000370
andrews 3,912023 0,000441
andries 3,912023 0,000441
android 1,272966 0,003157
andrus 3,912023 0,000441
anduinos 3,506558 0,000395
angeles 2,407946 0,000543
animation 1,609438 0,000363
anjuta 3,912023 0,000441
ankush 3,506558 0,000395
anniversary 2,525729 0,000285
announcement 2,302585 0,000260
announcing 1,897120 0,000214
annual 0,776529 0,000088
another 0,127833 0,000043
ansi 2,207275 0,000249
antergos 3,506558 0,000395
antitrust 3,506558 0,000395
antix 3,506558 0,000395
anvin 3,912023 0,000441
any 0,083382 0,000066
anybody 3,506558 0,000395
anyone 1,386294 0,000625
anywhere 1,560648 0,000176
aosp 3,506558 0,000395
apache 1,386294 0,000156
api 0,916291 0,000723
apis 1,237874 0,000279
apparmor 3,506558 0,000395
appear 1,049822 0,000118
appearance -0,009950 -0,000003
apple 1,347074 0,000911
application 0,127833 0,000072
applications 0,094311 0,000138
apply -0,009950 -0,000001
approach 0,261365 0,000029
approval 1,897120 0,000214
approved 1,897120 0,000214
apps 1,272966 0,000574
apr 2,995732 0,000338
april 0,072571 0,000196
apsl 2,813411 0,000317
apt 2,995732 0,000338
aragon 1,171183 0,000132
arc 2,207275 0,000249
arch 1,966113 0,000887
archbang 3,506558 0,000395
architecture 0,462035 0,000260
architectures 1,139434 0,000514
archived 0,040822 0,000695
archives 1,966113 0,000665
archlabs 3,506558 0,000395
ari 2,302585 0,000260
arm 1,714798 0,000387
around 0,356675 0,000241
ars 1,309333 0,000295
article 0,040822 0,000028
articleabout -0,009950 -0,000001
articles 0,020203 0,000030
articletalk -0,009950 -0,000001
artistic 2,407946 0,000271
artix 3,506558 0,000395
asahi 3,506558 0,000395
asked 1,469676 0,000331
aspects 0,776529 0,000088
assembly 1,139434 0,000385
assigned 1,237874 0,000140
associated 0,400478 0,000045
associates 2,120264 0,000717
associations 2,302585 0,000519
assume 1,660731 0,000187
assuming 1,966113 0,000222
astra 3,506558 0,000395
asturianuava 2,525729 0,000285
asturix 3,506558 0,000395
asymptotically 2,995732 0,000338
attached 2,120264 0,000239
attempt 1,049822 0,000118
attempted 1,897120 0,000214
attending 2,995732 0,000338
attribute 1,386294 0,000313
attributed 1,832581 0,000207
attribution -0,009950 -0,000001
audi 3,506558 0,000395
audio 0,891598 0,000201
audioos 3,218876 0,000363
aug 2,659260 0,000300
august 0,162519 0,000660
aurora 2,525729 0,000285
austrumi 3,506558 0,000395
author 1,386294 0,000156
authority 0,083382 0,000009
authors 1,021651 0,000461
auto 1,514128 0,000171
autocracy 3,912023 0,000441
automatically 0,653926 0,000074
automation 1,237874 0,000279
automobiles 2,407946 0,000271
availability 1,469676 0,000166
available -0,009950 -0,000018
avoided 2,407946 0,000271
away 1,139434 0,000128
awio 3,912023 0,000441
awk 3,218876 0,000726
aws 2,407946 0,000271
axboe 3,912023 0,000441
ayisyenkurd 2,813411 0,000317
azure 1,771957 0,000200
back 0,527633 0,000119
backbox 3,506558 0,000395
backtrack 3,506558 0,000395
bacon 2,659260 0,000300
bahasa 0,186330 0,000021
balsa 3,506558 0,000395
banyumasan 3,218876 0,000363
barrett 2,813411 0,000317
barry 2,207275 0,000747
basa 2,407946 0,000543
base 0,755023 0,000255
based 0,010050 0,000029
bash 3,912023 0,001323
basic 0,235722 0,000266
basis 0,820981 0,000185
bazaar 2,525729 0,000854
bazzite 3,506558 0,000395
became 0,579818 0,000392
because 0,127833 0,000058
become 0,510826 0,000115
beer 2,659260 0,000300
beerware 2,995732 0,000338
befehle 3,912023 0,000441
began 0,634878 0,000573
beginning 0,776529 0,000088
beginnings 3,506558 0,000395
belief 1,714798 0,000193
bell 1,714798 0,000580
ben 1,309333 0,000295
benedict 3,506558 0,000395
benjamin 1,386294 0,000313
benson 2,995732 0,000338
bentson 3,912023 0,000441
benz 3,506558 0,000395
bergelt 3,912023 0,000441
berkeley 1,514128 0,000171
besides 1,832581 0,000207
besset 3,912023 0,000441
best 0,462035 0,000052
better 0,494296 0,000056
bharat 3,506558 0,000395
bibcode 0,693147 0,000078
big 0,673345 0,000076
billion 1,139434 0,000642
binary 0,916291 0,000207
bindings 2,120264 0,000239
bioinformatics 1,660731 0,000187
biological 1,427116 0,000161
bionic 2,995732 0,000675
bioslax 3,506558 0,000395
birthday 2,659260 0,000300
bit 1,272966 0,000287
black 1,203973 0,000136
blackarch 3,506558 0,000395
blackberry 2,813411 0,000317
blag 3,506558 0,000395
blankon 3,506558 0,000395
blazing 3,912023 0,000441
blender 3,912023 0,000441
block 0,798508 0,000090
blocks 1,272966 0,000144
blog 0,776529 0,000175
blue 1,560648 0,000176
board 0,916291 0,000103
boarischbosanskibrezhoneg 2,407946 0,000271
bob 1,832581 0,000207
bodhi 3,506558 0,000395
body 1,139434 0,000257
bokm 0,127833 0,000014
books 0,544727 0,000061
boot 2,040221 0,000690
booting 2,813411 0,000317
bootloader 3,218876 0,000726
borland 3,218876 0,000363
born 2,302585 0,000260
boston 1,560648 0,000176
bourne 3,912023 0,000441
bradley 2,407946 0,000271
branch 1,309333 0,000148
brand 1,832581 0,000413
brazil 2,207275 0,000249
brazilian 2,659260 0,000300
breach 2,040221 0,000230
breakup 3,218876 0,000363
brett 2,525729 0,000285
brian 1,108663 0,000125
bridgeos 2,995732 0,000338
bring 1,560648 0,000176
broad 1,203973 0,000136
broadcasting 2,659260 0,000300
brockmeier 3,912023 0,000441
brouwer 3,912023 0,000441
brown 1,309333 0,000148
bruce 1,514128 0,000341
bryan 2,525729 0,000285
bsczi 3,506558 0,000395
bsd 1,832581 0,002686
bstj 3,218876 0,000363
budgie 3,506558 0,000395
build 0,673345 0,000228
building 0,415515 0,000047
built 0,462035 0,000365
bundle 2,040221 0,000230
bus 2,207275 0,000249
business 0,301105 0,000272
businesses 1,469676 0,000166
busybox 3,506558 0,002767
byfield 3,912023 0,000441
byminix 3,912023 0,000441
cachyos 3,506558 0,000395
cagr 3,218876 0,000363
caixa 3,506558 0,000395
calculate 1,714798 0,000193
caldera 3,218876 0,000363
california 1,021651 0,000115
call 0,733969 0,000165
called 0,040822 0,000018
calls 1,049822 0,000947
calyxos 3,506558 0,000395
cannot 0,314711 0,000071
canonical 1,714798 0,000193
cantrill 3,912023 0,001323
capable 1,309333 0,000148
capsule 3,912023 0,000441
capturing 2,302585 0,000260
car 1,386294 0,000156
card 1,272966 0,000144
careers 2,659260 0,000300
carefully 1,897120 0,000214
carla 3,218876 0,000363
carry 1,469676 0,000166
casad 3,912023 0,000441
case 0,139262 0,000031
casually 3,218876 0,000363
catal 0,094311 0,000011
catalyst 2,813411 0,000317
categories -0,009950 -0,000002
category 0,116534 0,000053
cathedral 2,995732 0,001013
causing 1,966113 0,000222
cbt 3,912023 0,000441
cddl 2,813411 0,000317
ceases 3,506558 0,000395
cebuano 2,407946 0,000271
celadon 3,506558 0,000395
celebration 3,506558 0,000395
cengage 2,207275 0,000249
center 0,562119 0,000063
centos 3,218876 0,000363
central 0,510826 0,000058
certain 0,274437 0,000062
certification 1,660731 0,000562
certifications 2,525729 0,000285
certified 1,966113 0,000443
certifying 3,218876 0,000363
chakra 2,813411 0,000317
challenges 0,941609 0,000106
chance 1,771957 0,000200
change 0,261365 0,000059
changed 0,941609 0,000318
changes 0,356675 0,000080
changesupload -0,009950 -0,000002
chaos 2,207275 0,000249
chapter 0,941609 0,000106
charge 1,609438 0,000181
charged 2,525729 0,000285
charging 2,659260 0,000300
chatrooms 3,912023 0,000441
cheap 2,207275 0,000249
checked 1,514128 0,000171
cherry 3,218876 0,000363
chicken 3,506558 0,000395
chimera 3,506558 0,000395
china 0,967584 0,000218
chip 1,469676 0,000166
chipmunk 3,912023 0,000441
choice 0,967584 0,000436
choose 1,272966 0,000144
choosing 1,832581 0,000207
chris 0,994252 0,000112
christopher 1,139434 0,000257
chrome 1,966113 0,000222
chromebook 3,912023 0,000882
chromebooks 3,912023 0,000441
chromeos 2,995732 0,002026
chromiumos 2,813411 0,000317
cid 0,356675 0,000040
cinnamon 3,506558 0,000791
cio 2,525729 0,000285
circle 2,302585 0,000260
citation 0,415515 0,000047
cite 0,843970 0,000190
cities 1,897120 0,000214
city 1,309333 0,000148
clang 3,506558 0,000395
clarification 1,832581 0,000413
classic 0,967584 0,000109
clear 1,139434 0,000128
clearos 3,506558 0,000395
cli 2,040221 0,001840
client 0,867501 0,000098
clinus 3,912023 0,000441
clinux 3,912023 0,000441
clockwise 3,912023 0,000441
clone 2,659260 0,000300
close 0,941609 0,000425
closed 1,021651 0,000230
cloud 0,776529 0,000175
cluster 1,514128 0,000171
clusters 2,040221 0,000230
clutter 3,506558 0,000395
coar 3,912023 0,000441
code -0,009950 -0,000036
codecs 2,995732 0,000338
codelite 3,912023 0,000441
coding 1,347074 0,000152
coherent 2,813411 0,000634
collaboration 1,272966 0,000287
collect 1,714798 0,000387
collection 0,527633 0,000238
coloros 3,506558 0,000395
com 0,150823 0,000493
combination 0,916291 0,000103
combine 1,469676 0,000166
combined 0,798508 0,000090
combines 1,714798 0,000193
come 0,867501 0,000098
command 1,021651 0,000461
commands 1,714798 0,000193
commemorated 3,912023 0,000441
comments 1,514128 0,000341
commerce 1,021651 0,000115
commercial 0,653926 0,000737
commercialization 2,813411 0,000317
commercially 1,832581 0,000413
commodity 1,660731 0,000374
commodore 3,506558 0,000395
common 0,072571 0,000065
commonality 3,218876 0,000363
commonly 0,342490 0,000116
commons -0,009950 -0,000003
commonsnews 2,659260 0,000300
commonswikibookswikiquotewikiversitywikidata 2,302585 0,000260
communication 0,616186 0,000139
communities 1,660731 0,000562
community 0,616186 0,000625
comp 2,525729 0,001424
companies 0,597837 0,000270
company 0,462035 0,000156
compared 0,634878 0,000143
comparison 0,446287 0,000704
compatibility 1,108663 0,000250
compatibilitylayers 3,218876 0,000363
compatible 1,049822 0,001065
competing 1,386294 0,000156
competitors 2,302585 0,000260
compile 1,609438 0,000181
compiled 1,386294 0,000469
compiler 1,078810 0,000730
compilers 2,040221 0,001150
complete 0,713350 0,000483
completed 1,514128 0,000171
completely 0,941609 0,000106
complex 0,261365 0,000029
complexity 0,616186 0,000069
complications 3,218876 0,000363
components 0,415515 0,000890
composed 1,771957 0,000200
compositing 3,912023 0,001323
compositor 3,912023 0,000441
compound 2,207275 0,000249
comprehensive 0,941609 0,000106
comprise 2,813411 0,000317
comptia 3,506558 0,000791
computational 0,755023 0,000170
computer 0,139262 0,000267
computers 0,562119 0,000824
computerworld 1,609438 0,000181
computing 0,301105 0,000170
con 3,218876 0,000363
conceived 2,207275 0,000249
concepts 0,400478 0,000090
condition 1,609438 0,000181
conduct -0,009950 -0,000001
conference 0,301105 0,000034
conferences 1,347074 0,000152
configuration 1,021651 0,000461
configurations 1,966113 0,000222
configuring 2,995732 0,000338
confined 2,995732 0,000338
confirms 2,407946 0,000271
connection 1,203973 0,000136
consented 3,912023 0,000441
considered 0,400478 0,000090
considers 1,897120 0,000856
consisting 1,469676 0,000166
console 2,302585 0,000260
consoles 2,407946 0,000543
constructive 3,218876 0,000363
consulting 1,660731 0,000187
consumer 1,049822 0,000118
contact -0,009950 -0,000001
contacts -0,009950 -0,000001
contain 0,693147 0,000078
contained 1,309333 0,000295
container 1,660731 0,000187
containing 0,579818 0,000719
contains 0,634878 0,000143
contemporary 1,347074 0,000152
content -0,009950 -0,000001
contents -0,009950 -0,000004
context 0,494296 0,000056
continues 1,469676 0,000331
contribute -0,009950 -0,000003
contributions 1,714798 0,000193
contributor 2,407946 0,000271
contributors 2,302585 0,000260
control 0,020203 0,000009
controls 1,078810 0,000243
controversies 2,040221 0,000460
controversy 1,560648 0,000528
conventional 1,237874 0,000279
conventionally 2,995732 0,000338
cook 2,207275 0,001244
cookie -0,009950 -0,000001
cooperative 1,609438 0,000181
coordinating 2,659260 0,000300
copy 1,203973 0,000271
copyable 3,912023 0,000441
copyleft 2,813411 0,003489
copyright 2,040221 0,001840
corbet 2,995732 0,000338
core 0,597837 0,000270
corel 3,506558 0,000395
coreutils 3,912023 0,000882
corporations 1,660731 0,000936
correspondence 2,407946 0,000271
cost 0,478036 0,000216
counter 1,714798 0,000387
countries 0,994252 0,000112
couple 2,995732 0,000338
course 1,139434 0,000385
cover 1,203973 0,000136
covered 1,560648 0,000176
covers 1,660731 0,000187
coworker 3,912023 0,000441
cox 2,302585 0,000260
cpu 1,560648 0,000176
cpus 2,120264 0,000239
crdroid 3,506558 0,000395
create -0,009950 -0,000004
created 0,430783 0,000194
creating 0,562119 0,000317
creation 0,693147 0,000156
creative -0,009950 -0,000002
creator 1,660731 0,000374
crew 3,506558 0,000395
criticism 1,171183 0,000528
croce 3,912023 0,000441
cross 0,562119 0,000127
crunchbang 3,506558 0,000395
crux 3,506558 0,000395
crystal 2,995732 0,000338
crystallabs 3,912023 0,000882
cub 3,506558 0,000395
culminating 2,995732 0,000338
cultural 1,427116 0,000161
curious 3,218876 0,000363
current 0,385662 0,000043
currently 0,755023 0,000085
customers 1,078810 0,000122
customized 2,120264 0,000239
cyanogenmod 3,506558 0,000395
cyborgs 3,506558 0,000395
cygwin 2,995732 0,000338
cynthia 2,525729 0,000285
daemon 2,659260 0,000300
daemons 3,506558 0,001186
damn 3,218876 0,000726
dan 0,967584 0,000109
daniel 0,776529 0,000263
darling 2,659260 0,000300
darwin 2,302585 0,000260
darwinian 3,506558 0,000395
daryll 3,912023 0,000441
das 2,659260 0,000600
data 0,030459 0,000014
database 0,579818 0,000065
databases 0,127833 0,000014
dataczech 1,171183 0,000132
date 0,579818 0,000065
dated 0,967584 0,001200
dates 0,430783 0,000049
dave 1,771957 0,000400
david 0,385662 0,000217
davis 1,771957 0,000200
davor 3,912023 0,000441
day 0,843970 0,000095
days 1,049822 0,000118
dead 1,386294 0,000313
deal 1,171183 0,000264
debate 1,560648 0,000352
debian 2,407946 0,004615
debianubuntu 3,506558 0,000395
december 0,061875 0,000321
deck 3,218876 0,000363
deepin 3,506558 0,000395
default 0,693147 0,000234
defines 0,776529 0,000088
definition 0,342490 0,000116
definitions 0,891598 0,000101
deflator 3,912023 0,000441
defragmentation 2,813411 0,000317
delayed 2,207275 0,000249
dell 2,407946 0,000271
della 3,218876 0,000363
delphi 2,407946 0,000271
demanded 2,995732 0,000338
demolinux 3,506558 0,000395
demonstrate 2,207275 0,000249
demonstrations 3,506558 0,000395
dennis 2,207275 0,000498
dependencies 1,660731 0,000187
depending 0,673345 0,000076
depth 1,427116 0,000322
derivatives 1,609438 0,000363
derived 0,891598 0,000101
deriving 2,813411 0,000317
descended 3,506558 0,000395
describe 0,820981 0,000093
description -0,009950 -0,000002
descriptionshort 0,000000 0,000000
design 0,127833 0,000130
designate 2,813411 0,000634
designed 0,261365 0,000236
designer 2,040221 0,000230
desktop 1,347074 0,003797
desktops 2,525729 0,000854
detergent 3,912023 0,000882
determining 1,272966 0,000144
deutschdolnoserbskieesti 3,912023 0,000441
develop 0,867501 0,000391
developed 0,127833 0,000187
developer 0,820981 0,000185
developercommunity 3,912023 0,000441
developers -0,009950 -0,000011
developerworks 3,506558 0,000395
developing 0,673345 0,000076
development 0,083382 0,000226
develops 2,407946 0,000271
device 0,891598 0,000905
devices 0,867501 0,001565
devoted 2,407946 0,000271
devuan 3,506558 0,000395
diamond 2,302585 0,000519
die 2,040221 0,000230
difference 0,820981 0,000093
different 0,020203 0,000018
differentiate 2,995732 0,000338
differentiation 2,302585 0,000260
differing 2,407946 0,000271
difficult 0,597837 0,000067
digital 0,400478 0,000271
digitalocean 2,813411 0,000634
dilemma 2,659260 0,000300
direct 0,597837 0,000067
directed 1,514128 0,000171
directly 0,415515 0,000141
director 2,207275 0,000249
directories 2,120264 0,000239
disambiguation 1,049822 0,000118
disclaimers -0,009950 -0,000001
discontinued 1,714798 0,000193
discontinuedandroid 3,506558 0,000395
discussion 1,139434 0,000128
disk 1,469676 0,000166
disks 2,813411 0,000634
dislikes 3,912023 0,000441
dismissed 2,659260 0,000300
displaced 2,659260 0,000300
display 1,171183 0,000792
displayed 2,040221 0,000230
disputes 2,040221 0,000230
distribute 1,832581 0,000413
distributed 0,478036 0,000108
distributes 2,659260 0,000300
distributing 2,995732 0,000338
distribution 0,634878 0,001718
distributions 1,386294 0,008283
distributionsandroidlineageos 3,506558 0,000395
distributors 2,659260 0,000300
distro 3,506558 0,000395
distros 3,218876 0,000726
distrowatch 3,912023 0,002205
diverse 1,771957 0,000400
diversity 2,302585 0,000260
divested 3,912023 0,000441
divestos 3,506558 0,000395
dna 2,813411 0,000317
documentation 0,867501 0,000587
dog 2,813411 0,000317
doi 0,162519 0,000018
dollars 1,832581 0,000207
domain 0,562119 0,000127
domains 1,609438 0,000544
domestic 1,560648 0,000176
dominance 2,302585 0,000260
dominant 1,514128 0,000512
dominates 2,995732 0,000675
donate -0,009950 -0,000002
donna 3,506558 0,000395
dos 1,714798 0,000193
doudoulinux 3,506558 0,000395
douglas 1,237874 0,000140
download -0,009950 -0,000002
dpkg 3,912023 0,000441
dragon 3,218876 0,000363
dragonfly 2,659260 0,000300
dragora 3,506558 0,000395
dreamhost 3,912023 0,000441
dreamlinux 3,506558 0,000395
dreamworks 3,912023 0,000441
dri 3,912023 0,000441
driven 0,867501 0,000098
driver 1,771957 0,000200
drivers 1,469676 0,000828
drm 2,813411 0,000317
due 0,261365 0,000088
dup 3,912023 0,000441
duval 3,912023 0,000441
dvb 3,912023 0,000441
dvd 2,659260 0,000300
dwm 3,912023 0,000441
dynamic 0,562119 0,000253
dynamically 1,714798 0,000193
dynix 3,218876 0,000363
each 0,072571 0,000008
early 0,301105 0,000102
earth 1,272966 0,000144
easier 1,049822 0,000237
eckert 3,912023 0,000441
eclipse 2,040221 0,000230
edge 0,941609 0,000106
edit -0,009950 -0,000025
editcommunity -0,009950 -0,000001
edited -0,009950 -0,000001
editor 1,660731 0,000187
editors 1,832581 0,000413
edubuntu 3,506558 0,000395
education 0,579818 0,000131
educational 1,514128 0,000171
educative 3,912023 0,000441
effect 0,843970 0,000095
effectively 0,994252 0,000112
effects 0,820981 0,000093
efficiency 0,673345 0,000076
effort 0,967584 0,000109
efl 3,912023 0,000882
egg 2,995732 0,000338
egham 3,912023 0,000441
eglibc 3,912023 0,000441
egotistical 3,506558 0,000395
eight 2,120264 0,000239
eissfeldt 3,912023 0,000441
either 0,248461 0,000084
elaborate 2,995732 0,000338
elad 3,218876 0,000726
electronics 1,171183 0,000264
elegant 2,995732 0,000338
elementary 1,771957 0,000200
elements 0,415515 0,000047
elf 3,506558 0,000395
elive 3,506558 0,000395
elks 3,912023 0,000882
else 1,469676 0,000166
emacs 2,407946 0,000543
email 1,469676 0,000166
emait 1,560648 0,000176
embedded 0,867501 0,001369
emmabunt 3,506558 0,000395
emphasize 2,207275 0,000249
emui 3,218876 0,000363
emulator 2,995732 0,000338
encourage 1,897120 0,000214
encyclopedia -0,009950 -0,000001
end 0,261365 0,000088
endeavouros 3,506558 0,000395
endless 2,995732 0,000338
engineer 1,386294 0,000156
engineering 0,198451 0,000022
english -0,009950 -0,000003
englishshort 3,912023 0,000441
enlightenment 3,506558 0,001581
enough 0,843970 0,000095
enrolled 3,912023 0,000441
enter 1,966113 0,000222
entering 2,207275 0,000249
enterprise 0,510826 0,000576
entertainment 2,120264 0,000239
entire 0,755023 0,000170
entirely 1,386294 0,000781
entities 1,139434 0,000128
environment 0,478036 0,000323
environments 0,941609 0,000849
epl 2,995732 0,000338
equity 1,771957 0,000400
eric 1,078810 0,000608
error 0,713350 0,000080
esa 3,506558 0,000395
escape 1,966113 0,000222
espa 0,210721 0,000024
especially 0,415515 0,000094
essential 0,941609 0,000106
established 0,916291 0,000310
estimate 1,609438 0,000544
estimated 1,309333 0,000443
estimates 1,560648 0,000352
estimating 1,966113 0,000222
etc 0,562119 0,000253
etch 3,912023 0,000882
ettrich 3,912023 0,000441
euleros 3,218876 0,000726
eunice 3,218876 0,000363
evdev 3,912023 0,000441
even 0,235722 0,000053
events 0,634878 0,000072
eventsrandom -0,009950 -0,000001
eventually 0,867501 0,000098
ever 1,272966 0,000287
every 0,261365 0,000059
everyone 1,714798 0,000193
evolution 0,820981 0,000185
evolve 2,407946 0,000271
evolved 1,560648 0,000704
eweek 2,659260 0,000300
ewing 3,912023 0,000441
examining 1,832581 0,000207
example 0,030459 0,000024
examples 0,328504 0,000074
exams 2,995732 0,000338
except 1,171183 0,000132
exception 1,386294 0,000313
exchange 0,693147 0,000078
exclusively 1,660731 0,000374
executable 1,514128 0,000341
executed 1,203973 0,000136
executive 1,347074 0,000152
execv 3,912023 0,000441
exist 0,653926 0,000442
exit 2,302585 0,000260
exokernel 2,995732 0,000338
expected 0,693147 0,000078
expensive 1,560648 0,000176
explicitly 0,916291 0,000310
export -0,009950 -0,000001
exposed 1,771957 0,000200
express 1,427116 0,000161
expression 1,021651 0,000115
expressions 1,386294 0,000469
extensible 1,609438 0,000181
extension 0,967584 0,000218
extensioncs 2,995732 0,000338
extensions 0,916291 0,000207
extensive 1,272966 0,000144
extent 1,386294 0,000156
external 0,030459 0,000010
extremadura 3,912023 0,000441
eye 2,040221 0,000230
facebook 1,560648 0,000176
facilitate 1,714798 0,000193
facilities 1,171183 0,000132
fact 0,755023 0,000085
facts 1,660731 0,000562
falcon 3,506558 0,000395
fall 1,139434 0,000128
familiar 1,714798 0,000193
family 1,078810 0,000608
familyunix 3,218876 0,000363
faq 1,386294 0,000781
far 0,867501 0,000098
fast 0,673345 0,000076
faster 0,994252 0,000112
fastest 2,120264 0,000478
fault 1,237874 0,000279
favor 1,347074 0,000152
feather 3,506558 0,000395
feature 0,616186 0,000069
features 0,371064 0,000167
february 0,061875 0,000230
federal 1,386294 0,000156
federico 2,659260 0,000300
fedora 2,659260 0,002698
fee 1,897120 0,000214
feedback 1,309333 0,000295
fees 2,120264 0,000239
fiddle 3,506558 0,000395
figures 1,832581 0,000413
file 0,616186 0,000347
filed 2,040221 0,000230
filepermanent -0,009950 -0,000001
files 0,843970 0,000381
filespecial -0,009950 -0,000001
filesystem 2,407946 0,000271
film 1,771957 0,000599
finally 1,108663 0,000375
find 0,544727 0,000061
finding 1,021651 0,000115
fips 3,218876 0,000363
fire 1,660731 0,000187
firefox 1,771957 0,000400
firemonkey 3,912023 0,000441
firm 1,560648 0,000176
firmware 2,207275 0,000747
first 0,020203 0,000027
fit 1,560648 0,000176
fixed 0,494296 0,000056
fledgling 3,912023 0,000441
flight 1,897120 0,000214
flocking 3,506558 0,000395
floppy 3,506558 0,000395
floppyfw 3,506558 0,000395
fltk 3,912023 0,000441
focus 0,755023 0,000170
focused 1,078810 0,000122
follow 1,078810 0,000122
followed 0,733969 0,000083
following 0,210721 0,000048
fopen 3,506558 0,000395
forbade 3,912023 0,000441
forbes 1,427116 0,000161
forbidding 3,218876 0,000363
forecast 1,771957 0,000200
forensic 2,407946 0,000271
foresight 2,813411 0,000317
forget 2,813411 0,000317
fork 1,386294 0,000469
forking 2,659260 0,000300
forks 2,407946 0,000271
form 0,162519 0,000073
format 0,941609 0,000637
formats 1,609438 0,000363
formerly 1,309333 0,000295
fortran 1,560648 0,000528
fortunebusinessinsights 3,912023 0,000441
forum 1,347074 0,000152
forums 2,407946 0,000543
foss 1,966113 0,000222
found 0,385662 0,000130
foundation -0,009950 -0,000022
founded 1,347074 0,000304
fourdan 3,912023 0,000441
framework 0,342490 0,000077
fran 0,223144 0,000025
franca 1,609438 0,000181
france 1,560648 0,000176
freak 3,506558 0,000395
freax 3,912023 0,001323
free -0,009950 -0,000064
freebasic 3,912023 0,000441
freebsd 1,897120 0,001069
freed 2,995732 0,000338
freedom 1,609438 0,000363
freedombox 3,506558 0,000395
freedomhec 3,912023 0,000441
freely 1,966113 0,000665
freespire 3,506558 0,000395
frequently 0,967584 0,000218
fresh 2,207275 0,000249
front 1,108663 0,000375
frugalware 3,506558 0,000395
fruition 3,218876 0,000363
frustrated 3,218876 0,000363
fsf 3,912023 0,002646
ftp 2,040221 0,000460
full 0,371064 0,000042
fully 0,616186 0,000069
fun 2,659260 0,001199
functional 0,733969 0,000165
functionality 0,843970 0,000095
fund 1,514128 0,000171
fundamentals 1,309333 0,000148
funet 3,506558 0,000395
further 0,139262 0,000031
fvwm 3,912023 0,000441
gained 1,237874 0,000279
galassi 3,912023 0,000441
galli 3,912023 0,000441
gambas 3,506558 0,000395
game 0,713350 0,000161
gamer 3,506558 0,000395
games 1,078810 0,000243
gaming 1,966113 0,000665
gardiner 3,218876 0,000363
garfinkel 3,912023 0,000441
garrett 2,995732 0,000338
gartner 2,302585 0,000519
garuda 3,506558 0,000395
gazette 3,506558 0,000395
gcc 2,659260 0,002099
gdp 2,207275 0,000249
geany 3,506558 0,000395
geckolinux 3,506558 0,000395
gene 2,040221 0,000230
general -0,009950 -0,000018
generally 0,287682 0,000065
generation 0,867501 0,000098
gentoo 2,995732 0,001013
german 1,427116 0,000322
germany 1,560648 0,000176
get 0,733969 0,000165
getfedora 3,912023 0,000441
gets 1,469676 0,000166
getting 1,237874 0,000140
gettys 3,218876 0,000363
gfortran 3,912023 0,000441
giant 2,120264 0,000239
gica 3,506558 0,000395
gigabuck 3,912023 0,000441
gimp 3,912023 0,000441
gist 3,506558 0,000395
git 2,207275 0,000995
github 1,078810 0,000365
give 0,843970 0,000095
given 0,261365 0,000029
glbasic 3,912023 0,000441
glibc 3,218876 0,001452
global 0,478036 0,000269
glyn 3,506558 0,000395
gnewsense 3,506558 0,000395
gnome 2,302585 0,002336
gnu 1,272966 0,014064
gnulinex 3,912023 0,000441
gnustep 3,506558 0,000395
gnv 3,218876 0,000363
goal 0,713350 0,000080
gobolinux 3,506558 0,000395
gobuntu 3,506558 0,000395
going 1,272966 0,000144
gomez 2,813411 0,000317
gone 2,207275 0,000249
good 0,733969 0,000248
google 0,579818 0,000458
gordon 1,966113 0,000222
gos 3,506558 0,000395
government 0,755023 0,000255
governments 1,386294 0,000313
gpl 2,120264 0,003825
gplv 3,218876 0,001089
gracefully 3,506558 0,000395
gradually 1,897120 0,000214
grapheneos 3,506558 0,000395
graphic 2,659260 0,000300
graphical 1,386294 0,001407
graphically 3,506558 0,000395
graphics 0,941609 0,000212
gratis 2,995732 0,000338
greatest 1,897120 0,000428
greg 2,120264 0,000478
grep 2,813411 0,000952
grew 1,386294 0,000469
grievances 3,506558 0,000395
groovy 2,407946 0,000271
gross 2,207275 0,000249
group 0,301105 0,000238
groups 0,891598 0,000201
growing 0,891598 0,000201
growth 0,755023 0,000255
grub 3,506558 0,000395
gtk 2,659260 0,000899
guadalinex 3,912023 0,000441
guardian 1,560648 0,000176
gui 2,207275 0,001244
guide 0,356675 0,000241
guidelines 1,272966 0,000144
guides 2,407946 0,000271
guile 3,912023 0,000882
guis 2,995732 0,000338
guix 3,506558 0,000395
gut 3,912023 0,000441
hacked 2,525729 0,000285
hackers 2,120264 0,000239
hafrikaansalemannisch 3,912023 0,000441
hak 1,897120 0,000214
hal 2,040221 0,000230
half 1,108663 0,000250
hall 0,653926 0,000074
handled 1,609438 0,000363
handles 2,040221 0,000230
handling 0,798508 0,000090
handylinux 3,506558 0,000395
hans 2,120264 0,000239
harald 3,218876 0,000726
hardware 0,579818 0,001438
harpercollins 3,218876 0,000363
hartman 3,218876 0,000726
haskell 1,514128 0,000171
hat 1,966113 0,002438
having 0,579818 0,000196
havoc 3,912023 0,000441
header 1,897120 0,000214
health 0,994252 0,000112
heather 2,659260 0,000300
heiko 3,506558 0,000395
heinz 2,659260 0,000300
held 1,237874 0,000140
helicopter 2,813411 0,000317
helped 1,966113 0,000222
helplearn -0,009950 -0,000001
helps 1,347074 0,000152
helsinki 2,813411 0,001586
here 0,301105 0,000034
hererelated -0,009950 -0,000001
hewlett 2,659260 0,000300
hexagon 3,506558 0,000395
hide -0,009950 -0,000004
high 0,223144 0,000075
higher 0,430783 0,000049
highlights 2,207275 0,000249
highly 0,867501 0,000196
hill 0,867501 0,000098
himanshu 3,912023 0,000441
hios 3,506558 0,000395
history -0,009950 -0,000020
hivelocity 3,912023 0,000441
hobby 3,218876 0,000363
hobbyist 2,995732 0,000338
hobbyists 2,995732 0,000338
hold 1,021651 0,000115
holders 2,407946 0,000814
holding 1,386294 0,000313
hollywood 3,506558 0,000791
home 0,653926 0,000221
hornjoserbscehrvatskiidobahasa 3,218876 0,000363
host 1,272966 0,000144
hosting 1,560648 0,000352
hot 1,966113 0,000222
hotspot 2,995732 0,000338
how 0,072571 0,000049
however 0,094311 0,000085
howstuffworks 2,813411 0,000317
hoyer 3,912023 0,000441
hpl 3,912023 0,000882
html 1,078810 0,000122
https -0,009950 -0,000001
huge 1,714798 0,000193
humble 3,912023 0,000441
hundreds 1,609438 0,000181
hurd 2,995732 0,000675
hut 3,912023 0,000441
hybrid 1,171183 0,000132
hyperbola 3,506558 0,000395
hyperosarch 3,506558 0,000395
hyprland 3,912023 0,000441
hyundai 2,813411 0,000317
ian 1,347074 0,000152
ibe 3,912023 0,000441
ibm 0,693147 0,000938
icaza 3,912023 0,000441
idc 2,813411 0,000952
idg 2,407946 0,000271
illumos 2,995732 0,000338
image 0,544727 0,000061
imagesarticles 2,995732 0,000338
immunix 3,506558 0,000395
impact 0,597837 0,000067
implement 0,755023 0,000170
implementation 0,328504 0,000370
implemented 0,544727 0,000184
importance 1,171183 0,000132
impractical 2,813411 0,000317
improve 0,274437 0,000031
improved 0,776529 0,000088
improving 1,171183 0,000132
ina 0,356675 0,000040
inasloven 0,616186 0,000069
inc -0,009950 -0,000007
inch 3,506558 0,000395
include 0,061875 0,000091
included 0,400478 0,000181
includes 0,274437 0,000124
including 0,040822 0,000069
incomplete 2,040221 0,000230
incorporation 3,912023 0,000441
increased 0,820981 0,000093
increasingly 0,776529 0,000175
independence 1,897120 0,000214
independently 1,347074 0,000304
index -0,009950 -0,000002
india 1,171183 0,000264
indian 1,771957 0,000200
indicate 1,272966 0,000144
indicated 1,609438 0,000181
indirectly 1,771957 0,000200
individual 0,415515 0,000094
individuals 1,309333 0,000443
indonesiainterlingua 1,660731 0,000187
industrial 0,843970 0,000095
industry 0,527633 0,000297
inexpensive 2,302585 0,000519
influenced 1,203973 0,000136
information 0,072571 0,000016
informationcite -0,009950 -0,000001
infoworld 1,609438 0,000363
infrastructure 0,713350 0,000241
ingenuity 3,506558 0,000395
ingo 3,218876 0,000363
init 2,995732 0,000675
initial 0,597837 0,000067
initialization 2,207275 0,000249
initially 0,693147 0,000156
initiated 1,897120 0,000428
initiative 1,078810 0,000365
inmultilingualsupported 3,912023 0,000441
inode 2,813411 0,000317
input 0,733969 0,000331
inshanally 3,912023 0,000441
inside 0,755023 0,000085
insider 1,609438 0,000181
inspur 3,506558 0,000395
install 1,714798 0,000193
installation 1,897120 0,000428
installations 2,995732 0,001013
installed 1,272966 0,001005
instead 0,301105 0,000034
institute 0,579818 0,000261
institutions 1,171183 0,000264
instruction 1,560648 0,000176
integrate 1,560648 0,000176
integrated 0,634878 0,000143
integration 0,673345 0,000076
intel 1,609438 0,001814
intelligence 0,693147 0,000156
intelligencer 3,912023 0,000441
intended 0,494296 0,000223
inter 1,966113 0,000222
interact 1,514128 0,000512
interface 0,616186 0,000903
interfacemost 3,912023 0,000441
interfaces 0,713350 0,000402
interim 2,525729 0,000285
interix 3,218876 0,000363
internals 2,407946 0,000271
international 0,139262 0,000047
internationalviafgndnationalunited 2,813411 0,000317
internet 0,462035 0,000260
interoperability 1,660731 0,000187
interpreter 1,609438 0,000181
interrupt 2,525729 0,000285
interview 1,560648 0,000176
introduced 0,371064 0,000042
introduction 0,261365 0,000059
invention 1,660731 0,000187
inventionsfree 3,912023 0,000441
ioctl 3,506558 0,000395
iod 3,218876 0,000363
ios 1,660731 0,000562
ipados 2,525729 0,000285
ipapages 3,912023 0,000441
ipc 2,659260 0,000600
irc 2,659260 0,000300
irix 3,218876 0,000363
iron 1,966113 0,000222
isa 2,995732 0,000338
isbn 0,051293 0,000052
isc 2,995732 0,000338
iso 1,309333 0,000148
isplattd 2,120264 0,000239
issue 0,820981 0,000278
issues 0,527633 0,000119
italics 2,302585 0,000260
item -0,009950 -0,000001
itself 0,342490 0,000193
itwire 3,912023 0,000441
jake 2,659260 0,000300
jane 2,407946 0,000271
january 0,083382 0,000263
jason 1,771957 0,000200
java 0,891598 0,000201
jawa 1,560648 0,000176
jeff 1,560648 0,000176
jeffrey 1,514128 0,000171
jens 3,506558 0,000395
jikes 3,912023 0,000441
jim 1,514128 0,000341
jimenez 3,912023 0,000441
job 1,203973 0,000136
jobs 2,040221 0,000230
joe 1,771957 0,000599
johnston 3,218876 0,000363
join 2,040221 0,000230
jon 1,514128 0,000171
jonathan 1,347074 0,000152
jones 1,386294 0,000313
jono 3,912023 0,000441
jorge 2,995732 0,000338
jos 2,407946 0,000271
journal 0,198451 0,000112
juan 2,207275 0,000249
jul 3,506558 0,000395
july 0,127833 0,000375
jump -0,009950 -0,000001
june 0,094311 0,000298
jupiter 3,912023 0,000441
jurix 3,506558 0,000395
just 0,328504 0,000111
jvm 2,659260 0,000600
kaffe 3,912023 0,000441
kaios 3,218876 0,000363
kaisen 3,506558 0,000395
kali 3,506558 0,000395
kanotix 3,506558 0,000395
kaos 3,506558 0,000395
karen 2,040221 0,000230
kasz 2,995732 0,000338
kateos 3,506558 0,000395
kay 2,995732 0,000338
kde 3,506558 0,002372
kdevelop 3,912023 0,000441
keeping 1,427116 0,000161
keeps 2,120264 0,000239
keith 2,207275 0,000498
kel 2,813411 0,000317
ken 1,966113 0,000443
kerala 3,218876 0,000726
kernel 1,171183 0,012280
kernelarchitectures 2,995732 0,000338
kerrisk 3,506558 0,000395
key 0,356675 0,000201
khan 2,302585 0,000260
kind 1,021651 0,000115
kiswahili 1,771957 0,000200
kits 2,813411 0,000317
klaava 3,912023 0,001323
klibc 3,912023 0,000441
knit 3,912023 0,000441
knoppix 3,506558 0,000395
know 0,776529 0,000175
known 0,127833 0,000072
kolivas 3,912023 0,000441
komodo 2,813411 0,000317
kongoni 3,506558 0,000395
kooyman 3,912023 0,000441
korea 1,771957 0,000400
korora 3,506558 0,000395
kotlin 1,897120 0,000214
krane 3,912023 0,000441
krey 3,218876 0,000363
kroah 3,506558 0,000791
kubuntu 3,506558 0,000395
kuhn 2,525729 0,000285
kulkarni 2,813411 0,000317
kurz 3,912023 0,000441
kwin 3,912023 0,000882
kwort 3,506558 0,000395
kylin 3,506558 0,000395
kylix 3,912023 0,000441
lab 2,120264 0,000239
laboratories 1,966113 0,000222
labs 1,386294 0,000313
lack 0,843970 0,000095
lalingua 3,218876 0,000363
lamp 3,506558 0,000791
landley 3,912023 0,000441
language 0,186330 0,000189
languages -0,009950 -0,000013
laptop 3,218876 0,000363
laptops 2,207275 0,000249
large 0,127833 0,000058
largely 1,272966 0,000144
larger 0,941609 0,000212
largest 1,108663 0,000250
last -0,009950 -0,000002
later 0,223144 0,000252
latest 0,994252 0,000224
latinalatvie 1,203973 0,000136
latter 0,916291 0,000103
launch 1,514128 0,000171
launched 1,347074 0,000304
laundry 3,912023 0,000441
law 0,755023 0,000085
laws 1,108663 0,000125
layers 1,427116 0,000322
lazarus 3,506558 0,000791
lazzareschi 3,912023 0,000441
lead 0,673345 0,000152
leading 0,798508 0,000090
leads 1,237874 0,000140
leap 2,659260 0,000300
learn 0,494296 0,000111
learned 1,386294 0,000156
learning 0,494296 0,000056
least 0,527633 0,000178
leaving 1,714798 0,000193
led 0,446287 0,000050
leen 3,912023 0,000441
left 0,916291 0,000103
legal -0,009950 -0,000003
legally 2,120264 0,000239
leiva 3,912023 0,000441
lemmke 3,912023 0,000441
lennart 3,218876 0,000363
less 0,430783 0,000097
lesser 2,659260 0,000300
leung 3,912023 0,000441
level 0,116534 0,000053
levine 2,813411 0,000317
lgpl 2,659260 0,000600
liam 2,813411 0,000634
liberty 2,659260 0,000300
libranet 3,506558 0,000395
libraries 0,713350 0,001045
library 0,478036 0,000593
libre 2,813411 0,000634
libreoffice 3,218876 0,000363
license -0,009950 -0,000027
licensed 1,660731 0,001498
licensegplv 3,912023 0,000441
licenses 1,771957 0,001598
licensing 1,609438 0,001089
life 0,653926 0,000074
light 1,078810 0,000122
lightweight 1,609438 0,000544
ligureling 3,506558 0,000395
like 0,072571 0,000131
likeworking 3,912023 0,000441
lilo 3,912023 0,000441
limitation 2,207275 0,000249
limited 0,510826 0,000115
lin 1,660731 0,000562
line 0,356675 0,000121
lines 1,078810 0,000608
linhes 3,506558 0,000395
link 0,162519 0,000037
linker 2,995732 0,000338
linkpage -0,009950 -0,000001
links -0,009950 -0,000006
linksvayer 3,912023 0,000441
linpus 3,506558 0,000395
linus 2,659260 0,008095
linux 0,916291 0,044833
linuxchix 3,912023 0,000441
linuxgizmos 3,912023 0,000441
linuxize 3,912023 0,000441
linuxmovies 3,912023 0,000441
linuxquestions 3,912023 0,000441
linuxtle 3,506558 0,000395
linuxtux 3,912023 0,000441
linuxtv 3,912023 0,000882
linuxuser 3,912023 0,000441
liquid 2,525729 0,000285
lisp 1,386294 0,000313
list 0,083382 0,000179
listcs 2,302585 0,000519
lists 0,597837 0,000067
lite 2,302585 0,000260
live 1,203973 0,000407
llc 1,714798 0,000387
llvm 2,407946 0,000543
lmi 3,912023 0,001323
lnorsk 0,653926 0,000074
loadable 2,813411 0,000634
loaded 1,771957 0,000200
loader 2,407946 0,000271
loads 2,207275 0,000249
local 0,415515 0,000141
localtime 3,912023 0,000441
locate 2,659260 0,000300
location 0,994252 0,000112
lock 1,832581 0,000207
locked 2,525729 0,000285
log -0,009950 -0,000002
logicmonitor 3,912023 0,000441
login 1,966113 0,000222
logo 1,832581 0,000207
logos 2,995732 0,000338
lojban 2,659260 0,000300
lombardmagyar 1,832581 0,000207
long 0,287682 0,000162
longer 0,755023 0,000170
look 0,967584 0,000109
loongarch 3,912023 0,000441
loongson 3,912023 0,000441
loose 2,525729 0,000285
los 2,207275 0,000498
lot 1,469676 0,000166
louis 1,771957 0,000200
love 2,659260 0,000300
low 0,478036 0,000162
lsb 3,506558 0,000395
ltd 1,203973 0,000136
lubuntu 3,506558 0,000395
lug 3,912023 0,000441
lugradio 3,912023 0,000441
lugs 3,912023 0,000441
luis 2,659260 0,000300
lvm 3,912023 0,000441
lwn 2,659260 0,000899
lxde 3,912023 0,000441
lxle 3,506558 0,000395
lynxos 3,218876 0,000363
lyons 2,995732 0,000338
mac 1,272966 0,000574
macdonald 3,218876 0,000363
machine 0,083382 0,000009
machines 0,776529 0,000175
machten 3,218876 0,000363
macintosh 2,813411 0,000317
macos 1,660731 0,000562
made 0,186330 0,000147
magazine 0,776529 0,000613
magazines 2,813411 0,000317
mage 3,506558 0,000395
mageia 3,506558 0,000395
magic 2,302585 0,000260
mail 1,427116 0,000161
mailing 1,966113 0,001330
main -0,009950 -0,000012
mainframe 2,525729 0,001139
mainframes 2,525729 0,000569
mainly 1,021651 0,000115
mainstream 1,832581 0,000207
maint 0,798508 0,000360
maintain 0,941609 0,000106
maintained 1,078810 0,000365
maintainer 2,407946 0,000543
maintaining 1,171183 0,000264
major 0,314711 0,000177
make 0,235722 0,000159
makefiles 3,506558 0,000395
maker 1,966113 0,000222
makers 2,407946 0,000271
maketecheasier 3,912023 0,000441
mako 3,506558 0,000395
malagasym 3,912023 0,000441
malloc 3,506558 0,000395
malware 1,897120 0,000214
man 1,139434 0,000128
manage 0,967584 0,000109
management 0,139262 0,000141
managementconcepts 2,995732 0,000338
manager 0,994252 0,001009
managers 1,427116 0,001287
manages 1,714798 0,000193
mandating 3,506558 0,000395
mandrake 3,506558 0,000395
mandriva 3,506558 0,000395
manifesto 2,302585 0,000260
manjaro 3,218876 0,000363
manual 1,237874 0,000140
manufacturer 2,407946 0,000543
manufacturers 1,771957 0,000200
many 0,061875 0,000188
map 1,171183 0,000264
mapper 2,407946 0,000271
marc 1,771957 0,000200
march 0,116534 0,000368
marjanovic 3,912023 0,000441
mark 0,462035 0,000417
market 0,616186 0,002431
marketing 0,916291 0,000103
marketshare 3,912023 0,000441
mars 2,525729 0,000569
marshmallow 3,506558 0,000395
mary 1,514128 0,000171
mascot 2,302585 0,000260
mascots 3,506558 0,000395
massachusetts 1,514128 0,000171
matches 1,021651 0,000115
mate 3,218876 0,000726
mathematics 0,916291 0,000103
matt 1,609438 0,000181
matter 1,386294 0,000156
matters 1,771957 0,000200
matthew 1,771957 0,000400
matthias 2,525729 0,000285
matured 2,659260 0,000300
mcallister 2,813411 0,000317
mcc 3,218876 0,000363
mcilroy 3,506558 0,000395
mcmillan 3,218876 0,000363
mcpherson 3,218876 0,000363
mdy 1,514128 0,000171
mean 0,755023 0,000085
means 0,198451 0,000112
meanwhile 2,207275 0,000249
measure 0,994252 0,000224
measured 1,021651 0,000230
measuring 1,609438 0,000181
measuringworth 3,912023 0,000882
media 0,139262 0,000047
medium 1,203973 0,000136
meego 3,218876 0,000363
meeker 3,912023 0,000441
meetings 2,813411 0,000317
melayu 0,820981 0,000093
membership 1,832581 0,000207
memcpy 3,912023 0,000441
memory 0,579818 0,000523
menu -0,009950 -0,000002
mer 3,218876 0,000363
mercedes 3,506558 0,000395
merged 2,040221 0,000230
mesa 3,218876 0,000726
message 0,478036 0,000054
meta 1,386294 0,000156
methodology 1,108663 0,000125
michael 0,400478 0,000135
microblaze 3,912023 0,000441
microcomputer 3,218876 0,000726
microkernel 2,407946 0,000271
microprocessor 2,995732 0,000675
microprocessors 2,813411 0,000317
microsoft 0,579818 0,000523
microsystems 1,966113 0,001108
microvax 3,912023 0,000441
mid 0,994252 0,000112
migrated 2,659260 0,000300
miguel 3,506558 0,000791
mike 1,237874 0,000140
military 1,469676 0,000166
miller 1,469676 0,000331
million 0,916291 0,000620
mind 1,560648 0,000176
minicomputer 3,912023 0,000441
minimal 1,347074 0,000152
minimalist 3,218876 0,000363
minister 2,659260 0,000300
minix 2,813411 0,006026
minority 2,995732 0,000338
mint 2,659260 0,000600
mips 2,995732 0,000338
miracle 2,995732 0,000338
mit 0,776529 0,000263
miui 3,218876 0,000363
mks 3,218876 0,000363
mlinux 3,506558 0,000395
mmap 3,912023 0,000441
mobile -0,009950 -0,000012
mobilinux 3,218876 0,000363
mock 3,912023 0,000441
mode 0,891598 0,000302
model 0,162519 0,000092
modelopen 3,506558 0,000395
modern 0,314711 0,000035
modifiable 3,218876 0,000363
modifications 2,302585 0,000260
modified 1,203973 0,000136
modify 1,237874 0,000140
modular 1,560648 0,000176
module 1,049822 0,000237
modules 1,347074 0,000456
moln 3,218876 0,000363
money 1,171183 0,000132
mono 2,407946 0,000271
monodevelop 3,506558 0,000395
monolithic 2,813411 0,000952
monopoly 2,302585 0,000260
monthly 1,609438 0,000181
moody 3,912023 0,000441
mordor 3,506558 0,000395
mordorintelligence 3,912023 0,000441
more 0,010050 0,000018
morton 2,995732 0,000338
mos 2,525729 0,000285
most 0,040822 0,000106
motion 1,771957 0,000200
move -0,009950 -0,000008
movement 1,427116 0,000644
moves 1,427116 0,000161
movies 2,207275 0,000249
mozilla 1,514128 0,000341
mpl 2,995732 0,000338
much 0,400478 0,000090
multikernel 2,995732 0,000338
multilevel 2,659260 0,000300
multiple 0,116534 0,000039
multitasking 2,207275 0,000249
murdock 3,506558 0,000395
music 1,347074 0,000152
musings 3,912023 0,000441
musix 3,506558 0,000395
musl 3,506558 0,001186
mutations 3,912023 0,001323
mutter 3,912023 0,000882
naively 3,912023 0,000441
name 0,342490 0,000463
named 0,820981 0,000093
names 0,673345 0,000304
naming 1,386294 0,000938
nano 2,207275 0,000249
nasa 1,897120 0,000214
national 0,562119 0,000127
native 1,078810 0,000122
natty 3,912023 0,000441
natural 0,733969 0,000083
nature 0,597837 0,000067
navigation -0,009950 -0,000001
near 1,171183 0,000264
nearly 1,139434 0,000257
necessary 0,616186 0,000139
nederlandsnedersaksies 2,995732 0,000338
need 0,248461 0,000028
needed 0,210721 0,000048
needing 0,597837 0,000067
needs 0,415515 0,000094
neil 1,771957 0,000200
neon 2,813411 0,000317
net 0,415515 0,000328
netbeans 2,525729 0,000285
netbook 3,506558 0,000791
netbooks 3,506558 0,000395
netbsd 2,525729 0,000569
netfilterlinux 3,912023 0,000441
netmarketshare 3,912023 0,000441
netoveps 2,813411 0,000317
network 0,210721 0,000166
networking 1,171183 0,000264
networks 0,446287 0,000050
neutralizing 3,912023 0,000441
new 0,010050 0,000007
newer 1,309333 0,000148
newest 2,995732 0,000338
news 0,446287 0,000151
newsgroup 2,659260 0,002099
newsgroups 3,218876 0,000363
next 0,400478 0,000045
nextstep 3,218876 0,000363
nexus 3,506558 0,000395
niche 3,506558 0,000395
nichols 2,525729 0,000854
nimblex 3,506558 0,000395
nios 3,912023 0,000441
nixos 3,506558 0,000395
nobara 3,506558 0,000395
nobody 3,506558 0,000395
nominal 2,813411 0,000317
non -0,009950 -0,000007
norm 2,659260 0,000300
norsk 0,342490 0,000039
north 1,309333 0,000295
not 0,000000 0,000000
notable 0,941609 0,000318
notably 1,309333 0,000295
note 0,776529 0,000088
notebook 3,506558 0,000395
notes 0,415515 0,000141
nova 2,813411 0,000317
novala 3,506558 0,000395
novel 2,120264 0,000239
november 0,150823 0,001003
now 0,274437 0,000124
nskisoomaaliga 2,995732 0,000338
nuggets 3,506558 0,000395
number 0,051293 0,000046
numbers 0,544727 0,000246
numeric 1,427116 0,000322
numerous 1,203973 0,000407
nynorskoccitan 1,897120 0,000214
object 0,544727 0,000184
obligation 2,813411 0,000634
obtain 1,347074 0,000304
ocelic 3,912023 0,000441
oct 2,302585 0,000260
october 0,139262 0,000801
off 0,776529 0,000263
offer 0,820981 0,000093
offering 0,994252 0,000224
office 0,916291 0,000207
official 0,733969 0,000248
often 0,127833 0,000043
old 0,994252 0,000224
older 1,237874 0,000140
oldid -0,009950 -0,000001
olesperantoeuskara 0,510826 0,000058
olivier 2,995732 0,000338
omarchy 3,506558 0,000395
omnirom 3,506558 0,000395
once 0,544727 0,000123
one 0,010050 0,000015
ones 1,309333 0,000148
online 0,415515 0,000094
only 0,051293 0,000058
onwards 2,525729 0,000285
onyx 3,912023 0,000441
oops 3,912023 0,000441
open 0,235722 0,000957
openbsd 2,525729 0,000569
openelec 3,506558 0,000395
openlinux 3,506558 0,000395
openmandriva 3,506558 0,000395
openprinting 3,912023 0,000441
openrc 3,912023 0,000882
openrisc 3,912023 0,000441
openserver 3,218876 0,000363
opensolaris 2,995732 0,000338
opensource 2,659260 0,000899
opensuse 3,218876 0,001089
operating 0,462035 0,004428
operatingsystemsbsd 3,218876 0,000363
optimization 0,693147 0,000078
optional 1,386294 0,000156
oracle 1,108663 0,000250
orbit 2,995732 0,000338
org -0,009950 -0,000030
organisations 1,897120 0,000214
organization -0,009950 -0,000002
organizations 0,798508 0,000360
orgarticles 3,912023 0,000441
ori 3,912023 0,000441
oriented 0,798508 0,000270
original 0,030459 0,000525
originally 0,820981 0,000555
originating 2,995732 0,000338
osf 2,813411 0,000317
osgentoo 3,506558 0,000395
oss 2,995732 0,000675
ossanna 3,506558 0,000395
ost 3,912023 0,000441
other -0,009950 -0,000042
otheros 3,912023 0,000441
others 0,314711 0,000142
otherwise 1,108663 0,000125
out 0,261365 0,000118
outlaws 3,912023 0,000441
outline 0,653926 0,000074
outlook 2,207275 0,000249
output 0,713350 0,000080
ovensfeed 3,912023 0,000441
over 0,094311 0,000085
overall 0,967584 0,000109
overview 0,616186 0,000417
own 0,371064 0,000251
owned 1,660731 0,000374
package 1,078810 0,000973
packaged 2,813411 0,000634
packages 1,309333 0,000738
packard 2,407946 0,000543
packt 2,120264 0,000239
pacman 3,912023 0,000441
page -0,009950 -0,000004
pagecontentscurrent -0,009950 -0,000001
pageget -0,009950 -0,000001
pages -0,009950 -0,000004
pagesuse 1,469676 0,000166
pagethis 2,659260 0,000300
paging 2,995732 0,000338
paid 1,560648 0,000176
pamela 2,995732 0,000338
pantheon 3,912023 0,000441
parabola 2,995732 0,000338
paranoid 3,218876 0,000726
parrot 2,302585 0,000260
parsix 3,506558 0,000395
part 0,127833 0,000144
particles 3,506558 0,000395
particularly 0,597837 0,000067
parties 1,021651 0,000115
partition 1,660731 0,000187
partly 2,120264 0,000239
parts 0,544727 0,000061
party 0,798508 0,000270
pascal 1,386294 0,000625
pascalabc 3,912023 0,000441
pase 3,218876 0,000363
patent 1,609438 0,000181
patents 1,714798 0,000193
patrick 1,714798 0,000387
pattern 0,891598 0,000101
paul 0,544727 0,000061
pay 1,272966 0,000144
pclinuxos 3,506558 0,000791
pcs 2,407946 0,000543
pdas 3,912023 0,000441
pdf 0,139262 0,000094
pdfprintable -0,009950 -0,000001
peanuts 3,218876 0,000363
pedro 2,120264 0,000239
pending 2,120264 0,000478
penguin 2,120264 0,000478
pennington 3,912023 0,000441
pentoo 3,506558 0,000395
people 0,356675 0,000040
peppermint 3,506558 0,000395
percent 1,514128 0,000854
perens 3,912023 0,000441
performed 0,867501 0,000196
perhaps 1,660731 0,000187
peripherals 2,813411 0,000317
perl 1,386294 0,000469
permission 1,897120 0,000214
permissive 2,659260 0,000600
permit 1,771957 0,000200
permits 2,302585 0,000260
permitted 2,659260 0,000300
perpetual 3,506558 0,000791
person 1,021651 0,000115
personal -0,009950 -0,000006
persons 2,302585 0,000260
perspective 0,820981 0,000093
peter 0,494296 0,000167
philip 1,469676 0,000166
philosophy 0,994252 0,000112
phoenix 2,813411 0,000317
phones 1,832581 0,000413
phonos 2,525729 0,000285
phoronix 3,218876 0,000726
php -0,009950 -0,000003
pia 3,506558 0,000395
picture 2,302585 0,000260
piece 1,714798 0,000193
piemont 1,427116 0,000161
pinguy 3,506558 0,000395
pioneering 2,525729 0,000285
pixar 3,912023 0,000441
pixelexperience 3,506558 0,000395
place 0,597837 0,000135
placement 2,120264 0,000239
plain 1,514128 0,000171
plan 0,916291 0,000723
plasma 3,506558 0,001186
platform 0,527633 0,000416
platforms 0,776529 0,000525
platformsalpha 3,912023 0,000441
platformscross 3,912023 0,000441
platypux 3,506558 0,000395
play 1,139434 0,000128
players 1,966113 0,000222
playstation 2,813411 0,000317
please 0,776529 0,000088
poettering 3,912023 0,000441
policy -0,009950 -0,000002
polkitd 3,912023 0,000441
ponat 2,120264 0,000239
pop 1,771957 0,000200
popular 0,579818 0,001177
popularity 1,171183 0,000264
port 1,609438 0,000363
portable 1,660731 0,000187
portage 3,912023 0,000441
portal 0,597837 0,000337
portalrecent -0,009950 -0,000001
portals 2,120264 0,000239
ported 1,966113 0,000887
porteus 3,506558 0,000395
porting 2,407946 0,000271
portmanteau 3,506558 0,000395
ports 2,120264 0,000239
position 1,171183 0,000132
posix 2,407946 0,002715
possible 0,287682 0,000032
post 0,579818 0,000261
postmarketos 3,218876 0,000363
potentially 0,755023 0,000936
power 0,400478 0,000181
powered 1,660731 0,000374
powerpc 2,813411 0,000634
powers 1,714798 0,000193
practical 0,634878 0,000072
practice 0,371064 0,000042
precursors 2,995732 0,000675
predated 3,506558 0,000395
predominant 2,995732 0,000338
preemptive 2,407946 0,000543
preferred 1,560648 0,000352
prefers 2,995732 0,000338
premier 3,218876 0,000363
president 1,897120 0,000214
press 0,210721 0,000048
prevent 0,891598 0,000101
prevented 2,525729 0,000285
previously 0,843970 0,000190
price 1,021651 0,000115
priced 2,659260 0,000300
primarily 0,653926 0,000147
primary 0,527633 0,000059
principal 1,272966 0,000144
principle 1,078810 0,000122
principles 0,597837 0,000135
print -0,009950 -0,000003
printers 2,813411 0,000317
priority 1,897120 0,000214
privacy -0,009950 -0,000002
pro 1,347074 0,000152
probably 1,897120 0,000214
problem 0,385662 0,000043
procedural 2,040221 0,000230
process 0,116534 0,000131
processes 0,634878 0,000143
processing 0,356675 0,000040
processor 1,272966 0,000144
processors 1,427116 0,000161
produced 0,820981 0,000278
product 0,579818 0,000196
production 0,798508 0,000180
professor 1,714798 0,000193
profit -0,009950 -0,000004
program 0,328504 0,000111
programmed 1,609438 0,000181
programmers 1,347074 0,000152
programming 0,446287 0,000553
programs 0,494296 0,000557
prohibit 3,218876 0,000726
prohibited 2,407946 0,000271
project 0,314711 0,000922
projects -0,009950 -0,000011
projectshidden 3,506558 0,000395
proliferation 1,832581 0,000207
prominent 1,660731 0,000187
promise 1,427116 0,000161
promote 1,609438 0,000181
prompts 2,659260 0,000300
pronounce 2,995732 0,000338
pronounced 2,659260 0,000600
pronounces 3,506558 0,000395
pronunciationspages 3,912023 0,000441
proponents 2,407946 0,000271
propose 2,659260 0,000300
proposing 2,659260 0,000300
proprietary 1,171183 0,001320
protected 0,776529 0,000088
protection 0,994252 0,000448
protocol 0,713350 0,000241
prove 1,832581 0,000207
proven 1,771957 0,000400
provide 0,174353 0,000138
provided 0,494296 0,000111
provides 0,261365 0,000177
providex 3,912023 0,000441
provisions 2,407946 0,000271
pthread 3,912023 0,000441
pub 2,207275 0,000498
public 0,248461 0,000280
publicly 1,309333 0,000148
published 0,328504 0,000111
publishes 2,407946 0,000543
publishing 0,446287 0,000050
puppy 3,506558 0,000395
purchase 1,469676 0,000166
purchased 1,966113 0,000222
purebasic 3,912023 0,000441
pureos 3,218876 0,000363
purpose 0,356675 0,000201
put 0,994252 0,000224
pws 2,659260 0,000300
pxe 2,995732 0,000338
python 0,916291 0,000517
qnx 2,407946 0,000271
qualifying 3,506558 0,000395
quality 0,673345 0,000076
quantitative 1,514128 0,000171
qubes 3,506558 0,000395
questions 1,171183 0,000132
queue 1,771957 0,000200
quick 1,609438 0,000181
quickly 0,891598 0,000101
radio 1,469676 0,000166
ram 1,660731 0,000187
ran 1,966113 0,000222
randal 3,506558 0,000395
randolph 3,218876 0,000363
random 0,843970 0,000095
range 0,446287 0,000201
ranging 1,897120 0,000214
rapid 1,237874 0,000140
rapidly 1,514128 0,000341
rapidq 3,912023 0,000441
raspberry 2,525729 0,000285
rate 0,755023 0,000085
rather 0,287682 0,000097
ratpoison 3,912023 0,000441
raymond 1,966113 0,000887
rbaycanca 0,248461 0,000028
reach 1,347074 0,000304
reaching 2,040221 0,000230
read 0,843970 0,000190
readeditview 0,287682 0,000065
readme 2,995732 0,000338
real 0,210721 0,000071
reasons 0,891598 0,000101
rebranding 2,813411 0,000317
received 1,078810 0,000122
recently 1,427116 0,000322
reception 2,995732 0,000338
recipes 2,995732 0,000338
recipient 2,407946 0,000271
reciprocity 3,506558 0,000395
recommends 1,966113 0,000222
recorded 1,237874 0,000279
recording 2,407946 0,000271
red 1,237874 0,002093
redistribution 2,995732 0,000675
reference 0,478036 0,000162
references 0,020203 0,000005
referring 2,120264 0,000478
refers 0,755023 0,000085
reg 3,218876 0,000363
regex 3,912023 0,000882
regional 1,660731 0,000187
regions 1,832581 0,000413
register 1,309333 0,000295
registered -0,009950 -0,000003
regular 1,049822 0,000355
reilly 1,078810 0,000730
reimplementation 3,506558 0,000395
reiser 3,912023 0,000441
related 0,051293 0,000017
relationship 0,891598 0,000101
relative 1,108663 0,000125
relatively 1,049822 0,000237
release 0,579818 0,000065
released 0,693147 0,001094
releaseseptember 3,912023 0,000441
releasing 2,207275 0,000498
reliability 1,021651 0,000230
remain 1,078810 0,000122
remaining 1,309333 0,000148
remix 2,813411 0,000634
remote 0,843970 0,000095
remove 0,527633 0,000059
removing 1,714798 0,000193
repetitive 2,813411 0,000317
replace 1,203973 0,000136
replaced 1,237874 0,000279
replacement 1,714798 0,000387
replaces 2,207275 0,000249
replacing 1,609438 0,000363
replicant 3,506558 0,000395
report 0,462035 0,000156
reports 1,049822 0,000118
repositories 2,120264 0,000239
repository 1,078810 0,000365
repositorygit 3,506558 0,000395
represented 0,967584 0,000109
represents 0,891598 0,000101
republicgreeceisraelotheridrefelmcip 3,912023 0,000441
reputation 2,040221 0,000230
request 1,203973 0,000136
requests 1,237874 0,000140
required 0,274437 0,000124
requires 0,430783 0,000049
research 0,261365 0,000029
resorted 3,912023 0,000441
resource 0,733969 0,000083
resources 0,314711 0,000035
respective 1,966113 0,000222
respectively 0,967584 0,000109
responsible 1,078810 0,000243
restructured 3,912023 0,000441
result 0,371064 0,000042
resulting 0,798508 0,000090
resurrection 3,506558 0,000395
retrieved -0,009950 -0,000182
reused 2,302585 0,000260
revealed 1,832581 0,000207
reveals 2,040221 0,000230
review 0,385662 0,000043
reviewed 1,714798 0,000193
revision 1,347074 0,000152
revolution 1,272966 0,000431
revolutionary 2,659260 0,001199
rewritten 1,966113 0,000222
richard 0,733969 0,000414
right 0,478036 0,000054
rights 0,891598 0,000201
rigid 2,302585 0,000260
ring 2,207275 0,000249
ripoarischrom 3,218876 0,000363
risc 2,659260 0,000600
rise 0,967584 0,000327
ritchie 2,525729 0,000854
robbins 3,218876 0,000363
robert 0,579818 0,000196
robin 1,714798 0,000387
rocket 2,120264 0,000239
rocks 2,525729 0,000285
rocky 3,218876 0,000363
rofi 3,912023 0,000441
role 0,634878 0,000072
rolling 2,120264 0,000239
rolls 2,659260 0,000300
root 0,994252 0,000112
rosa 2,813411 0,000317
round 1,714798 0,000193
router 2,302585 0,000260
routers 1,897120 0,000214
routines 2,525729 0,000285
routing 1,560648 0,000176
rowalon 3,218876 0,000363
rowe 3,218876 0,000363
royalties 3,218876 0,000363
rpm 3,506558 0,000395
rte 3,218876 0,000363
ruby 1,347074 0,000304
rules 0,616186 0,000139
rump 2,407946 0,000271
run 0,446287 0,000503
runa 0,916291 0,000103
runit 3,912023 0,000441
running 0,713350 0,000885
runs 1,171183 0,000660
russell 1,897120 0,000214
russian 1,609438 0,000181
rust 1,427116 0,000322
rusty 3,218876 0,000363
rvm 2,813411 0,000317
ryan 1,560648 0,000352
sabayon 3,506558 0,000395
sabily 3,506558 0,000395
safety -0,009950 -0,000001
sage 2,659260 0,000600
sailfish 3,218876 0,000363
sales 1,171183 0,000396
salix 3,506558 0,000395
same 0,116534 0,000066
samsung 2,040221 0,000460
samuel 1,714798 0,000193
sanchez 3,218876 0,000363
sandler 3,912023 0,000441
santhanam 3,912023 0,000441
sarduscotsseelterskshqipsicilianu 3,218876 0,000363
saying 1,897120 0,000214
says 1,309333 0,000295
scaffolding 3,506558 0,000395
scala 2,040221 0,000230
scale 0,494296 0,000056
scaled 1,832581 0,000207
sch 2,995732 0,000338
scheduler 1,966113 0,000222
scheduling 1,386294 0,000156
schedulingalgorithms 2,995732 0,000338
scheme 1,469676 0,000331
schools 1,609438 0,000363
schwartz 2,302585 0,000260
sci 2,120264 0,000239
science 0,287682 0,000032
scientific 0,693147 0,000078
scm 2,659260 0,000300
sco 2,813411 0,000952
scratch 1,771957 0,000400
scripting 1,237874 0,000837
scripts 1,609438 0,000181
sculpting 3,506558 0,000395
sde 3,506558 0,000395
sdl 2,659260 0,000600
sdlbasic 3,912023 0,000441
search -0,009950 -0,000006
seattle 2,659260 0,000300
sebastopol 2,207275 0,000249
second 0,342490 0,000077
secured 2,120264 0,000239
security 0,314711 0,000355
securitycertifications 3,912023 0,000441
sed 3,506558 0,000791
see -0,009950 -0,000012
seek 1,660731 0,000187
seeking 1,560648 0,000176
seen 0,776529 0,000175
segmentation 2,207275 0,000249
selection 1,021651 0,000230
self 0,478036 0,000054
selinux 3,506558 0,000395
sell 1,560648 0,000352
selling 1,514128 0,000512
sendmail 3,912023 0,000441
separate 0,693147 0,000078
separately 1,660731 0,000187
separation 1,560648 0,000176
september 0,150823 0,000561
serenityos 3,218876 0,000363
series 0,328504 0,000037
serieslinux 3,912023 0,000441
served 1,832581 0,000207
server 0,653926 0,001401
servers 1,021651 0,001728
service 0,314711 0,000071
services 0,400478 0,000226
set 0,083382 0,000047
settled 2,813411 0,000317
seventy 3,912023 0,000441
several 0,094311 0,000064
sfml 3,912023 0,000441
shades 3,506558 0,000395
shakti 3,912023 0,000441
share 0,616186 0,001737
sharealike -0,009950 -0,000001
shared 0,755023 0,000340
shares 1,771957 0,000200
sharing 0,967584 0,000327
sharp 2,407946 0,000814
shelf 2,659260 0,000300
shell 1,237874 0,001675
shells 2,207275 0,001493
shifting 1,966113 0,000222
shipments 2,525729 0,000285
shipping 1,832581 0,000413
short -0,009950 -0,000003
shortened -0,009950 -0,000001
shortest 2,407946 0,000271
showed 1,514128 0,000171
showing 1,347074 0,000304
shuah 3,912023 0,000441
shuts 3,506558 0,000395
shuttleworth 3,912023 0,000441
sic 2,995732 0,000338
sidebar -0,009950 -0,000004
sievers 3,912023 0,000441
sifry 3,912023 0,000441
sights 3,912023 0,000441
significant 0,328504 0,000037
silber 3,912023 0,000441
silicon 2,120264 0,000239
sillysounds 3,912023 0,000441
simi 0,755023 0,000085
similar 0,186330 0,000021
simple 0,150823 0,000051
simpler 1,832581 0,000413
simplified 1,609438 0,000181
simplify 1,514128 0,000171
simply 0,733969 0,000165
simson 3,912023 0,000441
since 0,139262 0,000094
single 0,127833 0,000043
sister 1,386294 0,000313
site -0,009950 -0,000001
situation 1,272966 0,000144
size 0,462035 0,000365
sky 2,995732 0,000338
slackware 2,995732 0,001013
slax 3,506558 0,000791
sleepycat 2,995732 0,000338
slenskaitaliano 0,562119 0,000063
slightly 1,771957 0,000200
sloven 1,514128 0,000171
slowly 2,525729 0,000285
smack 3,912023 0,000441
small 0,314711 0,000106
smart 1,078810 0,000365
smartphone 2,407946 0,000271
smartphones 2,120264 0,001195
smbd 3,912023 0,000441
smith 1,203973 0,000271
social 0,527633 0,000059
softlanding 3,506558 0,000395
softpedia 3,506558 0,000395
software 0,127833 0,001268
softwarecomputing 3,912023 0,000441
softwarefinnish 3,912023 0,000441
softwaregeneral 2,995732 0,000338
softwarepackages 2,995732 0,000338
solar 2,813411 0,000317
solaris 2,207275 0,000249
sold 1,347074 0,000152
solus 3,506558 0,000395
solution 0,776529 0,000088
solutions 0,820981 0,000093
solydxk 3,506558 0,000395
some 0,040822 0,000060
someone 1,832581 0,000207
something 1,347074 0,000152
sometimes 0,301105 0,000034
sony 2,525729 0,000569
sophisticated 1,237874 0,000140
sort 1,609438 0,000181
sought 1,966113 0,000222
source 0,186330 0,001071
sourceinitial 3,912023 0,000441
sources 0,446287 0,000101
space 0,478036 0,000377
spacecraft 2,659260 0,000300
spacex 3,506558 0,000395
spafford 3,506558 0,000395
spain 2,207275 0,000249
sparc 2,525729 0,000285
sparkylinux 3,506558 0,000395
specialized 0,843970 0,000190
specific 0,094311 0,000064
specifically 0,843970 0,000190
specification 0,941609 0,000318
spin 2,525729 0,000285
splashtop 3,506558 0,000395
splice 3,912023 0,000441
split 1,469676 0,000166
sponsored 2,040221 0,000230
sponsoring 3,218876 0,000363
spreads 2,813411 0,000317
springer 0,527633 0,000059
sqaraqalpaqsha 1,386294 0,000156
srpskisrpskohrvatski 0,510826 0,000058
sshd 3,912023 0,000441
stable 0,867501 0,000098
stack 0,867501 0,000391
stacking 3,506558 0,000395
stackoverflow 2,995732 0,000338
staff 1,469676 0,000166
stahe 3,912023 0,000441
stalled 2,995732 0,000338
stallman 3,218876 0,002540
stan 2,813411 0,000317
stand 1,714798 0,000193
standalone 2,525729 0,000285
standard 0,198451 0,000224
standardized 1,203973 0,000271
standards 0,462035 0,000365
stanford 1,309333 0,000295
star 2,040221 0,000690
start 0,843970 0,000095
started 0,634878 0,000358
starts 1,609438 0,000181
stat 2,659260 0,000300
statcounter 2,659260 0,001199
state 0,235722 0,000106
statecurrentsource 3,218876 0,000363
stated 1,171183 0,000264
statement -0,009950 -0,000002
statements 0,314711 0,000390
statementsarticles 0,544727 0,000123
states 0,385662 0,000261
statesfrancebnf 0,510826 0,000058
static 1,272966 0,000144
statistics -0,009950 -0,000011
stats 2,120264 0,001434
statusthis 2,659260 0,000300
stay 1,966113 0,000222
steam 2,407946 0,000271
steamos 3,218876 0,001089
stephen 0,867501 0,000098
steps 1,309333 0,000148
steve 1,078810 0,000122
steven 0,916291 0,000310
still 0,342490 0,000116
storage 0,430783 0,000097
storms 3,506558 0,000395
story 1,514128 0,000341
stratechery 3,912023 0,000441
strategist 3,912023 0,000441
strategy 0,891598 0,000101
strauss 3,506558 0,000395
streams 1,714798 0,000193
strikes 2,995732 0,000338
student 1,609438 0,000181
students 1,469676 0,000166
studies 0,673345 0,000152
studio 1,660731 0,000562
studios 3,218876 0,000363
study 0,510826 0,000288
style 0,994252 0,000112
stylized 3,506558 0,000395
sub 1,021651 0,000115
sublicense 3,912023 0,002205
sublicensing 3,912023 0,000882
subroutines 3,506558 0,000395
subsection 0,020203 0,000007
subsystem 2,407946 0,001900
subtly 3,912023 0,000441
succeed 2,813411 0,000317
success 1,171183 0,000396
successful 0,843970 0,000095
successfully 1,427116 0,000161
such 0,000000 0,000000
sued 2,407946 0,000271
suggest 1,771957 0,000200
suited 1,514128 0,000171
suites 2,207275 0,000249
summary 1,469676 0,000166
summer 1,660731 0,000187
sun 1,237874 0,000977
sunos 2,813411 0,000634
sunwah 3,506558 0,000395
suomisvenskatagalog 1,171183 0,000132
supercomputer 2,525729 0,000285
supercomputers 2,302585 0,001558
supercomputersavailable 3,912023 0,000441
supercomputing 2,813411 0,000317
superh 3,912023 0,000441
suppliers 1,897120 0,000214
support 0,198451 0,000425
supported 0,634878 0,000215
supporting 0,843970 0,000285
supports 0,867501 0,000293
surfaced 3,218876 0,000363
surfaceflinger 3,506558 0,000395
surpass 3,506558 0,000395
survey 0,579818 0,000065
sus 2,995732 0,001013
suse 2,813411 0,002855
swapnil 3,912023 0,000441
sway 3,912023 0,000441
swiss 2,040221 0,000230
switch 1,514128 0,000341
sylviu 3,912023 0,000441
symbiotic 3,912023 0,000441
sysadmins 3,912023 0,000441
syscall 3,912023 0,000441
syslinux 3,912023 0,000441
system 0,030459 0,000416
systemd 3,506558 0,001186
systemkernel 3,912023 0,000441
systemrescue 3,506558 0,000395
systems 0,061875 0,000349
systemsgeneral 2,813411 0,000317
systemsunix 3,912023 0,000441
sysvinit 3,912023 0,000441
table -0,009950 -0,000002
tablet 2,040221 0,000690
tablets 2,407946 0,000543
tactic 3,912023 0,000441
tailored 2,302585 0,000260
tails 2,659260 0,000300
take 0,527633 0,000059
taken 0,867501 0,000196
takes 0,634878 0,000215
talk 1,203973 0,000136
tanenbaum 3,506558 0,002372
tape 2,040221 0,000230
taqbaylit 1,897120 0,000214
tarballs 3,912023 0,000441
targetcloud 3,912023 0,000441
targeted 1,714798 0,000387
targeting 1,897120 0,000214
targets 1,272966 0,000144
taskbar 3,506558 0,000395
tasks 0,798508 0,000180
tatar 1,272966 0,000144
taylor 1,203973 0,000136
team 0,776529 0,000088
teams 1,469676 0,000166
tech 0,967584 0,000109
technica 1,347074 0,000304
technical 0,478036 0,000162
technologies 0,562119 0,000190
technologist 3,218876 0,000363
technology 0,186330 0,000105
techs 2,525729 0,001708
tecmint 3,912023 0,000441
telecommunications 1,469676 0,000166
television 1,609438 0,000544
televisions 2,659260 0,000300
term 0,223144 0,000025
terminal 1,897120 0,000428
terminates 3,218876 0,000363
terms -0,009950 -0,000007
tesla 2,207275 0,000249
tested 1,897120 0,000428
tetuntoki 3,506558 0,000395
text -0,009950 -0,000009
textbook 2,302585 0,000260
texts 1,832581 0,000207
than 0,072571 0,000098
thanks 2,407946 0,000271
that 0,000000 0,000000
themes 2,659260 0,000300
themselves 0,843970 0,000190
then 0,116534 0,000039
theodore 3,218876 0,000363
there 0,051293 0,000046
therefore 0,478036 0,000108
these 0,040822 0,000009
thibodeau 3,912023 0,000441
think 1,309333 0,000295
third 0,356675 0,000201
this -0,009950 -0,000030
thompson 1,714798 0,000580
those 0,235722 0,000080
though 0,544727 0,000061
thousand 2,813411 0,000634
thousands 1,469676 0,000331
thread 1,897120 0,000214
three 0,287682 0,000032
throughout 1,078810 0,000243
tiemann 3,912023 0,000441
tiling 3,506558 0,000791
tim 0,867501 0,000196
time 0,010050 0,000016
timeline 0,776529 0,000350
times 0,314711 0,000106
timothee 3,912023 0,000441
tinacorsucymraegdansk 3,506558 0,000395
tiny 2,407946 0,000271
titanic 3,506558 0,000791
title -0,009950 -0,000001
tivo 3,912023 0,000441
tivoization 2,995732 0,000338
tizen 3,218876 0,000363
today 0,693147 0,000234
together 0,579818 0,000261
toggle -0,009950 -0,000006
tomoyo 3,912023 0,000441
too 0,634878 0,000072
took 1,237874 0,000140
toolchain 2,659260 0,000600
toolkit 1,469676 0,000497
toolkits 3,506558 0,001186
tools -0,009950 -0,000009
top -0,009950 -0,000013
topic -0,009950 -0,000002
topics 0,653926 0,000147
topologilinux 3,506558 0,000395
torvalds 2,659260 0,012592
torvaldsoperating 3,912023 0,000441
torvaldswritten 3,912023 0,000441
total 0,673345 0,000076
totally 2,995732 0,000338
touch 2,120264 0,000239
tough 2,813411 0,000317
toward 1,108663 0,000125
toybox 3,218876 0,002540
toyota 2,813411 0,000317
tozzi 3,912023 0,000882
trademark -0,009950 -0,000012
trademarked 3,218876 0,000726
trademarks 2,995732 0,000338
traditional 0,544727 0,000184
trail 3,218876 0,000363
training 1,078810 0,000122
tranco 3,912023 0,000441
transfer 0,693147 0,000078
transparency 1,560648 0,000352
tree 0,843970 0,000095
trek 2,813411 0,000317
trends 1,021651 0,000230
tried 2,302585 0,000260
trisquel 3,506558 0,000395
trolltech 3,912023 0,000441
tru 3,218876 0,000363
true 0,776529 0,000088
truelist 3,912023 0,000882
truenas 3,506558 0,000395
trusted 1,560648 0,000176
tschpolskiportugu 1,832581 0,000207
turbolinux 3,506558 0,000395
turing 1,660731 0,000187
turkix 3,506558 0,000395
turn 1,108663 0,000125
turned 1,832581 0,000207
tux 3,912023 0,001323
tuxedo 3,506558 0,000395
tuxedocomputers 3,912023 0,000441
tvos 2,813411 0,000317
tvs 2,995732 0,000338
tweedie 3,912023 0,000441
twenty 1,897120 0,000214
two 0,083382 0,000038
typemonolithicuserlandutil 3,912023 0,000441
types 0,198451 0,000112
typical 1,139434 0,000128
typically 0,223144 0,000075
tzebuergeschlietuvi 1,514128 0,000171
ubuntu 2,407946 0,003801
uclibc 3,218876 0,000726
uclinux 3,912023 0,000882
udevd 3,912023 0,000441
ugi 2,813411 0,000317
ultrix 3,218876 0,000726
unclassified 3,218876 0,000363
uncom 3,506558 0,000395
under -0,009950 -0,000016
undergoing 3,218876 0,000363
understanding 0,562119 0,000127
unfit 1,609438 0,000181
unikernel 2,813411 0,000317
unit 0,798508 0,000090
united 0,527633 0,000297
unity 2,813411 0,000317
universities 1,469676 0,000166
university 0,186330 0,000084
unix 1,469676 0,009610
unixdefaultuser 3,912023 0,000441
unixware 3,218876 0,000363
unlicense 2,995732 0,000338
unlike 0,798508 0,000090
unpaid 3,506558 0,000395
unrounded 3,912023 0,000882
unsourced 0,446287 0,000101
unsuccessfully 3,506558 0,000395
until 0,510826 0,000230
uos 3,506558 0,000395
update 0,527633 0,000654
updated 0,867501 0,000098
uploaded 3,218876 0,000363
upstart 3,912023 0,000441
uptake 3,218876 0,001452
urlcs 2,120264 0,000239
urldownload -0,009950 -0,000001
uruk 3,506558 0,000395
usage 0,597837 0,000809
usb 2,302585 0,000260
use -0,009950 -0,000040
used -0,009950 -0,000036
usenet 2,659260 0,000899
user 0,328504 0,001259
userland 2,813411 0,003172
userlinux 3,506558 0,000395
users 0,478036 0,000647
userspace 3,506558 0,001581
uses 0,094311 0,000106
using -0,009950 -0,000012
usually 0,223144 0,000025
utc -0,009950 -0,000001
util 3,506558 0,000791
utilities 1,897120 0,001283
uuks 3,912023 0,001323
uws 3,218876 0,000363
vahcuenghv 3,912023 0,000441
vala 3,218876 0,000363
valerie 3,506558 0,000395
values 0,597837 0,000067
valve 3,218876 0,000363
variant 1,560648 0,000176
variants 1,427116 0,000322
variantsopen 3,912023 0,000441
variety 0,653926 0,000295
various 0,223144 0,000327
vary 1,049822 0,000118
vast 1,514128 0,000171
vaughan 2,525729 0,000854
vaxes 3,912023 0,000441
vectorlinux 3,506558 0,000395
vehicles 1,660731 0,000187
vendor 1,469676 0,000166
vendors 1,514128 0,000512
version -0,009950 -0,000018
versions 0,579818 0,000065
versus 1,347074 0,000304
very 0,314711 0,000142
vetter 3,912023 0,000441
vger 3,912023 0,000441
via 0,186330 0,000105
video 0,616186 0,000695
view -0,009950 -0,000001
villa 3,912023 0,000441
vim 2,407946 0,000271
vine 3,218876 0,000363
virtual 0,527633 0,000416
virtually 2,120264 0,000239
vishal 3,218876 0,000363
vision 0,891598 0,000101
visits 2,407946 0,000271
vista 2,813411 0,001269
visual 0,843970 0,000095
vital 2,302585 0,000260
vkernel 2,525729 0,000285
vlamswinaraywolof 3,218876 0,000363
voice 1,560648 0,000176
void 2,302585 0,000519
volkerding 3,912023 0,000441
volunteer 3,912023 0,001323
volunteers 2,995732 0,000338
vowel 3,912023 0,000882
vse 3,218876 0,000363
vtecontributors 3,912023 0,000441
vtefree 2,995732 0,000338
vtelinux 2,995732 0,000338
vtelinuxlinux 3,912023 0,000441
vteoperating 2,813411 0,000317
vteunix 3,218876 0,000363
vulnerable 1,427116 0,000161
wanted 1,714798 0,000387
washington 1,049822 0,000118
wasn 2,813411 0,000317
watch 1,386294 0,000313
watchos 2,659260 0,000300
waugh 3,506558 0,000395
way 0,198451 0,000022
waybar 3,912023 0,000441
wayland 3,506558 0,005930
wearables 3,218876 0,000363
web 0,342490 0,000541
website 0,634878 0,000143
websitekernel 3,912023 0,000441
websites 1,203973 0,000814
week 1,514128 0,000171
weil 3,506558 0,000395
well 0,051293 0,000046
welte 3,912023 0,000441
west 1,560648 0,000176
weston 3,912023 0,000441
weta 3,912023 0,000882
what -0,009950 -0,000017
wheeler 2,813411 0,000634
when 0,030459 0,000027
where 0,072571 0,000033
whereas 1,049822 0,000118
whether 0,400478 0,000090
which 0,000000 0,000000
while 0,051293 0,000075
who 0,301105 0,000238
whole 0,916291 0,000413
whonixfedoracentosstream 3,506558 0,000395
whose 0,776529 0,000175
why 0,494296 0,000223
wichtigen 3,912023 0,000441
wide 0,597837 0,000270
widely 0,342490 0,000154
widespread 0,994252 0,000112
widget 2,813411 0,001269
wikibooksresources 1,660731 0,000187
wikidataarticles 1,171183 0,000132
wikidatawikipedia 0,967584 0,000109
wikimedia -0,009950 -0,000002
wikinewsquotations 2,659260 0,000300
wikipedia -0,009950 -0,000010
wikipediacontact -0,009950 -0,000001
wikiquotetexts 2,525729 0,000285
wikisourcetextbooks 2,525729 0,000285
wikiversity 1,609438 0,000181
wiktionarymedia 1,660731 0,000187
william 0,713350 0,000080
williamson 2,525729 0,000285
win 2,040221 0,000230
window 1,560648 0,003343
windowing 3,506558 0,001977
windows 1,021651 0,001382
wings 3,218876 0,000363
winning 2,302585 0,000260
winux 3,506558 0,000395
wired 1,237874 0,000140
wireless 1,078810 0,000122
within 0,116534 0,000039
without 0,094311 0,000032
woodhull 3,912023 0,000441
word 0,693147 0,000313
work 0,127833 0,000101
worked 1,609438 0,000181
working 0,478036 0,000323
workload 2,207275 0,000249
works 0,693147 0,000313
workstations 2,302585 0,001558
world 0,139262 0,000063
worldwide 1,108663 0,000875
wrapper 2,659260 0,000300
wright 1,714798 0,000193
write 0,941609 0,000212
written 0,287682 0,000227
wrote 1,078810 0,000243
wtfpl 2,995732 0,000338
www 0,356675 0,000442
wxbasic 3,912023 0,000441
xandros 3,506558 0,000395
xbasic 3,912023 0,000441
xenix 3,218876 0,000363
xfce 3,912023 0,001764
xfwm 3,912023 0,000441
xiaomi 3,506558 0,000395
xiti 3,912023 0,000441
xitimonitor 3,912023 0,000441
xojo 3,912023 0,000441
xorg 3,912023 0,000882
xos 3,506558 0,000395
xtensakernel 3,912023 0,000441
xubuntu 3,506558 0,000395
yabasic 3,912023 0,000441
year 0,579818 0,000261
years 0,274437 0,000155
yellow 2,407946 0,000271
yor 2,040221 0,000230
york 0,371064 0,000084
young 1,897120 0,000214
youtube 1,272966 0,000144
yum 3,912023 0,000441
zazakize 3,218876 0,000363
zbekcha 0,462035 0,000052
zdnet 1,560648 0,001232
zeitgeist 3,912023 0,000441
zenwalk 3,506558 0,000395
ziff 2,995732 0,000338
zlib 2,813411 0,000317
zorin 3,506558 0,000395
zsh 3,912023 0,000441
zvezdana 3,912023 0,000441
zypper 3,912023 0,000441
