aaron 1,714798 0,000434
abl 0,733969 0,000372
abstract 0,713350 0,000361
access 0,127833 0,000259
account -0,009950 -0,000005
accur 1,203973 0,000305
achiev 0,510826 0,000259
acknowledg 2,040221 0,000517
acroni 3,912023 0,000991
action -0,009950 -0,000003
activ 0,356675 0,000090
ad 0,223144 0,000113
adam 1,203973 0,000305
add -0,009950 -0,000005
addit -0,009950 -0,000003
address 0,342490 0,000434
adopt 0,415515 0,000210
advanc 0,235722 0,000299
agil 2,040221 0,000517
ago 0,967584 0,001716
agre -0,009950 -0,000005
ai 1,272966 0,000322
alison 3,218876 0,000815
all 0,000000 0,000000
allow 0,061875 0,000063
almost 0,798508 0,000202
alon 1,272966 0,000645
alpha 1,832581 0,006499
alphant 3,912023 0,001982
also -0,009950 -0,000033
although 0,287682 0,000219
alwai 0,597837 0,000151
amd 2,813411 0,000713
american 0,415515 0,000105
among 0,356675 0,000090
amount 0,579818 0,000147
amp -0,009950 -0,000013
ancestri 3,218876 0,000815
andrew 0,820981 0,000208
ani 0,083382 0,000084
announc 0,733969 0,001859
answer 1,171183 0,000297
apart 1,897120 0,000481
api 0,798508 0,002629
app 1,021651 0,000518
appar 2,207275 0,001118
appear -0,009950 -0,000008
appli -0,009950 -0,000005
applic 0,030459 0,000054
approach 0,174353 0,000044
april 0,072571 0,000312
ar 1,309333 0,000332
arc 2,040221 0,000517
architectur 0,400478 0,001623
architectwritten 3,912023 0,000991
archiv 0,040822 0,000724
arm 1,469676 0,002978
armv 2,995732 0,001518
around 0,356675 0,000090
articl 0,000000 0,000000
articleabout -0,009950 -0,000003
articletalk -0,009950 -0,000003
assembl 0,867501 0,000659
assur 1,660731 0,000421
atop 2,813411 0,000713
attribut -0,009950 -0,000003
august 0,162519 0,000823
author 0,040822 0,000010
automot 1,897120 0,000481
avail -0,009950 -0,000023
avoid 0,579818 0,000147
backup 2,207275 0,000559
bahasa 0,186330 0,000047
barr 2,659260 0,000674
base 0,010050 0,000059
basic 0,198451 0,000201
beacon 2,659260 0,000674
becaus 0,127833 0,000097
becom 0,274437 0,000070
begin 0,385662 0,000098
behavior 0,342490 0,000087
beta 1,386294 0,001053
bill 0,776529 0,000590
binari 0,916291 0,000232
bit 1,078810 0,008471
bitlock 3,506558 0,000888
bizspark 3,912023 0,000991
blog 0,713350 0,001445
bokm 0,127833 0,000032
boot 1,966113 0,003984
bosanski 1,347074 0,000341
box 0,843970 0,000214
brand 1,386294 0,000702
brandon 2,120264 0,001074
break 0,733969 0,000186
breakneck 3,912023 0,000991
brief 1,237874 0,000314
broad 1,203973 0,000305
build 0,274437 0,000973
built 0,462035 0,000351
busi 0,287682 0,000291
byrsx 3,912023 0,000991
cairo 3,506558 0,000888
call 0,030459 0,000023
canari 3,218876 0,001631
cancel 2,207275 0,001677
career 2,120264 0,000537
carnegi 2,525729 0,001279
carrasqueira 3,912023 0,000991
carri 0,967584 0,000245
case 0,083382 0,000021
catal 0,094311 0,000024
categori -0,009950 -0,000008
caus 0,430783 0,000109
cb 2,040221 0,000517
center 0,415515 0,000316
chang 0,051293 0,000104
changesupload -0,009950 -0,000005
channel 1,049822 0,002127
chapter 0,891598 0,000226
chen 1,309333 0,000995
children 1,832581 0,000464
china 0,967584 0,000490
chip 1,309333 0,000663
choic 0,755023 0,000191
citat 0,248461 0,000378
claim 0,634878 0,000161
client 0,713350 0,000181
clipper 3,506558 0,000888
clone 2,207275 0,001118
closer 1,660731 0,000421
cloud 0,733969 0,000372
cluster 1,272966 0,000645
cmkrnl 3,912023 0,000991
cmpxchg 3,912023 0,002973
cnet 1,609438 0,000408
cnn 1,897120 0,000481
code -0,009950 -0,000023
codebas 2,659260 0,001347
codenam 2,659260 0,001347
collabor 0,941609 0,000239
collect 0,274437 0,000070
com 0,150823 0,000267
come 0,356675 0,000181
command 0,891598 0,000226
commerci 0,527633 0,000401
common -0,009950 -0,000005
commonswikidata 1,171183 0,000297
compact 1,609438 0,000815
compani 0,342490 0,000087
companion 2,207275 0,000559
compaq 3,506558 0,001776
comparison 0,371064 0,000376
compat 0,693147 0,001405
complement 1,966113 0,000498
compliant 1,897120 0,001442
compon 0,261365 0,000132
compris 1,714798 0,000434
comput 0,020203 0,000046
computinghidden 3,506558 0,000888
conduct -0,009950 -0,000003
confidenti 2,040221 0,000517
config 3,218876 0,000815
confirm 1,514128 0,000384
conjunct 1,714798 0,000434
consid 0,274437 0,000070
consist 0,301105 0,000076
consol 1,897120 0,000481
consum 0,653926 0,000663
contact -0,009950 -0,000005
contemporari 1,347074 0,000341
content -0,009950 -0,000010
continu 0,174353 0,000353
contribut -0,009950 -0,000003
control 0,020203 0,000015
cooki -0,009950 -0,000003
core 0,579818 0,001028
corpor 0,562119 0,000285
cpu 1,347074 0,002388
creat -0,009950 -0,000013
creativ -0,009950 -0,000003
criteria 1,609438 0,000408
critic 0,385662 0,000195
crypto 1,897120 0,000481
custom 0,544727 0,000414
cut 1,386294 0,000351
cutler 3,506558 0,006217
dai 0,562119 0,001139
data 0,030459 0,000008
databas 0,072571 0,000018
datacent 2,525729 0,006397
dataczech 1,171183 0,000297
date 0,210721 0,000160
dave 1,771957 0,002244
davepl 3,912023 0,000991
david 0,385662 0,000195
dazzl 3,912023 0,000991
dec 2,040221 0,004651
decemb 0,061875 0,000345
decid 0,867501 0,000439
decis 0,400478 0,000101
dedic 1,272966 0,000645
defaultus 3,506558 0,000888
degre 0,916291 0,000232
demand 0,820981 0,000208
demonstr 0,994252 0,000504
deni 1,609438 0,000408
denisco 3,912023 0,000991
denot 1,386294 0,000351
depend 0,105361 0,000027
deploy 1,049822 0,000798
deprec 1,660731 0,000421
deriv 0,494296 0,000250
describ 0,174353 0,000088
descript -0,009950 -0,000008
descriptionshort 0,000000 0,000000
design 0,040822 0,000062
despit 1,021651 0,000259
dev 1,514128 0,001151
develop -0,009950 -0,000071
devic 0,634878 0,000965
differ 0,010050 0,000005
digit 0,400478 0,000406
direct 0,261365 0,000066
directli 0,415515 0,000105
directori 1,560648 0,000791
disband 3,218876 0,000815
disclaim -0,009950 -0,000003
discuss 0,494296 0,000125
disk 1,469676 0,001117
dism 3,912023 0,000991
distinct 0,544727 0,000138
distinguish 0,733969 0,000186
doc 1,139434 0,000866
domain 0,544727 0,000138
don 0,916291 0,000232
donat -0,009950 -0,000005
done 0,653926 0,000331
down 0,597837 0,000303
download -0,009950 -0,000005
dreamspark 3,912023 0,001982
drive 0,867501 0,000220
driver 1,237874 0,004390
drop 0,994252 0,001007
due 0,261365 0,000066
duni 3,912023 0,000991
duo 3,912023 0,000991
each 0,072571 0,000110
earli 0,301105 0,000153
earlier 1,139434 0,000577
earliest 1,021651 0,000259
eb 3,506558 0,000888
ed 0,798508 0,000202
edit -0,009950 -0,000098
editcommun -0,009950 -0,000003
educ 0,494296 0,000626
elana 3,912023 0,000991
electron 0,430783 0,000109
element 0,301105 0,000076
elimin 0,867501 0,000220
embed 0,755023 0,001339
encyclopedia -0,009950 -0,000003
end 0,186330 0,000047
engin 0,061875 0,000063
english -0,009950 -0,000003
englishsloven 0,510826 0,000129
enhanc 0,510826 0,000129
ensur 0,713350 0,000181
enterpris 0,446287 0,001583
environ 0,385662 0,000879
equip 1,078810 0,000273
equival 0,820981 0,000208
era 1,386294 0,000351
espa 0,210721 0,000053
essenti 0,634878 0,000965
etc 0,562119 0,000142
even 0,235722 0,000119
eventsrandom -0,009950 -0,000003
eventu 0,798508 0,000809
everi 0,261365 0,000066
everywher 2,120264 0,000537
evolut 0,820981 0,000208
ex 3,506558 0,000888
exact 1,427116 0,000361
exam 2,040221 0,000517
exampl 0,020203 0,000005
exclud 1,660731 0,000421
execut 0,356675 0,000452
exist 0,186330 0,000142
expand 0,776529 0,000197
experi 0,510826 0,000129
explor 0,820981 0,000416
export -0,009950 -0,000005
extend 0,385662 0,000195
extent 1,386294 0,000351
extern 0,030459 0,000023
fact 0,579818 0,000147
fail 0,693147 0,000176
fairli 2,120264 0,000537
famili 0,994252 0,001763
faq 1,386294 0,000351
far 0,867501 0,000220
fat 1,966113 0,000996
featur 0,210721 0,000587
februari 0,061875 0,000455
fell 2,302585 0,000583
few 0,653926 0,000166
file 0,446287 0,001130
filenam 1,897120 0,000481
fileperman -0,009950 -0,000003
filespeci -0,009950 -0,000003
final 0,494296 0,000125
finnel 3,912023 0,000991
first 0,020203 0,000046
flat 2,207275 0,000559
florida 2,207275 0,000559
focus 0,653926 0,000166
folei 2,659260 0,000674
follow 0,072571 0,000055
forc 0,597837 0,000151
fork 1,203973 0,000305
format 0,634878 0,000161
found 0,274437 0,000070
foundat -0,009950 -0,000015
fourth 1,560648 0,000395
framework 0,287682 0,000073
fran 0,223144 0,000057
free -0,009950 -0,000013
full 0,371064 0,000376
function 0,030459 0,000039
fundament 0,478036 0,000242
furthermor 1,272966 0,000322
garri 3,506558 0,000888
gate 1,660731 0,001262
gen 2,659260 0,000674
gener -0,009950 -0,000010
get 0,430783 0,000109
getvers 3,912023 0,001982
ghz 3,912023 0,006936
give 0,446287 0,000113
given 0,261365 0,000066
gizmodo 3,218876 0,000815
goal 0,562119 0,000142
gold 1,514128 0,000767
goodby 3,218876 0,000815
graphic 0,733969 0,000558
greater 0,755023 0,000191
group 0,186330 0,000189
gui 1,309333 0,000663
guid 0,287682 0,000146
hack 1,203973 0,000305
hal 2,040221 0,001034
hall 0,653926 0,000166
happen 1,021651 0,000259
hardwar 0,579818 0,001469
heavili 1,203973 0,000305
help 0,174353 0,000044
helper 2,302585 0,000583
helplearn -0,009950 -0,000003
here 0,301105 0,000076
hererel -0,009950 -0,000003
hide -0,009950 -0,000010
hin 3,912023 0,000991
hire 1,966113 0,000498
histor 0,579818 0,000147
histori -0,009950 -0,000015
hold 0,579818 0,000147
home 0,616186 0,002809
hous 0,820981 0,000208
how 0,072571 0,000055
howev 0,094311 0,000072
hpc 2,995732 0,002276
hpf 3,912023 0,001982
hrvatskibahasa 1,427116 0,000361
http -0,009950 -0,000003
hybrid 1,139434 0,000289
hyper 2,302585 0,001750
ian 1,347074 0,000341
ibm 0,693147 0,000878
idea 0,527633 0,000134
identifi 0,356675 0,000090
imag 0,494296 0,000250
immedi 0,967584 0,000490
imped 2,302585 0,000583
implement 0,105361 0,000133
improv 0,150823 0,000115
ina 0,356675 0,000090
inasloven 0,616186 0,000156
inc -0,009950 -0,000005
includ 0,000000 0,000000
incompat 1,272966 0,000322
incorpor 0,755023 0,000382
increas 0,287682 0,000073
increment 1,386294 0,000702
indefinit 1,237874 0,000314
index -0,009950 -0,000003
indonesiaitaliano 1,237874 0,000314
industri 0,356675 0,000181
influenc 0,579818 0,000587
info 1,832581 0,000464
inform 0,061875 0,000031
informa 3,218876 0,000815
informationcit -0,009950 -0,000003
inherit 1,609438 0,000408
initi 0,235722 0,000537
insid 0,579818 0,001028
instal 0,994252 0,003274
instead 0,301105 0,000076
instruct 1,108663 0,000562
integr 0,174353 0,000044
intel 1,609438 0,004484
intend 0,478036 0,000484
intent 1,171183 0,000297
interact 0,356675 0,000090
interfac 0,494296 0,000376
interfacegraph 3,506558 0,000888
intergraph 3,912023 0,002973
intern 0,040822 0,000103
internationalviafgndnationalunit 2,813411 0,000713
internet 0,462035 0,000117
interrupt 1,609438 0,000408
introduc 0,210721 0,000267
introduct 0,210721 0,000107
iot 1,714798 0,000869
iotembed 3,912023 0,000991
ipx 3,506558 0,000888
isbn 0,051293 0,000052
itanium 3,506558 0,007994
item -0,009950 -0,000003
itpro 3,506558 0,002665
itself 0,342490 0,000087
januari 0,083382 0,000444
jazz 3,506558 0,000888
jim 1,514128 0,000384
join 1,386294 0,000351
jointli 2,407946 0,000610
journal 0,186330 0,000047
juli 0,127833 0,000615
jump -0,009950 -0,000003
june 0,094311 0,000430
kaleidomag 3,912023 0,000991
kept 1,560648 0,000395
kernel 1,171183 0,008010
kit 1,714798 0,000434
know 0,653926 0,000166
known 0,127833 0,000065
kurd 2,995732 0,000759
kuro 3,912023 0,000991
lahf 3,912023 0,002973
lan 2,407946 0,000610
languag -0,009950 -0,000028
laptop 2,120264 0,000537
last -0,009950 -0,000005
late 0,733969 0,000372
later 0,223144 0,000735
latest 0,994252 0,000756
latter 0,916291 0,000464
latvi 0,994252 0,000252
launch 0,941609 0,000239
lawsuit 2,120264 0,000537
layer 0,713350 0,000542
lead 0,287682 0,000073
leak 1,832581 0,000464
learn 0,162519 0,000206
leblanc 3,912023 0,001982
led 0,446287 0,000226
legaci 1,309333 0,000663
legal -0,009950 -0,000003
legrow 3,912023 0,000991
less 0,430783 0,000109
letter 0,843970 0,000641
level 0,083382 0,000042
lextrait 3,912023 0,000991
licens -0,009950 -0,000015
licensedepend 3,912023 0,000991
lightweight 1,609438 0,000408
like 0,051293 0,000039
limit 0,186330 0,000094
line 0,261365 0,000596
link -0,009950 -0,000013
linkpag -0,009950 -0,000003
linux 0,916291 0,000232
list 0,051293 0,000026
liter 1,714798 0,000434
littl 0,820981 0,000208
load 0,891598 0,000903
loader 2,207275 0,000559
loccitano 3,912023 0,000991
log -0,009950 -0,000008
login 1,966113 0,000498
longer 0,755023 0,000191
look 0,478036 0,000242
low 0,478036 0,000121
lucovski 3,912023 0,001982
lynn 2,659260 0,000674
mach 3,218876 0,002446
machin 0,040822 0,000010
macintosh 2,813411 0,001425
made 0,186330 0,000142
mag 3,218876 0,000815
magazin 0,755023 0,000382
magyar 1,049822 0,000266
main -0,009950 -0,000015
mainstream 1,832581 0,000928
major 0,223144 0,000396
make 0,061875 0,000016
manag 0,105361 0,000240
mani 0,061875 0,000047
manifest 2,525729 0,001919
manufactur 1,171183 0,000297
march 0,116534 0,000295
mari 1,347074 0,000341
mark 0,261365 0,000397
market 0,446287 0,000565
match 0,400478 0,000406
mcse 3,912023 0,000991
mdy 1,514128 0,000384
mean 0,083382 0,000021
media 0,139262 0,000141
meet 0,527633 0,000267
melayu 0,820981 0,000208
mellon 2,407946 0,001220
member 0,562119 0,000142
memori 0,562119 0,000997
menu -0,009950 -0,000008
methodwindow 3,912023 0,000991
mhz 3,506558 0,005329
mica 3,506558 0,002665
michael 0,385662 0,000098
microkernel 2,407946 0,003050
microsoft 0,579818 0,017917
microsystem 1,897120 0,000481
million 0,843970 0,000214
minimum 1,469676 0,001489
mip 2,995732 0,005312
mobil -0,009950 -0,000028
mode 0,755023 0,003060
model 0,116534 0,000177
modelclos 3,506558 0,000888
modifi 0,527633 0,000267
modul 0,820981 0,000624
mohr 3,218876 0,000815
more 0,010050 0,000018
mosh 2,995732 0,000759
most 0,040822 0,000010
mostli 0,994252 0,000504
motorola 2,995732 0,001518
move -0,009950 -0,000023
msdn 2,995732 0,003035
mskb 3,912023 0,000991
multi 0,342490 0,000174
multiboot 3,912023 0,001982
multipoint 3,912023 0,003964
multiprocess 1,832581 0,000928
multitask 2,120264 0,001074
name 0,162519 0,000494
nashvil 3,506558 0,000888
nativ 1,078810 0,000547
navig -0,009950 -0,000003
nederland 0,415515 0,000105
need 0,030459 0,000046
neil 1,771957 0,000449
neither 1,469676 0,000745
neowin 3,912023 0,000991
neptun 3,218876 0,000815
network 0,127833 0,000227
never 1,021651 0,000259
new 0,010050 0,000028
newer 1,309333 0,000332
newli 1,560648 0,000395
next 0,400478 0,000203
nichola 1,560648 0,000395
non -0,009950 -0,000008
norsk 0,342490 0,000087
nortel 3,912023 0,000991
northern 2,659260 0,000674
not 0,000000 0,000000
notabl 0,616186 0,000156
note 0,150823 0,000076
notic 1,427116 0,000361
novel 1,771957 0,000449
novemb 0,150823 0,001528
now 0,274437 0,000209
ntbase 3,912023 0,000991
ntdevelopermicrosoft 3,912023 0,000991
nten 3,912023 0,000991
ntf 3,506558 0,001776
ntldr 3,912023 0,000991
ntoskrnl 3,912023 0,000991
number 0,040822 0,000093
object 0,174353 0,000088
occur 0,510826 0,000129
octob 0,139262 0,001023
odyssei 3,218876 0,001631
oem 2,659260 0,000674
offic 0,733969 0,000186
offici 0,653926 0,000331
old 0,994252 0,000252
older 1,237874 0,000627
oldid -0,009950 -0,000003
olesperantoeuskara 0,510826 0,000129
onc 0,527633 0,000267
onecor 3,912023 0,000991
onli 0,051293 0,000078
onlin 0,415515 0,000105
onward 2,207275 0,000559
open 0,150823 0,000076
openvm 3,218876 0,000815
oper 0,010050 0,000056
operatingsystem 3,912023 0,000991
opt 2,302585 0,000583
order 0,094311 0,000024
org -0,009950 -0,000003
organ -0,009950 -0,000003
origin -0,009950 -0,000197
other -0,009950 -0,000028
out 0,261365 0,000132
outsid 0,776529 0,000197
over 0,094311 0,000048
overview 0,616186 0,000468
own 0,314711 0,000159
pack 2,040221 0,001034
packag 0,776529 0,000197
pae 3,506558 0,005329
page -0,009950 -0,000010
pagecontentscurr -0,009950 -0,000003
pageget -0,009950 -0,000003
pagesus 1,469676 0,000372
pai 1,021651 0,000259
parallel 0,941609 0,000239
part 0,072571 0,000110
parti 0,616186 0,000156
partial 0,916291 0,000232
pascal 1,347074 0,000341
past 0,994252 0,000252
paul 0,544727 0,000966
pc 2,407946 0,001830
pdfprintabl -0,009950 -0,000003
pen 2,659260 0,000674
pentium 3,506558 0,001776
per 0,616186 0,000156
perform 0,040822 0,000010
permiss 1,469676 0,000372
person -0,009950 -0,000010
personnel 1,966113 0,000498
petrelei 3,912023 0,000991
phase 1,347074 0,000341
phone 1,386294 0,002458
php -0,009950 -0,000003
pidgeon 3,912023 0,000991
place 0,356675 0,000090
plai 0,713350 0,000181
plan 0,430783 0,000218
platform 0,400478 0,001522
platformsia 3,912023 0,000991
plu 1,203973 0,000305
plummer 3,218876 0,000815
pocket 2,207275 0,001118
polici -0,009950 -0,000005
pollack 3,912023 0,000991
polskiportugu 0,916291 0,000232
popcnt 3,912023 0,000991
popular 0,400478 0,000101
port 1,272966 0,001935
portabl 1,203973 0,001220
portalrec -0,009950 -0,000003
posix 2,407946 0,002440
possibl 0,186330 0,000094
power 0,261365 0,000265
powerpc 2,813411 0,003563
powerstack 3,912023 0,000991
powertoi 3,506558 0,000888
preemptiv 2,407946 0,001220
prefac 2,407946 0,000610
prefetchw 3,912023 0,002973
preinstal 3,218876 0,003261
preliminari 2,302585 0,000583
premium 2,207275 0,003914
prentic 0,994252 0,000252
prep 3,506558 0,001776
press 0,210721 0,000267
presspass 3,912023 0,000991
prevent 0,634878 0,000161
preview 1,897120 0,002403
previewreleas 3,912023 0,000991
previou 0,843970 0,000641
previous 0,843970 0,000214
primari 0,527633 0,000267
print -0,009950 -0,000005
printer 2,525729 0,000640
privaci -0,009950 -0,000005
pro 1,237874 0,004076
process 0,051293 0,000052
processor 1,021651 0,002588
produc 0,342490 0,000174
product 0,174353 0,000707
profession 0,673345 0,001364
profit -0,009950 -0,000003
program 0,116534 0,000325
programmat 2,813411 0,000713
project -0,009950 -0,000010
properti 0,314711 0,000080
prophet 3,218876 0,000815
proprietari 1,171183 0,000297
protect 0,462035 0,000234
protocol 0,527633 0,000267
provid 0,061875 0,000047
public 0,127833 0,000032
publicli 1,309333 0,000995
publish 0,105361 0,000027
pure 1,203973 0,000610
purpos 0,248461 0,000189
qualcomm 2,995732 0,002276
question 0,597837 0,000303
race 1,427116 0,000361
ram 1,660731 0,000421
rang 0,371064 0,000094
rashid 3,506558 0,000888
rather 0,287682 0,000146
raymond 1,966113 0,001494
rayom 3,912023 0,000991
rbaycanca 0,248461 0,000063
reach 0,755023 0,000191
reacto 3,912023 0,000991
readeditview 0,287682 0,000146
readi 1,309333 0,000332
reason 0,328504 0,000083
receiv 0,400478 0,000101
recommend 0,891598 0,000226
redesign 2,525729 0,000640
refer -0,009950 -0,000010
reflect 0,562119 0,000427
regist -0,009950 -0,000003
reimplement 2,995732 0,000759
relat 0,030459 0,000015
releas 0,415515 0,003789
releasejuli 3,912023 0,000991
reli 0,562119 0,000142
reliabl 0,371064 0,000094
remov 0,301105 0,000153
renam 1,771957 0,000898
replac 0,494296 0,000250
reportedli 2,659260 0,000674
republ 1,714798 0,000434
requir 0,051293 0,000208
resourc 0,248461 0,000252
respons 0,415515 0,000105
rest 1,049822 0,000532
result 0,139262 0,000035
retail 1,386294 0,000351
retriev -0,009950 -0,000187
return 0,510826 0,000259
reveal 1,203973 0,000305
review 0,314711 0,000080
revis 1,021651 0,000259
rewrit 1,560648 0,000395
rewritten 1,966113 0,000498
rich 1,309333 0,000332
richard 0,733969 0,000186
rieck 3,912023 0,000991
ring 1,966113 0,000498
risc 2,659260 0,001347
road 1,272966 0,000645
robust 1,049822 0,000266
role 0,527633 0,000134
rothman 2,995732 0,000759
routin 1,897120 0,000481
rsx 3,506558 0,000888
rtm 3,912023 0,006936
rule 0,510826 0,000129
run 0,248461 0,000503
russinovich 3,912023 0,003964
rust 1,427116 0,000723
saa 2,995732 0,000759
sadli 3,912023 0,000991
safeti -0,009950 -0,000003
sahf 3,912023 0,002973
sai 0,616186 0,000312
said 0,755023 0,000191
sakovich 3,912023 0,000991
sayan 3,912023 0,000991
scalabl 1,203973 0,000305
scale 0,371064 0,000094
schedul 1,021651 0,000518
schnackenburg 3,912023 0,000991
search -0,009950 -0,000010
secur 0,274437 0,000209
see -0,009950 -0,000010
seem 1,560648 0,000395
segment 1,108663 0,000281
select 0,371064 0,000094
sen 2,302585 0,000583
septemb 0,150823 0,000764
sequenc 0,820981 0,000208
seri 0,328504 0,000333
server 0,597837 0,013174
servic 0,210721 0,000320
servicessupport 3,912023 0,000991
session 1,469676 0,000745
set 0,051293 0,000065
setup 1,897120 0,001442
seven 1,469676 0,000372
sever 0,072571 0,000055
share 0,301105 0,000076
sharealik -0,009950 -0,000003
sheet 1,771957 0,000449
shell 1,049822 0,000798
ship 1,272966 0,000645
short -0,009950 -0,000005
shorten -0,009950 -0,000003
show 0,400478 0,000203
shqipsimpl 1,203973 0,000305
sidebar -0,009950 -0,000010
signal 0,755023 0,000191
similar 0,150823 0,000153
simpl 0,150823 0,000038
sinc 0,139262 0,000106
singl 0,127833 0,000097
site -0,009950 -0,000005
skip 2,407946 0,000610
sku 2,995732 0,000759
slip 3,218876 0,000815
slow 1,237874 0,000314
small 0,314711 0,000239
smithsonian 2,813411 0,000713
snapdragon 3,912023 0,000991
softwar 0,127833 0,000259
softwaremicrosoft 3,912023 0,000991
sold 1,347074 0,000341
solomon 2,995732 0,001518
some 0,040822 0,000010
someth 1,347074 0,000341
sort 1,309333 0,000332
sourc 0,094311 0,000119
sourcesourc 3,912023 0,000991
space 0,415515 0,000421
sparc 2,525729 0,001279
special 0,235722 0,000060
specif 0,051293 0,000091
spider 2,813411 0,000713
spindler 3,912023 0,000991
split 1,139434 0,000289
spooler 3,912023 0,000991
srom 1,609438 0,000408
srpskisrpskohrvatski 0,510826 0,000129
sse 2,813411 0,004988
stack 0,843970 0,000428
stand 1,078810 0,000820
standard 0,094311 0,000239
start 0,261365 0,000927
starter 3,218876 0,002446
state 0,083382 0,000021
statecurrentsourc 3,218876 0,000815
statement -0,009950 -0,000015
statementsarticl 0,544727 0,000138
statesfrancebnf 0,510826 0,000129
statist -0,009950 -0,000003
statu 0,693147 0,000176
still 0,342490 0,000260
stop 0,967584 0,000490
stopper 3,912023 0,000991
storag 0,430783 0,000327
store 0,356675 0,000090
stori 1,237874 0,000627
stream 0,733969 0,000186
strip 2,525729 0,000640
strongli 1,560648 0,000395
structur 0,139262 0,000071
studi 0,314711 0,000080
sub 1,021651 0,000259
subscript 1,714798 0,000869
subsect 0,020203 0,000010
subsystem 2,207275 0,004473
success 0,494296 0,000250
such 0,000000 0,000000
suggest 0,820981 0,000208
sun 1,237874 0,000314
sunflash 3,912023 0,000991
suomisvenskatagalog 1,171183 0,000297
super 1,771957 0,000449
supersit 3,506558 0,000888
supervisor 2,813411 0,000713
support 0,150823 0,001528
switch 0,916291 0,000464
sysinfoapi 3,912023 0,000991
system 0,010050 0,000145
tabl -0,009950 -0,000005
tablet 1,832581 0,000464
taken 0,867501 0,000220
target 0,462035 0,000234
task 0,415515 0,000210
taskbar 3,506558 0,000888
tcp 1,897120 0,001442
team 0,634878 0,000482
technet 3,506558 0,001776
technica 1,347074 0,000341
techniqu 0,385662 0,000098
technolog 0,116534 0,000295
telecom 2,659260 0,000674
ten 1,347074 0,000341
tenfold 3,506558 0,000888
tension 2,995732 0,000759
term -0,009950 -0,000010
termin 0,941609 0,000239
tester 3,506558 0,000888
text -0,009950 -0,000005
than 0,072571 0,000110
that 0,000000 0,000000
then 0,116534 0,000177
there 0,051293 0,000026
thi -0,009950 -0,000045
thin 2,207275 0,000559
thinkpad 3,506558 0,000888
third 0,342490 0,000260
those 0,235722 0,000119
though 0,544727 0,000966
thread 1,386294 0,000351
three 0,287682 0,000073
thurott 3,912023 0,001982
thurrott 3,912023 0,003964
time 0,000000 0,000000
tinadanskdeutsch 3,218876 0,000815
tip 2,407946 0,000610
titl -0,009950 -0,000003
todai 0,693147 0,000527
togeth 0,579818 0,000147
toggl -0,009950 -0,000010
tom 1,203973 0,001220
toni 1,714798 0,000434
tool -0,009950 -0,000010
top -0,009950 -0,000003
topic -0,009950 -0,000003
tpm 2,813411 0,000713
trademark -0,009950 -0,000005
train 0,967584 0,000245
trend 0,733969 0,000186
trialwar 3,912023 0,000991
trick 2,120264 0,000537
trinder 3,912023 0,000991
troubleshoot 2,995732 0,001518
trust 0,820981 0,000208
tweet 2,995732 0,000759
twitter 1,660731 0,000421
two 0,083382 0,000084
typehybrid 3,506558 0,000888
uc 3,912023 0,000991
ulietuvi 1,049822 0,000266
ultim 1,139434 0,000866
ultrasparc 3,506558 0,000888
under -0,009950 -0,000003
underli 0,693147 0,000176
undocu 3,506558 0,000888
univers 0,139262 0,000071
unoffici 1,966113 0,000996
unreleas 3,912023 0,001982
unrestrict 2,995732 0,000759
unsourc 0,446287 0,000678
until 0,510826 0,000388
updat 0,342490 0,000781
upon 0,673345 0,000171
urldownload -0,009950 -0,000003
user 0,274437 0,000904
userland 2,813411 0,000713
utc -0,009950 -0,000003
utf 2,207275 0,000559
vallei 2,040221 0,000517
variant 1,139434 0,000289
varieti 0,616186 0,000156
variou 0,223144 0,000057
vax 2,407946 0,000610
vaxeln 3,912023 0,001982
verg 1,771957 0,000898
veri 0,314711 0,000159
version -0,009950 -0,000136
versionstr 3,912023 0,000991
via 0,186330 0,000142
video 0,597837 0,000454
view -0,009950 -0,000003
vincent 1,771957 0,000449
virtual 0,462035 0,000351
vista 2,813411 0,013540
vm 2,813411 0,007839
volum 0,616186 0,000156
voluntarili 3,218876 0,000815
vox 2,407946 0,001220
vtemicrosoft 3,506558 0,000888
warren 1,897120 0,001922
wdm 3,506558 0,000888
web 0,342490 0,000347
websitewindow 3,912023 0,000991
well 0,051293 0,000026
what -0,009950 -0,000008
when 0,030459 0,000031
where 0,072571 0,000037
which 0,000000 0,000000
while 0,051293 0,000065
whose 0,776529 0,000197
why 0,494296 0,000125
widen 2,659260 0,000674
wikidataal 2,207275 0,000559
wikidatawikipedia 0,967584 0,000245
wikimedia -0,009950 -0,000005
wikipedia -0,009950 -0,000015
wikipediacontact -0,009950 -0,000003
wilson 1,469676 0,000372
win 1,469676 0,001489
window 0,891598 0,070912
windowsadvanc 3,912023 0,000991
winlogon 3,912023 0,000991
winrumor 3,912023 0,000991
without 0,094311 0,000024
wnt 3,912023 0,000991
won 1,469676 0,000745
wordmark 3,912023 0,000991
work 0,030459 0,000046
workbook 3,912023 0,000991
workstat 1,771957 0,006732
world 0,139262 0,000035
written 0,287682 0,000219
www 0,356675 0,000090
xbox 3,506558 0,007105
xda 3,506558 0,000888
year 0,162519 0,000082
yet 0,891598 0,000226
york 0,371064 0,000094
youtub 1,272966 0,000322
zachari 3,912023 0,000991
zbekcha 0,462035 0,000117
zdnet 1,560648 0,000395
zen 2,207275 0,000559
