aaron 1,714798 0,000434
able 0,733969 0,000372
abstraction 1,514128 0,000767
access 0,287682 0,000437
accessible 1,021651 0,000259
accessing 1,386294 0,000351
account -0,009950 -0,000005
accurately 1,771957 0,000449
achieved 1,049822 0,000532
acknowledge 3,218876 0,000815
acronis 3,912023 0,000991
actions -0,009950 -0,000003
active 0,843970 0,000214
adam 1,347074 0,000341
add -0,009950 -0,000005
added 0,415515 0,000210
additional -0,009950 -0,000003
addressing 1,469676 0,001861
adopted 0,867501 0,000220
adoption 0,820981 0,000208
advanced 0,430783 0,000436
advancements 2,302585 0,000583
agility 2,813411 0,000713
ago 0,967584 0,001716
agree -0,009950 -0,000003
agreed 1,427116 0,000361
ais 1,272966 0,000322
alison 3,218876 0,000815
all 0,000000 0,000000
allowed 0,634878 0,000161
allowing 0,462035 0,000117
allows 0,248461 0,000126
almost 0,798508 0,000202
alone 1,309333 0,000663
alpha 1,832581 0,006499
alphant 3,912023 0,001982
also -0,009950 -0,000033
although 0,287682 0,000219
always 0,597837 0,000151
amd 2,813411 0,000713
american 0,446287 0,000113
among 0,356675 0,000090
amount 0,616186 0,000156
amp -0,009950 -0,000013
ancestry 3,218876 0,000815
andrew 0,820981 0,000208
announced 0,798508 0,000809
announces 1,832581 0,000928
announcing 1,897120 0,001922
answer 1,660731 0,000421
any 0,083382 0,000084
apart 1,966113 0,000498
api 0,916291 0,002321
apis 1,237874 0,000941
app 1,386294 0,000702
apparently 2,813411 0,001425
appearance -0,009950 -0,000005
appeared 1,203973 0,000305
application 0,127833 0,000097
applications 0,094311 0,000096
applied 0,356675 0,000090
apply -0,009950 -0,000003
approach 0,261365 0,000066
april 0,072571 0,000312
arc 2,207275 0,000559
architecture 0,462035 0,001638
architectures 1,139434 0,000577
architectwritten 3,912023 0,000991
archived 0,040822 0,000724
arm 1,714798 0,003475
armv 2,995732 0,001518
around 0,356675 0,000090
ars 1,309333 0,000332
article 0,040822 0,000010
articleabout -0,009950 -0,000003
articles 0,020203 0,000031
articletalk -0,009950 -0,000003
assembly 1,139434 0,000866
assurance 1,966113 0,000498
atop 2,813411 0,000713
attribution -0,009950 -0,000003
august 0,162519 0,000823
authority 0,083382 0,000021
automotive 1,897120 0,000481
available -0,009950 -0,000023
avoided 2,407946 0,000610
backup 2,659260 0,000674
bahasa 0,186330 0,000047
barr 2,659260 0,000674
base 0,755023 0,000191
based 0,010050 0,000056
basic 0,235722 0,000179
basics 1,897120 0,000481
beacon 2,659260 0,000674
because 0,127833 0,000097
become 0,510826 0,000129
begins 1,609438 0,000408
behavior 0,462035 0,000117
beta 1,386294 0,001053
bill 0,941609 0,000716
binary 0,916291 0,000232
bit 1,272966 0,009995
bitlocker 3,506558 0,000888
bizspark 3,912023 0,000991
blog 0,776529 0,001180
blogging 3,218876 0,001631
bokm 0,127833 0,000032
boot 2,040221 0,003617
booting 2,813411 0,000713
bosanski 1,347074 0,000341
box 1,171183 0,000297
brand 1,832581 0,000928
brandon 2,120264 0,001074
break 1,272966 0,000322
breakneck 3,912023 0,000991
brief 1,309333 0,000332
broad 1,203973 0,000305
build 0,673345 0,001706
building 0,415515 0,000105
builds 1,714798 0,001303
built 0,462035 0,000351
business 0,301105 0,000305
byrsx 3,912023 0,000991
cairo 3,506558 0,000888
call 0,733969 0,000186
called 0,040822 0,000021
canary 3,218876 0,001631
canceled 3,912023 0,000991
cancelled 3,218876 0,000815
cancelling 3,912023 0,000991
career 2,407946 0,000610
carnegie 2,525729 0,001279
carrasqueira 3,912023 0,000991
carry 1,469676 0,000372
case 0,139262 0,000035
catal 0,094311 0,000024
categories -0,009950 -0,000005
category 0,116534 0,000030
caused 1,049822 0,000266
cbs 2,040221 0,000517
center 0,562119 0,000427
change 0,261365 0,000132
changed 0,941609 0,000477
changes 0,356675 0,000271
changesupload -0,009950 -0,000005
changing 0,820981 0,000208
channel 1,309333 0,002653
chapter 0,941609 0,000239
chen 1,309333 0,000995
children 1,832581 0,000464
china 0,967584 0,000490
chip 1,469676 0,000372
chips 2,525729 0,000640
choice 0,967584 0,000245
citation 0,415515 0,000631
claimed 1,469676 0,000372
client 0,867501 0,000220
clipper 3,506558 0,000888
clone 2,659260 0,000674
cloning 2,995732 0,000759
closer 1,660731 0,000421
cloud 0,776529 0,000393
cluster 1,514128 0,000767
cmkrnl 3,912023 0,000991
cmpxchg 3,912023 0,002973
cnet 1,609438 0,000408
cnn 1,966113 0,000498
code -0,009950 -0,000023
codebase 2,813411 0,001425
codename 3,218876 0,000815
codenamed 2,995732 0,000759
collaboration 1,272966 0,000322
collectively 1,714798 0,000434
com 0,150823 0,000267
comes 0,867501 0,000220
coming 1,203973 0,000305
command 1,021651 0,000259
commercial 0,653926 0,000331
commercially 1,832581 0,000464
common 0,072571 0,000018
commons -0,009950 -0,000003
commonswikidata 1,171183 0,000297
compact 1,771957 0,000898
companion 2,207275 0,000559
company 0,462035 0,000117
compaq 3,506558 0,001776
comparison 0,446287 0,000452
compatibility 1,108663 0,001404
compatible 1,049822 0,000798
complement 2,207275 0,000559
compliant 1,897120 0,001442
components 0,415515 0,000210
comprises 2,207275 0,000559
compute 1,309333 0,000663
computer 0,139262 0,000106
computers 0,562119 0,000142
computing 0,301105 0,000229
computinghidden 3,506558 0,000888
conduct -0,009950 -0,000003
confidential 2,207275 0,000559
configs 3,912023 0,000991
confirms 2,407946 0,000610
conjunction 1,714798 0,000434
considered 0,400478 0,000101
consists 1,078810 0,000273
consoles 2,407946 0,000610
consumer 1,049822 0,000798
consumers 1,272966 0,000322
contact -0,009950 -0,000003
contacts -0,009950 -0,000003
contemporary 1,347074 0,000341
content -0,009950 -0,000003
contents -0,009950 -0,000008
continue 1,139434 0,000289
continued 1,427116 0,002169
continues 1,469676 0,000372
contribute -0,009950 -0,000003
control 0,020203 0,000015
cookie -0,009950 -0,000003
core 0,597837 0,001060
corporation 0,916291 0,000464
cpu 1,560648 0,002372
cpus 2,120264 0,000537
create -0,009950 -0,000013
creative -0,009950 -0,000003
criteria 1,609438 0,000408
criticism 1,171183 0,000593
crypto 1,897120 0,000481
custom 1,171183 0,000593
customer 1,139434 0,000289
cut 1,560648 0,000395
cutler 3,506558 0,006217
data 0,030459 0,000008
databases 0,127833 0,000032
datacenter 2,525729 0,006397
dataczech 1,171183 0,000297
date 0,579818 0,000294
dates 0,430783 0,000109
dave 1,771957 0,002244
davepl 3,912023 0,000991
david 0,385662 0,000195
day 0,843970 0,000214
days 1,049822 0,001861
dazzle 3,912023 0,000991
dec 2,040221 0,004651
december 0,061875 0,000345
decided 1,469676 0,000745
decision 0,494296 0,000125
dedicated 1,347074 0,000682
defaultuser 3,506558 0,000888
degree 1,171183 0,000297
demanding 2,995732 0,000759
demonstrated 1,514128 0,000384
demonstrates 2,407946 0,000610
denied 2,659260 0,000674
denisco 3,912023 0,000991
denoted 1,897120 0,000481
dependent 1,021651 0,000259
deployment 1,078810 0,000820
deprecated 1,714798 0,000434
derived 0,891598 0,000452
describe 0,820981 0,000208
described 0,430783 0,000109
description -0,009950 -0,000008
descriptionshort 0,000000 0,000000
design 0,127833 0,000130
designed 0,261365 0,000132
despite 1,021651 0,000259
dev 1,514128 0,001151
developed 0,127833 0,000162
developer 0,820981 0,000832
developers -0,009950 -0,000015
developing 0,673345 0,000171
development 0,083382 0,000253
device 0,891598 0,000903
devices 0,867501 0,000439
different 0,020203 0,000005
differs 1,560648 0,000395
digital 0,400478 0,000406
direct 0,597837 0,000151
directly 0,415515 0,000105
directory 1,714798 0,000869
disbanded 3,506558 0,000888
disclaimers -0,009950 -0,000003
discussion 1,139434 0,000289
disk 1,469676 0,001117
dism 3,912023 0,000991
distinction 1,272966 0,000322
distinguishes 2,813411 0,000713
docs 1,309333 0,000995
domain 0,562119 0,000142
don 0,916291 0,000232
donate -0,009950 -0,000005
done 0,653926 0,000331
dos 1,714798 0,003475
down 0,597837 0,000303
download -0,009950 -0,000003
downloads 2,120264 0,000537
dreamspark 3,912023 0,001982
drive 1,309333 0,000332
driver 1,771957 0,004039
drivers 1,469676 0,001861
dropped 1,660731 0,000841
dropping 2,659260 0,001347
due 0,261365 0,000066
dunie 3,912023 0,000991
duo 3,912023 0,000991
each 0,072571 0,000110
earlier 1,139434 0,000577
earliest 1,021651 0,000259
early 0,301105 0,000153
ebs 3,506558 0,000888
edit -0,009950 -0,000043
editcommunity -0,009950 -0,000003
edited -0,009950 -0,000003
edition 0,579818 0,001469
editions 2,040221 0,005685
eds 0,798508 0,000202
education 0,579818 0,000734
elana 3,912023 0,000991
electronics 1,171183 0,000297
elements 0,415515 0,000105
eliminating 2,207275 0,000559
embedded 0,867501 0,001538
encyclopedia -0,009950 -0,000003
ended 1,771957 0,000449
engineer 1,386294 0,000351
engineering 0,198451 0,000101
engineers 1,171183 0,000297
english -0,009950 -0,000003
englishsloven 0,510826 0,000129
enhanced 1,386294 0,000351
ensure 0,994252 0,000252
enterprise 0,510826 0,001811
environment 0,478036 0,000969
environments 0,941609 0,000239
equipment 1,203973 0,000305
equivalent 1,021651 0,000259
era 1,427116 0,000361
espa 0,210721 0,000053
essentials 1,966113 0,002988
etc 0,562119 0,000142
even 0,235722 0,000119
eventsrandom -0,009950 -0,000003
eventually 0,867501 0,000879
every 0,261365 0,000066
everywhere 2,120264 0,000537
evolution 0,820981 0,000208
exact 1,427116 0,000361
exam 2,120264 0,000537
example 0,030459 0,000008
excludes 2,659260 0,000674
exe 3,506558 0,000888
executable 1,514128 0,000384
executive 1,347074 0,001365
exist 0,653926 0,000331
exists 1,049822 0,000266
expanded 1,203973 0,000305
experience 1,021651 0,000259
explorer 1,771957 0,000898
export -0,009950 -0,000003
exports 2,995732 0,000759
extended 0,755023 0,000382
extent 1,386294 0,000351
external 0,030459 0,000023
fact 0,755023 0,000191
failed 1,108663 0,000281
fairly 2,120264 0,000537
family 1,078810 0,001913
faq 1,386294 0,000351
far 0,867501 0,000220
fat 1,966113 0,000996
feature 0,616186 0,000624
featured 2,407946 0,000610
features 0,371064 0,000470
featuring 2,120264 0,000537
february 0,061875 0,000455
fell 2,302585 0,000583
few 0,653926 0,000166
file 0,616186 0,001405
filenames 3,218876 0,000815
filepermanent -0,009950 -0,000003
files 0,843970 0,000214
filespecial -0,009950 -0,000003
finally 1,108663 0,000281
finnel 3,912023 0,000991
first 0,020203 0,000046
flat 2,207275 0,000559
florida 2,207275 0,000559
focused 1,078810 0,000273
foley 2,659260 0,000674
follow 1,078810 0,000273
following 0,210721 0,000107
forced 2,120264 0,000537
fork 1,386294 0,000351
format 0,941609 0,000239
found 0,385662 0,000098
foundation -0,009950 -0,000015
fourth 1,560648 0,000395
frameworks 1,108663 0,000281
fran 0,223144 0,000057
free -0,009950 -0,000013
full 0,371064 0,000376
function 0,210721 0,000107
functions 0,356675 0,000271
fundamentals 1,309333 0,000663
furthermore 1,272966 0,000322
garry 3,506558 0,000888
gates 2,407946 0,001830
gen 2,659260 0,000674
general -0,009950 -0,000003
generally 0,287682 0,000146
generation 0,867501 0,000220
gets 1,469676 0,000372
getversion 3,912023 0,001982
ghz 3,912023 0,006936
give 0,843970 0,000214
given 0,261365 0,000066
gizmodo 3,218876 0,000815
goal 0,713350 0,000181
gold 1,609438 0,000815
goodbye 3,218876 0,000815
graphical 1,386294 0,001053
greater 0,755023 0,000191
group 0,301105 0,000229
grouping 2,302585 0,000583
gui 2,207275 0,001118
guide 0,356675 0,000181
hack 1,771957 0,000449
hal 2,040221 0,001034
hall 0,653926 0,000166
happened 2,207275 0,000559
hardware 0,579818 0,001469
heavily 1,203973 0,000305
help 0,248461 0,000063
helper 2,659260 0,000674
helplearn -0,009950 -0,000003
here 0,301105 0,000076
hererelated -0,009950 -0,000003
hide -0,009950 -0,000010
hin 3,912023 0,000991
hired 2,995732 0,000759
historically 1,386294 0,000351
history -0,009950 -0,000015
hold 1,021651 0,000259
home 0,653926 0,002981
house 0,916291 0,000232
how 0,072571 0,000055
however 0,094311 0,000072
hpc 2,995732 0,002276
hpfs 3,912023 0,001982
hrvatskibahasa 1,427116 0,000361
https -0,009950 -0,000003
hybrid 1,171183 0,000297
hyper 2,302585 0,001750
ian 1,347074 0,000341
ibm 0,693147 0,000878
idea 0,820981 0,000208
identifier 1,560648 0,000395
image 0,544727 0,000138
imaging 1,966113 0,000498
immediately 1,309333 0,000663
impede 3,218876 0,000815
implement 0,755023 0,000574
implemented 0,544727 0,000138
implementing 0,994252 0,000252
improved 0,776529 0,000197
improvements 1,203973 0,000610
ina 0,356675 0,000090
inasloven 0,616186 0,000156
inc -0,009950 -0,000005
include 0,061875 0,000016
included 0,400478 0,000101
including 0,040822 0,000072
incompatible 1,560648 0,000395
incorporated 1,609438 0,000815
increase 0,544727 0,000138
incremental 1,897120 0,000481
incrementing 2,995732 0,000759
indefinitely 1,347074 0,000341
index -0,009950 -0,000003
indonesiaitaliano 1,237874 0,000314
industry 0,527633 0,000267
influenced 1,203973 0,001220
info 1,832581 0,000464
informa 3,218876 0,000815
information 0,072571 0,000037
informationcite -0,009950 -0,000003
inheriting 3,506558 0,000888
initial 0,597837 0,000454
initialism 3,218876 0,000815
initially 0,693147 0,000702
initiative 1,078810 0,000273
insider 1,609438 0,002854
install 1,714798 0,001737
installable 3,912023 0,000991
installation 1,897120 0,000481
installed 1,272966 0,000967
installer 2,995732 0,000759
installing 2,040221 0,001550
instead 0,301105 0,000076
instruction 1,560648 0,000395
instructions 1,469676 0,000372
integrated 0,634878 0,000161
intel 1,609438 0,004484
intended 0,494296 0,000501
intention 2,302585 0,000583
interactive 0,891598 0,000226
interface 0,616186 0,000468
interfacegraphical 3,506558 0,000888
intergraph 3,912023 0,002973
internal 0,634878 0,000322
internally 1,897120 0,002403
internals 2,407946 0,001830
internationalviafgndnationalunited 2,813411 0,000713
internet 0,462035 0,000117
interrupt 2,525729 0,000640
introduced 0,371064 0,000376
introducing 1,021651 0,000259
introduction 0,261365 0,000132
iot 1,714798 0,000869
iotembedded 3,912023 0,000991
ipx 3,506558 0,000888
isbn 0,051293 0,000052
itanium 3,506558 0,007994
item -0,009950 -0,000003
itpro 3,506558 0,002665
itself 0,342490 0,000087
january 0,083382 0,000444
jazz 3,506558 0,000888
jim 1,514128 0,000384
joined 1,966113 0,000498
jointly 2,407946 0,000610
journaled 3,912023 0,000991
july 0,127833 0,000615
jump -0,009950 -0,000003
june 0,094311 0,000430
kaleidomagic 3,912023 0,000991
kept 1,560648 0,000395
kernel 1,171183 0,008010
kit 1,966113 0,000498
know 0,776529 0,000197
known 0,127833 0,000065
kurd 2,995732 0,000759
kuro 3,912023 0,000991
lahf 3,912023 0,002973
lan 2,407946 0,000610
language 0,186330 0,000378
languages -0,009950 -0,000008
laptops 2,207275 0,000559
last -0,009950 -0,000005
late 0,755023 0,000382
later 0,223144 0,000735
latest 0,994252 0,000756
latter 0,916291 0,000464
latvie 0,994252 0,000252
launches 1,609438 0,000408
lawsuit 2,120264 0,000537
layer 0,867501 0,000439
layered 2,995732 0,000759
lead 0,673345 0,000171
leaks 1,897120 0,000481
learn 0,494296 0,000626
leblanc 3,912023 0,001982
led 0,446287 0,000226
legacy 1,309333 0,000663
legal -0,009950 -0,000003
legrow 3,912023 0,000991
less 0,430783 0,000109
letter 1,237874 0,000314
letters 1,347074 0,000682
level 0,116534 0,000059
lextrait 3,912023 0,000991
license -0,009950 -0,000005
licensed 1,660731 0,000421
licensedepending 3,912023 0,000991
licenses 1,771957 0,000449
licensing 1,609438 0,000815
lightweight 1,609438 0,000408
like 0,072571 0,000055
limitations 1,139434 0,000289
limited 0,510826 0,000129
line 0,356675 0,000813
linked 0,941609 0,000239
linkpage -0,009950 -0,000003
links -0,009950 -0,000010
linux 0,916291 0,000232
list 0,083382 0,000021
lists 0,597837 0,000151
literally 2,813411 0,000713
little 0,820981 0,000208
loaded 1,771957 0,000898
loader 2,407946 0,000610
loading 1,897120 0,000961
loccitano 3,912023 0,000991
log -0,009950 -0,000005
logged 2,995732 0,000759
login 1,966113 0,000498
longer 0,755023 0,000191
look 0,967584 0,000490
low 0,478036 0,000121
lucovsky 3,912023 0,001982
lynn 2,659260 0,000674
mach 3,218876 0,002446
machine 0,083382 0,000021
macintosh 2,813411 0,001425
made 0,186330 0,000142
mag 3,218876 0,000815
magazine 0,776529 0,000197
magazines 2,813411 0,000713
magyar 1,049822 0,000266
main -0,009950 -0,000015
mainstream 1,832581 0,000928
major 0,314711 0,000558
make 0,235722 0,000060
management 0,139262 0,000106
manager 0,994252 0,001511
manifest 2,813411 0,001425
manifested 3,912023 0,000991
manufacturing 1,469676 0,000372
many 0,061875 0,000047
march 0,116534 0,000295
mark 0,462035 0,000702
market 0,616186 0,000312
marketing 0,916291 0,000464
markets 1,139434 0,000289
mary 1,514128 0,000384
match 1,386294 0,000702
matched 1,966113 0,000498
matches 1,021651 0,000259
mcse 3,912023 0,000991
mdy 1,514128 0,000384
meaning 0,544727 0,000138
media 0,139262 0,000141
meet 0,867501 0,000220
meetings 2,813411 0,000713
melayu 0,820981 0,000208
mellon 2,407946 0,001220
members 0,755023 0,000191
memory 0,579818 0,001028
menu -0,009950 -0,000008
methodwindows 3,912023 0,000991
mhz 3,506558 0,005329
mica 3,506558 0,002665
michael 0,400478 0,000101
microkernel 2,407946 0,003050
microsoft 0,579818 0,017917
microsystems 1,966113 0,000498
million 0,916291 0,000232
minimum 1,469676 0,001489
mips 2,995732 0,005312
mobile -0,009950 -0,000028
mode 0,891598 0,003613
model 0,162519 0,000206
modelclosed 3,506558 0,000888
models 0,527633 0,000134
modified 1,203973 0,000610
module 1,049822 0,000798
mohr 3,218876 0,000815
more 0,010050 0,000018
moshe 3,218876 0,000815
most 0,040822 0,000010
mostly 0,994252 0,000504
motorola 2,995732 0,001518
move -0,009950 -0,000015
moved 1,347074 0,000341
moving 0,776529 0,000393
msdn 2,995732 0,003035
mskb 3,912023 0,000991
multi 0,342490 0,000174
multibooters 3,912023 0,001982
multipoint 3,912023 0,003964
multiprocessing 1,832581 0,000928
multitasked 3,912023 0,000991
multitasking 2,207275 0,000559
name 0,342490 0,000521
named 0,820981 0,000624
names 0,673345 0,000171
naming 1,386294 0,000702
nashville 3,506558 0,000888
native 1,078810 0,000547
navigation -0,009950 -0,000003
nederlands 0,415515 0,000105
needed 0,210721 0,000320
neil 1,771957 0,000449
neither 1,469676 0,000745
neowin 3,912023 0,000991
neptune 3,218876 0,000815
network 0,210721 0,000267
networking 1,171183 0,000593
never 1,021651 0,000259
new 0,010050 0,000025
newer 1,309333 0,000332
newly 1,560648 0,000395
news 0,446287 0,000113
next 0,400478 0,000203
nicholas 1,560648 0,000395
non -0,009950 -0,000008
norsk 0,342490 0,000087
nortel 3,912023 0,000991
northern 2,659260 0,000674
not 0,000000 0,000000
notably 1,309333 0,000332
notes 0,415515 0,000210
noticed 2,659260 0,000674
novell 2,813411 0,000713
november 0,150823 0,001528
now 0,274437 0,000209
ntbase 3,912023 0,000991
ntdevelopermicrosoft 3,912023 0,000991
nten 3,912023 0,000991
ntfs 3,506558 0,001776
ntldr 3,912023 0,000991
ntoskrnl 3,912023 0,000991
number 0,051293 0,000117
object 0,544727 0,000276
occurs 1,427116 0,000361
october 0,139262 0,001023
odyssey 3,218876 0,001631
oem 2,659260 0,000674
office 0,916291 0,000232
official 0,733969 0,000372
old 0,994252 0,000252
older 1,237874 0,000627
oldid -0,009950 -0,000003
olesperantoeuskara 0,510826 0,000129
once 0,544727 0,000276
one 0,010050 0,000018
onecore 3,912023 0,000991
online 0,415515 0,000105
only 0,051293 0,000078
onwards 2,525729 0,000640
open 0,235722 0,000119
openvms 3,218876 0,000815
operating 0,462035 0,002575
operatingsystem 3,912023 0,000991
opts 3,912023 0,000991
order 0,094311 0,000024
org -0,009950 -0,000003
organization -0,009950 -0,000003
original 0,030459 0,000563
originally 0,820981 0,001040
other -0,009950 -0,000028
out 0,261365 0,000132
outside 0,798508 0,000202
over 0,094311 0,000048
overview 0,616186 0,000468
own 0,371064 0,000188
pack 2,659260 0,000674
packaging 1,771957 0,000449
packs 2,995732 0,000759
pae 3,912023 0,005945
page -0,009950 -0,000005
pagecontentscurrent -0,009950 -0,000003
pageget -0,009950 -0,000003
pages -0,009950 -0,000005
pagesuse 1,469676 0,000372
parallel 1,021651 0,000259
part 0,127833 0,000097
partial 1,237874 0,000314
parties 1,021651 0,000259
parts 0,544727 0,000414
pascal 1,386294 0,000351
past 1,049822 0,000266
paul 0,544727 0,000966
pay 1,272966 0,000322
pcs 2,407946 0,001830
pdfprintable -0,009950 -0,000003
pen 3,218876 0,000815
pentium 3,506558 0,001776
per 0,616186 0,000156
performance 0,261365 0,000066
permissions 2,659260 0,000674
personal -0,009950 -0,000008
personalities 3,506558 0,000888
personnel 1,966113 0,000498
petreley 3,912023 0,000991
phased 2,995732 0,000759
phone 1,714798 0,002606
phones 1,832581 0,000464
php -0,009950 -0,000003
pidgeon 3,912023 0,000991
places 1,514128 0,000384
planned 1,714798 0,000434
plans 1,171183 0,000297
platform 0,527633 0,000535
platforms 0,776529 0,002164
platformsia 3,912023 0,000991
play 1,139434 0,000289
plummer 3,218876 0,000815
plus 1,203973 0,000305
pocket 2,302585 0,001166
policy -0,009950 -0,000005
pollack 3,912023 0,000991
polskiportugu 0,916291 0,000232
popcnt 3,912023 0,000991
popular 0,579818 0,000147
port 1,609438 0,000815
portability 1,771957 0,001346
portable 1,660731 0,000421
portalrecent -0,009950 -0,000003
ported 1,966113 0,000996
ports 2,120264 0,001074
posix 2,407946 0,002440
possible 0,287682 0,000146
power 0,400478 0,000304
powerful 1,108663 0,000281
powerpc 2,813411 0,003563
powerstack 3,912023 0,000991
powertoys 3,506558 0,000888
preemptive 2,407946 0,000610
preemptively 3,912023 0,000991
preface 2,525729 0,000640
prefetchw 3,912023 0,002973
preinstallation 3,912023 0,003964
preliminary 2,302585 0,000583
premium 2,407946 0,004269
prentice 0,994252 0,000252
prep 3,912023 0,001982
press 0,210721 0,000267
presspass 3,912023 0,000991
prevent 0,891598 0,000226
preview 1,966113 0,002490
previewrelease 3,912023 0,000991
previous 0,843970 0,000641
previously 0,843970 0,000214
primary 0,527633 0,000267
print -0,009950 -0,000003
printer 3,506558 0,000888
printing 2,040221 0,000517
privacy -0,009950 -0,000005
pro 1,347074 0,004436
process 0,116534 0,000089
processes 0,634878 0,000161
processor 1,272966 0,001935
processors 1,427116 0,001446
produced 0,820981 0,000416
product 0,579818 0,001762
products 0,579818 0,000587
professional 0,843970 0,001710
profit -0,009950 -0,000003
program 0,328504 0,000250
programmatically 3,218876 0,000815
programming 0,446287 0,000565
programs 0,494296 0,000376
project 0,314711 0,000239
projects -0,009950 -0,000003
property 0,776529 0,000197
prophet 3,912023 0,000991
proprietary 1,171183 0,000297
protected 0,776529 0,000197
protecting 1,966113 0,000498
protocol 0,713350 0,000181
protocols 0,967584 0,000245
provides 0,261365 0,000066
providing 0,673345 0,000341
public 0,248461 0,000063
publicly 1,309333 0,000995
published 0,328504 0,000083
pure 1,560648 0,000791
purpose 0,356675 0,000090
purposes 0,798508 0,000405
qualcomm 2,995732 0,002276
question 0,941609 0,000477
race 1,514128 0,000384
ram 1,660731 0,000421
range 0,446287 0,000113
rashid 3,506558 0,000888
rather 0,287682 0,000146
raymond 1,966113 0,001494
rayome 3,912023 0,000991
rbaycanca 0,248461 0,000063
reached 1,309333 0,000332
reactos 3,912023 0,000991
readeditview 0,287682 0,000146
ready 1,469676 0,000372
reasons 0,891598 0,000226
receiving 1,714798 0,000434
recommended 1,609438 0,000408
redesigned 2,813411 0,000713
references 0,020203 0,000010
referred 0,446287 0,000226
reflect 1,386294 0,000702
reflects 1,832581 0,000464
registered -0,009950 -0,000003
reimplemented 3,912023 0,000991
related 0,051293 0,000026
release 0,579818 0,002497
released 0,693147 0,001053
releasejuly 3,912023 0,000991
releases 1,347074 0,004094
releasing 2,207275 0,000559
reliable 0,616186 0,000156
relying 2,040221 0,000517
removed 0,693147 0,000351
renamed 1,832581 0,000464
renames 3,506558 0,000888
replace 1,203973 0,000305
replaced 1,237874 0,000314
reportedly 2,659260 0,000674
republic 1,714798 0,000434
required 0,274437 0,000209
requirement 1,427116 0,000361
requirements 0,597837 0,001666
requires 0,430783 0,000109
resource 0,733969 0,000372
resources 0,314711 0,000159
responsible 1,078810 0,000273
rest 1,108663 0,000562
resulting 0,798508 0,000202
retail 1,560648 0,000395
retrieved -0,009950 -0,000187
return 0,820981 0,000208
returning 2,040221 0,000517
revealed 1,832581 0,000464
review 0,385662 0,000098
revision 1,347074 0,000341
rewriting 2,040221 0,000517
rewritten 1,966113 0,000498
rich 1,347074 0,000341
richard 0,733969 0,000186
rieck 3,912023 0,000991
ring 2,207275 0,000559
risc 2,659260 0,001347
road 1,427116 0,000723
robust 1,272966 0,000322
role 0,634878 0,000161
rothman 2,995732 0,000759
routines 2,525729 0,000640
rsx 3,506558 0,000888
rtm 3,912023 0,006936
rule 0,941609 0,000239
run 0,446287 0,000565
running 0,713350 0,000542
russinovich 3,912023 0,003964
rust 1,427116 0,000723
saas 3,218876 0,000815
sadly 3,912023 0,000991
safety -0,009950 -0,000003
sahf 3,912023 0,002973
said 0,755023 0,000191
sakovich 3,912023 0,000991
say 1,078810 0,000273
sayan 3,912023 0,000991
says 1,309333 0,000332
scalable 1,832581 0,000464
scale 0,494296 0,000125
schedule 1,832581 0,000464
scheduling 1,386294 0,000351
schnackenburg 3,912023 0,000991
search -0,009950 -0,000010
secure 1,108663 0,000281
security 0,314711 0,000159
see -0,009950 -0,000010
seem 2,407946 0,000610
segmented 2,995732 0,000759
selected 1,386294 0,000351
sen 2,302585 0,000583
september 0,150823 0,000764
sequence 0,994252 0,000252
series 0,328504 0,000333
server 0,653926 0,014079
servers 1,021651 0,000518
service 0,314711 0,000159
services 0,400478 0,000304
servicessupported 3,912023 0,000991
servicing 3,506558 0,000888
session 1,660731 0,000841
set 0,083382 0,000063
sets 0,776529 0,000393
setup 2,040221 0,001550
seven 1,469676 0,000372
several 0,094311 0,000072
sharealike -0,009950 -0,000003
shared 0,755023 0,000191
sheet 2,040221 0,000517
shell 1,237874 0,000941
ship 2,207275 0,001118
short -0,009950 -0,000005
shortened -0,009950 -0,000003
show 0,867501 0,000439
shqipsimple 1,203973 0,000305
sidebar -0,009950 -0,000010
signals 1,203973 0,000305
similar 0,186330 0,000142
similarities 2,407946 0,000610
simple 0,150823 0,000038
since 0,139262 0,000106
single 0,127833 0,000097
site -0,009950 -0,000005
skip 2,659260 0,000674
skus 3,506558 0,000888
slipping 3,506558 0,000888
slow 1,514128 0,000384
small 0,314711 0,000239
smithsonian 2,813411 0,000713
snapdragon 3,912023 0,000991
software 0,127833 0,000259
softwaremicrosoft 3,912023 0,000991
sold 1,347074 0,000341
solomon 2,995732 0,001518
some 0,040822 0,000010
something 1,347074 0,000341
sort 1,609438 0,000408
source 0,186330 0,000236
sourcesource 3,912023 0,000991
space 0,478036 0,000484
sparc 2,525729 0,001279
specialized 0,843970 0,000214
specific 0,094311 0,000048
specifically 0,843970 0,000428
specification 0,941609 0,000239
specifications 1,237874 0,000627
spider 2,995732 0,000759
spindler 3,912023 0,000991
split 1,469676 0,000372
spooler 3,912023 0,000991
srom 1,609438 0,000408
srpskisrpskohrvatski 0,510826 0,000129
sse 2,813411 0,004988
stack 0,867501 0,000439
stand 1,714798 0,000434
standard 0,198451 0,000503
stands 2,525729 0,001279
start 0,843970 0,000214
started 0,634878 0,000482
starter 3,506558 0,002665
starting 0,755023 0,001721
starts 1,609438 0,000408
state 0,235722 0,000060
statecurrentsource 3,218876 0,000815
statement -0,009950 -0,000003
statements 0,314711 0,000399
statementsarticles 0,544727 0,000138
statesfrancebnf 0,510826 0,000129
statistics -0,009950 -0,000003
status 0,693147 0,000176
still 0,342490 0,000260
stop 1,203973 0,000305
stopped 2,207275 0,000559
stopper 3,912023 0,000991
storage 0,430783 0,000327
stored 0,733969 0,000186
story 1,514128 0,000767
streams 1,714798 0,000434
stripped 3,218876 0,000815
strongly 1,560648 0,000395
structure 0,314711 0,000080
structures 0,673345 0,000171
studies 0,673345 0,000171
sub 1,021651 0,000259
subscriptions 2,995732 0,001518
subsection 0,020203 0,000010
subsystem 2,407946 0,001830
subsystems 2,813411 0,003563
successful 0,843970 0,000428
such 0,000000 0,000000
suggested 1,609438 0,000408
sun 1,237874 0,000314
sunflash 3,912023 0,000991
suomisvenskatagalog 1,171183 0,000297
super 1,771957 0,000449
supersite 3,506558 0,000888
supervisor 2,995732 0,000759
support 0,198451 0,001458
supported 0,634878 0,001286
supporting 0,843970 0,000428
supports 0,867501 0,000220
switches 2,207275 0,000559
switching 1,660731 0,000421
sysinfoapi 3,912023 0,000991
system 0,030459 0,000270
systems 0,061875 0,000345
table -0,009950 -0,000005
tablet 2,040221 0,000517
taken 0,867501 0,000220
target 0,673345 0,000171
targeted 1,714798 0,000434
taskbar 3,506558 0,000888
tasks 0,798508 0,000405
tcp 1,897120 0,001442
team 0,776529 0,000590
technet 3,506558 0,001776
technica 1,347074 0,000341
technique 0,994252 0,000252
technological 1,427116 0,000361
technology 0,186330 0,000425
telecom 2,659260 0,000674
ten 1,469676 0,000372
tenfold 3,506558 0,000888
tension 3,506558 0,000888
terminal 1,897120 0,000481
terms -0,009950 -0,000010
testers 3,506558 0,000888
text -0,009950 -0,000005
than 0,072571 0,000110
that 0,000000 0,000000
then 0,116534 0,000177
there 0,051293 0,000026
thin 2,207275 0,000559
thinkpad 3,506558 0,000888
third 0,356675 0,000271
this -0,009950 -0,000045
those 0,235722 0,000119
though 0,544727 0,000966
threading 3,218876 0,000815
three 0,287682 0,000073
thurott 3,912023 0,001982
thurrott 3,912023 0,003964
time 0,010050 0,000005
times 0,314711 0,000080
tinadanskdeutsch 3,218876 0,000815
tips 2,813411 0,000713
title -0,009950 -0,000003
today 0,693147 0,000527
together 0,579818 0,000147
toggle -0,009950 -0,000010
tom 1,203973 0,001220
tony 1,714798 0,000434
tool 0,653926 0,000166
tools -0,009950 -0,000008
top -0,009950 -0,000003
topic -0,009950 -0,000003
tos 3,912023 0,000991
tpm 2,995732 0,000759
trademark -0,009950 -0,000005
train 2,207275 0,000559
trends 1,021651 0,000259
trialware 3,912023 0,000991
trick 2,525729 0,000640
trinder 3,912023 0,000991
troubleshooting 3,218876 0,001631
trusted 1,560648 0,000395
tweet 2,995732 0,000759
twitter 1,660731 0,000421
two 0,083382 0,000084
typehybrid 3,506558 0,000888
ucs 3,912023 0,000991
ulietuvi 1,049822 0,000266
ultimate 2,040221 0,001034
ultimately 1,427116 0,000361
ultrasparc 3,506558 0,000888
under -0,009950 -0,000003
underlying 0,755023 0,000191
undocumented 3,506558 0,000888
university 0,186330 0,000094
unofficial 2,040221 0,001034
unreleased 3,912023 0,001982
unrestricted 2,995732 0,000759
unsourced 0,446287 0,000678
until 0,510826 0,000388
update 0,527633 0,001069
updates 1,203973 0,000305
upon 0,673345 0,000171
urldownload -0,009950 -0,000003
use -0,009950 -0,000015
used -0,009950 -0,000030
user 0,328504 0,001082
userland 2,813411 0,000713
uses 0,094311 0,000072
using -0,009950 -0,000010
utc -0,009950 -0,000003
utf 2,207275 0,000559
valley 2,040221 0,000517
variants 1,427116 0,000361
variety 0,653926 0,000166
various 0,223144 0,000057
vax 2,525729 0,000640
vaxeln 3,912023 0,001982
verge 1,771957 0,000898
version -0,009950 -0,000106
versions 0,579818 0,001762
versionstring 3,912023 0,000991
very 0,314711 0,000159
via 0,186330 0,000142
video 0,616186 0,000468
view -0,009950 -0,000003
vincent 1,771957 0,000449
virtual 0,527633 0,000267
virtualization 2,207275 0,000559
vista 2,813411 0,013540
vms 2,813411 0,007839
volume 0,616186 0,000156
voluntarily 3,218876 0,000815
vox 2,407946 0,001220
vtemicrosoft 3,506558 0,000888
warren 1,897120 0,001922
wdm 3,506558 0,000888
web 0,342490 0,000347
websitewindows 3,912023 0,000991
well 0,051293 0,000026
what -0,009950 -0,000008
when 0,030459 0,000031
where 0,072571 0,000037
which 0,000000 0,000000
while 0,051293 0,000065
whose 0,776529 0,000197
why 0,494296 0,000125
widens 3,506558 0,000888
wikidataall 2,207275 0,000559
wikidatawikipedia 0,967584 0,000245
wikimedia -0,009950 -0,000005
wikipedia -0,009950 -0,000015
wikipediacontact -0,009950 -0,000003
wilson 1,469676 0,000372
win 2,040221 0,002067
windows 1,021651 0,081256
windowsadvanced 3,912023 0,000991
winlogon 3,912023 0,000991
winrumors 3,912023 0,000991
without 0,094311 0,000024
wnt 3,912023 0,000991
won 1,469676 0,000745
wordmark 3,912023 0,000991
work 0,127833 0,000162
workbook 3,912023 0,000991
working 0,478036 0,000121
workstation 2,207275 0,006150
workstations 2,302585 0,002333
world 0,139262 0,000035
written 0,287682 0,000219
www 0,356675 0,000090
xbox 3,506558 0,007105
xda 3,506558 0,000888
years 0,274437 0,000139
yet 0,891598 0,000226
york 0,371064 0,000094
youtube 1,272966 0,000322
zachary 3,912023 0,000991
zbekcha 0,462035 0,000117
zdnet 1,560648 0,000395
zen 2,207275 0,000559
