abil 0,562119 0,000095
abstract 0,713350 0,000363
accept 0,634878 0,000215
access 0,127833 0,000152
accord 0,287682 0,000049
account -0,009950 -0,000005
accumulo 3,912023 0,000664
achiev 0,510826 0,000087
acknowledg 2,040221 0,000346
acm 0,755023 0,000384
acquisit 1,203973 0,000817
across 0,415515 0,000141
action -0,009950 -0,000002
activemq 3,912023 0,000664
actual 0,597837 0,000203
ad 0,223144 0,000227
ada 1,609438 0,000546
adapt 0,798508 0,000136
add -0,009950 -0,000003
addison 1,203973 0,000817
addit -0,009950 -0,000017
address 0,342490 0,000116
adequ 1,660731 0,000282
adopt 0,415515 0,000141
adoptium 3,912023 0,002655
advanc 0,235722 0,000040
advantag 0,693147 0,000118
advent 2,207275 0,000375
afara 3,912023 0,000664
against 0,462035 0,000078
agent 0,733969 0,000125
ago 0,967584 0,000328
agre -0,009950 -0,000002
ahead 1,427116 0,000242
aim 0,634878 0,000108
aisgaeilgegalego 1,427116 0,000242
ajax 1,832581 0,000311
akka 3,506558 0,000595
alex 1,469676 0,000249
algol 1,897120 0,000322
all 0,000000 0,000000
alloc 0,941609 0,000479
allow 0,061875 0,000094
almost 0,798508 0,000542
along 0,462035 0,000078
alphabet 1,469676 0,000249
alreadi 0,776529 0,000264
also -0,009950 -0,000019
alsup 3,506558 0,000595
altern 0,342490 0,000058
although 0,287682 0,000244
alwai 0,597837 0,000203
america 0,967584 0,000493
amount 0,579818 0,000098
amp -0,009950 -0,000012
analog 1,021651 0,000173
analysi 0,186330 0,000063
anddevelop 2,995732 0,000508
andi 1,714798 0,000291
andrew 0,820981 0,000139
android 1,272966 0,005616
ani 0,083382 0,000071
annot 1,108663 0,000188
announc 0,733969 0,000125
anoth 0,127833 0,000065
ansi 2,207275 0,000375
ant 2,302585 0,000391
anywher 1,560648 0,001324
apach 1,386294 0,014585
apex 3,506558 0,000595
api 0,798508 0,003523
apl 2,040221 0,000346
appeal 2,040221 0,001731
appear -0,009950 -0,000003
appearedmai 3,912023 0,000664
appfus 2,995732 0,000508
appl 1,203973 0,000204
applet 2,995732 0,005084
appli -0,009950 -0,000002
applianc 1,966113 0,000667
applic 0,030459 0,000181
approach 0,174353 0,000030
april 0,072571 0,000185
aqua 3,506558 0,000595
ar 1,309333 0,001111
aragon 1,171183 0,000199
architectur 0,400478 0,000408
archiv 0,040822 0,000589
arg 2,407946 0,000409
argument 1,171183 0,000199
arithmet 1,272966 0,000648
arkt 3,218876 0,000546
arm 1,469676 0,000499
arnold 2,407946 0,000409
arriv 1,469676 0,000499
arthur 1,427116 0,000484
articl 0,000000 0,000000
articleabout -0,009950 -0,000002
articletalk -0,009950 -0,000002
artima 2,995732 0,001017
asid 2,207275 0,000375
ask 0,867501 0,000147
asm 2,659260 0,000451
assembl 0,867501 0,000147
assert 1,514128 0,000257
assign 0,798508 0,000136
associ 0,127833 0,000022
asterisk 2,995732 0,000508
astrodynam 3,912023 0,001328
asturianuaz 1,427116 0,000242
attempt 0,478036 0,000081
attribut -0,009950 -0,000002
audio 0,891598 0,000303
august 0,162519 0,000607
author 0,040822 0,000007
autobox 3,506558 0,000595
autom 0,597837 0,000101
automat 0,462035 0,000392
avail -0,009950 -0,000012
avinash 3,506558 0,000595
avro 2,813411 0,000477
awt 3,912023 0,002655
axi 2,120264 0,000360
ayisyenkurd 2,813411 0,000477
bad 1,347074 0,000229
baeldung 3,506558 0,001190
bahasa 0,186330 0,000032
barbara 2,120264 0,000360
barracuda 3,912023 0,000664
base 0,010050 0,000014
basi 0,820981 0,000139
basic 0,198451 0,000067
battl 1,832581 0,000311
bea 3,912023 0,000664
beanshel 3,506558 0,001190
beat 2,120264 0,000360
becam 0,579818 0,000098
becaus 0,127833 0,000043
bechtolsheim 3,912023 0,000664
becom 0,274437 0,000140
began 0,634878 0,000108
begin 0,385662 0,000065
behind 0,867501 0,000147
belong 1,347074 0,000229
berg 2,407946 0,000409
berkelei 1,514128 0,000771
beta 1,386294 0,000235
better 0,494296 0,000084
bibliographi 1,966113 0,000667
bierman 3,912023 0,000664
big 0,673345 0,000114
bill 0,776529 0,000527
bingham 3,912023 0,000664
binstock 3,218876 0,000546
biojava 3,912023 0,000664
blackdown 3,506558 0,000595
blade 2,813411 0,000955
bloch 3,218876 0,001639
block 0,597837 0,000101
bluecov 3,912023 0,000664
bluej 3,912023 0,001328
bodi 0,867501 0,000147
boilerpl 3,506558 0,000595
bokm 0,127833 0,000022
book 0,210721 0,000107
boolean 1,560648 0,000265
borland 3,218876 0,001092
bosanski 1,347074 0,000229
boskin 3,912023 0,000664
bought 1,832581 0,000311
bounci 3,506558 0,000595
bound 1,171183 0,000199
bowl 3,506558 0,000595
bracha 3,912023 0,001992
brand 1,386294 0,000235
bring 1,021651 0,000173
broker 1,966113 0,000334
browser 1,021651 0,001040
bucklei 2,995732 0,000508
bug 1,171183 0,000199
build 0,274437 0,000233
built 0,462035 0,000392
bulk 2,040221 0,000346
bundl 1,514128 0,000257
burden 2,040221 0,000692
busi 0,287682 0,000098
byclu 3,912023 0,000664
byjam 3,912023 0,000664
byou 3,912023 0,000664
byte 1,560648 0,000530
bytecod 1,966113 0,004671
cabl 2,207275 0,000375
cadenhead 3,912023 0,000664
california 1,021651 0,000173
call 0,030459 0,000036
camel 2,995732 0,000508
caml 2,040221 0,000346
cannot 0,314711 0,000053
capabl 0,562119 0,000095
captur 0,916291 0,000155
card 0,994252 0,000844
care 1,237874 0,000210
carefulli 1,897120 0,000322
cascad 2,407946 0,000409
case 0,083382 0,000057
cast 1,832581 0,000311
castl 3,218876 0,000546
catal 0,094311 0,000016
categor 1,171183 0,000199
categori -0,009950 -0,000010
catz 3,912023 0,000664
caus 0,430783 0,000073
center 0,415515 0,000141
cerner 3,912023 0,000664
certain 0,274437 0,000047
certif 1,078810 0,000366
certifi 1,714798 0,000291
certiorari 3,912023 0,000664
challeng 0,400478 0,000204
champ 3,912023 0,000664
chander 3,912023 0,001328
changesupload -0,009950 -0,000003
chapel 2,659260 0,000903
charact 0,843970 0,000143
charg 1,272966 0,000216
chaudhari 3,912023 0,000664
check 0,634878 0,000215
choos 0,916291 0,000155
cid 0,356675 0,000061
circuit 0,967584 0,000164
citat 0,248461 0,000253
cite 0,597837 0,000203
claim 0,634878 0,000108
class 0,446287 0,002499
classcastexcept 3,912023 0,000664
classic 0,544727 0,000185
classpath 3,506558 0,000595
click 1,714798 0,000291
client 0,713350 0,000363
clojur 2,995732 0,001017
clone 2,207275 0,000375
close 0,356675 0,000121
cloud 0,733969 0,000125
cnet 1,609438 0,000273
cobalt 3,218876 0,001639
cobol 1,966113 0,000334
cocoon 3,912023 0,000664
code -0,009950 -0,000044
codenam 2,659260 0,000451
coffe 2,207275 0,000749
coher 2,302585 0,000391
coldfus 2,995732 0,000508
collect 0,274437 0,000373
collectedfilenam 3,912023 0,000664
collector 2,302585 0,003517
colt 3,912023 0,001992
com 0,150823 0,000307
combin 0,261365 0,000089
comdev 3,912023 0,000664
comeback 3,506558 0,000595
comment 1,049822 0,001425
commerci 0,527633 0,000090
commit 1,108663 0,000376
common -0,009950 -0,000008
commonli 0,342490 0,000116
commonsquot 2,302585 0,000391
commonswikibookswikiquotewikiversitywikidata 2,302585 0,000391
commun 0,139262 0,000354
communityconfer 3,506558 0,000595
compact 1,609438 0,000546
compani 0,342490 0,000058
comparison 0,371064 0,000315
compat 0,693147 0,000353
compet 1,139434 0,000193
compil 0,755023 0,003331
complex 0,186330 0,000063
compli 1,897120 0,000322
complianc 1,514128 0,000257
compon 0,261365 0,000310
comprehens 0,867501 0,000147
comput 0,020203 0,000048
computerworld 1,609438 0,000273
concurr 0,994252 0,000506
concurrentdesign 3,218876 0,000546
concurrentmap 3,912023 0,000664
conduct -0,009950 -0,000002
configur 0,798508 0,000407
confus 0,693147 0,000118
connect 0,430783 0,000146
consciou 2,813411 0,000477
consid 0,274437 0,000186
consist 0,301105 0,000051
consol 1,897120 0,000322
constel 3,218876 0,000546
constitut 1,272966 0,000216
construct 0,579818 0,000098
contact -0,009950 -0,000003
contain 0,162519 0,000469
content -0,009950 -0,000007
continu 0,174353 0,000030
contribut -0,009950 -0,000003
control 0,020203 0,000014
controversi 1,171183 0,000596
convers 0,776529 0,000132
cooki -0,009950 -0,000002
cooper 1,021651 0,000173
copyright 1,897120 0,002897
corba 3,506558 0,000595
core 0,579818 0,000590
corpor 0,562119 0,000382
corporationcorpor 3,912023 0,000664
corporationfirst 3,912023 0,000664
corsucymraegdansk 3,912023 0,000664
cost 0,385662 0,000131
court 1,427116 0,002906
crack 2,040221 0,000346
crai 2,995732 0,000508
crash 1,560648 0,000265
creat -0,009950 -0,000024
creation 0,653926 0,000111
creativ -0,009950 -0,000002
creator 1,469676 0,000249
critic 0,385662 0,000458
crucial 1,386294 0,000235
cruisecontrol 3,912023 0,000664
ctor 3,506558 0,000595
current 0,210721 0,000072
cxf 3,912023 0,000664
cyru 3,912023 0,000664
dalibor 3,506558 0,000595
dalvik 2,813411 0,000955
damag 1,771957 0,000301
data 0,030459 0,000041
databas 0,072571 0,000123
datacent 2,525729 0,000429
dataczech 1,171183 0,000199
date 0,210721 0,000215
dealloc 2,813411 0,001910
debugg 2,302585 0,000391
decemb 0,061875 0,000220
decid 0,867501 0,000294
decim 1,660731 0,000282
decis 0,400478 0,000068
declar 1,108663 0,000188
declin 1,832581 0,000311
deep 1,078810 0,000183
deeplearn 3,218876 0,001092
default 0,693147 0,000470
defin 0,116534 0,000020
definit 0,186330 0,000032
dejan 3,506558 0,000595
deleg 1,966113 0,000667
delimit 2,207275 0,001124
deliv 1,078810 0,000183
delphi 2,407946 0,000409
depend 0,105361 0,000072
deprec 1,660731 0,000564
deriv 0,494296 0,000168
describ 0,174353 0,000030
descript -0,009950 -0,000002
descriptionshort 0,000000 0,000000
design 0,040822 0,000104
desktop 1,347074 0,001372
despit 1,021651 0,000173
determin 0,342490 0,000174
deutscheesti 2,040221 0,000346
dev 1,514128 0,000257
develop -0,009950 -0,000044
devic 0,634878 0,000539
devoxx 3,506558 0,000595
dictionari 0,616186 0,000105
differ 0,010050 0,000010
difficult 0,597837 0,000101
digit 0,400478 0,000068
direct 0,261365 0,000177
directli 0,415515 0,000141
director 1,660731 0,000282
directori 1,560648 0,000265
disastr 3,506558 0,000595
disciplinestat 2,995732 0,000508
disclaim -0,009950 -0,000002
discontinu 1,514128 0,000514
discoveri 1,139434 0,000193
disord 2,995732 0,000508
displai 0,755023 0,000128
disput 1,309333 0,000444
distribut 0,198451 0,000269
district 2,040221 0,000692
dive 2,525729 0,000429
doc 1,139434 0,001353
document 0,328504 0,000613
doi 0,162519 0,000028
don 0,916291 0,000311
donald 1,347074 0,000229
donat -0,009950 -0,000003
doubl 0,843970 0,000143
down 0,597837 0,000101
download -0,009950 -0,000002
draw 0,994252 0,000169
drjava 3,912023 0,000664
drool 3,912023 0,000664
drop 0,994252 0,000169
dtrace 3,912023 0,000664
due 0,261365 0,000089
duke 2,813411 0,000477
dynam 0,342490 0,000174
each 0,072571 0,000049
earli 0,301105 0,000102
eas 1,897120 0,000322
easi 1,021651 0,000347
ebasa 2,995732 0,000508
eclips 1,771957 0,001503
eclipselink 3,912023 0,000664
ecma 2,525729 0,001286
ecmascript 2,302585 0,000391
edit -0,009950 -0,000030
editcommun -0,009950 -0,000002
educ 0,494296 0,000336
edward 1,139434 0,000193
effect 0,274437 0,000047
effici 0,287682 0,000146
ehcach 3,912023 0,000664
eiffel 2,813411 0,000477
either 0,248461 0,000169
ejml 3,912023 0,000664
elasticsearch 2,995732 0,000508
electr 0,891598 0,000151
electron 0,430783 0,000073
elena 2,995732 0,000508
elig 2,525729 0,000429
elimin 0,867501 0,000147
elixir 1,771957 0,000301
elki 3,218876 0,000546
ellison 3,506558 0,000595
emait 1,560648 0,000265
emb 2,302585 0,000391
embed 0,755023 0,000384
emerg 0,527633 0,000090
empir 1,108663 0,000188
enabl 0,274437 0,000186
encog 3,912023 0,000664
encyclopedia -0,009950 -0,000002
end 0,186330 0,000126
enforc 0,916291 0,000155
engin 0,061875 0,000042
english -0,009950 -0,000005
enhanc 0,510826 0,000173
ensur 0,713350 0,000121
enterpris 0,446287 0,000985
environ 0,385662 0,000720
erlang 1,714798 0,000291
error 0,430783 0,000146
ert 3,912023 0,000664
escap 1,832581 0,000311
espa 0,210721 0,000036
especi 0,415515 0,000071
essbas 3,912023 0,000664
essenti 0,634878 0,000215
establish 0,634878 0,000108
etc 0,562119 0,000286
evangelist 3,912023 0,001328
even 0,235722 0,000040
event 0,356675 0,000121
eventsrandom -0,009950 -0,000002
everi 0,261365 0,000044
everyon 1,714798 0,000291
everywher 2,120264 0,000360
evolv 1,078810 0,000183
exadata 3,506558 0,000595
exalog 3,912023 0,000664
examin 0,867501 0,000147
exampl 0,020203 0,000014
except 0,733969 0,000872
exclus 1,272966 0,000216
execut 0,356675 0,000666
exist 0,186330 0,000126
exp 3,912023 0,000664
explicit 1,171183 0,000199
explicitli 0,916291 0,000155
export -0,009950 -0,000002
extend 0,385662 0,000065
extens 0,342490 0,000116
extent 1,386294 0,000235
extern 0,030459 0,000016
extra 1,609438 0,000273
facebook 1,560648 0,000265
facil 0,891598 0,000151
facto 2,207275 0,000749
fail 0,693147 0,000118
fair 1,427116 0,000969
fairli 2,120264 0,000360
familiar 1,609438 0,000546
familyclass 3,912023 0,000664
fantom 3,912023 0,000664
farivar 3,506558 0,000595
favor 1,139434 0,000580
featur 0,210721 0,000393
februari 0,061875 0,000168
feder 1,021651 0,000347
feel 1,832581 0,001555
felix 2,407946 0,000409
fewer 1,897120 0,000322
field 0,314711 0,000053
file 0,446287 0,000379
fileperman -0,009950 -0,000002
filespeci -0,009950 -0,000002
filippova 3,912023 0,000664
final 0,494296 0,000084
find 0,371064 0,000189
finish 1,560648 0,000265
fire 1,560648 0,000530
fireplan 3,912023 0,000664
first 0,020203 0,000014
five 0,776529 0,000132
fix 0,385662 0,000065
float 1,347074 0,000686
flume 3,912023 0,000664
follow 0,072571 0,000025
forb 1,427116 0,000242
form 0,072571 0,000012
formal 0,510826 0,000173
forth 1,560648 0,000265
fortran 1,560648 0,000265
fortress 3,506558 0,000595
foss 1,966113 0,000667
foster 2,207275 0,000749
found 0,274437 0,000047
foundat -0,009950 -0,000005
four 0,820981 0,000139
frame 1,560648 0,000265
framework 0,287682 0,000439
fran 0,223144 0,000038
francisco 1,609438 0,000546
frank 1,203973 0,000204
frankli 3,912023 0,000664
free -0,009950 -0,000019
freed 2,995732 0,000508
freemark 3,912023 0,000664
full 0,371064 0,000063
function 0,030459 0,000021
further 0,139262 0,000024
fusion 1,514128 0,000257
futur 0,235722 0,000040
gain 0,616186 0,000209
gamba 3,506558 0,001785
game 0,478036 0,000081
garbag 1,832581 0,004354
garc 3,506558 0,000595
gavin 2,302585 0,000391
gemini 2,207275 0,000375
gener -0,009950 -0,000037
geoapi 3,912023 0,000664
geotool 3,912023 0,000664
gephi 3,506558 0,000595
geronimo 3,912023 0,001328
get 0,430783 0,000073
gilad 3,912023 0,001992
giraph 3,506558 0,000595
github 1,078810 0,000549
glass 2,525729 0,000429
glassfish 3,912023 0,002655
global 0,446287 0,000151
gnu 1,272966 0,000432
goal 0,562119 0,000382
googl 0,579818 0,002165
gosl 2,995732 0,006609
goslingdeveloperoracl 3,912023 0,000664
gpl 2,120264 0,001439
graal 3,912023 0,000664
graalvm 2,995732 0,001525
gradual 1,560648 0,000265
grail 2,813411 0,000477
graph 0,967584 0,000164
graphic 0,733969 0,000374
greatli 1,427116 0,000242
green 0,916291 0,000466
greenfoot 3,912023 0,000664
grid 1,660731 0,000564
gridwar 3,912023 0,000664
grnlight 3,912023 0,000664
groovi 2,407946 0,000817
groovylab 3,912023 0,000664
group 0,186330 0,000063
grow 0,653926 0,000111
grundfest 3,912023 0,000664
gson 2,813411 0,000477
gtk 2,659260 0,000451
guarante 1,078810 0,000183
guardian 1,560648 0,000265
guava 2,813411 0,000955
gui 1,309333 0,002000
guic 2,995732 0,000508
guid 0,287682 0,000049
guilti 2,995732 0,000508
gurp 3,912023 0,000664
guttag 3,506558 0,000595
gwt 2,813411 0,000955
hack 1,203973 0,000409
hadoop 2,995732 0,000508
hafrikaan 3,912023 0,000664
hak 1,897120 0,000322
hand 0,494296 0,000084
handl 0,415515 0,000353
happen 1,021651 0,000173
hardwar 0,579818 0,000590
harm 1,771957 0,000301
harmoni 2,995732 0,001017
harri 2,120264 0,000360
haskel 1,514128 0,000257
hausa 1,609438 0,000273
hax 2,813411 0,000477
hbase 3,506558 0,000595
headach 3,912023 0,000664
heap 1,966113 0,001335
heavyweight 3,506558 0,000595
heejong 3,912023 0,000664
heinz 2,525729 0,000429
hello 1,714798 0,001746
helloworld 3,912023 0,000664
help 0,174353 0,000059
helplearn -0,009950 -0,000002
henlei 3,912023 0,000664
henri 1,427116 0,000242
here 0,301105 0,000153
hererel -0,009950 -0,000002
heterogen 2,302585 0,000781
hibern 2,995732 0,001017
hidden 0,843970 0,000143
hide -0,009950 -0,000007
high 0,223144 0,000114
higher 0,430783 0,000073
highli 0,867501 0,000147
hill 0,867501 0,000147
histor 0,579818 0,000098
histori -0,009950 -0,000022
hive 3,218876 0,000546
hmp 3,912023 0,000664
hoff 3,218876 0,001092
hold 0,579818 0,000197
hood 2,525729 0,000429
host 0,755023 0,000256
hotspot 2,995732 0,003558
how 0,072571 0,000062
howev 0,094311 0,000096
hrvatskiidobahasa 1,203973 0,000204
hsqldb 3,506558 0,000595
html 1,078810 0,000549
http -0,009950 -0,000008
httpclient 3,506558 0,000595
hundt 3,218876 0,000546
hurd 2,995732 0,000508
hurt 2,995732 0,000508
hyperion 3,912023 0,000664
ibati 3,912023 0,000664
ibm 0,693147 0,000235
icedtea 3,506558 0,000595
id 1,309333 0,001333
idea 0,527633 0,000179
ideal 1,514128 0,000514
ident 0,820981 0,000139
idg 2,407946 0,000409
idl 2,302585 0,000391
iec 1,897120 0,000644
ignor 1,078810 0,000183
iie 3,912023 0,000664
iii 1,560648 0,000794
iiii 3,912023 0,000664
imag 0,494296 0,000084
imper 1,560648 0,000265
implement 0,105361 0,000662
implicitli 1,966113 0,000334
impress 2,813411 0,000477
improv 0,150823 0,000128
inasloven 0,616186 0,000105
inasoomaaliga 2,525729 0,000429
inc -0,009950 -0,000010
includ 0,000000 0,000000
incompat 1,272966 0,000216
incorpor 0,755023 0,000128
increas 0,287682 0,000049
indefinit 1,237874 0,000420
independ 0,527633 0,000448
index -0,009950 -0,000002
individu 0,314711 0,000053
indonesia 1,272966 0,000216
indonesiainterlingua 1,660731 0,000282
industri 0,356675 0,000061
infinispan 3,506558 0,000595
influenc 0,579818 0,000295
influencedada 3,912023 0,000664
informationcit -0,009950 -0,000002
infoworld 1,609438 0,000819
infring 2,659260 0,001354
inherit 1,609438 0,001092
initi 0,235722 0,000160
inner 2,302585 0,000391
innodb 3,912023 0,001328
innov 0,820981 0,000139
input 0,634878 0,000108
insid 0,579818 0,000197
insist 2,659260 0,000451
instal 0,994252 0,000169
instanc 0,478036 0,000162
instead 0,301105 0,000255
instruct 1,108663 0,000564
insuffici 1,966113 0,000334
int 1,514128 0,000257
integ 1,139434 0,000193
integr 0,174353 0,000118
intellij 2,659260 0,000451
intend 0,478036 0,000487
interact 0,356675 0,000182
interfac 0,494296 0,000755
intermedi 1,309333 0,000222
intern 0,040822 0,000014
internation 2,040221 0,000692
internationalgndnationalunit 1,108663 0,000188
internet 0,462035 0,000157
interpret 0,579818 0,000590
interview 1,427116 0,000727
introduc 0,210721 0,000215
introduct 0,210721 0,000143
invent 1,021651 0,000173
inventionshidden 2,813411 0,000477
invoc 2,659260 0,000903
ipc 2,659260 0,000451
iplanet 3,506558 0,000595
ipx 3,506558 0,000595
iron 1,966113 0,000334
isbn 0,051293 0,000035
iso 1,309333 0,000444
ispolskiportugu 1,771957 0,000301
issn 0,478036 0,000162
issu 0,314711 0,000107
item -0,009950 -0,000005
itext 3,912023 0,000664
itself 0,342490 0,000116
jack 1,897120 0,000322
jackrabbit 3,912023 0,000664
jackson 2,207275 0,000375
jakarta 2,659260 0,000903
jama 3,218876 0,000546
jame 0,634878 0,001293
januari 0,083382 0,000354
jar 2,995732 0,001017
jasper 3,506558 0,000595
java 0,891598 0,057644
javabean 3,912023 0,000664
javadoc 3,506558 0,004760
javafx 3,506558 0,009521
javainfluenc 3,912023 0,000664
javalobbi 3,912023 0,000664
javanes 3,506558 0,000595
javaon 3,506558 0,001190
javaparadigmmulti 3,912023 0,000664
javascript 1,021651 0,000520
javaserv 3,506558 0,002380
javasoft 3,912023 0,001992
javast 3,912023 0,000664
javaworld 3,506558 0,001190
jax 2,995732 0,002033
jaxb 3,506558 0,000595
jaxp 3,912023 0,000664
jazel 3,506558 0,001190
jbla 3,912023 0,000664
jboss 3,912023 0,001328
jbpm 3,912023 0,000664
jcp 3,506558 0,000595
jdbc 2,813411 0,000477
jdep 3,912023 0,000664
jdevelop 3,506558 0,001190
jdk 3,506558 0,010711
jeffrei 1,514128 0,000514
jelov 3,912023 0,000664
jena 3,912023 0,000664
jep 2,813411 0,000477
jersei 1,714798 0,000291
jetti 3,506558 0,001190
jeu 3,912023 0,000664
jfc 3,912023 0,000664
jfreechart 3,912023 0,000664
jgrasp 3,912023 0,000664
jhipster 2,995732 0,000508
jill 2,813411 0,000477
jim 1,514128 0,000257
jini 3,218876 0,000546
jit 2,207275 0,001124
jmod 3,912023 0,000664
jmx 3,912023 0,000664
jndi 3,912023 0,000664
jni 3,506558 0,000595
jnlp 3,506558 0,000595
joe 1,771957 0,000902
john 0,198451 0,000034
joi 2,525729 0,001714
jon 1,514128 0,000257
joseph 0,820981 0,000139
joshua 1,897120 0,000322
jpa 3,912023 0,001992
jprofil 3,506558 0,000595
jre 3,912023 0,001328
jrubi 2,995732 0,000508
jsf 3,506558 0,001190
jsg 3,912023 0,000664
json 1,347074 0,000229
jsoup 3,912023 0,000664
jsp 2,995732 0,002542
jstor 0,843970 0,000286
jtc 2,659260 0,000451
judg 1,897120 0,000322
juli 0,127833 0,000282
julia 1,514128 0,000257
jump -0,009950 -0,000002
june 0,094311 0,000176
jung 2,995732 0,000508
junit 3,912023 0,000664
juri 2,525729 0,000429
just 0,328504 0,000167
jvm 2,659260 0,008123
jvmlanguag 3,506558 0,000595
jython 3,218876 0,000546
kabutz 3,912023 0,000664
kafka 3,506558 0,000595
kahan 3,912023 0,000664
kei 0,314711 0,000107
kemp 3,506558 0,000595
ken 1,966113 0,000334
kernel 1,171183 0,000199
keycloak 3,912023 0,000664
khosla 3,218876 0,000546
kieron 3,912023 0,000664
kind 0,673345 0,000114
kiswahilikrei 2,659260 0,000451
kit 1,714798 0,000582
kotlin 1,897120 0,001288
krill 2,207275 0,000375
laboratori 1,309333 0,000444
lack 0,544727 0,000277
lai 1,966113 0,000334
lambda 2,407946 0,000409
languag -0,009950 -0,000100
languagesamerican 3,912023 0,000664
languagesconcurr 3,218876 0,000546
languagesjava 3,506558 0,000595
languagesmulti 3,506558 0,000595
languagesobject 2,659260 0,000451
languagesprogram 2,120264 0,000360
languagesstat 3,912023 0,000664
languagessun 3,912023 0,000664
laptop 2,120264 0,000360
larg 0,127833 0,000087
larri 1,514128 0,000257
laskei 3,912023 0,000664
last -0,009950 -0,000003
later 0,223144 0,000114
latinalatvi 1,203973 0,000204
latter 0,916291 0,000155
law 0,653926 0,000111
lawsuit 2,120264 0,000720
lead 0,287682 0,000049
leak 1,832581 0,000933
learn 0,162519 0,000165
lectur 1,139434 0,000387
led 0,446287 0,000151
lee 0,994252 0,000169
legaci 1,309333 0,000222
legal -0,009950 -0,000008
let 0,916291 0,000155
level 0,083382 0,000042
libgdx 3,912023 0,000664
librari 0,356675 0,001513
libsvm 3,912023 0,000664
licens -0,009950 -0,000019
lifecycl 2,120264 0,000360
lighthous 2,995732 0,000508
lightweight 1,609438 0,000273
ligurelombardmagyar 3,912023 0,000664
like 0,051293 0,000035
limit 0,186330 0,000063
lindholm 3,912023 0,000664
line 0,261365 0,000177
link -0,009950 -0,000012
linkpag -0,009950 -0,000002
linksc 1,272966 0,000216
linux 0,916291 0,000933
liquibas 3,912023 0,000664
liskov 3,912023 0,000664
lisp 1,386294 0,000470
list 0,051293 0,000139
llc 1,714798 0,000873
lnorsk 0,653926 0,000111
local 0,314711 0,000053
lock 1,309333 0,000222
log -0,009950 -0,000005
logic 0,616186 0,000209
lom 3,912023 0,000664
long 0,287682 0,000195
longer 0,755023 0,000512
look 0,478036 0,000568
lookup 2,302585 0,000391
loom 2,659260 0,000451
loop 1,347074 0,000457
lose 1,560648 0,000265
low 0,478036 0,000162
lt 2,659260 0,003610
lua 1,897120 0,000322
luca 1,714798 0,000291
luce 3,912023 0,000664
lucen 3,506558 0,000595
lustr 3,912023 0,000664
lux 0,371064 0,000063
lwjgl 3,912023 0,000664
lzle 3,506558 0,000595
machin 0,040822 0,000208
machineri 1,203973 0,000204
maco 1,660731 0,000845
made 0,186330 0,000095
mahout 3,506558 0,001190
main -0,009950 -0,000035
mainli 1,021651 0,000173
maint 0,798508 0,000271
mainten 0,843970 0,000143
majc 3,912023 0,000664
major 0,223144 0,000076
majorthird 3,506558 0,000595
make 0,061875 0,000063
malik 2,525729 0,000429
mallet 3,506558 0,000595
manag 0,105361 0,000197
managementgarbag 2,813411 0,000477
mani 0,061875 0,000031
manifestmemori 3,912023 0,000664
manipul 0,673345 0,000114
manual 0,994252 0,000337
march 0,116534 0,000534
mark 0,261365 0,000089
market 0,446287 0,000076
mascot 2,302585 0,000391
match 0,400478 0,000068
materi 0,616186 0,000209
math 1,832581 0,000311
matlab 1,660731 0,000282
matrix 1,609438 0,000546
maxin 3,218876 0,001092
mbu 3,912023 0,000664
mcgilton 3,912023 0,000664
mcgraw 1,108663 0,000188
mcmillan 3,218876 0,000546
mcneali 3,912023 0,000664
mdy 1,514128 0,000257
mean 0,083382 0,000085
mechan 0,356675 0,000061
media 0,139262 0,000047
meetup 3,912023 0,000664
melanson 3,506558 0,000595
melayuminangkabau 2,040221 0,000346
member 0,562119 0,000095
memori 0,562119 0,002003
menu -0,009950 -0,000003
mesa 3,218876 0,000546
meso 3,218876 0,000546
messag 0,400478 0,000136
method 0,150823 0,000230
michael 0,385662 0,000065
micro 1,560648 0,001324
micronaut 3,506558 0,000595
microsoft 0,579818 0,000787
microsparc 3,912023 0,000664
microsystem 1,897120 0,003863
microsystemsacquir 3,912023 0,000664
microsystemscompil 3,912023 0,000664
middlewar 1,832581 0,000622
midlet 3,506558 0,000595
mike 1,237874 0,000420
million 0,843970 0,000143
mina 3,506558 0,001190
mismatchpag 2,525729 0,000429
mllib 3,506558 0,000595
mobil -0,009950 -0,000007
model 0,116534 0,000059
modern 0,314711 0,000053
modif 1,386294 0,000235
modul 0,820981 0,000418
modula 2,995732 0,001017
modular 1,427116 0,000242
mojo 2,813411 0,000477
molina 2,813411 0,000477
momentarili 3,912023 0,000664
monitor 1,021651 0,000173
montalvo 3,912023 0,000664
month 0,776529 0,000132
more 0,010050 0,000010
moscow 2,525729 0,000857
most 0,040822 0,000048
mostli 0,994252 0,000169
motif 3,912023 0,000664
move -0,009950 -0,000010
much 0,400478 0,000068
muhammad 2,407946 0,000409
mullin 3,218876 0,001639
multi 0,342490 0,000116
multicor 3,218876 0,000546
multipl 0,094311 0,000112
murphi 2,207275 0,000375
museum 1,660731 0,000564
mxnet 3,218876 0,000546
mybati 3,912023 0,000664
myeclips 3,912023 0,000664
mysql 2,525729 0,001714
nadeem 3,912023 0,000664
name 0,162519 0,000083
namespac 1,560648 0,000265
naomi 2,659260 0,000451
nashorn 2,995732 0,000508
nativ 1,078810 0,001281
naughton 3,912023 0,001328
navig -0,009950 -0,000002
need 0,030459 0,000052
neptun 3,218876 0,000546
net 0,385662 0,000262
netbean 2,525729 0,001714
netoti 1,771957 0,000301
netra 3,912023 0,000664
netsuit 3,506558 0,000595
netti 3,912023 0,000664
netweav 3,912023 0,000664
network 0,127833 0,000304
neuroph 3,912023 0,001328
neutral 1,771957 0,000301
never 1,021651 0,000173
new 0,010050 0,000024
newspap 1,347074 0,000457
nf 3,218876 0,000546
ni 3,912023 0,001328
niccolai 2,995732 0,000508
nicki 3,506558 0,000595
niklau 3,506558 0,001190
nio 2,995732 0,001525
noc 3,912023 0,000664
nomin 2,302585 0,000391
non -0,009950 -0,000015
normal 0,673345 0,000114
norsk 0,342490 0,000058
nosql 2,813411 0,000477
not 0,000000 0,000000
notabl 0,616186 0,000105
novemb 0,150823 0,000307
now 0,274437 0,000047
null 1,309333 0,000222
nullpointerexcept 3,912023 0,000664
number 0,040822 0,000035
nutch 3,506558 0,000595
nynorskoccitan 1,897120 0,000322
oak 3,912023 0,001992
oberon 3,506558 0,001785
object 0,174353 0,001036
objectweb 3,912023 0,000664
obsolet 1,609438 0,000273
ocaml 1,966113 0,000334
occas 2,525729 0,000429
occur 0,510826 0,000433
ocf 3,506558 0,000595
octob 0,139262 0,000378
octovers 3,506558 0,000595
offer 0,248461 0,000169
offic 0,733969 0,000125
offici 0,653926 0,000333
offset 2,302585 0,000391
ojalgo 3,912023 0,000664
old 0,994252 0,000337
older 1,237874 0,000420
oldid -0,009950 -0,000002
olesperantoestrem 2,525729 0,000429
onc 0,527633 0,000716
onli 0,051293 0,000026
oodt 3,912023 0,000664
oozi 3,912023 0,000664
open 0,150823 0,000307
openfram 3,912023 0,000664
openjdk 2,813411 0,006206
opennlp 3,912023 0,001328
openoffic 2,995732 0,001017
opensolari 2,995732 0,001017
opensparc 3,912023 0,000664
openwindow 3,912023 0,000664
oper 0,010050 0,000014
optim 0,415515 0,000212
optimj 3,912023 0,000664
option 0,527633 0,000269
oracl 1,078810 0,015011
oraclehardwaresystem 3,912023 0,000664
order 0,094311 0,000048
org -0,009950 -0,000010
organ -0,009950 -0,000008
orient 0,653926 0,001221
orientdb 3,506558 0,000595
origin -0,009950 -0,000142
orion 2,302585 0,000391
ormlit 3,912023 0,000664
other -0,009950 -0,000024
otherwis 1,108663 0,000188
out 0,261365 0,000133
outdat 2,302585 0,000391
outlin 0,562119 0,000191
output 0,597837 0,000101
outsid 0,776529 0,000527
over 0,094311 0,000032
overal 0,967584 0,000164
overhead 1,469676 0,000499
overload 1,897120 0,000644
overrul 3,506558 0,000595
overturn 3,506558 0,000595
overview 0,616186 0,000314
owen 2,525729 0,000429
own 0,314711 0,000320
oxygen 2,659260 0,000451
pack 2,040221 0,000346
packag 0,776529 0,000791
page -0,009950 -0,000022
pagecontentscurr -0,009950 -0,000002
pageget -0,009950 -0,000002
pagesus 1,469676 0,000249
pair 1,309333 0,000222
paper 0,527633 0,000090
paradigm 0,941609 0,000320
parallel 0,941609 0,000479
park 1,771957 0,000301
pars 1,514128 0,000257
part 0,072571 0,000049
parti 0,616186 0,000418
partial 0,916291 0,000155
particip 1,021651 0,000520
particular 0,301105 0,000051
pascal 1,347074 0,001372
patch 1,560648 0,000265
patent 1,203973 0,000204
patrick 1,714798 0,000582
paul 0,544727 0,000092
payara 3,912023 0,000664
pdf 0,139262 0,000378
pdfbox 3,912023 0,000664
pdfprintabl -0,009950 -0,000002
peopl 0,356675 0,000121
peoplesoft 3,912023 0,000664
perform 0,040822 0,000076
perl 1,347074 0,000229
persist 1,386294 0,000235
person -0,009950 -0,000005
personaljava 3,912023 0,000664
petit 2,813411 0,000477
php -0,009950 -0,000007
picojava 3,912023 0,000664
piemont 1,427116 0,000242
pig 2,040221 0,000346
pillar 2,659260 0,000451
pin 2,407946 0,000409
pivot 2,040221 0,000346
pixo 3,912023 0,000664
plai 0,713350 0,000121
platform 0,400478 0,002990
platformjava 3,912023 0,000664
playback 3,506558 0,000595
pleas 0,755023 0,000256
pluggabl 3,506558 0,000595
plugin 1,897120 0,000966
poi 3,912023 0,000664
point 0,186330 0,000095
pointer 1,771957 0,000902
polici -0,009950 -0,000003
polytechn 3,506558 0,001190
ponat 2,120264 0,000360
popular 0,400478 0,000544
port 1,272966 0,000648
portabl 1,203973 0,000613
portal 0,494296 0,000252
portalrec -0,009950 -0,000002
portion 1,560648 0,000265
possibl 0,186330 0,000158
potenti 0,371064 0,000189
precursor 1,832581 0,000311
predict 0,733969 0,000125
presenc 1,108663 0,000376
presid 1,832581 0,000311
pressler 3,912023 0,000664
prevent 0,634878 0,000431
primari 0,527633 0,000179
primarili 0,653926 0,000111
primefac 3,912023 0,000664
primit 1,514128 0,001028
principl 0,385662 0,000131
print -0,009950 -0,000002
println 2,995732 0,001017
prior 0,891598 0,000605
privaci -0,009950 -0,000003
problem 0,186330 0,000095
proceed 0,579818 0,000098
process 0,051293 0,000139
processor 1,021651 0,000693
procom 3,912023 0,000664
produc 0,342490 0,000058
product 0,174353 0,000030
profil 1,021651 0,000173
profit -0,009950 -0,000002
program 0,116534 0,001266
programm 0,693147 0,000941
project -0,009950 -0,000015
prolog 1,897120 0,000322
promis 1,078810 0,000183
properli 1,309333 0,000222
proprietari 1,171183 0,000397
protect 0,462035 0,000078
protocol 0,527633 0,000090
prototyp 1,386294 0,000235
proven 1,771957 0,000301
provid 0,061875 0,000105
public 0,127833 0,000130
pure 1,203973 0,000204
purpos 0,248461 0,000084
python 0,916291 0,000311
qf 3,912023 0,000664
qpid 3,912023 0,000664
quarku 3,506558 0,000595
quartz 1,966113 0,000334
qube 3,218876 0,000546
que 3,506558 0,000595
queue 1,660731 0,000845
quickli 0,891598 0,000151
quot 1,049822 0,000713
rai 1,832581 0,000311
raku 2,040221 0,000346
raq 3,912023 0,000664
rather 0,287682 0,000098
raymond 1,966113 0,000334
rbaycanca 0,248461 0,000042
rdb 3,218876 0,000546
read 0,162519 0,000028
readview 1,309333 0,000444
real 0,210721 0,000036
reason 0,328504 0,000111
recent 0,562119 0,000095
recogn 1,021651 0,000173
recognit 1,078810 0,000366
recommend 0,891598 0,000151
recompil 3,506558 0,000595
record 0,400478 0,000068
recov 2,040221 0,000346
redirect 0,673345 0,000229
reduc 0,274437 0,000047
refer -0,009950 -0,000019
referenc 1,609438 0,000546
referencesarticl 1,660731 0,000282
reflect 0,562119 0,000382
refus 2,040221 0,000346
regard 0,776529 0,000132
regardless 1,272966 0,000216
regist -0,009950 -0,000002
reilli 1,078810 0,000183
rel 0,634878 0,000108
relat 0,030459 0,000016
releas 0,415515 0,000917
releasejava 3,912023 0,000664
relentless 3,912023 0,001328
reliabl 0,371064 0,000126
relicens 3,506558 0,000595
reliev 2,995732 0,000508
reloc 2,207275 0,000375
remain 0,400478 0,000136
remedi 2,207275 0,000375
remot 0,776529 0,000395
remov 0,301105 0,000307
renam 1,771957 0,000902
replac 0,494296 0,000168
report 0,261365 0,000089
represent 0,634878 0,000108
republicspainisraelotherelmcipyal 3,218876 0,000546
reput 1,660731 0,000282
request 0,776529 0,000659
requestsjvm 3,912023 0,000664
requir 0,051293 0,000035
research 0,223144 0,000076
resid 1,714798 0,000291
resign 2,525729 0,000429
resin 3,218876 0,000546
resourc 0,248461 0,000126
respect 0,544727 0,000092
respons 0,415515 0,000494
rest 1,049822 0,000356
restrict 0,755023 0,000128
result 0,139262 0,000071
retriev -0,009950 -0,000142
revenu 1,514128 0,000257
revers 1,139434 0,000193
rgen 2,813411 0,000477
rhino 2,659260 0,000451
rich 1,309333 0,000444
right 0,314711 0,000053
rightnow 3,912023 0,000664
rigor 2,040221 0,000346
river 1,309333 0,000222
rmi 3,506558 0,001190
road 1,272966 0,000216
roadmap 2,302585 0,000391
robert 0,527633 0,000179
robust 1,049822 0,000178
rock 2,120264 0,000360
roger 1,139434 0,000193
role 0,527633 0,000269
rom 0,616186 0,000105
ron 2,040221 0,000346
roo 3,218876 0,000546
rosenblatt 2,407946 0,000409
routin 1,897120 0,000322
rubi 1,347074 0,000229
rule 0,510826 0,000867
run 0,248461 0,000970
runa 0,916291 0,000155
runtim 1,309333 0,002222
russian 1,609438 0,000273
rust 1,427116 0,000242
sa 1,771957 0,000301
safe 0,916291 0,000466
safeti -0,009950 -0,000007
safra 3,506558 0,000595
said 0,755023 0,000128
sake 3,506558 0,000595
salcic 3,912023 0,000664
samza 3,912023 0,000664
san 1,203973 0,000409
sap 2,525729 0,000429
savaj 3,912023 0,000664
sbu 3,912023 0,000664
scala 2,040221 0,001385
scholar 1,021651 0,000347
scienc 0,274437 0,000047
scientif 0,673345 0,000229
scott 0,891598 0,000151
scp 3,912023 0,000664
scratch 1,771957 0,000301
script 0,916291 0,000155
sdk 2,407946 0,002452
seam 2,995732 0,000508
sean 1,609438 0,000273
search -0,009950 -0,000007
section 0,446287 0,000379
secur 0,274437 0,000512
see -0,009950 -0,000019
seem 1,560648 0,000265
segment 1,108663 0,000188
selenium 3,912023 0,000664
seligman 3,506558 0,000595
sell 1,139434 0,000193
semi 0,843970 0,000143
sent 1,171183 0,000199
separ 0,400478 0,000204
septemb 0,150823 0,000998
seri 0,328504 0,000167
server 0,597837 0,001928
servic 0,210721 0,000286
servlet 2,525729 0,005143
set 0,051293 0,000026
seth 1,832581 0,000311
settl 2,207275 0,000375
settlement 1,660731 0,000282
sever 0,072571 0,000037
sharat 3,912023 0,001328
share 0,301105 0,000051
sharealik -0,009950 -0,000002
shell 1,049822 0,000178
shenandoah 3,912023 0,001328
sheridan 3,506558 0,000595
ship 1,272966 0,000648
shiro 3,912023 0,000664
short -0,009950 -0,000003
shorten -0,009950 -0,000002
shortli 2,659260 0,000903
shqip 1,966113 0,000334
side 0,579818 0,000394
sidebar -0,009950 -0,000007
siebel 3,912023 0,000664
significantli 1,171183 0,000199
simi 0,755023 0,000128
similar 0,150823 0,000102
similarli 0,843970 0,000143
simpl 0,150823 0,000102
simplifi 0,820981 0,000279
simul 1,021651 0,000173
simula 2,040221 0,000692
sinc 0,139262 0,000142
singl 0,127833 0,000043
sister 1,386294 0,000706
site -0,009950 -0,000002
six 1,309333 0,000222
slash 2,207275 0,000375
slenskaitaliano 0,562119 0,000095
slf 3,912023 0,000664
sling 2,995732 0,000508
slogan 3,218876 0,001092
sloven 1,514128 0,000257
slow 1,237874 0,000210
slower 1,966113 0,000667
slowli 2,525729 0,000429
small 0,314711 0,000107
smalltalk 1,714798 0,000582
smart 1,049822 0,000356
smartphon 2,040221 0,000346
soa 2,813411 0,000477
soap 2,207275 0,000375
softwar 0,127833 0,000477
softwareappl 3,506558 0,000595
solari 2,207275 0,001124
solr 3,218876 0,000546
solv 0,820981 0,000139
some 0,040822 0,000048
someth 1,347074 0,000229
sonarqub 3,218876 0,000546
soon 1,427116 0,000484
sourc 0,094311 0,000224
sourceview 1,309333 0,000444
sparc 2,525729 0,003000
sparcstat 3,912023 0,000664
spare 2,302585 0,000391
spark 1,714798 0,000291
spec 2,302585 0,000391
special 0,235722 0,000200
specif 0,051293 0,000122
specifi 0,446287 0,000076
speed 0,941609 0,000320
spock 3,912023 0,000664
spoken 2,302585 0,000391
spot 1,514128 0,000257
spring 1,609438 0,001366
sqaraqalpaqsha 1,386294 0,000235
sql 1,171183 0,000596
squawk 3,506558 0,000595
srpskisrpskohrvatski 0,510826 0,000087
stabl 0,867501 0,000147
stack 0,843970 0,000430
stage 1,139434 0,000193
stall 2,040221 0,000346
standalon 2,525729 0,000857
standard 0,094311 0,000384
stanford 1,309333 0,000222
staroffic 3,912023 0,000664
start 0,261365 0,000222
state 0,083382 0,000085
statement -0,009950 -0,000007
statementsarticl 0,544727 0,000185
statesfrancebnf 0,510826 0,000087
static 1,272966 0,000432
statist -0,009950 -0,000002
statu 0,693147 0,000235
statusarticl 2,995732 0,000508
std 2,407946 0,000409
steel 1,897120 0,000966
steward 3,912023 0,001328
still 0,342490 0,000465
stood 2,995732 0,000508
storag 0,430783 0,000146
storagetek 3,912023 0,002655
store 0,356675 0,000121
storm 2,207275 0,000375
stream 0,733969 0,000125
strictli 1,966113 0,000334
string 1,049822 0,000178
stringbuild 3,912023 0,000664
strong 0,776529 0,000264
structur 0,139262 0,000047
strut 2,813411 0,000955
studi 0,314711 0,000053
studio 1,609438 0,001092
style 0,941609 0,001278
su 2,120264 0,000360
suanshu 3,912023 0,000664
subject 0,478036 0,000081
subpackag 3,912023 0,000664
subsect 0,020203 0,000017
subset 1,108663 0,000188
substant 3,912023 0,000664
subtract 2,525729 0,000429
subtyp 2,659260 0,000451
succinctli 3,912023 0,000664
such 0,000000 0,000000
suffici 1,078810 0,000183
suggest 0,820981 0,000139
suit 0,891598 0,000303
summer 1,427116 0,000242
sun 1,237874 0,011133
suno 2,407946 0,000409
sunopsi 3,912023 0,000664
sunview 3,912023 0,000664
suomisvenskatagalog 1,171183 0,000199
supercomput 1,897120 0,000322
supersed 1,966113 0,000667
supersparc 3,912023 0,000664
suppli 0,994252 0,000337
support 0,150823 0,000614
suprem 2,813411 0,000955
swift 1,386294 0,000235
swing 2,813411 0,004297
symantec 2,207275 0,000375
syntax 1,171183 0,001987
system 0,010050 0,000055
systemj 3,912023 0,000664
tabl -0,009950 -0,000003
tablet 1,832581 0,000311
take 0,210721 0,000036
tapestri 2,995732 0,000508
taqbaylit 1,897120 0,000322
tarantella 3,912023 0,000664
target 0,462035 0,000314
tata 2,813411 0,000477
tatar 1,272966 0,000216
team 0,634878 0,000323
techmetrix 3,912023 0,000664
technica 1,347074 0,001143
technolog 0,116534 0,000316
technologiesoracl 3,506558 0,000595
teich 3,912023 0,000664
televis 1,514128 0,000514
templat 0,301105 0,000102
temurin 3,912023 0,001328
ten 1,347074 0,000229
term -0,009950 -0,000015
test 0,248461 0,000042
testng 3,912023 0,000664
text -0,009950 -0,000002
than 0,072571 0,000062
that 0,000000 0,000000
then 0,116534 0,000040
there 0,051293 0,000087
thereof 2,040221 0,000346
these 0,040822 0,000042
thi -0,009950 -0,000056
third 0,342490 0,000291
those 0,235722 0,000200
though 0,544727 0,000185
thread 1,386294 0,000470
three 0,287682 0,000049
thrown 3,218876 0,000546
thymeleaf 3,912023 0,000664
tier 1,660731 0,000282
tika 3,912023 0,000664
tim 0,867501 0,000147
time 0,000000 0,000000
timelin 0,733969 0,000125
timesten 3,506558 0,001190
timothi 1,714798 0,000291
tina 1,771957 0,000301
titl -0,009950 -0,000002
toggl -0,009950 -0,000012
toki 2,120264 0,000360
tomcat 3,912023 0,001328
tome 3,912023 0,000664
too 0,634878 0,000215
tool -0,009950 -0,000015
toolkit 1,427116 0,001453
top -0,009950 -0,000005
topic -0,009950 -0,000003
toplink 3,506558 0,000595
topolog 1,514128 0,000257
toward 0,713350 0,000121
trademark -0,009950 -0,000003
tradit 0,544727 0,000185
trail 1,897120 0,000644
transact 0,673345 0,000114
transform 0,544727 0,000092
translat 0,798508 0,000271
transpar 1,237874 0,000420
tree 0,693147 0,000235
trial 1,609438 0,000273
trigger 1,514128 0,000257
true 0,776529 0,000132
tutori 1,347074 0,001372
tuxedo 3,506558 0,000595
twice 1,714798 0,000291
two 0,083382 0,000071
type 0,051293 0,000165
typic 0,186330 0,000190
ucsd 3,912023 0,001328
ueuskara 2,525729 0,000429
ugi 2,813411 0,000477
uima 3,506558 0,000595
ulietuvi 1,049822 0,000178
ultim 1,139434 0,000193
ultra 2,302585 0,000781
ultrasparc 3,506558 0,005950
unavail 2,207275 0,000375
undefin 2,207275 0,000375
under -0,009950 -0,000017
underli 0,693147 0,000235
understand 0,342490 0,000174
unfit 1,609438 0,000273
uninstal 3,218876 0,001092
unit 0,248461 0,000126
univers 0,139262 0,000071
unlik 0,653926 0,000222
unreach 3,912023 0,000664
unrel 2,407946 0,000409
unresolv 3,218876 0,000546
unsign 2,525729 0,002143
unsound 3,912023 0,001328
unsourc 0,446287 0,000303
unstabl 2,525729 0,000429
unsupport 2,302585 0,000391
updat 0,342490 0,000291
upon 0,673345 0,000114
ur 3,506558 0,000595
url 1,203973 0,000409
urlc 2,120264 0,000360
urldownload -0,009950 -0,000002
usa 1,427116 0,000242
usag 0,579818 0,000098
user 0,274437 0,000419
usual 0,198451 0,000034
utc -0,009950 -0,000002
util 0,597837 0,000101
vaadin 2,995732 0,000508
vakavitinederland 2,659260 0,000451
vala 3,218876 0,000546
valid 0,616186 0,000209
valu 0,162519 0,000028
van 0,867501 0,000442
vararg 3,506558 0,000595
variabl 0,494296 0,000252
varieti 0,616186 0,000105
vast 1,514128 0,000257
veloc 2,207275 0,000375
vendor 1,139434 0,000193
verbos 2,995732 0,000508
veri 0,314711 0,000053
verif 0,733969 0,000249
version -0,009950 -0,000037
vertx 3,912023 0,000664
vice 1,660731 0,000282
view -0,009950 -0,000003
vinod 3,506558 0,000595
virtual 0,462035 0,001646
virtualbox 2,995732 0,001017
visual 0,562119 0,000382
visualvm 3,506558 0,000595
void 2,207275 0,000749
vol 0,616186 0,000105
vosa 2,659260 0,000451
vte 0,967584 0,000328
vtejava 3,506558 0,000595
vteoracl 3,912023 0,001328
vteprogram 2,040221 0,000346
vtesun 3,912023 0,000664
vulner 0,994252 0,000169
wai 0,105361 0,000036
walter 1,514128 0,000257
warwebsiteoracl 3,912023 0,000664
wayback 0,478036 0,000406
web 0,342490 0,001220
webarch 1,021651 0,000173
webcent 3,912023 0,000664
weblog 3,912023 0,001992
websit 0,527633 0,000179
websocket 2,207275 0,000375
webspher 3,506558 0,001190
websystem 3,912023 0,000664
weekli 1,966113 0,000334
weka 2,995732 0,000508
well 0,051293 0,000017
went 1,714798 0,000582
weslei 1,078810 0,000732
what -0,009950 -0,000008
when 0,030459 0,000031
where 0,072571 0,000037
wherea 1,049822 0,000178
which 0,000000 0,000000
while 0,051293 0,000009
white 1,108663 0,000188
why 0,494296 0,000587
wicket 2,995732 0,000508
wide 0,210721 0,000072
widget 2,525729 0,000857
widgetri 3,912023 0,000664
wiki 1,427116 0,000242
wikibook 1,386294 0,000470
wikibooksresourc 1,660731 0,000282
wikidata 0,562119 0,000191
wikidataarticl 1,171183 0,000199
wikidatawikipedia 0,967584 0,000164
wikimedia -0,009950 -0,000003
wikipedia -0,009950 -0,000012
wikipediacontact -0,009950 -0,000002
wikiquotetextbook 2,525729 0,000429
wikivers 1,609438 0,000273
wikiversitydata 2,302585 0,000391
wiktionarymedia 1,660731 0,000282
wildfli 3,506558 0,001785
william 0,616186 0,000209
win 1,469676 0,000499
winarai 2,407946 0,000409
window 0,891598 0,000756
wire 0,941609 0,000160
wirth 3,506558 0,001190
withdrew 3,506558 0,000595
within 0,116534 0,000040
without 0,094311 0,000048
won 1,469676 0,000249
woolf 3,506558 0,000595
wora 3,912023 0,001328
work 0,030459 0,000010
workshop 1,347074 0,000229
workstat 1,771957 0,001203
world 0,139262 0,000189
wrapper 2,407946 0,000409
writ 3,506558 0,000595
write 0,527633 0,000627
writer 1,514128 0,000257
written 0,287682 0,000342
www 0,356675 0,000061
xerc 3,912023 0,001328
xml 1,203973 0,000409
xstream 3,912023 0,000664
xvm 3,912023 0,000664
year 0,162519 0,000165
yellin 3,912023 0,000664
yet 0,891598 0,000151
yooreeka 3,506558 0,000595
zbekcha 0,462035 0,000078
zdnet 1,560648 0,000265
zero 0,693147 0,000118
zf 3,912023 0,001992
zgc 3,912023 0,000664
zkoss 3,912023 0,000664
zookeep 3,912023 0,000664
zoran 3,218876 0,000546
