abandon 1,771957 0,000754
abbrevi 2,040221 0,000217
abil 0,562119 0,000179
absolut 1,660731 0,000353
abstract 0,713350 0,000835
acceler 1,021651 0,000435
access 0,127833 0,000122
account -0,009950 -0,000003
acquia 3,912023 0,000416
acronym 2,120264 0,000451
across 0,415515 0,000044
act 0,713350 0,000076
action -0,009950 -0,000001
activex 2,659260 0,000566
ad 0,223144 0,000332
ada 1,609438 0,000171
adam 1,203973 0,000128
add -0,009950 -0,000004
adder 3,912023 0,002497
addit -0,009950 -0,000013
addition 0,967584 0,000206
admin 2,813411 0,000299
adob 2,659260 0,000283
adopt 0,415515 0,000088
advanc 0,235722 0,000075
advantag 0,693147 0,000074
advertis 1,347074 0,000143
advocaci 2,525729 0,000269
affect 0,693147 0,000074
afieldguidetoelephp 3,912023 0,000416
afl 2,995732 0,000319
afrikaansalemannisch 2,040221 0,000217
afterward 2,525729 0,000269
ag 0,941609 0,000401
again 1,078810 0,000115
against 0,462035 0,000197
agent 0,733969 0,000078
aggelo 3,912023 0,000416
ago 0,967584 0,000515
agpl 2,813411 0,000299
agre -0,009950 -0,000002
agreement 1,078810 0,000115
ahack 3,912023 0,000416
ahead 1,427116 0,000152
aim 0,634878 0,000338
aisgaeilgegalego 1,427116 0,000152
ajax 1,832581 0,000195
ajp 2,995732 0,000319
alex 1,469676 0,000156
alfakhria 3,912023 0,000416
algol 1,897120 0,000202
ali 1,609438 0,000171
alic 2,525729 0,000537
all 0,000000 0,000000
allow 0,061875 0,000105
almost 0,798508 0,000085
alon 1,272966 0,000271
along 0,462035 0,000098
alongsid 1,660731 0,000177
alphabet 1,469676 0,000156
alreadi 0,776529 0,000083
alshetwi 3,912023 0,000416
also -0,009950 -0,000032
altern 0,342490 0,000219
although 0,287682 0,000153
alwai 0,597837 0,000382
amazon 1,309333 0,000279
amend 1,609438 0,000342
among 0,356675 0,000114
amp -0,009950 -0,000007
analysi 0,186330 0,000020
anderson 1,609438 0,000171
andi 1,714798 0,001094
andr 2,120264 0,000226
andrei 2,525729 0,001075
android 1,272966 0,000135
angl 2,040221 0,000217
ani 0,083382 0,000080
annot 1,108663 0,000118
announc 0,733969 0,001327
anonym 1,560648 0,000830
anoth 0,127833 0,000054
anthoni 1,714798 0,000182
anymor 2,525729 0,000269
anyth 2,207275 0,000235
apach 1,386294 0,001327
apc 3,912023 0,000416
api 0,798508 0,000595
apiswhatwg 2,995732 0,000319
apl 2,040221 0,000217
app 1,021651 0,000326
appear -0,009950 -0,000004
appli -0,009950 -0,000003
applic 0,030459 0,000081
approach 0,174353 0,000056
apress 1,966113 0,000418
april 0,072571 0,000046
apsl 2,813411 0,000299
aptana 3,506558 0,000373
aragon 1,171183 0,000125
architect 2,407946 0,000256
architectur 0,400478 0,000085
archiv 0,040822 0,000230
argument 1,171183 0,000872
argyro 3,912023 0,000416
aris 1,469676 0,000156
arithmet 1,272966 0,000271
arntzen 3,912023 0,000416
around 0,356675 0,000038
arrai 0,994252 0,001904
arrayaccess 3,912023 0,000416
arrow 1,966113 0,000418
articl 0,000000 0,000000
articleabout -0,009950 -0,000001
articlespag 3,506558 0,000373
articletalk -0,009950 -0,000001
artist 1,771957 0,000188
asapi 2,995732 0,000319
ascii 1,897120 0,000202
asgi 2,813411 0,000299
asp 2,040221 0,001085
assembl 0,867501 0,000092
assign 0,798508 0,000425
associ 0,127833 0,000014
ast 2,407946 0,000256
asymmetr 2,407946 0,000256
attack 0,867501 0,000738
attempt 0,478036 0,000051
attract 1,771957 0,000188
attribut -0,009950 -0,000015
audio 0,891598 0,000379
august 0,162519 0,000484
authent 1,347074 0,000143
author 0,040822 0,000022
automat 0,462035 0,000049
avail -0,009950 -0,000020
avoid 0,579818 0,000123
aw 2,407946 0,001025
awar 1,203973 0,000128
ayesh 3,912023 0,001248
ayisyenkurd 2,813411 0,000299
azur 1,771957 0,000565
back 0,462035 0,000049
backend 2,120264 0,000226
backronym 3,912023 0,000416
backward 1,514128 0,000322
bad 1,347074 0,000143
bahasa 0,186330 0,000020
bakken 3,912023 0,000416
base 0,010050 0,000013
basic 0,198451 0,000148
bazaar 2,525729 0,000269
becam 0,579818 0,000062
becaus 0,127833 0,000082
becom 0,274437 0,000117
beerwar 2,995732 0,000319
began 0,634878 0,000203
begin 0,385662 0,000123
behat 3,912023 0,000416
behavior 0,342490 0,000073
behaviour 1,832581 0,000780
behind 0,867501 0,000092
believ 1,272966 0,000135
benchmark 1,427116 0,000455
benefit 0,776529 0,000083
besid 1,832581 0,000195
best 0,462035 0,000098
beta 1,386294 0,000147
better 0,494296 0,000105
beyond 0,713350 0,000076
bho 2,995732 0,000319
big 0,673345 0,000072
binari 0,916291 0,000780
bind 1,469676 0,000469
bioinformat 1,660731 0,000177
birth 1,897120 0,000404
birthdai 2,659260 0,000283
birthyear 3,912023 0,000832
bit 1,078810 0,000689
bitwis 2,995732 0,001275
block 0,597837 0,000254
blog 0,713350 0,000531
bloomberg 1,469676 0,000156
blue 1,560648 0,000166
board 0,843970 0,000090
boarischbosanskibrezhoneg 2,407946 0,000256
bob 1,832581 0,000390
bodi 0,867501 0,000185
bokm 0,127833 0,000014
book 0,210721 0,000090
boolean 1,560648 0,001162
borhan 3,912023 0,000416
bottom 2,040221 0,000217
bound 1,171183 0,000125
brai 2,525729 0,000269
branch 1,021651 0,000652
break 0,733969 0,000312
brent 3,506558 0,000746
bridg 1,427116 0,000152
bring 1,021651 0,000109
broad 1,203973 0,000128
browser 1,021651 0,000109
bsd 1,832581 0,000390
bug 1,171183 0,000623
build 0,274437 0,000234
built 0,462035 0,000442
bundl 1,514128 0,000644
busi 0,287682 0,000153
businessweek 2,207275 0,000235
byperl 3,912023 0,000416
byrasmu 3,912023 0,000416
byte 1,560648 0,000498
bytecod 1,966113 0,001046
cach 1,386294 0,000885
caddi 3,506558 0,000373
cakephp 2,995732 0,000637
calcul 0,916291 0,000292
california 1,021651 0,000109
call 0,030459 0,000055
callabl 3,506558 0,001119
callback 2,659260 0,000566
caller 2,995732 0,000319
came 1,078810 0,000230
caml 2,040221 0,000217
canadian 1,714798 0,000182
canva 2,525729 0,000269
captur 0,916291 0,000292
caraveo 3,912023 0,000416
carlo 1,714798 0,000182
case 0,083382 0,000089
cast 1,832581 0,000390
catal 0,094311 0,000010
catch 1,966113 0,001255
categor 1,171183 0,000125
categori -0,009950 -0,000005
cathedr 2,995732 0,000319
caus 0,430783 0,000092
cclass 3,912023 0,000416
cddl 2,813411 0,000299
ceas 2,659260 0,000283
cebuano 2,407946 0,000256
center 0,415515 0,000044
certain 0,274437 0,000029
certif 1,078810 0,000230
certifi 1,714798 0,000182
cgi 2,525729 0,002418
challeng 0,400478 0,000043
chang 0,051293 0,000120
changelog 2,525729 0,000537
changesupload -0,009950 -0,000002
charact 0,843970 0,000090
characteris 3,506558 0,000373
charg 1,272966 0,000135
charli 2,302585 0,000490
chat 2,407946 0,000256
check 0,634878 0,000203
chosen 1,469676 0,000469
christian 1,560648 0,000166
cil 3,506558 0,000373
circular 2,120264 0,000226
citat 0,248461 0,000344
cite 0,597837 0,000127
claburn 2,525729 0,000269
clara 3,506558 0,000373
clarion 3,218876 0,000342
class 0,446287 0,001614
classic 0,544727 0,000058
claus 2,040221 0,000217
cleanup 2,302585 0,000245
clear 1,049822 0,000112
cli 2,040221 0,001302
client 0,713350 0,000379
clone 2,207275 0,001409
close 0,356675 0,000152
closur 1,771957 0,001696
cloud 0,733969 0,000234
cm 2,659260 0,000283
coalesc 2,995732 0,001593
cobol 1,966113 0,000209
code -0,009950 -0,000038
codec 2,813411 0,000299
codeignit 2,995732 0,000637
codelobst 3,506558 0,000373
codepoint 3,218876 0,000342
collect 0,274437 0,000058
colon 2,407946 0,000256
colour 3,218876 0,000342
com 0,150823 0,000337
combin 0,261365 0,000056
come 0,356675 0,000038
command 0,891598 0,001138
comment 1,049822 0,000782
commerc 1,021651 0,000326
commerci 0,527633 0,000112
commit 1,108663 0,000118
common -0,009950 -0,000015
commonli 0,342490 0,000073
commonstextbook 2,659260 0,000283
commonswikibookswikiversitywikidata 2,302585 0,000245
commun 0,139262 0,000119
comp 2,407946 0,000512
compact 1,609438 0,000171
compar 0,342490 0,000146
comparison 0,371064 0,000513
compat 0,693147 0,000442
compet 1,139434 0,000121
compil 0,755023 0,001928
complet 0,223144 0,000119
complex 0,186330 0,000020
compon 0,261365 0,000083
compos 1,171183 0,000125
composit 1,386294 0,000147
compress 1,108663 0,000118
comput 0,020203 0,000026
concaten 2,407946 0,000256
condit 0,579818 0,000062
conduct -0,009950 -0,000001
confer 0,274437 0,000029
configur 0,798508 0,002039
confus 0,693147 0,000147
conjunct 1,714798 0,000182
consid 0,274437 0,000058
consider 0,713350 0,000152
consist 0,301105 0,000384
consortium 1,771957 0,000188
const 2,407946 0,000256
constant 1,660731 0,001767
constraint 1,139434 0,000121
construct 0,579818 0,000493
constructor 2,659260 0,001131
contact -0,009950 -0,000002
contain 0,162519 0,000225
content -0,009950 -0,000015
context 0,446287 0,000095
continu 0,174353 0,000056
contribut -0,009950 -0,000001
contributor 1,832581 0,000195
control 0,020203 0,000009
controversi 1,171183 0,000125
conveni 1,609438 0,000171
convent 0,891598 0,000095
convers 0,776529 0,000826
convert 1,049822 0,000558
cooki -0,009950 -0,000001
coordinatesal 3,912023 0,000416
copi 0,891598 0,000285
copyleft 2,813411 0,000299
cor 2,995732 0,000319
corbet 2,995732 0,000319
core 0,579818 0,000925
correctli 1,832581 0,000195
corrupt 1,832581 0,000195
countabl 2,995732 0,000956
counter 1,660731 0,000177
countri 0,867501 0,000092
cours 0,967584 0,000206
cover 0,733969 0,000078
craft 2,407946 0,000256
creat -0,009950 -0,000023
creation 0,653926 0,000070
creativ -0,009950 -0,000003
creator 1,469676 0,000469
credit 0,867501 0,000185
critic 0,385662 0,000082
cross 0,562119 0,000299
cryptograph 1,897120 0,000807
csprng 2,995732 0,000637
cultur 1,049822 0,000112
curl 3,218876 0,000342
current 0,210721 0,000112
custom 0,544727 0,000348
cycl 0,867501 0,000185
daemon 2,659260 0,000283
dai 0,562119 0,000120
dan 0,916291 0,000195
danger 1,514128 0,000161
daniel 0,776529 0,000165
danish 2,659260 0,000283
darryl 3,506558 0,000373
data 0,030459 0,000049
databas 0,072571 0,000124
dataczech 1,171183 0,000125
dataobject 3,912023 0,000416
date 0,210721 0,000202
dead 1,386294 0,000295
deal 0,843970 0,000090
debat 1,272966 0,000271
debian 2,407946 0,000256
debugg 2,302585 0,000245
dec 2,040221 0,000217
decad 1,078810 0,000230
decemb 0,061875 0,000270
decim 1,660731 0,000177
decis 0,400478 0,000085
declar 1,108663 0,002123
deconstruct 3,506558 0,000373
deep 1,078810 0,000115
defac 3,912023 0,000416
default 0,693147 0,000442
defin 0,116534 0,000211
definit 0,186330 0,000079
delai 1,347074 0,000143
delayedtargetvalid 3,912023 0,001248
deleg 1,966113 0,000418
delimit 2,207275 0,001644
depend 0,105361 0,000022
deploi 1,108663 0,000472
deploy 1,049822 0,000112
deprec 1,660731 0,001943
derefenc 3,912023 0,000416
dereferenc 3,218876 0,000342
derick 3,506558 0,000373
deriv 0,494296 0,000053
describ 0,174353 0,000037
descript -0,009950 -0,000003
descriptionshort 0,000000 0,000000
design 0,040822 0,000039
desktop 1,347074 0,000287
destructor 2,995732 0,000319
detail 0,510826 0,000054
detect 0,755023 0,000080
determin 0,342490 0,000073
dev 1,514128 0,000322
develop -0,009950 -0,000049
devic 0,634878 0,000068
devnewz 3,912023 0,000416
dhtml 2,302585 0,000245
differ 0,010050 0,000011
difficult 0,597837 0,000127
difficulti 1,237874 0,000132
digit 0,400478 0,000085
direct 0,261365 0,000306
directli 0,415515 0,000133
directori 1,560648 0,000664
disabl 1,609438 0,000685
disallow 2,407946 0,000256
disambigu 1,049822 0,000223
disciplinedynam 3,506558 0,000373
disclaim -0,009950 -0,000001
discontinu 1,514128 0,000483
discourag 2,659260 0,000283
discuss 0,494296 0,000053
disjunct 3,506558 0,000746
displai 0,755023 0,000080
distinct 0,544727 0,000058
distribut 0,198451 0,000148
dll 3,912023 0,000832
dmitri 2,813411 0,000898
dnf 3,912023 0,000832
doc 1,139434 0,000121
doctrin 2,407946 0,000256
doctyp 3,218876 0,000342
document 0,328504 0,000280
dollar 1,514128 0,000161
dom 1,560648 0,000498
domain 0,544727 0,000058
don 0,916291 0,000097
donat -0,009950 -0,000002
doubl 0,843970 0,000269
download -0,009950 -0,000001
drawback 1,966113 0,000209
driver 1,237874 0,000263
drone 2,659260 0,000849
drupal 2,995732 0,001275
dstogov 3,912023 0,000416
dual 1,609438 0,000171
dub 2,813411 0,000299
due 0,261365 0,000111
dynam 0,342490 0,000619
each 0,072571 0,000015
earli 0,301105 0,000256
earlier 1,139434 0,000242
earth 1,272966 0,000135
easi 1,021651 0,000109
easier 1,049822 0,000223
easili 0,843970 0,000180
echo 1,897120 0,002422
eclips 1,771957 0,000188
edit -0,009950 -0,000036
editcommun -0,009950 -0,000001
editor 1,347074 0,000287
effici 0,287682 0,000061
either 0,248461 0,000106
element 0,301105 0,000064
eleph 3,506558 0,000746
elephp 3,912023 0,003745
elixir 1,771957 0,000188
elsewher 2,040221 0,000217
em 1,966113 0,000209
emait 1,560648 0,000166
emb 2,302585 0,000245
embed 0,755023 0,000562
emploi 0,673345 0,000072
enabl 0,274437 0,000204
encod 1,203973 0,000128
encrypt 1,139434 0,000121
encyclopedia -0,009950 -0,000001
end 0,186330 0,000059
endif 3,912023 0,000832
endur 2,659260 0,000283
enforc 0,916291 0,000097
engin 0,061875 0,000224
english -0,009950 -0,000002
englishsloven 0,510826 0,000054
enhanc 0,510826 0,000054
ensur 0,713350 0,000076
enterpris 0,446287 0,000047
entropi 2,995732 0,000319
enumer 2,040221 0,000434
environ 0,385662 0,000082
epl 2,995732 0,000319
equal 0,843970 0,000269
equival 0,820981 0,000087
era 1,386294 0,000147
ereg 3,912023 0,000416
erin 2,995732 0,000637
erlang 1,714798 0,000182
error 0,430783 0,000321
escap 1,832581 0,000390
espa 0,210721 0,000022
especi 0,415515 0,000044
etc 0,562119 0,000120
euro 2,525729 0,000269
eval 2,813411 0,000599
even 0,235722 0,000150
event 0,356675 0,000114
eventsrandom -0,009950 -0,000001
ever 1,272966 0,000135
everi 0,261365 0,000139
everywher 2,120264 0,000226
evolv 1,078810 0,000115
exam 2,040221 0,000217
exampl 0,020203 0,000047
except 0,733969 0,000859
exec 2,813411 0,000299
execut 0,356675 0,000721
exist 0,186330 0,000079
exit 2,040221 0,000217
expand 0,776529 0,000165
expans 1,309333 0,000139
expect 0,494296 0,000053
expens 1,108663 0,000118
experi 0,510826 0,000054
expert 1,078810 0,000115
explain 0,798508 0,000170
explicit 1,171183 0,000249
exploit 1,078810 0,000344
exponenti 1,560648 0,000166
export -0,009950 -0,000001
express 0,544727 0,000464
ext 2,813411 0,001197
extend 0,385662 0,000410
extens 0,342490 0,001822
extensionsfre 3,912023 0,000416
extern 0,030459 0,000010
extrem 0,941609 0,000100
facebook 1,560648 0,000830
facil 0,891598 0,000190
facilit 0,916291 0,000097
fact 0,579818 0,000185
facto 2,207275 0,000235
factual 2,659260 0,000566
fail 0,693147 0,000074
failur 1,021651 0,000109
fals 1,237874 0,000658
famili 0,994252 0,000106
familiar 1,609438 0,000171
fastcgi 3,912023 0,002081
fat 1,966113 0,000209
fatal 2,659260 0,000283
favor 1,139434 0,000121
favour 2,407946 0,000256
fcgi 2,995732 0,000319
featur 0,210721 0,000493
feb 2,659260 0,000283
februari 0,061875 0,000039
ferrara 3,912023 0,000416
fetch 1,966113 0,000418
few 0,653926 0,000070
ffi 3,506558 0,000746
fiber 2,040221 0,000434
field 0,314711 0,000033
fifth 2,040221 0,000217
file 0,446287 0,000855
fileinfo 3,912023 0,000416
filenam 1,897120 0,000202
fileperman -0,009950 -0,000001
filespeci -0,009950 -0,000001
filter 1,108663 0,000118
final 0,494296 0,000263
firmwar 2,207275 0,000235
first 0,020203 0,000024
five 0,776529 0,000165
fix 0,385662 0,000451
flash 1,897120 0,000202
flaw 1,469676 0,000313
flexibl 1,139434 0,000485
float 1,347074 0,001290
flow 0,430783 0,000046
fly 2,120264 0,000226
focu 0,755023 0,000080
focus 0,653926 0,000139
follow 0,072571 0,000085
foo 2,207275 0,000470
footer 3,912023 0,000416
fopen 3,506558 0,000373
forc 0,597837 0,000127
ford 2,302585 0,000245
foreach 3,506558 0,001492
foreign 1,139434 0,000121
forget 2,659260 0,000283
forgot 3,912023 0,000416
fork 1,203973 0,000128
form 0,072571 0,000193
formal 0,510826 0,000109
format 0,634878 0,000203
formerli 1,309333 0,000418
forth 1,560648 0,000166
fortran 1,560648 0,000166
forum 1,203973 0,000256
found 0,274437 0,000029
foundat -0,009950 -0,000026
foundationfirst 3,506558 0,000373
founder 1,714798 0,000182
founderautomatt 3,912023 0,000416
four 0,820981 0,000087
fpm 3,912023 0,000832
framework 0,287682 0,000214
fran 0,223144 0,000024
franca 1,609438 0,000171
frankenphp 3,912023 0,000416
franki 3,912023 0,000832
free -0,009950 -0,000022
frequent 0,916291 0,000195
frontend 2,407946 0,000256
ftp 2,040221 0,000217
fuelphp 2,995732 0,000319
full 0,371064 0,000079
function 0,030459 0,000282
fund 0,941609 0,000300
fundament 0,478036 0,000051
further 0,139262 0,000044
furthermor 1,272966 0,000135
fusion 1,514128 0,000161
futur 0,235722 0,000075
fwdai 3,912023 0,000416
gain 0,616186 0,000066
game 0,478036 0,000051
gan 2,407946 0,000256
garbag 1,832581 0,000195
gatewai 2,302585 0,000980
gear 1,771957 0,000377
geek 2,813411 0,000299
gener -0,009950 -0,000021
geoloc 2,525729 0,000269
georg 0,843970 0,000090
germani 1,560648 0,000166
get 0,430783 0,000046
getadd 3,912023 0,002913
getenv 3,912023 0,000416
getimages 3,912023 0,000416
gif 3,218876 0,000685
gilmor 3,506558 0,000373
github 1,078810 0,000574
given 0,261365 0,000056
global 0,446287 0,000332
gnu 1,272966 0,000812
go 1,237874 0,000263
golemon 3,912023 0,000416
good 0,616186 0,000066
gophp 3,912023 0,002081
goto 2,813411 0,000299
gpc 3,912023 0,000416
gpl 2,120264 0,000677
gpu 2,407946 0,000512
gradual 1,560648 0,000166
graphic 0,733969 0,000468
graphql 2,659260 0,000283
grati 2,995732 0,000319
grav 2,995732 0,000319
greet 3,218876 0,000685
grew 1,386294 0,000147
group 0,186330 0,000535
grow 0,653926 0,000139
gtk 2,659260 0,001697
gui 1,309333 0,000279
guid 0,287682 0,000031
guidelin 1,237874 0,000132
gutman 3,912023 0,002913
gyroscop 2,525729 0,000269
hack 1,203973 0,000128
hak 1,897120 0,000202
half 1,108663 0,000118
handl 0,415515 0,000398
handler 2,207275 0,000235
happen 1,021651 0,000109
harden 2,407946 0,000256
hardwar 0,579818 0,000062
hash 1,560648 0,001328
haskel 1,514128 0,000161
haudio 2,995732 0,000319
head 0,867501 0,000277
header 1,714798 0,000182
health 0,994252 0,000106
heavi 1,609438 0,000171
heavili 1,203973 0,000128
hei 2,813411 0,000299
height 1,771957 0,000377
helicopt 2,813411 0,000299
hello 1,714798 0,002006
help 0,174353 0,000056
helplearn -0,009950 -0,000001
henc 1,347074 0,000143
here 0,301105 0,000032
heredoc 3,912023 0,002081
hererel -0,009950 -0,000001
hexadecim 2,525729 0,000269
hhvm 3,506558 0,003357
hidden 0,843970 0,000090
hide -0,009950 -0,000004
high 0,223144 0,000095
hiphop 3,506558 0,001492
hiphopvm 3,912023 0,000416
hire 1,966113 0,000209
histor 0,579818 0,000123
histori -0,009950 -0,000016
hole 2,040221 0,000217
home 0,616186 0,000459
homepag 2,207275 0,000235
hook 1,966113 0,000209
hope 1,660731 0,000177
hord 2,995732 0,000319
hormon 3,218876 0,001027
host 0,755023 0,000402
how 0,072571 0,000062
howev 0,094311 0,000050
hphpc 3,912023 0,000832
hrtime 3,912023 0,000832
hrvatskiidobahasa 1,203973 0,000128
html 1,078810 0,001262
http -0,009950 -0,000005
hui 2,659260 0,000283
hydrat 2,525729 0,000269
hype 2,120264 0,000226
hypertext 1,771957 0,000565
ibm 0,693147 0,000664
icu 3,912023 0,000416
id 1,309333 0,000279
idea 0,527633 0,000112
ident 0,820981 0,000087
idl 2,302585 0,000245
ifless 3,912023 0,000416
ii 3,912023 0,000832
iii 1,560648 0,000166
imag 0,494296 0,000421
impact 0,544727 0,000174
imper 1,560648 0,000166
implement 0,105361 0,000291
implementationszend 3,912023 0,000416
impli 0,994252 0,000106
implod 3,506558 0,000373
import 0,162519 0,000052
improv 0,150823 0,000353
ina 0,356675 0,000038
inasloven 0,616186 0,000066
inc -0,009950 -0,000001
includ 0,000000 0,000000
inclus 1,514128 0,000161
incompat 1,272966 0,000812
inconsist 2,302585 0,000735
incorrect 2,207275 0,000235
increas 0,287682 0,000031
increment 1,386294 0,000147
inde 1,714798 0,000182
independ 0,527633 0,000168
index -0,009950 -0,000004
indexeddb 2,407946 0,000256
india 1,171183 0,000125
indiana 2,525729 0,000269
indic 0,356675 0,000076
indonesiainterlingua 1,660731 0,000177
induc 2,040221 0,000217
industri 0,356675 0,000038
ineffici 1,897120 0,000202
infin 2,659260 0,000283
influencedhack 3,912023 0,000416
infobox 3,506558 0,000373
inform 0,061875 0,000020
informationcit -0,009950 -0,000001
infosystem 3,218876 0,000685
infoworld 1,609438 0,000685
inherit 1,609438 0,000171
ini 3,506558 0,002238
initi 0,235722 0,000301
inlin 1,897120 0,000202
input 0,634878 0,000068
insecur 1,714798 0,000547
insert 1,560648 0,000166
insid 0,579818 0,000062
instal 0,994252 0,001163
instanc 0,478036 0,000051
instead 0,301105 0,000160
instruct 1,108663 0,000354
int 1,514128 0,001450
integ 1,139434 0,002424
integr 0,174353 0,000074
intend 0,478036 0,000102
intent 1,171183 0,000249
interact 0,356675 0,000076
interfac 0,494296 0,001525
interfacesserv 2,995732 0,000319
interfer 2,120264 0,000226
intermedi 1,309333 0,000557
intermediari 1,897120 0,000202
intermingl 3,912023 0,000416
intern 0,040822 0,000074
internation 2,040221 0,000217
internationalgndnationalunit 1,108663 0,000118
internet 0,462035 0,000197
internetnew 3,912023 0,000416
interoper 1,609438 0,000342
interoperabilitybridg 3,912023 0,000416
interpol 2,120264 0,000451
interpret 0,579818 0,000493
interpretershigh 3,912023 0,000416
intersect 1,897120 0,000807
introduc 0,210721 0,000179
introduct 0,210721 0,000157
invalid 1,714798 0,000182
involv 0,415515 0,000044
io 1,660731 0,000177
iplanet 3,506558 0,000373
ipsec 2,995732 0,000637
irc 2,659260 0,000283
irtema 3,912023 0,000416
isapi 2,995732 0,000637
isbn 0,051293 0,000016
isc 2,995732 0,000319
ismael 3,912023 0,000416
isplattd 2,120264 0,000226
israel 1,897120 0,000202
isset 3,912023 0,000416
issu 0,314711 0,000134
item -0,009950 -0,000006
iter 1,272966 0,000677
iteratoraggreg 3,912023 0,000416
itself 0,342490 0,000146
jakarta 2,659260 0,000283
jame 0,634878 0,000068
januari 0,083382 0,000089
jason 1,771957 0,000188
java 0,891598 0,000569
javascript 1,021651 0,000543
javaserv 3,506558 0,001119
jawa 1,560648 0,000166
jetbrain 2,813411 0,001496
jim 1,514128 0,000161
jit 2,207275 0,002348
job 1,171183 0,000498
john 0,198451 0,000021
join 1,386294 0,000147
jolicod 3,912023 0,000416
jonathan 1,347074 0,000143
joomla 2,995732 0,000956
journal 0,186330 0,000020
jsgi 2,407946 0,000256
json 1,347074 0,000716
jsp 2,995732 0,000319
juli 0,127833 0,000122
julia 1,514128 0,000161
julien 2,813411 0,000299
jump -0,009950 -0,000002
june 0,094311 0,000130
just 0,328504 0,000175
karunaratn 3,912023 0,001248
keep 0,733969 0,000078
kei 0,314711 0,000033
kempken 3,912023 0,000416
kept 1,560648 0,000332
kerner 3,506558 0,000373
keyword 1,897120 0,000807
khrono 2,995732 0,000319
kiayia 3,912023 0,000416
kind 0,673345 0,000072
kinsta 3,912023 0,000416
kiswahilikrei 2,659260 0,000283
kit 1,714798 0,000182
know 0,653926 0,000139
known 0,127833 0,000068
kotlin 1,897120 0,000202
krawczyk 3,912023 0,000832
krill 2,207275 0,000939
lab 1,171183 0,000125
label 1,049822 0,000112
lack 0,544727 0,000232
lambda 2,407946 0,000256
lamina 2,995732 0,000637
lamp 3,218876 0,001027
land 1,309333 0,000139
lang 1,660731 0,000177
languag -0,009950 -0,000071
languagec 3,912023 0,000416
languagescross 2,995732 0,000319
languagesdynam 3,506558 0,000373
languagesfilenam 3,912023 0,000416
languageshidden 2,525729 0,000269
languagesinternet 3,912023 0,000416
languagesprogram 2,120264 0,000451
languagessoftwar 3,506558 0,000746
laravel 2,995732 0,000956
larg 0,127833 0,000027
last -0,009950 -0,000002
late 0,733969 0,000234
later 0,223144 0,000166
latest 0,994252 0,000106
latinalatvi 1,203973 0,000128
latter 0,916291 0,000097
launch 0,941609 0,000100
layer 0,713350 0,000076
ldap 2,525729 0,000269
lead 0,287682 0,000122
learn 0,162519 0,000086
least 0,527633 0,000225
led 0,446287 0,000095
left 0,916291 0,000097
legaci 1,309333 0,000418
legal -0,009950 -0,000001
legend 2,813411 0,000299
length 1,237874 0,000263
lerdorf 3,912023 0,007074
lerdorfdeveloperth 3,912023 0,000416
less 0,430783 0,000183
letter 0,843970 0,000269
level 0,083382 0,000044
lgpl 2,659260 0,000283
libmysql 3,912023 0,000416
libr 2,659260 0,000283
librari 0,356675 0,000379
libsodium 3,912023 0,000832
licens -0,009950 -0,000028
licensetext 3,506558 0,000373
lieu 3,506558 0,000373
life 0,653926 0,000278
lightweight 1,609438 0,000171
like 0,051293 0,000033
limit 0,186330 0,000079
line 0,261365 0,000361
lingua 2,040221 0,000217
link -0,009950 -0,000012
linkpag -0,009950 -0,000001
linter 2,995732 0,000319
linux 0,916291 0,000195
lisp 1,386294 0,000295
list 0,051293 0,000125
listc 2,302585 0,000245
listen 1,966113 0,000209
liter 1,714798 0,000365
live 0,733969 0,000078
liveconnect 2,995732 0,000319
lnorsk 0,653926 0,000070
load 0,891598 0,000379
local 0,314711 0,000134
locat 0,527633 0,000112
log -0,009950 -0,000002
logic 0,616186 0,000131
logo 1,771957 0,000188
long 0,287682 0,000214
longer 0,755023 0,000161
look 0,478036 0,000051
loop 1,347074 0,000143
loos 1,609438 0,000171
lower 0,673345 0,000072
lowercas 2,659260 0,000283
lsp 2,995732 0,000319
lt 2,659260 0,000283
ltd 1,203973 0,000128
lua 1,897120 0,000202
luajit 3,506558 0,000373
lux 0,371064 0,000039
machin 0,040822 0,000030
maco 1,660731 0,000530
made 0,186330 0,000119
magazin 0,755023 0,000080
magic 2,302585 0,000980
magyar 1,049822 0,000112
mail 1,203973 0,000256
main -0,009950 -0,000007
mainli 1,021651 0,000109
maint 0,798508 0,000340
maintain 0,400478 0,000043
major 0,223144 0,000166
make 0,061875 0,000059
malagasi 2,040221 0,000217
malici 1,660731 0,000353
mamp 3,912023 0,000416
manag 0,105361 0,000112
mani 0,061875 0,000099
manifesto 2,302585 0,000245
manner 1,469676 0,000313
manual 0,994252 0,003173
mapfram 3,506558 0,000373
march 0,116534 0,000174
mark 0,261365 0,000111
market 0,446287 0,000332
markup 1,966113 0,000627
mascot 2,302585 0,001470
mashup 2,407946 0,000256
match 0,400478 0,000128
mathemat 0,616186 0,000131
matlab 1,660731 0,000177
mean 0,083382 0,000062
mechan 0,356675 0,000076
media 0,139262 0,000030
mediawiki 3,218876 0,001370
meet 0,527633 0,000056
melayuminangkabau 2,040221 0,000217
member 0,562119 0,000179
memori 0,562119 0,000179
menu -0,009950 -0,000002
merg 1,514128 0,000161
messag 0,400478 0,000043
metadata 1,347074 0,000143
method 0,150823 0,000257
mic 3,218876 0,000342
michael 0,385662 0,000041
microformatsspoken 2,995732 0,000319
microservic 2,302585 0,000245
microsoft 0,579818 0,000555
microsystem 1,897120 0,000404
midgard 2,995732 0,000319
migrat 1,427116 0,000455
mikael 3,506558 0,000373
million 0,843970 0,000180
mime 2,525729 0,000537
minimum 1,469676 0,000156
minor 1,309333 0,000696
minut 1,469676 0,000156
mismatchpag 2,525729 0,000269
miss 0,867501 0,000092
mistak 1,832581 0,000195
mit 0,776529 0,000083
mix 0,891598 0,000474
mixtur 2,407946 0,000256
mjtsai 3,912023 0,000416
mobil -0,009950 -0,000001
mod 1,832581 0,002339
mode 0,755023 0,000321
model 0,116534 0,000050
modern 0,314711 0,000033
modifi 0,527633 0,000112
modul 0,820981 0,000873
modx 2,995732 0,000319
mono 2,407946 0,000256
month 0,776529 0,000413
moodl 3,912023 0,000832
more 0,010050 0,000019
most 0,040822 0,000074
mostli 0,994252 0,000212
move -0,009950 -0,000007
movement 1,108663 0,000354
mozilla 1,514128 0,000322
mpl 2,995732 0,000319
mse 2,302585 0,000245
multi 0,342490 0,000036
multibyt 3,912023 0,001248
multipl 0,094311 0,000070
multithread 1,832581 0,000390
muppet 3,912023 0,000416
museum 1,660731 0,000177
myag 3,912023 0,000832
mysql 2,525729 0,002418
mysqlnd 3,912023 0,000416
nacl 2,525729 0,000269
name 0,162519 0,000778
namespac 1,560648 0,000830
nan 2,659260 0,000283
nation 0,527633 0,000168
nativ 1,078810 0,000918
navig -0,009950 -0,000001
near 1,171183 0,000125
necessari 0,616186 0,000131
nederland 0,415515 0,000044
need 0,030459 0,000062
neg 0,967584 0,000309
net 0,385662 0,006933
netbean 2,525729 0,000269
netmajor 3,912023 0,000416
netscap 2,040221 0,000217
network 0,127833 0,000041
never 1,021651 0,000761
neverend 3,912023 0,000416
new 0,010050 0,000046
newer 1,309333 0,000139
newlin 2,813411 0,000299
newsgroup 2,525729 0,000537
next 0,400478 0,000213
nibbl 3,912023 0,000416
nikita 3,912023 0,001665
node 0,867501 0,000092
nodiscard 3,912023 0,000416
non -0,009950 -0,000013
none 1,609438 0,000171
nor 1,386294 0,000295
noreturn 3,912023 0,000416
normal 0,673345 0,000286
norsk 0,342490 0,000036
not 0,000000 0,000000
notabl 0,616186 0,000131
notat 0,941609 0,000601
note 0,150823 0,000048
notic 1,427116 0,000152
nov 1,966113 0,000209
novalombardmadhur 2,813411 0,000299
novemb 0,150823 0,000513
novic 2,407946 0,000256
now 0,274437 0,000175
nowdoc 3,912023 0,001665
npapi 2,813411 0,000299
npruntim 2,995732 0,000319
nsapi 2,995732 0,000319
nuanc 3,506558 0,000373
nuke 2,813411 0,000299
null 1,309333 0,001811
nullabl 2,995732 0,001593
nullsaf 3,912023 0,000832
number 0,040822 0,000035
numentri 3,912023 0,000416
numer 0,430783 0,000412
nvd 3,506558 0,000373
nynorskoccitano 2,659260 0,000283
object 0,174353 0,000686
ocaml 1,966113 0,000209
occur 0,510826 0,000109
oct 2,302585 0,000490
octal 3,218876 0,001027
octob 0,139262 0,000311
offer 0,248461 0,000132
offic 0,733969 0,000078
offici 0,653926 0,001043
old 0,994252 0,000423
older 1,237874 0,000132
oldid -0,009950 -0,000001
olesperantoeuskara 0,510826 0,000054
olsson 3,912023 0,000416
omnihttpd 3,912023 0,000416
onc 0,527633 0,000056
onli 0,051293 0,000115
onlin 0,415515 0,000133
onward 2,207275 0,000470
opcach 3,912023 0,000832
opcod 3,912023 0,001665
open 0,150823 0,000369
openssl 2,995732 0,000637
openvm 3,218876 0,000342
oper 0,010050 0,000024
optim 0,415515 0,000221
option 0,527633 0,000168
orchestr 2,813411 0,000299
order 0,094311 0,000030
org -0,009950 -0,000004
organ -0,009950 -0,000003
organis 1,560648 0,000166
orient 0,653926 0,000487
origin -0,009950 -0,000060
orm 2,995732 0,000319
osunix 3,912023 0,000416
other -0,009950 -0,000032
out 0,261365 0,000056
outdat 2,302585 0,000980
outlin 0,562119 0,000060
outperform 2,120264 0,000226
output 0,597837 0,000254
outsid 0,776529 0,000248
over 0,094311 0,000090
overflow 1,771957 0,000565
overhaul 2,659260 0,000283
overhead 1,469676 0,000156
overrid 2,659260 0,001414
overriden 3,912023 0,000416
overview 0,616186 0,000131
owasp 3,218876 0,000342
owin 2,995732 0,000319
own 0,314711 0,000033
packag 0,776529 0,000413
packagist 3,912023 0,000416
page -0,009950 -0,000024
pagecontentscurr -0,009950 -0,000001
pageget -0,009950 -0,000001
pai 1,021651 0,000109
paper 0,527633 0,000056
paradigm 0,941609 0,000100
paramet 0,755023 0,001446
parent 1,714798 0,000365
parenthes 2,207275 0,000470
parrot 2,302585 0,001470
parrotinfluenc 3,912023 0,000416
pars 1,514128 0,000483
parsabl 3,912023 0,000416
parser 2,207275 0,000235
part 0,072571 0,000077
parti 0,616186 0,000066
particular 0,301105 0,000032
pascal 1,347074 0,000287
pass 0,776529 0,000743
passeng 1,966113 0,000209
password 1,609438 0,000856
past 0,994252 0,000106
patch 1,560648 0,000166
patent 1,203973 0,000128
path 0,798508 0,000085
patterson 2,525729 0,000269
paul 0,544727 0,000290
pauli 3,506558 0,000373
pawel 3,506558 0,000746
pcre 3,912023 0,000832
pdf 0,139262 0,000030
pdfprintabl -0,009950 -0,000001
pdo 3,912023 0,001665
pdt 3,912023 0,000416
peachpi 3,912023 0,001665
pear 3,912023 0,000832
pecl 3,912023 0,002081
peopl 0,356675 0,000076
per 0,616186 0,000197
perforc 3,218876 0,000342
perform 0,040822 0,000087
period 0,713350 0,000152
perl 1,347074 0,001433
perman 1,272966 0,000135
permiss 1,469676 0,000313
permit 1,203973 0,000128
persist 1,386294 0,000147
person -0,009950 -0,000011
phalang 3,506558 0,001119
phalcon 2,995732 0,000637
phar 3,912023 0,000832
php -0,009950 -0,000963
phparch 3,912023 0,000416
phpbb 3,912023 0,000416
phpdbg 3,912023 0,000416
phpedit 3,912023 0,000416
phpfoo 3,912023 0,000416
phpformationnovemb 3,912023 0,000416
phpinfo 3,912023 0,000416
phpng 3,912023 0,002497
phpparadigmmulti 3,912023 0,000416
phpprocedur 3,912023 0,000416
phpstorm 3,218876 0,000685
phpswebsitephp 3,912023 0,000416
phpunit 3,912023 0,000416
pht 3,912023 0,000416
phtml 3,912023 0,000416
phusion 2,813411 0,000299
physic 0,446287 0,000047
piemont 1,427116 0,000152
pipe 2,407946 0,000512
pipp 3,912023 0,000416
place 0,356675 0,000038
plan 0,430783 0,000412
platform 0,400478 0,000511
plush 3,912023 0,000416
point 0,186330 0,000099
pointer 1,771957 0,000188
polici -0,009950 -0,000002
pontier 3,506558 0,001119
pop 1,714798 0,000182
popov 2,995732 0,001275
popular 0,400478 0,000256
port 1,272966 0,000406
portabl 1,203973 0,000256
portal 0,494296 0,000105
portalfre 3,218876 0,000342
portalrec -0,009950 -0,000001
portlet 2,995732 0,000319
posit 0,616186 0,000131
possibl 0,186330 0,000040
post 0,478036 0,000051
postgresql 2,813411 0,000299
potenti 0,371064 0,000237
power 0,261365 0,000111
ppapi 2,995732 0,000319
practic 0,186330 0,000020
prado 2,813411 0,000599
prais 2,813411 0,000299
preced 1,427116 0,000152
predecessor 2,120264 0,000226
predict 0,733969 0,000078
prefac 2,407946 0,000512
prefix 1,966113 0,000209
preload 3,218876 0,000685
prepar 1,139434 0,000121
preprocessor 2,995732 0,000956
present 0,287682 0,000061
preserv 1,309333 0,000139
press 0,210721 0,000022
prestashop 3,912023 0,000416
preval 2,040221 0,000434
previou 0,843970 0,000180
previous 0,843970 0,000090
primari 0,527633 0,000112
primarili 0,653926 0,000070
principl 0,385662 0,000041
print -0,009950 -0,000003
prior 0,891598 0,000190
privaci -0,009950 -0,000002
privat 0,634878 0,000473
problem 0,186330 0,000079
procedur 0,867501 0,000092
process 0,051293 0,000082
processor 1,021651 0,000217
processwir 2,995732 0,000319
produc 0,342490 0,000146
product 0,174353 0,000037
profession 0,673345 0,000072
profil 1,021651 0,000217
profit -0,009950 -0,000001
program 0,116534 0,000459
programm 0,693147 0,000590
progress 1,171183 0,000125
project -0,009950 -0,000021
prolifer 1,832581 0,000195
prolog 1,897120 0,000202
promis 1,078810 0,000115
promot 0,891598 0,000379
prone 2,120264 0,000226
pronskii 3,912023 0,001248
properti 0,314711 0,000536
propos 0,510826 0,000109
proprietari 1,171183 0,000498
protect 0,462035 0,000246
protocol 0,527633 0,000056
prototyp 1,386294 0,000147
provid 0,061875 0,000145
proxi 1,771957 0,000188
pseudo 2,302585 0,000490
pseudorandom 2,659260 0,000283
psgi 2,995732 0,000319
pthread 3,218876 0,001027
public 0,127833 0,000204
publish 0,105361 0,000034
pure 1,203973 0,000256
purport 3,218876 0,000342
purpos 0,248461 0,000079
push 1,203973 0,000128
python 0,916291 0,000780
qcodo 2,995732 0,000319
quercu 3,912023 0,001248
quick 1,609438 0,000342
quit 1,347074 0,000143
quot 1,049822 0,006700
rack 2,302585 0,000245
rad 3,218876 0,000342
rahmat 3,912023 0,000416
raku 2,040221 0,000217
ramat 3,912023 0,000416
rand 2,525729 0,001075
random 0,693147 0,000590
rang 0,371064 0,000079
rapid 1,203973 0,000128
rare 1,108663 0,000354
rasmu 3,506558 0,005595
rather 0,287682 0,000061
raw 1,272966 0,000135
raz 3,912023 0,000832
rbaycanca 0,248461 0,000026
rdbm 2,813411 0,000299
reach 0,755023 0,000080
react 1,832581 0,000195
read 0,162519 0,000069
readeditview 0,287682 0,000061
readonli 3,506558 0,001492
real 0,210721 0,000022
reason 0,328504 0,000035
rebrand 2,659260 0,000283
receiv 0,400478 0,000085
recent 0,562119 0,000120
reclassif 3,912023 0,000416
reclassifi 3,912023 0,000416
recogn 1,021651 0,000109
recommend 0,891598 0,000190
record 0,400478 0,000043
recoveri 1,714798 0,000182
recurs 1,514128 0,000322
redact 3,912023 0,000416
redbook 3,912023 0,000832
redirect 0,673345 0,000072
reduc 0,274437 0,000088
refactor 2,659260 0,000566
refer -0,009950 -0,000021
referenc 1,609438 0,000514
reflect 0,562119 0,000179
reflectivedesign 3,218876 0,000342
regist -0,009950 -0,000010
registri 2,120264 0,000451
reilli 1,078810 0,000344
reject 1,514128 0,000161
relai 2,207275 0,000235
relat 0,030459 0,000023
releas 0,415515 0,003315
remain 0,400478 0,000128
remot 0,776529 0,000083
remov 0,301105 0,000352
replac 0,494296 0,000158
replica 3,506558 0,000373
report 0,261365 0,000139
repositori 0,994252 0,000317
repres 0,235722 0,000075
represent 0,634878 0,000068
republicspainisraelotherelmcipyal 3,218876 0,000342
request 0,776529 0,000413
requir 0,051293 0,000044
resembl 1,771957 0,000188
reserv 1,272966 0,000135
reset 2,525729 0,000537
resourc 0,248461 0,000185
respect 0,544727 0,000058
respons 0,415515 0,000177
rest 1,049822 0,000223
restrict 0,755023 0,000080
result 0,139262 0,000193
retain 1,832581 0,000195
retham 3,912023 0,000416
retriev -0,009950 -0,000300
retrospect 2,659260 0,000283
return 0,510826 0,001250
reus 1,832581 0,000195
reveal 1,203973 0,000128
review 0,314711 0,000067
revis 1,021651 0,000109
revolut 1,272966 0,000135
rework 2,813411 0,000299
rewrit 1,560648 0,000166
rewritten 1,966113 0,000209
rewrot 3,506558 0,000746
rfc 1,714798 0,018605
rich 1,309333 0,000279
right 0,314711 0,000067
rkmen 1,966113 0,000209
roa 2,813411 0,000299
road 1,272966 0,000135
rock 2,120264 0,000226
role 0,527633 0,000056
rom 0,616186 0,000066
roman 1,660731 0,000530
room 1,832581 0,000195
root 0,733969 0,000078
roslyn 3,506558 0,000373
rout 1,108663 0,000118
rowest 3,912023 0,000416
rubi 1,347074 0,000573
rule 0,510826 0,000054
run 0,248461 0,000185
runa 0,916291 0,000097
runtim 1,309333 0,001671
russian 1,609438 0,000342
rust 1,427116 0,000152
sa 1,771957 0,000188
safe 0,916291 0,000097
safeti -0,009950 -0,000002
sai 0,616186 0,000066
said 0,755023 0,000161
salari 2,659260 0,000283
sam 1,347074 0,000287
same 0,116534 0,000062
sampl 1,171183 0,000249
sandwich 3,506558 0,000373
saner 3,912023 0,002081
santa 2,659260 0,000283
sapi 3,506558 0,004849
sara 2,995732 0,000319
saramg 3,912023 0,000416
sascha 3,218876 0,000342
sasturianuaz 2,525729 0,000269
scalar 2,525729 0,001881
scenario 1,139434 0,000121
scgi 2,995732 0,000319
scheme 1,171183 0,000125
scherzer 3,912023 0,000832
schumann 3,912023 0,000416
scienc 0,274437 0,000234
scientif 0,673345 0,000143
scissor 3,912023 0,000416
sco 2,813411 0,000299
scope 0,891598 0,000095
scratch 1,771957 0,000188
script 0,916291 0,002827
sdk 2,407946 0,001281
sean 1,609438 0,000171
search -0,009950 -0,000006
second 0,328504 0,000070
secret 1,560648 0,000166
section 0,446287 0,000142
secur 0,274437 0,000847
see -0,009950 -0,000004
seed 2,120264 0,000226
seek 1,021651 0,000109
seen 0,776529 0,000083
seiler 3,912023 0,000416
select 0,371064 0,000039
self 0,478036 0,000102
semant 0,891598 0,000664
semicolon 2,207275 0,000235
senior 1,714798 0,000182
sensit 1,078810 0,000230
sensitiveparamet 3,912023 0,000416
separ 0,400478 0,000085
septemb 0,150823 0,000096
seri 0,328504 0,000035
serial 2,120264 0,000451
seriou 1,832581 0,000390
serv 0,713350 0,000228
server 0,597837 0,003180
servic 0,210721 0,000067
servlet 2,525729 0,000269
session 1,469676 0,000625
set 0,051293 0,000055
sever 0,072571 0,000054
shane 2,659260 0,000283
shape 1,078810 0,000115
share 0,301105 0,000352
sharealik -0,009950 -0,000001
sharma 2,995732 0,000319
shell 1,049822 0,000223
shelv 2,813411 0,000299
shift 1,021651 0,000217
short -0,009950 -0,000010
shortag 2,302585 0,000490
shorten -0,009950 -0,000002
shorter 1,714798 0,000365
shorthand 2,813411 0,000599
show 0,400478 0,000043
shqip 1,966113 0,000209
side 0,579818 0,000740
sidebar -0,009950 -0,000004
sidebrows 2,995732 0,000319
sideprotocol 2,995732 0,000319
sidewai 3,912023 0,000416
sign 0,916291 0,000195
signatur 1,560648 0,000332
signific 0,261365 0,000139
silverstrip 2,995732 0,001275
simi 0,755023 0,000080
similar 0,150823 0,000128
simpl 0,150823 0,000080
simpler 1,832581 0,000585
simpli 0,733969 0,000078
simplifi 0,820981 0,000175
simula 2,040221 0,000217
sinc 0,139262 0,000222
singl 0,127833 0,000041
sister 1,386294 0,000442
site -0,009950 -0,000002
situat 0,776529 0,000083
size 0,342490 0,000036
skip 2,407946 0,000256
sleepycat 2,995732 0,000319
slenskaitaliano 0,562119 0,000060
slide 2,040221 0,000434
small 0,314711 0,000067
smaller 0,994252 0,000212
smalltalk 1,714798 0,000182
snuffleupagu 3,912023 0,000832
softwar 0,127833 0,000462
softwaredynam 3,506558 0,000373
softwarefre 2,207275 0,000235
softwaregener 2,995732 0,000319
softwarepackag 2,995732 0,000319
solut 0,478036 0,000102
solv 0,820981 0,000087
some 0,040822 0,000087
sometim 0,301105 0,000096
sorri 3,506558 0,000373
sourc 0,094311 0,000381
sovereign 2,525729 0,000537
spaceship 3,506558 0,001119
special 0,235722 0,000050
specif 0,051293 0,000044
specifi 0,446287 0,000095
speech 1,469676 0,000156
speed 0,941609 0,000300
spl 3,218876 0,000685
split 1,139434 0,000364
spoken 2,302585 0,000245
sponsor 1,714798 0,000182
sqaraqalpaqsha 1,386294 0,000147
sql 1,171183 0,000498
sqlite 2,813411 0,000599
squid 2,995732 0,000319
srpskisrpskohrvatski 0,510826 0,000054
sse 2,813411 0,000299
stabilis 3,912023 0,000416
stabl 0,867501 0,000185
stack 0,843970 0,000359
stage 1,139434 0,000121
stand 1,078810 0,000459
standalon 2,525729 0,000806
standard 0,094311 0,000140
standardphplibrari 3,912023 0,000416
start 0,261365 0,000083
state 0,083382 0,000018
statement -0,009950 -0,000011
statementsarticl 0,544727 0,000058
statementspag 3,218876 0,000342
statesfrancebnf 0,510826 0,000054
static 1,272966 0,001354
statist -0,009950 -0,000010
statu 0,693147 0,000074
statusc 3,506558 0,000373
stdio 3,218876 0,000342
step 0,713350 0,000076
stig 3,912023 0,000416
still 0,342490 0,000109
stipul 2,813411 0,000299
stitcher 3,912023 0,000832
stogov 3,912023 0,001248
stop 0,967584 0,000103
storag 0,430783 0,000046
store 0,356675 0,000190
stori 1,237874 0,000132
str 2,813411 0,000299
strcmp 3,912023 0,000416
strict 1,609438 0,000171
stricter 2,813411 0,000898
string 1,049822 0,004690
strtolow 3,912023 0,000832
structur 0,139262 0,000074
student 1,049822 0,000782
studi 0,314711 0,000134
studio 1,609438 0,000171
style 0,941609 0,000200
subject 0,478036 0,000051
subsect 0,020203 0,000009
subsequ 0,916291 0,000097
substanti 1,237874 0,000263
substr 3,506558 0,000373
subtract 2,525729 0,000269
succeed 2,659260 0,000283
success 0,494296 0,000053
successor 1,897120 0,000202
such 0,000000 0,000000
suggest 0,820981 0,000087
suhosin 3,912023 0,000416
suit 0,891598 0,000379
sun 1,237874 0,000263
suomisvenskatagalog 1,171183 0,000125
superglob 3,912023 0,000416
supplement 2,302585 0,000245
suppli 0,994252 0,000106
support 0,150823 0,000866
suraski 3,912023 0,002497
surpris 2,525729 0,000269
surround 1,514128 0,000161
survei 0,462035 0,000049
svg 2,525729 0,000269
swift 1,386294 0,000147
switch 0,916291 0,000097
symbol 1,078810 0,000115
symfoni 2,813411 0,000898
synonym 1,966113 0,000209
syntax 1,171183 0,004485
synthesi 1,714798 0,000182
system 0,010050 0,000021
tabl -0,009950 -0,000006
tag 1,309333 0,000557
taint 3,506558 0,001119
take 0,210721 0,000022
talk 1,108663 0,000236
tall 3,218876 0,000342
taqbaylit 1,897120 0,000202
task 0,415515 0,000088
tcl 2,525729 0,000269
teach 1,469676 0,000625
teacher 2,813411 0,002095
teachingcours 3,912023 0,000832
team 0,634878 0,000270
tech 0,843970 0,000808
technic 0,478036 0,000102
techniqu 0,385662 0,000041
technolog 0,116534 0,000174
televis 1,514128 0,000161
templat 0,301105 0,000064
ten 1,347074 0,000143
term -0,009950 -0,000010
termin 0,941609 0,000100
terminologyobject 3,912023 0,000416
ternari 3,218876 0,000342
test 0,248461 0,000106
text -0,009950 -0,000006
than 0,072571 0,000046
thank 2,207275 0,000235
thankyou 3,912023 0,000416
that 0,000000 0,000000
then 0,116534 0,000074
thephp 3,912023 0,000832
there 0,051293 0,000065
therefor 0,478036 0,000051
theregist 2,995732 0,000319
these 0,040822 0,000035
theserverpag 3,912023 0,000416
thi -0,009950 -0,000050
thin 2,207275 0,000235
third 0,342490 0,000036
thoma 0,527633 0,000056
those 0,235722 0,000150
though 0,544727 0,000232
thread 1,386294 0,000147
three 0,287682 0,000214
throughout 1,078810 0,000115
throw 2,659260 0,001131
thu 0,314711 0,000033
tidewai 3,912023 0,000416
tight 2,995732 0,000319
tim 0,867501 0,000185
time 0,000000 0,000000
timelin 0,733969 0,000234
tinacymraegdanskdeutscheesti 2,302585 0,000245
titl -0,009950 -0,000004
tivoiz 2,995732 0,000319
todo 3,506558 0,001865
togeth 0,579818 0,000062
toggl -0,009950 -0,000006
toi 2,207275 0,000235
tool -0,009950 -0,000016
toolkit 1,427116 0,000152
top -0,009950 -0,000002
topic -0,009950 -0,000005
total 0,673345 0,000143
toward 0,713350 0,000152
trachtenberg 3,912023 0,000416
trademark -0,009950 -0,000001
traffic 1,272966 0,000135
train 0,967584 0,000103
trait 2,302585 0,001470
transfer 0,544727 0,000058
transform 0,544727 0,000116
transit 1,171183 0,000125
translat 0,798508 0,000255
transpar 1,237874 0,000395
travers 2,207275 0,000704
treat 0,967584 0,000309
tree 0,693147 0,000074
trend 0,733969 0,000078
trojan 2,407946 0,000256
true 0,776529 0,000578
trust 0,820981 0,000087
tschpolskiportugu 1,832581 0,000195
tune 2,207275 0,000235
tweak 3,506558 0,000746
tweet 2,995732 0,000319
twitter 1,660731 0,000353
two 0,083382 0,000098
type 0,051293 0,000518
typeerror 3,912023 0,000416
typehint 3,912023 0,000416
typic 0,186330 0,000020
typo 2,995732 0,001275
tyson 3,912023 0,000416
tzebuergeschlietuvi 1,514128 0,000161
ucfirst 3,912023 0,000416
ugli 3,506558 0,000373
unbundl 3,912023 0,000416
under -0,009950 -0,000010
underli 0,693147 0,000074
understand 0,342490 0,000036
understood 1,469676 0,000156
unfit 1,609438 0,000171
unicod 1,832581 0,002729
uniform 1,347074 0,000287
uniniti 2,995732 0,000319
union 0,994252 0,000423
unit 0,248461 0,000026
univers 0,139262 0,000015
unix 1,469676 0,000156
unless 1,237874 0,000132
unlicens 2,525729 0,000269
unlik 0,653926 0,000070
unmaintain 3,506558 0,000746
unoffici 1,966113 0,000209
unpack 2,659260 0,000283
unregist 2,995732 0,000319
unsign 2,525729 0,000269
unsourc 0,446287 0,000142
unsupport 2,302585 0,006123
unsupportedsupportedlatest 3,218876 0,000342
until 0,510826 0,000054
unusu 2,120264 0,000226
updat 0,342490 0,000219
upload 1,771957 0,000565
uppercas 2,995732 0,000319
url 1,203973 0,000512
urlc 2,120264 0,000226
urldownload -0,009950 -0,000001
usag 0,579818 0,000802
usenet 2,659260 0,000283
usenix 1,966113 0,000418
user 0,274437 0,000642
usernam 2,407946 0,000256
usual 0,198451 0,000042
utc -0,009950 -0,000001
utf 2,207275 0,000470
valid 0,616186 0,000328
valu 0,162519 0,000328
var 1,966113 0,000418
variabl 0,494296 0,001472
variad 3,506558 0,000373
varianc 1,660731 0,000177
variat 0,994252 0,000106
varieti 0,616186 0,000131
variou 0,223144 0,000190
veri 0,314711 0,000067
verif 0,733969 0,000078
verificationwikipedia 3,506558 0,000373
version -0,009950 -0,000061
versionfutur 3,218876 0,000342
versionpreview 3,218876 0,000342
versu 1,347074 0,000143
via 0,186330 0,000079
video 0,597837 0,000127
view -0,009950 -0,000002
vincent 1,771957 0,000565
vinit 3,912023 0,000416
virtual 0,462035 0,000246
visibl 1,021651 0,000761
visual 0,562119 0,000060
vlamswinaraywolof 3,218876 0,000342
void 2,207275 0,000704
vote 1,514128 0,000644
vtefre 2,995732 0,000319
vtephppeopl 3,912023 0,000416
vteprogram 2,040221 0,000217
vteweb 1,966113 0,000209
vulner 0,994252 0,001269
vy 3,912023 0,000416
wai 0,105361 0,000157
walk 2,120264 0,000226
walker 2,525729 0,000269
wamp 3,912023 0,000416
want 0,820981 0,000087
warn 1,272966 0,000135
watch 1,237874 0,000395
wddx 3,912023 0,000832
weak 1,660731 0,000530
weakref 3,912023 0,000416
web 0,342490 0,002441
webassembl 1,660731 0,000177
webauthn 2,407946 0,000256
webcl 2,813411 0,000299
webdav 2,995732 0,000319
webgl 2,407946 0,000256
webgpu 2,407946 0,000256
webhook 2,813411 0,000299
webhost 3,912023 0,000416
webrtc 2,407946 0,000256
websit 0,527633 0,000786
websitehttp 3,912023 0,000416
websocket 2,207275 0,000470
webusb 2,995732 0,000319
webxr 2,525729 0,000269
welcom 1,966113 0,000209
well 0,051293 0,000033
what -0,009950 -0,000015
when 0,030459 0,000026
where 0,072571 0,000046
whether 0,400478 0,000128
which 0,000000 0,000000
while 0,051293 0,000060
white 1,108663 0,000118
whitespac 2,207275 0,000235
who 0,301105 0,000032
whole 0,916291 0,000195
why 0,494296 0,000158
wide 0,210721 0,000112
widen 2,659260 0,000283
widget 2,525729 0,000269
wiki 1,427116 0,010930
wikibook 1,386294 0,000147
wikibooksresourc 1,660731 0,000177
wikidata 0,562119 0,000060
wikidataal 2,207275 0,000235
wikidataarticl 1,171183 0,000125
wikimedia -0,009950 -0,000002
wikipedia -0,009950 -0,000007
wikipediacontact -0,009950 -0,000001
wikiversitydocument 3,506558 0,000373
window 0,891598 0,001612
winstead 3,912023 0,000416
wireless 1,078810 0,000115
within 0,116534 0,000062
without 0,094311 0,000030
woa 2,995732 0,000319
won 1,469676 0,000156
wonder 2,995732 0,000319
word 0,446287 0,000047
wordpress 2,407946 0,001537
work 0,030459 0,000039
worker 1,427116 0,000152
world 0,139262 0,000074
wrap 2,120264 0,000451
wrapper 2,407946 0,000256
write 0,527633 0,000617
written 0,287682 0,000214
wrote 1,078810 0,000115
wsgi 2,813411 0,000599
wsrp 2,995732 0,000319
wtfpl 2,995732 0,000319
wwphp 3,912023 0,000416
www 0,356675 0,000266
wxphp 3,912023 0,000416
xampp 3,912023 0,000416
xbap 2,995732 0,000319
xhtml 2,813411 0,000299
xinchen 3,912023 0,000416
xml 1,203973 0,000512
xmlhttprequest 2,407946 0,000256
xoop 2,995732 0,000319
xpconnect 2,995732 0,000319
yahoo 1,832581 0,000195
year 0,162519 0,000380
yearli 2,525729 0,000269
yearsold 3,912023 0,001248
yet 0,891598 0,000095
yii 2,995732 0,000637
zbekcha 0,462035 0,000049
zeev 3,912023 0,002081
zend 3,506558 0,017531
zendengin 3,912023 0,000416
zephir 3,912023 0,001248
zero 0,693147 0,000369
zlib 2,813411 0,000299
zlicensephp 3,912023 0,000416
zmievski 3,912023 0,001665
zone 2,302585 0,000245
zpp 3,506558 0,000373
zval 3,912023 0,000832
