abandoned 1,966113 0,000837
abbreviation 2,659260 0,000283
ability 0,616186 0,000197
absolute 1,832581 0,000195
absolutely 2,659260 0,000283
abstract 1,108663 0,001061
abstraction 1,514128 0,000322
accelerate 2,525729 0,000269
accelerator 2,207275 0,000470
accelerators 2,995732 0,000319
access 0,287682 0,000092
accessed 0,916291 0,000195
accessing 1,386294 0,000590
account -0,009950 -0,000003
acquia 3,912023 0,000416
acronym 2,207275 0,000470
across 0,415515 0,000044
acting 2,120264 0,000226
actions -0,009950 -0,000001
activex 2,659260 0,000566
ada 1,660731 0,000177
adam 1,347074 0,000143
add -0,009950 -0,000004
added 0,415515 0,000442
adder 3,912023 0,002497
adding 0,597837 0,000254
addition 0,371064 0,000197
additional -0,009950 -0,000005
additionally 0,967584 0,000206
additions 2,525729 0,000537
admin 2,995732 0,000319
adobe 2,659260 0,000283
adopted 0,867501 0,000185
advance 1,609438 0,000171
advanced 0,430783 0,000092
advantage 0,941609 0,000100
advertising 1,609438 0,000171
advocacy 2,525729 0,000269
affecting 1,714798 0,000182
afieldguidetoelephpants 3,912023 0,000416
afl 2,995732 0,000319
afrikaansalemannisch 2,040221 0,000217
afterwards 2,995732 0,000319
again 1,078810 0,000115
against 0,462035 0,000197
age 1,108663 0,000472
agent 0,994252 0,000106
aggelos 3,912023 0,000416
ago 0,967584 0,000515
agpl 2,813411 0,000299
agree -0,009950 -0,000001
agreed 1,427116 0,000152
agreement 1,171183 0,000125
ahack 3,912023 0,000416
ahead 1,427116 0,000152
aim 1,347074 0,000287
aimed 1,609438 0,000514
aisgaeilgegalego 1,427116 0,000152
ajax 1,832581 0,000195
ajp 2,995732 0,000319
alex 1,469676 0,000156
alfakhria 3,912023 0,000416
algol 1,897120 0,000202
ali 1,609438 0,000171
alice 2,525729 0,000537
all 0,000000 0,000000
allow 0,287682 0,000214
allowed 0,634878 0,000405
allowing 0,462035 0,000049
allows 0,248461 0,000053
almost 0,798508 0,000085
alone 1,309333 0,000279
along 0,462035 0,000098
alongside 1,660731 0,000177
alphabetical 1,771957 0,000188
already 0,776529 0,000083
alshetwi 3,912023 0,000416
also -0,009950 -0,000032
alternative 0,527633 0,000337
although 0,287682 0,000153
always 0,597837 0,000382
amazon 1,309333 0,000279
amendments 2,813411 0,000599
among 0,356675 0,000114
amp -0,009950 -0,000007
analysis 0,186330 0,000020
anderson 1,609438 0,000171
andi 3,912023 0,002081
andre 2,995732 0,000319
andrei 2,995732 0,001275
android 1,272966 0,000135
andy 1,714798 0,000182
angle 2,120264 0,000226
annotated 1,771957 0,000188
announce 2,407946 0,000768
announced 0,798508 0,000170
announcement 2,302585 0,002939
anonymous 1,771957 0,000942
another 0,127833 0,000054
anthony 1,714798 0,000182
any 0,083382 0,000080
anymore 2,525729 0,000269
anything 2,207275 0,000235
apache 1,386294 0,001327
apc 3,912023 0,000416
api 0,916291 0,000487
apis 1,237874 0,000263
apiswhatwg 2,995732 0,000319
apl 2,040221 0,000217
appear 1,049822 0,000112
appearance -0,009950 -0,000002
appeared 1,203973 0,000128
application 0,127833 0,000163
applications 0,094311 0,000130
applies 1,832581 0,000195
apply -0,009950 -0,000002
approach 0,261365 0,000083
apps 1,272966 0,000406
apress 1,966113 0,000418
april 0,072571 0,000046
apsl 2,813411 0,000299
aptana 3,506558 0,000373
aragon 1,171183 0,000125
architect 2,813411 0,000299
architectural 1,609438 0,000171
architecture 0,462035 0,000049
archive 1,514128 0,000483
archived 0,040822 0,000208
archives 1,966113 0,000418
argument 1,347074 0,000573
arguments 1,714798 0,000547
argyros 3,912023 0,000416
arising 2,120264 0,000226
arithmetic 1,347074 0,000287
arntzen 3,912023 0,000416
around 0,356675 0,000038
array 1,021651 0,001087
arrayaccess 3,912023 0,000416
arrays 1,427116 0,001214
arrow 2,040221 0,000434
article 0,040822 0,000022
articleabout -0,009950 -0,000001
articles 0,020203 0,000026
articlespages 3,506558 0,000373
articletalk -0,009950 -0,000001
artistic 2,407946 0,000256
asapi 2,995732 0,000319
ascii 1,897120 0,000202
asgi 2,813411 0,000299
asp 2,040221 0,001085
assembly 1,139434 0,000121
assigned 1,237874 0,000132
assignment 1,660731 0,000707
associated 0,400478 0,000043
ast 2,525729 0,000269
asymmetric 2,659260 0,000283
attack 1,078810 0,000459
attacker 2,207275 0,000235
attacks 1,237874 0,000395
attempts 0,916291 0,000097
attracted 2,407946 0,000256
attribute 1,386294 0,001180
attributes 1,347074 0,000716
attribution -0,009950 -0,000001
audio 0,891598 0,000379
august 0,162519 0,000484
authentication 1,386294 0,000147
authoring 3,912023 0,000832
authority 0,083382 0,000009
authors 1,021651 0,000217
automatically 0,653926 0,000070
available -0,009950 -0,000020
avoid 0,941609 0,000100
avoids 2,302585 0,000245
aware 1,514128 0,000161
aws 2,407946 0,001025
ayesh 3,912023 0,001248
ayisyenkurd 2,813411 0,000299
azure 1,771957 0,000565
backend 2,120264 0,000226
backronym 3,912023 0,000416
backs 3,218876 0,000342
backward 1,897120 0,000202
backwards 2,207275 0,000235
bad 1,347074 0,000143
bahasa 0,186330 0,000020
bakken 3,912023 0,000416
base 0,755023 0,000241
based 0,010050 0,000010
basic 0,235722 0,000176
bazaar 2,525729 0,000269
became 0,579818 0,000062
because 0,127833 0,000082
become 0,510826 0,000217
beerware 2,995732 0,000319
began 0,634878 0,000203
beginning 0,776529 0,000248
behat 3,912023 0,000416
behavior 0,462035 0,000098
behaviour 1,966113 0,000627
behaviours 3,912023 0,000416
behind 0,867501 0,000092
believe 2,040221 0,000217
benchmark 1,966113 0,000209
benchmarks 2,302585 0,000490
benefits 1,237874 0,000132
besides 1,832581 0,000195
best 0,462035 0,000098
beta 1,386294 0,000147
better 0,494296 0,000105
beyond 0,713350 0,000076
bho 2,995732 0,000319
big 0,673345 0,000072
binaries 2,995732 0,000956
binary 0,916291 0,000487
binding 1,966113 0,000418
bindings 2,120264 0,000226
bioinformatics 1,660731 0,000177
birth 1,897120 0,000404
birthday 2,659260 0,000283
birthyear 3,912023 0,000832
bit 1,272966 0,000812
bitwise 2,995732 0,001275
block 0,798508 0,000085
blocks 1,272966 0,000406
blog 0,776529 0,000578
bloomberg 1,469676 0,000156
blue 1,560648 0,000166
board 0,916291 0,000097
boarischbosanskibrezhoneg 2,407946 0,000256
bob 1,832581 0,000390
body 1,139434 0,000242
bokm 0,127833 0,000014
book 0,478036 0,000153
books 0,544727 0,000058
boolean 1,609438 0,001027
booleans 2,813411 0,000299
borhan 3,912023 0,000416
bottom 2,040221 0,000217
bound 1,660731 0,000177
branch 1,309333 0,000557
branches 1,427116 0,000304
bray 2,525729 0,000269
breaking 1,469676 0,000625
brent 3,506558 0,000746
bridges 2,120264 0,000226
bring 1,560648 0,000166
broad 1,203973 0,000128
browser 1,078810 0,000115
bsd 1,832581 0,000390
bug 1,771957 0,000942
build 0,673345 0,000215
building 0,415515 0,000044
builds 1,714798 0,000730
built 0,462035 0,000442
bundle 2,040221 0,000434
bundled 2,407946 0,000512
business 0,301105 0,000160
businessweek 2,207275 0,000235
byperl 3,912023 0,000416
byrasmus 3,912023 0,000416
bytecode 1,966113 0,001046
bytes 2,207275 0,000704
cache 1,714798 0,000912
caching 2,120264 0,000226
caddy 3,506558 0,000373
cakephp 2,995732 0,000637
calculate 1,714798 0,000182
calculations 2,040221 0,000434
california 1,021651 0,000109
call 0,733969 0,000234
callable 3,506558 0,000746
callables 3,912023 0,000416
callback 2,995732 0,000319
callbacks 2,813411 0,000299
called 0,040822 0,000048
caller 2,995732 0,000319
calling 1,514128 0,000161
calls 1,049822 0,000223
came 1,078810 0,000230
caml 2,040221 0,000217
canadian 1,714798 0,000182
canvas 2,525729 0,000269
capture 1,272966 0,000135
capturing 2,302585 0,000490
caraveo 3,912023 0,000416
carlo 2,207275 0,000235
case 0,139262 0,000104
cases 0,478036 0,000153
cast 2,120264 0,000451
catal 0,094311 0,000010
catch 2,120264 0,000451
catches 3,218876 0,000685
catching 3,218876 0,000685
categorical 1,771957 0,000188
categories -0,009950 -0,000002
category 0,116534 0,000037
cathedral 2,995732 0,000319
cause 0,916291 0,000097
caused 1,049822 0,000112
cclass 3,912023 0,000416
cddl 2,813411 0,000299
ceased 3,506558 0,000373
cebuano 2,407946 0,000256
center 0,562119 0,000060
certain 0,274437 0,000029
certification 1,660731 0,000353
certified 1,966113 0,000209
cgi 2,525729 0,002418
challenges 0,941609 0,000100
change 0,261365 0,000111
changed 0,941609 0,000200
changelog 2,525729 0,000537
changes 0,356675 0,000569
changesupload -0,009950 -0,000002
changing 0,820981 0,000087
character 1,108663 0,000118
characterised 3,912023 0,000416
charge 1,609438 0,000171
charlie 2,302585 0,000490
chat 2,525729 0,000269
check 1,139434 0,000121
checking 1,272966 0,000135
checks 2,207275 0,000235
chosen 1,469676 0,000469
christian 1,560648 0,000166
cil 3,506558 0,000373
circular 2,120264 0,000226
citation 0,415515 0,000575
cite 0,843970 0,000180
claburn 2,525729 0,000269
clara 3,506558 0,000373
clarion 3,218876 0,000342
class 0,616186 0,001376
classes 0,967584 0,001338
classic 0,967584 0,000103
clause 2,120264 0,000226
cleanup 2,302585 0,000245
clear 1,139434 0,000121
cli 2,040221 0,001302
client 0,867501 0,000369
clients 1,139434 0,000121
clone 2,659260 0,001131
cloning 2,995732 0,000637
close 0,941609 0,000200
closed 1,021651 0,000109
closing 1,514128 0,000161
closure 1,897120 0,001009
closures 2,813411 0,001197
cloud 0,776529 0,000248
cms 2,659260 0,000283
coalesce 3,912023 0,001248
coalescing 3,506558 0,000746
cobol 1,966113 0,000209
code -0,009950 -0,000037
codecs 2,995732 0,000319
codeigniter 2,995732 0,000637
codelobster 3,506558 0,000373
codepoint 3,506558 0,000373
coding 1,347074 0,000143
collectable 3,218876 0,000342
collection 0,527633 0,000056
colon 2,659260 0,000283
coloured 3,912023 0,000416
com 0,150823 0,000337
combination 0,916291 0,000097
combined 0,798508 0,000085
comes 0,867501 0,000092
command 1,021651 0,001304
comment 1,771957 0,000188
commentators 2,659260 0,000283
comments 1,514128 0,000805
commerce 1,021651 0,000326
commercial 0,653926 0,000139
commits 2,407946 0,000256
common 0,072571 0,000085
commonly 0,342490 0,000073
commons -0,009950 -0,000003
commonstextbooks 2,659260 0,000283
commonswikibookswikiversitywikidata 2,302585 0,000245
communicate 1,386294 0,000147
community 0,616186 0,000459
comp 2,525729 0,000537
compact 1,771957 0,000188
compared 0,634878 0,000203
comparing 2,040221 0,000217
comparison 0,446287 0,000475
comparisons 1,832581 0,000585
compatibility 1,108663 0,000590
compatible 1,049822 0,000112
competing 1,386294 0,000147
compilation 1,714798 0,000547
compile 1,609438 0,000342
compiled 1,386294 0,000737
compiler 1,078810 0,000803
compilers 2,040221 0,000217
compiles 2,040221 0,000868
compiling 2,407946 0,000512
complete 0,713350 0,000304
completely 0,941609 0,000100
complex 0,261365 0,000028
components 0,415515 0,000133
composer 3,218876 0,000342
composite 2,120264 0,000226
compression 1,347074 0,000143
computer 0,139262 0,000148
computing 0,301105 0,000064
concatenating 3,912023 0,000416
conditions 0,843970 0,000090
conduct -0,009950 -0,000001
conference 0,301105 0,000032
configuration 1,021651 0,002500
configured 1,714798 0,000182
confusion 1,609438 0,000342
conjunction 1,714798 0,000182
considerations 1,560648 0,000332
considered 0,400478 0,000085
consisted 2,659260 0,000283
consistency 1,897120 0,000807
consistent 1,108663 0,000708
consistently 1,966113 0,000209
consortium 1,771957 0,000188
const 2,407946 0,000256
constant 1,660731 0,000883
constants 3,218876 0,001712
constraints 1,309333 0,000139
construct 1,609438 0,001027
constructor 2,813411 0,000898
constructors 2,813411 0,000299
constructs 2,120264 0,000451
contact -0,009950 -0,000001
contacts -0,009950 -0,000001
contain 0,693147 0,000147
contained 1,309333 0,000418
container 1,660731 0,000353
containing 0,579818 0,000308
contains 0,634878 0,000068
content -0,009950 -0,000011
contents -0,009950 -0,000004
context 0,494296 0,000105
continued 1,427116 0,000304
continuing 2,040221 0,000217
contribute -0,009950 -0,000001
contributor 2,407946 0,000256
control 0,020203 0,000009
controversies 2,040221 0,000217
convenience 2,207275 0,000235
conventions 2,525729 0,000269
conversations 2,659260 0,000566
conversely 2,407946 0,000256
conversion 1,469676 0,000782
conversions 2,525729 0,000537
convert 1,966113 0,000209
converted 1,897120 0,000404
convertible 2,525729 0,000269
converts 2,659260 0,000283
cookie -0,009950 -0,000001
coordinatesall 3,912023 0,000416
copy 1,203973 0,000384
copyleft 2,813411 0,000299
corbet 2,995732 0,000319
core 0,597837 0,000954
correctly 1,832581 0,000195
corruption 2,040221 0,000217
cors 2,995732 0,000319
countable 3,218876 0,001027
counter 1,714798 0,000182
countries 0,994252 0,000106
course 1,139434 0,000242
cover 1,203973 0,000128
craft 2,813411 0,000299
create -0,009950 -0,000007
created 0,430783 0,000504
creates 1,309333 0,000418
creating 0,562119 0,000060
creation 0,693147 0,000074
creative -0,009950 -0,000003
creator 1,660731 0,000353
creators 2,525729 0,000269
credits 2,525729 0,000537
critical 0,653926 0,000139
cross 0,562119 0,000299
cryptographic 1,897120 0,000404
cryptographically 2,407946 0,000512
csprng 2,995732 0,000637
cultural 1,427116 0,000152
curl 3,218876 0,000342
current 0,385662 0,000082
currently 0,755023 0,000241
custom 1,171183 0,000623
customize 2,813411 0,000299
cycle 1,049822 0,000223
daemon 2,659260 0,000283
dan 0,967584 0,000206
dangerous 2,040221 0,000217
daniel 0,776529 0,000083
daniele 3,506558 0,000373
danish 2,659260 0,000283
darryl 3,506558 0,000373
data 0,030459 0,000049
database 0,579818 0,000678
databases 0,127833 0,000068
dataczech 1,171183 0,000125
dataobjects 3,912023 0,000416
date 0,579818 0,000185
dated 0,967584 0,000515
dates 0,430783 0,000046
day 0,843970 0,000090
days 1,049822 0,000112
dead 1,386294 0,000295
dealing 1,714798 0,000182
debate 1,560648 0,000332
debian 2,407946 0,000256
debugger 2,407946 0,000256
dec 2,040221 0,000217
decade 1,832581 0,000195
decades 1,469676 0,000156
december 0,061875 0,000270
decimal 1,897120 0,000202
decision 0,494296 0,000105
declaration 2,040221 0,000217
declarations 2,120264 0,002255
declared 1,714798 0,001094
declaring 2,813411 0,000299
deconstruction 3,912023 0,000416
deep 1,078810 0,000115
defacements 3,912023 0,000416
default 0,693147 0,000442
define 0,798508 0,000085
defined 0,248461 0,000317
defines 0,776529 0,000330
definition 0,342490 0,000109
definitive 2,302585 0,000245
delayedtargetvalidation 3,912023 0,001248
delays 2,525729 0,000269
delegation 2,995732 0,000637
delimiter 2,995732 0,000319
delimiters 3,218876 0,002054
dependent 1,021651 0,000109
depending 0,673345 0,000072
deployed 1,469676 0,000469
deploying 2,302585 0,000245
deployment 1,078810 0,000115
deprecate 2,813411 0,000299
deprecated 1,714798 0,001459
deprecation 2,659260 0,000566
derefencing 3,912023 0,000416
dereferencing 3,218876 0,000342
derick 3,506558 0,000373
derived 0,891598 0,000095
described 0,430783 0,000092
description -0,009950 -0,000002
descriptionshort 0,000000 0,000000
descriptive 2,120264 0,000226
design 0,127833 0,000068
designed 0,261365 0,000111
desktop 1,347074 0,000287
destructors 3,912023 0,000416
details 0,916291 0,000097
detect 1,386294 0,000147
determined 1,347074 0,000143
determines 2,207275 0,000235
dev 1,514128 0,000322
developed 0,127833 0,000082
developer 0,820981 0,000262
developers -0,009950 -0,000011
developing 0,673345 0,000286
development 0,083382 0,000204
device 0,891598 0,000095
devnewz 3,912023 0,000416
dhtml 2,302585 0,000245
differences 0,967584 0,000206
different 0,020203 0,000015
differently 1,966113 0,000209
difficult 0,597837 0,000127
difficulties 2,040221 0,000217
digital 0,400478 0,000085
direct 0,597837 0,000127
directive 1,771957 0,000754
directives 2,302585 0,001225
directly 0,415515 0,000133
directories 2,120264 0,000226
directory 1,714798 0,000547
disable 2,207275 0,000470
disabled 2,302585 0,000490
disallows 2,995732 0,000319
disambiguate 3,506558 0,000373
disambiguation 1,049822 0,000112
disciplinedynamic 3,506558 0,000373
disclaimers -0,009950 -0,000001
discontinued 1,714798 0,000547
discouraged 2,813411 0,000299
discussion 1,139434 0,000121
disjunctive 3,506558 0,000746
displayed 2,040221 0,000217
distinction 1,272966 0,000135
distribution 0,634878 0,000405
distributions 1,386294 0,000147
dll 3,912023 0,000832
dmitry 2,813411 0,000898
dnf 3,912023 0,000832
docs 1,309333 0,000139
doctrine 2,525729 0,000269
doctype 3,218876 0,000342
document 0,673345 0,000215
documentation 0,867501 0,000185
documented 1,832581 0,000390
documents 1,078810 0,000115
doing 1,272966 0,000135
dollar 2,120264 0,000226
dom 1,560648 0,000498
domain 0,562119 0,000060
don 0,916291 0,000097
donate -0,009950 -0,000002
double 0,916291 0,000292
download -0,009950 -0,000001
drawback 2,813411 0,000299
drivers 1,469676 0,000313
drone 2,813411 0,000898
drupal 2,995732 0,001275
dstogov 3,912023 0,000416
dual 1,609438 0,000171
dubbed 2,813411 0,000299
due 0,261365 0,000111
dynamic 0,562119 0,000837
dynamically 1,714798 0,000547
each 0,072571 0,000015
earlier 1,139434 0,000242
early 0,301105 0,000256
earth 1,272966 0,000135
easier 1,049822 0,000223
easily 0,843970 0,000180
easy 1,021651 0,000109
echo 2,207275 0,002817
eclipse 2,040221 0,000217
edit -0,009950 -0,000033
editcommunity -0,009950 -0,000001
edited -0,009950 -0,000001
edition 0,579818 0,000062
editors 1,832581 0,000390
edits 2,813411 0,000299
efficient 0,494296 0,000053
efficiently 1,237874 0,000132
either 0,248461 0,000106
elements 0,415515 0,000088
elephant 3,912023 0,000832
elephpant 3,912023 0,002913
elephpants 3,912023 0,000832
elixir 1,771957 0,000188
elsewhere 2,040221 0,000217
emait 1,560648 0,000166
embed 2,407946 0,000256
embedded 0,867501 0,000277
embedding 1,771957 0,000754
eme 2,659260 0,000283
employed 1,272966 0,000135
enable 0,798508 0,000170
enabled 0,994252 0,000317
enabling 0,941609 0,000200
encodings 2,525729 0,000269
encryption 1,272966 0,000135
encyclopedia -0,009950 -0,000001
end 0,261365 0,000056
ended 1,771957 0,000188
endif 3,912023 0,000832
endured 3,506558 0,000373
enforced 1,714798 0,000182
engine 0,693147 0,002359
engineered 2,207275 0,000235
engines 1,237874 0,000132
english -0,009950 -0,000002
englishsloven 0,510826 0,000054
enhancing 1,966113 0,000209
ensuring 1,609438 0,000171
enterprises 1,832581 0,000195
entropy 2,995732 0,000319
enumerations 3,218876 0,000685
environment 0,478036 0,000051
environments 0,941609 0,000100
epl 2,995732 0,000319
equal 1,347074 0,000287
equals 2,040221 0,000217
equivalent 1,021651 0,000109
era 1,427116 0,000152
ereg 3,912023 0,000416
erin 2,995732 0,000637
erlang 1,714798 0,000182
error 0,713350 0,000076
errors 0,733969 0,000468
escape 1,966113 0,000418
espa 0,210721 0,000022
especially 0,415515 0,000044
etc 0,562119 0,000120
euros 3,506558 0,000373
eval 2,813411 0,000599
even 0,235722 0,000150
events 0,634878 0,000203
eventsrandom -0,009950 -0,000001
ever 1,272966 0,000135
every 0,261365 0,000139
everywhere 2,120264 0,000226
evolved 1,560648 0,000166
exam 2,120264 0,000226
example 0,030459 0,000068
examples 0,328504 0,000035
exception 1,386294 0,000885
exceptional 3,218876 0,000342
exceptions 1,714798 0,000730
exec 3,218876 0,000342
executable 1,514128 0,000644
execute 1,514128 0,000322
executed 1,203973 0,000512
executes 1,714798 0,000182
execution 0,891598 0,000759
exist 0,653926 0,000139
exists 1,049822 0,000223
exit 2,302585 0,000245
expanded 1,203973 0,000128
expanding 2,207275 0,000235
expansion 1,386294 0,000147
expected 0,693147 0,000074
expense 2,120264 0,000226
experiments 1,469676 0,000156
expert 1,347074 0,000143
explained 1,386294 0,000295
explicit 1,171183 0,000249
exploit 1,897120 0,000404
exploitation 2,302585 0,000245
exponentiation 3,218876 0,000342
export -0,009950 -0,000001
expressed 1,203973 0,000128
expressible 3,506558 0,000373
expression 1,021651 0,000435
expressions 1,386294 0,000147
expressiveness 3,218876 0,000342
ext 2,813411 0,001197
extend 1,427116 0,000152
extended 0,755023 0,000321
extending 1,714798 0,000547
extends 1,771957 0,000377
extensible 1,609438 0,000171
extension 0,967584 0,002676
extensions 0,916291 0,002242
extensionsfree 3,912023 0,000416
external 0,030459 0,000010
extremely 1,514128 0,000161
facebook 1,560648 0,000830
facilitate 1,714798 0,000182
facilities 1,171183 0,000249
fact 0,755023 0,000241
facto 2,207275 0,000235
factual 2,659260 0,000566
failing 2,813411 0,000299
failure 1,139434 0,000121
false 1,272966 0,000677
familiar 1,714798 0,000182
family 1,078810 0,000115
fastcgi 3,912023 0,002081
fat 1,966113 0,000209
fatal 2,995732 0,000319
favor 1,347074 0,000143
favour 2,995732 0,000319
fcgi 2,995732 0,000319
feature 0,616186 0,000328
features 0,371064 0,000671
feb 2,659260 0,000283
february 0,061875 0,000039
ferrara 3,912023 0,000416
fetch 2,302585 0,000490
few 0,653926 0,000070
ffi 3,506558 0,000746
fibers 2,813411 0,000599
field 0,527633 0,000056
fifth 2,040221 0,000217
file 0,616186 0,000787
fileinfo 3,912023 0,000416
filename 2,040221 0,000217
filepermanent -0,009950 -0,000001
files 0,843970 0,000539
filespecial -0,009950 -0,000001
filter 1,514128 0,000161
final 0,916291 0,000390
finally 1,108663 0,000118
firmware 2,207275 0,000235
first 0,020203 0,000024
five 0,776529 0,000165
fix 1,714798 0,000547
fixed 0,494296 0,000105
fixes 2,120264 0,001353
flash 1,897120 0,000202
flaws 1,966113 0,000418
flexible 1,427116 0,000607
float 1,966113 0,001046
floating 1,660731 0,000530
floats 2,659260 0,000283
flow 0,510826 0,000054
fly 2,207275 0,000235
focus 0,755023 0,000080
focuses 1,469676 0,000313
follow 1,078810 0,000230
followed 0,733969 0,000234
following 0,210721 0,000134
foo 2,207275 0,000470
footer 3,912023 0,000416
fopen 3,506558 0,000373
force 0,867501 0,000092
forces 1,560648 0,000166
ford 2,302585 0,000245
foreach 3,506558 0,001492
foreign 1,139434 0,000121
forget 2,813411 0,000299
forgot 3,912023 0,000416
forking 2,659260 0,000283
form 0,162519 0,000259
formal 0,673345 0,000143
format 0,941609 0,000200
formats 1,609438 0,000171
formed 1,139434 0,000727
formerly 1,309333 0,000418
forming 1,966113 0,000209
forms 0,562119 0,000179
forth 1,560648 0,000166
fortran 1,560648 0,000166
forum 1,347074 0,000287
foundation -0,009950 -0,000026
foundationfirst 3,506558 0,000373
founded 1,347074 0,000143
founder 1,897120 0,000202
founderautomattic 3,912023 0,000416
four 0,820981 0,000087
fpm 3,912023 0,000832
framework 0,342490 0,000109
frameworks 1,108663 0,000472
fran 0,223144 0,000024
franca 1,609438 0,000171
frankenphp 3,912023 0,000416
frankie 3,912023 0,000832
free -0,009950 -0,000022
frequent 2,659260 0,000283
frequently 0,967584 0,000103
frontend 2,407946 0,000256
ftp 2,040221 0,000217
fuelphp 2,995732 0,000319
full 0,371064 0,000079
function 0,210721 0,001121
functional 0,733969 0,000078
functionality 0,843970 0,000269
functions 0,356675 0,001252
fund 1,514128 0,000483
fundamentally 1,832581 0,000195
further 0,139262 0,000044
furthermore 1,272966 0,000135
fusion 1,514128 0,000161
future 0,274437 0,000088
fwdays 3,912023 0,000416
gain 1,386294 0,000147
games 1,078810 0,000115
gan 2,525729 0,000269
garbage 1,832581 0,000195
gateway 2,659260 0,001131
geared 3,218876 0,000342
gears 2,120264 0,000226
geek 2,813411 0,000299
general -0,009950 -0,000010
generally 0,287682 0,000031
generated 0,941609 0,000100
generation 0,867501 0,000369
generational 2,040221 0,000217
generator 2,040221 0,000651
generators 2,302585 0,000245
geolocation 2,525729 0,000269
george 0,916291 0,000097
germany 1,560648 0,000166
get 0,733969 0,000078
getadder 3,912023 0,002913
getenv 3,912023 0,000416
getimagesize 3,912023 0,000416
gif 3,506558 0,000746
gilmore 3,506558 0,000373
github 1,078810 0,000574
given 0,261365 0,000056
global 0,478036 0,000102
globals 3,912023 0,002081
gnu 1,272966 0,000812
going 1,272966 0,000271
golemon 3,912023 0,000416
good 0,733969 0,000078
gophp 3,912023 0,002081
goto 2,813411 0,000299
gpc 3,912023 0,000416
gpl 2,120264 0,000677
gpu 2,659260 0,000566
gradual 2,659260 0,000283
graphical 1,386294 0,000442
graphics 0,941609 0,000300
graphql 2,659260 0,000283
gratis 2,995732 0,000319
grav 2,995732 0,000319
greet 3,912023 0,000832
grew 1,386294 0,000147
group 0,301105 0,000865
grows 2,040221 0,000434
gtk 2,659260 0,001697
gui 2,207275 0,000470
guide 0,356675 0,000038
guidelines 1,272966 0,000135
gutmans 3,912023 0,002913
gyroscope 2,813411 0,000299
hack 1,771957 0,000188
hak 1,897120 0,000202
half 1,108663 0,000118
handle 0,994252 0,000212
handled 1,609438 0,000171
handler 2,407946 0,000256
handling 0,798508 0,000510
happened 2,207275 0,000235
hardened 2,995732 0,000319
hardware 0,579818 0,000062
hash 1,771957 0,001131
hashes 2,302585 0,000490
haskell 1,514128 0,000161
haudio 2,995732 0,000319
having 0,579818 0,000062
head 1,021651 0,000217
headed 2,995732 0,000319
header 1,897120 0,000202
health 0,994252 0,000106
heavily 1,203973 0,000128
heavy 1,609438 0,000171
height 1,966113 0,000418
helicopter 2,813411 0,000299
hello 1,714798 0,002006
help 0,248461 0,000053
helping 1,771957 0,000188
helplearn -0,009950 -0,000001
hence 1,347074 0,000143
here 0,301105 0,000032
heredoc 3,912023 0,002081
hererelated -0,009950 -0,000001
hexadecimal 2,659260 0,000283
hey 2,813411 0,000299
hhvm 3,506558 0,003357
hidden 0,843970 0,000090
hide -0,009950 -0,000004
high 0,223144 0,000095
hiphop 3,506558 0,001492
hiphopvm 3,912023 0,000416
hires 3,912023 0,000416
historically 1,386294 0,000295
history -0,009950 -0,000016
holes 2,407946 0,000256
home 0,653926 0,000487
homepage 2,207275 0,000235
hooks 2,525729 0,000269
hopes 2,813411 0,000299
horde 2,995732 0,000319
hormones 3,912023 0,001248
host 1,272966 0,000271
hosting 1,560648 0,000498
how 0,072571 0,000062
however 0,094311 0,000050
hphpc 3,912023 0,000832
hrtime 3,912023 0,000832
hrvatskiidobahasa 1,203973 0,000128
html 1,078810 0,001262
http 1,021651 0,000435
https -0,009950 -0,000001
hui 2,659260 0,000283
hydration 2,525729 0,000269
hype 2,207275 0,000235
hypertext 1,771957 0,000565
ibm 0,693147 0,000664
icu 3,912023 0,000416
ide 1,771957 0,000188
idea 0,820981 0,000087
ideas 0,891598 0,000095
identity 1,309333 0,000139
ides 2,040221 0,000217
idl 2,813411 0,000299
ifless 3,912023 0,000416
iii 1,560648 0,000166
iis 3,912023 0,000832
image 0,544727 0,000232
images 1,237874 0,000527
impact 0,597837 0,000191
imperative 1,660731 0,000177
implement 0,755023 0,000080
implementation 0,328504 0,000314
implementations 0,733969 0,000625
implementationszend 3,912023 0,000416
implemented 0,544727 0,000290
implementing 0,994252 0,000212
implements 1,347074 0,000143
implied 2,659260 0,000283
implode 3,506558 0,000373
important 0,287682 0,000031
importing 2,659260 0,000283
imports 2,302585 0,000245
improve 0,274437 0,000175
improved 0,776529 0,000165
improvement 1,203973 0,000128
improvements 1,203973 0,001537
improving 1,171183 0,000125
ina 0,356675 0,000038
inasloven 0,616186 0,000066
inc -0,009950 -0,000001
include 0,061875 0,000079
included 0,400478 0,000383
includes 0,274437 0,000058
including 0,040822 0,000026
inclusion 1,832581 0,000195
incompatible 1,560648 0,000996
inconsistencies 3,506558 0,000373
inconsistent 2,813411 0,000599
incorrect 2,207275 0,000235
increase 0,544727 0,000058
incremental 1,897120 0,000202
indeed 1,714798 0,000182
independent 0,713350 0,000228
index -0,009950 -0,000004
indexeddb 2,407946 0,000256
india 1,171183 0,000125
indiana 2,525729 0,000269
indicate 1,272966 0,000135
indicating 1,897120 0,000202
indonesiainterlingua 1,660731 0,000177
induces 3,218876 0,000342
industry 0,527633 0,000056
inefficiency 3,506558 0,000373
infinity 2,659260 0,000283
influencedhack 3,912023 0,000416
infobox 3,506558 0,000373
information 0,072571 0,000023
informationcite -0,009950 -0,000001
infosystems 3,218876 0,000685
infoworld 1,609438 0,000685
inherited 2,995732 0,000319
ini 3,506558 0,002238
initial 0,597837 0,000064
initialized 2,813411 0,001197
initializers 3,218876 0,000685
initially 0,693147 0,000074
initiated 1,897120 0,000202
initiative 1,078810 0,000344
inline 1,966113 0,000209
input 0,733969 0,000078
insecure 1,771957 0,000565
inserted 2,407946 0,000256
inside 0,755023 0,000080
install 1,714798 0,000182
installation 1,897120 0,001211
installed 1,272966 0,000271
installing 2,040221 0,000434
instance 0,510826 0,000054
instead 0,301105 0,000160
instruction 1,560648 0,000166
instructions 1,469676 0,000313
int 1,560648 0,001494
integer 1,272966 0,001896
integers 1,609438 0,001027
integrate 1,560648 0,000166
integrating 1,560648 0,000166
integration 0,673345 0,000143
intended 0,494296 0,000105
intent 1,771957 0,000377
interact 1,514128 0,000322
interface 0,616186 0,001311
interfaces 0,713350 0,000607
interfacesserver 2,995732 0,000319
interfacing 2,659260 0,000283
interfere 3,506558 0,000373
intermediary 2,120264 0,000226
intermediate 1,514128 0,000644
intermingled 3,912023 0,000416
internal 0,634878 0,000608
internally 1,897120 0,000404
internals 2,407946 0,001281
international 0,139262 0,000015
internationalgndnationalunited 1,108663 0,000118
internationalization 2,525729 0,000269
internet 0,462035 0,000197
internetnews 3,912023 0,000416
interoperability 1,660731 0,000353
interoperabilitybridges 3,912023 0,000416
interpolate 3,912023 0,000416
interpolating 3,912023 0,000416
interpreted 1,514128 0,000322
interpreter 1,609438 0,001027
interpretershigh 3,912023 0,000416
intersection 2,120264 0,000677
intersections 2,995732 0,000319
introduced 0,371064 0,000316
introduction 0,261365 0,000195
invalid 1,897120 0,000202
involved 0,916291 0,000097
ios 1,660731 0,000177
iplanet 3,506558 0,000373
ipsec 2,995732 0,000637
irc 2,659260 0,000283
irtema 3,912023 0,000416
isapi 2,995732 0,000637
isbn 0,051293 0,000016
isc 2,995732 0,000319
ismael 3,912023 0,000416
isplattd 2,120264 0,000226
israel 1,897120 0,000202
isset 3,912023 0,000416
issues 0,527633 0,000225
item -0,009950 -0,000003
items 1,108663 0,000354
iterable 3,506558 0,001119
iterator 2,995732 0,000319
iteratoraggregate 3,912023 0,000416
iterators 2,659260 0,000283
itself 0,342490 0,000146
jakarta 2,659260 0,000283
james 0,634878 0,000068
january 0,083382 0,000089
jason 1,771957 0,000188
java 0,891598 0,000569
javascript 1,021651 0,000543
javaserver 3,506558 0,001119
jawa 1,560648 0,000166
jetbrains 2,813411 0,001496
jim 1,514128 0,000161
jit 2,207275 0,002348
job 1,203973 0,000512
john 0,210721 0,000022
join 2,040221 0,000217
jolicode 3,912023 0,000416
jonathan 1,347074 0,000143
joomla 2,995732 0,000956
journal 0,198451 0,000021
jsgi 2,407946 0,000256
json 1,347074 0,000716
jsp 2,995732 0,000319
julia 1,514128 0,000161
julien 2,813411 0,000299
july 0,127833 0,000122
jump -0,009950 -0,000002
june 0,094311 0,000130
just 0,328504 0,000175
karunaratne 3,912023 0,001248
keep 0,994252 0,000106
kempkens 3,912023 0,000416
kept 1,560648 0,000332
kerner 3,506558 0,000373
keys 1,514128 0,000161
keyword 2,040221 0,000217
keywords 2,040221 0,000651
khronos 2,995732 0,000319
kiayias 3,912023 0,000416
kinds 1,171183 0,000125
kinsta 3,912023 0,000416
kiswahilikrey 2,659260 0,000283
kits 2,813411 0,000299
know 0,776529 0,000165
known 0,127833 0,000068
kotlin 1,897120 0,000202
krawczyk 3,912023 0,000832
krill 2,207275 0,000939
label 1,714798 0,000182
labs 1,386294 0,000147
lack 0,843970 0,000180
lacking 1,514128 0,000322
lambda 2,407946 0,000256
laminas 2,995732 0,000637
lamp 3,506558 0,001119
land 1,347074 0,000143
lang 1,966113 0,000209
language 0,186330 0,001090
languagec 3,912023 0,000416
languages -0,009950 -0,000013
languagescross 2,995732 0,000319
languagesdynamically 3,506558 0,000373
languagesfilename 3,912023 0,000416
languageshidden 2,525729 0,000269
languagesinternet 3,912023 0,000416
languagesprogramming 2,120264 0,000451
languagessoftware 3,506558 0,000746
laravel 2,995732 0,000956
large 0,127833 0,000014
largely 1,272966 0,000135
last -0,009950 -0,000002
late 0,755023 0,000241
later 0,223144 0,000166
latest 0,994252 0,000106
latinalatvie 1,203973 0,000128
latter 0,916291 0,000097
launch 1,514128 0,000161
layer 0,867501 0,000092
ldap 2,525729 0,000269
lead 0,673345 0,000215
leads 1,237874 0,000132
learn 0,494296 0,000263
least 0,527633 0,000225
led 0,446287 0,000095
left 0,916291 0,000097
legacy 1,309333 0,000418
legal -0,009950 -0,000001
legend 2,813411 0,000299
length 1,237874 0,000263
lerdorf 3,912023 0,007074
lerdorfdeveloperthe 3,912023 0,000416
less 0,430783 0,000183
letter 1,237874 0,000263
letters 1,347074 0,000143
level 0,116534 0,000062
lgpl 2,659260 0,000283
libmysql 3,912023 0,000416
libraries 0,713350 0,000379
library 0,478036 0,000254
libre 2,813411 0,000299
libsodium 3,912023 0,000832
license -0,009950 -0,000020
licensed 1,660731 0,000177
licenses 1,771957 0,000754
licensetext 3,506558 0,000373
licensing 1,609438 0,000342
lieu 3,506558 0,000373
life 0,653926 0,000278
lightweight 1,609438 0,000171
like 0,072571 0,000046
limited 0,510826 0,000109
limits 1,272966 0,000271
line 0,356675 0,000493
lingua 2,040221 0,000217
link 0,162519 0,000035
linked 0,941609 0,000200
linkpage -0,009950 -0,000001
links -0,009950 -0,000007
linter 3,218876 0,000342
linux 0,916291 0,000195
lisp 1,386294 0,000295
list 0,083382 0,000142
listcs 2,302585 0,000245
listed 1,560648 0,000664
listen 2,525729 0,000269
listing 2,207275 0,000235
lists 0,597837 0,000127
literal 2,040221 0,000434
live 1,203973 0,000128
liveconnect 2,995732 0,000319
lnorsk 0,653926 0,000070
load 1,347074 0,000143
loaded 1,771957 0,000377
loading 1,897120 0,000202
local 0,415515 0,000044
locale 3,912023 0,001248
locate 2,659260 0,000283
locations 1,078810 0,000115
log -0,009950 -0,000002
logic 0,755023 0,000080
logical 1,514128 0,000161
logo 1,832581 0,000195
long 0,287682 0,000214
longer 0,755023 0,000161
look 0,967584 0,000103
loops 1,897120 0,000202
loosely 1,897120 0,000202
lower 0,776529 0,000083
lowercase 2,659260 0,000283
lsp 2,995732 0,000319
ltd 1,203973 0,000128
lts 2,659260 0,000283
lua 1,897120 0,000202
luajit 3,506558 0,000373
lux 0,371064 0,000039
machine 0,083382 0,000044
machines 0,776529 0,000165
macos 1,660731 0,000530
made 0,186330 0,000119
magazine 0,776529 0,000083
magic 2,302585 0,000980
magyar 1,049822 0,000112
mailing 1,966113 0,000418
main -0,009950 -0,000007
mainly 1,021651 0,000109
maint 0,798508 0,000340
maintain 0,941609 0,000100
major 0,314711 0,000234
make 0,235722 0,000100
makes 0,415515 0,000088
making 0,328504 0,000105
malagasy 2,040221 0,000217
malicious 1,660731 0,000353
mamp 3,912023 0,000416
management 0,139262 0,000119
manager 0,994252 0,000212
manifesto 2,302585 0,000245
manner 1,469676 0,000313
manual 1,237874 0,003950
many 0,061875 0,000099
mapframe 3,506558 0,000373
march 0,116534 0,000174
marked 1,139434 0,000121
market 0,616186 0,000328
marketing 0,916291 0,000195
marking 2,207275 0,000470
marks 1,660731 0,000177
markup 2,040221 0,000651
mascot 2,302585 0,001470
mashup 2,525729 0,000269
match 1,386294 0,000442
mathematical 0,733969 0,000078
mathematics 0,916291 0,000097
matlab 1,660731 0,000177
meaning 0,544727 0,000232
means 0,198451 0,000063
mechanism 0,733969 0,000156
media 0,139262 0,000030
mediawiki 3,218876 0,001370
meeting 1,427116 0,000152
melayuminangkabau 2,040221 0,000217
member 1,237874 0,000263
members 0,755023 0,000080
memory 0,579818 0,000185
menu -0,009950 -0,000002
merge 1,897120 0,000202
messaging 1,714798 0,000182
metadata 1,347074 0,000143
method 0,210721 0,000157
methods 0,274437 0,000263
mic 3,218876 0,000342
michael 0,400478 0,000043
microformatsspoken 2,995732 0,000319
microservices 2,407946 0,000256
microsoft 0,579818 0,000555
microsystems 1,966113 0,000418
midgard 2,995732 0,000319
migrating 2,659260 0,000283
migration 1,714798 0,000365
mikael 3,506558 0,000373
million 0,916291 0,000195
mime 2,525729 0,000537
minimum 1,469676 0,000156
minor 1,469676 0,000782
minutes 1,966113 0,000209
mismatchpages 2,525729 0,000269
missing 0,891598 0,000095
mistakes 2,040221 0,000217
mit 0,776529 0,000083
mix 1,660731 0,000177
mixed 1,309333 0,000557
mixture 2,407946 0,000256
mjtsai 3,912023 0,000416
mobile -0,009950 -0,000001
mod 2,120264 0,002706
mode 0,891598 0,000379
model 0,162519 0,000069
modern 0,314711 0,000033
modifiers 3,218876 0,000342
modify 1,237874 0,000132
module 1,049822 0,000893
modules 1,347074 0,000287
modx 2,995732 0,000319
mono 2,407946 0,000256
month 1,660731 0,000530
months 0,891598 0,000190
moodle 3,912023 0,000832
more 0,010050 0,000019
most 0,040822 0,000074
mostly 0,994252 0,000212
move -0,009950 -0,000005
movement 1,427116 0,000455
moves 1,427116 0,000304
mozilla 1,514128 0,000322
mpl 2,995732 0,000319
mse 2,302585 0,000245
multi 0,342490 0,000036
multibyte 3,912023 0,001248
multiple 0,116534 0,000087
multithreading 1,897120 0,000404
muppet 3,912023 0,000416
museum 1,714798 0,000182
myage 3,912023 0,000832
mysql 2,525729 0,002418
mysqlnd 3,912023 0,000416
nacl 2,525729 0,000269
name 0,342490 0,001166
named 0,820981 0,000175
names 0,673345 0,000573
namespace 1,832581 0,000780
namespaces 2,207275 0,000235
naming 1,386294 0,000442
nan 2,813411 0,000299
national 0,562119 0,000179
native 1,078810 0,000918
navigation -0,009950 -0,000001
near 1,171183 0,000125
necessary 0,616186 0,000131
nederlands 0,415515 0,000044
need 0,248461 0,000053
needed 0,210721 0,000336
needing 0,597837 0,000127
negative 1,078810 0,000344
net 0,415515 0,007470
netbeans 2,525729 0,000269
netmajor 3,912023 0,000416
netscape 2,040221 0,000217
network 0,210721 0,000067
never 1,021651 0,000761
neverending 3,912023 0,000416
new 0,010050 0,000038
newer 1,309333 0,000139
newlines 3,506558 0,000373
news 0,446287 0,000332
newsgroup 2,659260 0,000566
next 0,400478 0,000213
nibble 3,912023 0,000416
nikita 3,912023 0,001665
node 1,203973 0,000128
nodiscard 3,912023 0,000416
non -0,009950 -0,000013
none 1,609438 0,000171
nor 1,386294 0,000295
noreturn 3,912023 0,000416
normal 1,139434 0,000485
norsk 0,342490 0,000036
not 0,000000 0,000000
notably 1,309333 0,000279
notation 1,203973 0,000640
notations 1,771957 0,000188
notes 0,415515 0,000088
notices 2,525729 0,000269
noting 2,995732 0,000319
nov 1,966113 0,000209
novalombardmadhur 2,813411 0,000299
november 0,150823 0,000513
novice 2,525729 0,000269
now 0,274437 0,000175
nowdoc 3,912023 0,001665
npapi 2,813411 0,000299
npruntime 2,995732 0,000319
nsapi 2,995732 0,000319
nuanced 3,912023 0,000416
nuke 2,995732 0,000319
null 1,347074 0,001863
nullable 2,995732 0,001593
nullsafe 3,912023 0,000832
number 0,051293 0,000022
numbering 2,995732 0,000319
numbers 0,544727 0,000174
numentries 3,912023 0,000416
numeric 1,427116 0,000911
numerous 1,203973 0,000384
nvd 3,506558 0,000373
nynorskoccitano 2,659260 0,000283
object 0,544727 0,001333
objects 0,544727 0,000811
ocaml 1,966113 0,000209
occur 0,916291 0,000195
oct 2,302585 0,000490
octal 3,506558 0,001119
october 0,139262 0,000311
offer 0,820981 0,000175
offering 0,994252 0,000106
offers 0,755023 0,000161
office 0,916291 0,000097
official 0,733969 0,000625
officially 1,660731 0,001237
old 0,994252 0,000423
older 1,237874 0,000132
oldid -0,009950 -0,000001
olesperantoeuskara 0,510826 0,000054
olsson 3,912023 0,000416
omnihttpd 3,912023 0,000416
once 0,544727 0,000058
one 0,010050 0,000009
online 0,415515 0,000133
only 0,051293 0,000115
onwards 2,525729 0,000537
opcache 3,912023 0,000832
opcode 3,912023 0,001248
opcodes 3,912023 0,000416
open 0,235722 0,000552
opening 1,966113 0,000209
openssl 2,995732 0,000637
openvms 3,218876 0,000342
operating 0,462035 0,000246
operations 0,301105 0,000032
operator 1,139434 0,001576
operators 1,237874 0,000395
optimization 0,693147 0,000074
optimize 1,560648 0,000166
optimizer 2,525729 0,000537
optimizing 1,469676 0,000156
optional 1,386294 0,000147
options 1,108663 0,000236
orchestrate 3,506558 0,000373
order 0,094311 0,000020
ordering 1,897120 0,000202
org -0,009950 -0,000004
organically 3,218876 0,000685
organisations 1,897120 0,000202
organization -0,009950 -0,000001
oriented 0,798508 0,000595
original 0,030459 0,000168
originally 0,820981 0,000437
orms 3,218876 0,000342
osunix 3,912023 0,000416
other -0,009950 -0,000029
others 0,314711 0,000100
out 0,261365 0,000056
outdated 2,302585 0,000980
outline 0,653926 0,000070
outperformed 2,659260 0,000283
output 0,713350 0,000228
outputs 1,660731 0,000177
outside 0,798508 0,000255
over 0,094311 0,000090
overflow 1,771957 0,000565
overhauled 3,506558 0,000373
overhead 1,469676 0,000156
override 2,995732 0,001275
overriden 3,912023 0,000416
overriding 3,218876 0,000342
overview 0,616186 0,000131
owasp 3,218876 0,000342
owin 2,995732 0,000319
own 0,371064 0,000039
package 1,078810 0,000230
packages 1,309333 0,000418
packagist 3,912023 0,000416
page -0,009950 -0,000016
pagecontentscurrent -0,009950 -0,000001
pageget -0,009950 -0,000001
pagely 3,912023 0,000832
pages -0,009950 -0,000006
paper 0,713350 0,000076
paradigm 1,021651 0,000109
parameter 1,108663 0,000708
parameters 1,021651 0,001304
parent 1,966113 0,000418
parentheses 2,302585 0,000490
parrot 2,302585 0,001470
parrotinfluenced 3,912023 0,000416
parsable 3,912023 0,000416
parse 2,525729 0,000269
parser 2,302585 0,000245
parsing 1,714798 0,000365
part 0,127833 0,000122
particular 0,301105 0,000032
parts 0,544727 0,000058
party 0,798508 0,000085
pascal 1,386294 0,000295
pass 1,469676 0,000156
passed 1,469676 0,000782
passenger 2,207275 0,000235
passing 1,771957 0,000565
password 2,207275 0,001174
past 1,049822 0,000112
patch 2,120264 0,000226
patents 1,714798 0,000182
path 0,994252 0,000106
patterson 2,525729 0,000269
paul 0,544727 0,000290
pauli 3,506558 0,000373
pawel 3,506558 0,000746
pay 1,272966 0,000135
pcre 3,912023 0,000832
pdf 0,139262 0,000030
pdfprintable -0,009950 -0,000001
pdo 3,912023 0,001665
pdt 3,912023 0,000416
peachpie 3,912023 0,001665
pear 3,912023 0,000832
pecl 3,912023 0,002081
people 0,356675 0,000076
per 0,616186 0,000197
perforce 3,218876 0,000342
perform 0,562119 0,000120
performance 0,261365 0,000473
performed 0,867501 0,000092
period 1,108663 0,000236
perl 1,386294 0,001475
permanent 1,609438 0,000171
permission 1,897120 0,000202
permissive 2,659260 0,000283
permitting 2,995732 0,000319
persistent 1,660731 0,000177
person 1,021651 0,000109
personal -0,009950 -0,000010
phalanger 3,506558 0,001119
phalcon 2,995732 0,000637
phar 3,912023 0,000832
php -0,009950 -0,000963
phparch 3,912023 0,000416
phpbb 3,912023 0,000416
phpdbg 3,912023 0,000416
phpedit 3,912023 0,000416
phpfoo 3,912023 0,000416
phpformationnovember 3,912023 0,000416
phpinfo 3,912023 0,000416
phpng 3,912023 0,002497
phpparadigmmulti 3,912023 0,000416
phpprocedural 3,912023 0,000416
phpstorm 3,218876 0,000685
phpswebsitephp 3,912023 0,000416
phpunit 3,912023 0,000416
pht 3,912023 0,000416
phtml 3,912023 0,000416
phusion 2,813411 0,000299
physical 0,616186 0,000066
piemont 1,427116 0,000152
pipe 2,813411 0,000599
pipp 3,912023 0,000416
placing 1,966113 0,000209
plan 0,916291 0,000097
planned 1,714798 0,000912
planning 0,941609 0,000100
plans 1,171183 0,000249
platform 0,527633 0,000505
platforms 0,776529 0,000248
plush 3,912023 0,000416
point 0,301105 0,000160
pointers 2,302585 0,000245
policy -0,009950 -0,000002
pontier 3,506558 0,001119
pop 1,771957 0,000188
popov 2,995732 0,001275
popular 0,579818 0,000185
popularity 1,171183 0,000374
port 1,609438 0,000171
portability 1,771957 0,000188
portable 1,660731 0,000177
portal 0,597837 0,000127
portalfree 3,218876 0,000342
portalrecent -0,009950 -0,000001
ported 1,966113 0,000418
portlet 2,995732 0,000319
positive 1,272966 0,000271
possible 0,287682 0,000061
post 0,579818 0,000062
postgresql 2,813411 0,000299
potential 0,653926 0,000139
potentially 0,755023 0,000321
powered 1,660731 0,000707
ppapi 2,995732 0,000319
practice 0,371064 0,000039
prado 2,813411 0,000599
praising 3,506558 0,000373
preceded 2,407946 0,000256
predecessor 2,813411 0,000299
predictable 2,302585 0,000245
preface 2,525729 0,000537
prefixed 2,995732 0,000319
preload 3,912023 0,000416
preloading 3,506558 0,000373
prepared 2,207275 0,000235
preprocessor 2,995732 0,000956
present 0,597837 0,000064
presentation 1,660731 0,000177
preserved 2,525729 0,000269
press 0,210721 0,000022
prestashop 3,912023 0,000416
prevalence 2,659260 0,000566
previous 0,843970 0,000180
previously 0,843970 0,000090
primarily 0,653926 0,000070
primary 0,527633 0,000112
principles 0,597837 0,000064
print -0,009950 -0,000001
prints 2,407946 0,000512
prior 0,891598 0,000190
privacy -0,009950 -0,000002
private 0,693147 0,000516
problems 0,430783 0,000183
procedural 2,040221 0,000217
process 0,116534 0,000112
processed 1,609438 0,000514
processing 0,356675 0,000114
processor 1,272966 0,000271
processwire 2,995732 0,000319
produced 0,820981 0,000175
produces 1,560648 0,000166
producing 1,347074 0,000143
products 0,579818 0,000123
professional 0,843970 0,000090
profile 1,514128 0,000322
profit -0,009950 -0,000001
program 0,328504 0,000210
programmed 1,609438 0,000342
programmer 1,386294 0,000442
programmers 1,347074 0,000716
programming 0,446287 0,001282
programs 0,494296 0,000105
progressive 2,407946 0,000256
project 0,314711 0,000402
projects -0,009950 -0,000008
proliferation 1,832581 0,000195
prolog 1,897120 0,000202
promise 1,427116 0,000152
promote 1,609438 0,000171
promoting 1,897120 0,000202
promotion 2,040221 0,000434
prone 2,120264 0,000226
pronskiy 3,912023 0,001248
properties 0,693147 0,000959
property 0,776529 0,000248
proposal 1,514128 0,000161
proposed 0,713350 0,000076
proprietary 1,171183 0,000498
protected 0,776529 0,000413
protocol 0,713350 0,000076
prototyped 3,506558 0,000373
provide 0,174353 0,000093
provided 0,494296 0,000315
providers 1,514128 0,000322
provides 0,261365 0,000195
providing 0,673345 0,000143
proxy 1,832581 0,000195
pseudo 2,302585 0,000490
pseudorandom 2,813411 0,000299
psgi 2,995732 0,000319
pthreads 3,506558 0,001119
public 0,248461 0,000396
publish 1,714798 0,000365
published 0,328504 0,000035
pure 1,560648 0,000332
purporting 3,912023 0,000416
purpose 0,356675 0,000114
push 1,609438 0,000171
python 0,916291 0,000780
qcodo 2,995732 0,000319
quercus 3,912023 0,001248
quick 1,609438 0,000342
quite 1,514128 0,000161
quot 1,560648 0,008964
quoted 2,040221 0,000217
quotes 2,207275 0,001174
rack 2,407946 0,000256
rad 3,218876 0,000342
rahmat 3,912023 0,000416
raku 2,040221 0,000217
ramat 3,912023 0,000416
rand 2,525729 0,001075
random 0,843970 0,000359
randomizer 3,912023 0,000832
randomness 2,207275 0,000470
range 0,446287 0,000095
rapid 1,237874 0,000132
rare 1,771957 0,000377
rarely 1,514128 0,000161
rasmus 3,506558 0,005595
rather 0,287682 0,000061
raw 1,272966 0,000135
raz 3,912023 0,000832
rbaycanca 0,248461 0,000026
rdbms 2,813411 0,000299
reached 1,309333 0,000139
react 1,966113 0,000209
read 0,843970 0,000180
readeditview 0,287682 0,000061
reading 0,342490 0,000073
readonly 3,506558 0,001492
real 0,210721 0,000022
reasons 0,891598 0,000095
rebranding 2,813411 0,000299
received 1,078810 0,000230
recent 0,693147 0,000147
reclassification 3,912023 0,000416
reclassifying 3,912023 0,000416
recognizing 2,120264 0,000226
recommendation 1,897120 0,000202
recommended 1,609438 0,000171
record 0,916291 0,000097
recovery 1,714798 0,000182
recursive 1,771957 0,000377
redaction 3,912023 0,000416
redbooks 3,912023 0,000832
redirecting 3,218876 0,000342
reduced 1,078810 0,000115
reduces 1,609438 0,000171
reducing 1,021651 0,000109
refactored 3,912023 0,000416
refactoring 2,659260 0,000283
refer 0,867501 0,000092
reference 0,478036 0,000559
referenced 2,040221 0,000651
references 0,020203 0,000015
referring 2,120264 0,000226
reflect 1,386294 0,000147
reflection 2,040221 0,000434
reflectivedesigned 3,218876 0,000342
register 1,309333 0,000975
registered -0,009950 -0,000002
registry 2,525729 0,000537
reilly 1,078810 0,000344
rejected 1,966113 0,000209
related 0,051293 0,000033
relational 1,714798 0,000182
relay 2,659260 0,000283
release 0,579818 0,002899
released 0,693147 0,001696
releases 1,347074 0,000716
remaining 1,309333 0,000418
remote 0,843970 0,000090
removal 1,609438 0,000171
remove 0,527633 0,000168
removed 0,693147 0,000442
removing 1,714798 0,000182
replacement 1,714798 0,000547
replica 3,506558 0,000373
report 0,462035 0,000147
reporting 1,427116 0,000152
reports 1,049822 0,000112
repository 1,078810 0,000344
represent 0,733969 0,000078
representation 0,776529 0,000083
representing 1,108663 0,000118
represents 0,891598 0,000095
republicspainisraelotherelmcipyale 3,218876 0,000342
request 1,203973 0,000384
requested 1,897120 0,000202
requests 1,237874 0,000132
require 0,462035 0,000049
required 0,274437 0,000058
requirements 0,597837 0,000191
requires 0,430783 0,000046
requiring 1,049822 0,000112
resemble 2,525729 0,000269
reserved 2,120264 0,000226
reset 2,995732 0,000319
resetting 2,995732 0,000319
resource 0,733969 0,000156
resources 0,314711 0,000167
respective 1,966113 0,000209
response 0,755023 0,000241
responsible 1,078810 0,000115
rest 1,108663 0,000236
restriction 2,302585 0,000245
result 0,371064 0,000276
resulted 1,832581 0,000195
resulting 0,798508 0,000340
results 0,446287 0,000047
retaining 2,813411 0,000299
rethams 3,912023 0,000416
retrieved -0,009950 -0,000300
retrospect 3,506558 0,000373
return 0,820981 0,001659
returns 1,560648 0,000664
reuse 2,525729 0,000269
reveals 2,040221 0,000217
reviews 1,560648 0,000332
revision 1,347074 0,000143
revolution 1,272966 0,000135
reworked 3,506558 0,000373
rewrite 2,207275 0,000235
rewritten 1,966113 0,000209
rewrote 3,506558 0,000746
rfc 1,714798 0,018423
rfcs 2,995732 0,000319
rich 1,347074 0,000287
right 0,478036 0,000051
rights 0,891598 0,000095
rkmen 1,966113 0,000209
roa 2,813411 0,000299
road 1,427116 0,000152
rocks 2,525729 0,000269
role 0,634878 0,000068
rom 0,616186 0,000066
roman 2,040221 0,000651
room 1,897120 0,000202
root 0,994252 0,000106
roslyn 3,506558 0,000373
routing 1,560648 0,000166
rowest 3,912023 0,000416
ruby 1,347074 0,000573
rules 0,616186 0,000066
run 0,446287 0,000095
runa 0,916291 0,000097
running 0,713350 0,000228
runs 1,171183 0,000249
runtime 1,347074 0,001719
russian 1,609438 0,000342
rust 1,427116 0,000152
safe 0,994252 0,000106
safety -0,009950 -0,000002
said 0,755023 0,000161
salaries 3,506558 0,000373
sam 1,427116 0,000152
same 0,116534 0,000062
sample 1,469676 0,000156
sampled 2,995732 0,000319
sams 2,813411 0,000299
sandwich 3,506558 0,000373
saner 3,912023 0,002081
santa 2,659260 0,000283
sapi 3,506558 0,002611
sapis 3,912023 0,002497
sara 2,995732 0,000319
saramg 3,912023 0,000416
sas 1,771957 0,000188
sascha 3,218876 0,000342
sasturianuaz 2,525729 0,000269
saying 1,897120 0,000202
scalar 2,525729 0,001881
scenarios 1,514128 0,000161
scgi 2,995732 0,000319
scheme 1,469676 0,000156
scherzer 3,912023 0,000832
schumann 3,912023 0,000416
science 0,287682 0,000245
scientific 0,693147 0,000147
scissors 3,912023 0,000416
sco 2,813411 0,000299
scope 0,941609 0,000100
scratch 1,771957 0,000188
script 1,897120 0,001816
scripting 1,237874 0,002370
scripts 1,609438 0,000342
sdk 2,407946 0,001025
sdks 3,506558 0,000373
sean 1,609438 0,000171
search -0,009950 -0,000005
searched 2,407946 0,000256
second 0,342490 0,000073
secret 1,832581 0,000195
sections 1,714798 0,000547
secure 1,108663 0,000236
security 0,314711 0,000904
see -0,009950 -0,000004
seed 2,525729 0,000269
seek 1,660731 0,000177
seen 0,776529 0,000083
seiler 3,912023 0,000416
select 1,347074 0,000143
self 0,478036 0,000102
semantics 1,171183 0,000872
semicolon 2,525729 0,000269
senior 1,714798 0,000182
sensitive 1,272966 0,000271
sensitiveparameter 3,912023 0,000416
separate 0,693147 0,000074
separation 1,560648 0,000166
september 0,150823 0,000096
serialization 2,813411 0,000599
series 0,328504 0,000035
serious 1,832581 0,000390
serve 1,139434 0,000121
served 1,832581 0,000195
server 0,653926 0,002713
servers 1,021651 0,001195
service 0,314711 0,000033
services 0,400478 0,000085
serving 2,302585 0,000245
servlet 2,659260 0,000283
session 1,660731 0,000707
set 0,083382 0,000035
setting 1,171183 0,000374
settings 1,609438 0,000514
several 0,094311 0,000070
shane 2,659260 0,000283
shape 1,514128 0,000161
share 0,616186 0,000393
sharealike -0,009950 -0,000001
shared 0,755023 0,000321
sharing 0,967584 0,000103
sharma 2,995732 0,000319
shell 1,237874 0,000263
shelves 2,995732 0,000319
shift 1,347074 0,000143
shifts 2,659260 0,000283
short -0,009950 -0,000010
shortage 2,525729 0,000269
shortags 3,912023 0,000416
shortened -0,009950 -0,000002
shorter 1,714798 0,000365
shorthand 2,813411 0,000599
showed 1,514128 0,000161
shqip 1,966113 0,000209
side 0,693147 0,000885
sidebar -0,009950 -0,000004
sidebrowser 2,995732 0,000319
sideprotocols 2,995732 0,000319
sideways 3,912023 0,000416
signatures 2,120264 0,000451
signed 1,309333 0,000279
significant 0,328504 0,000175
silverstripe 2,995732 0,001275
simi 0,755023 0,000080
similar 0,186330 0,000159
simple 0,150823 0,000080
simpler 1,832581 0,000585
simplifies 2,120264 0,000226
simplify 1,514128 0,000161
simply 0,733969 0,000078
simula 2,040221 0,000217
since 0,139262 0,000222
single 0,127833 0,000041
sister 1,386294 0,000442
site -0,009950 -0,000002
situations 1,237874 0,000132
size 0,462035 0,000049
skip 2,659260 0,000283
sleepycat 2,995732 0,000319
slenskaitaliano 0,562119 0,000060
slide 2,525729 0,000269
slides 2,659260 0,000283
small 0,314711 0,000067
smaller 0,994252 0,000212
smalltalk 1,714798 0,000182
snuffleupagus 3,912023 0,000832
software 0,127833 0,000462
softwaredynamic 3,912023 0,000416
softwarefree 2,207275 0,000235
softwaregeneral 2,995732 0,000319
softwarepackages 2,995732 0,000319
solution 0,776529 0,000165
solve 1,203973 0,000128
some 0,040822 0,000087
sometimes 0,301105 0,000096
sorry 3,506558 0,000373
source 0,186330 0,000634
sources 0,446287 0,000285
sovereign 2,525729 0,000537
spaceship 3,506558 0,001119
special 0,494296 0,000105
specific 0,094311 0,000050
specification 0,941609 0,000300
specified 0,733969 0,000156
speech 1,469676 0,000156
speed 1,049822 0,000335
spl 3,218876 0,000685
split 1,469676 0,000313
splitting 1,897120 0,000202
spoken 2,302585 0,000245
sponsor 2,813411 0,000299
sqaraqalpaqsha 1,386294 0,000147
sql 1,171183 0,000498
sqlite 2,813411 0,000599
squid 2,995732 0,000319
srpskisrpskohrvatski 0,510826 0,000054
sse 2,813411 0,000299
stabilise 3,912023 0,000416
stable 0,867501 0,000185
stack 0,867501 0,000369
stage 1,386294 0,000147
stand 1,714798 0,000365
standalone 2,525729 0,000806
standard 0,198451 0,000253
standardphplibrary 3,912023 0,000416
standards 0,462035 0,000098
standing 1,966113 0,000209
stands 2,525729 0,000269
start 0,843970 0,000090
started 0,634878 0,000068
starting 0,755023 0,000080
state 0,235722 0,000025
statement -0,009950 -0,000004
statements 0,314711 0,000201
statementsarticles 0,544727 0,000058
statementspages 3,218876 0,000342
states 0,385662 0,000041
statesfrancebnf 0,510826 0,000054
static 1,272966 0,001219
statically 2,407946 0,000256
statistics -0,009950 -0,000010
status 0,693147 0,000074
statuscs 3,506558 0,000373
stdio 3,218876 0,000342
step 0,967584 0,000103
stig 3,912023 0,000416
still 0,342490 0,000109
stipulates 3,912023 0,000416
stitcher 3,912023 0,000832
stogov 3,912023 0,001248
stop 1,203973 0,000128
storage 0,430783 0,000046
stored 0,733969 0,000234
stores 1,272966 0,000271
story 1,514128 0,000161
str 2,813411 0,000299
strcmp 3,912023 0,000416
strict 1,609438 0,000171
stricter 2,813411 0,000898
string 1,171183 0,003488
strings 1,514128 0,002255
strtolower 3,912023 0,000832
structure 0,314711 0,000067
structures 0,673345 0,000215
student 1,609438 0,000685
students 1,469676 0,000469
studies 0,673345 0,000286
studio 1,660731 0,000177
style 0,994252 0,000212
subject 0,527633 0,000056
subsection 0,020203 0,000009
subsequent 1,469676 0,000156
substantial 1,427116 0,000304
substr 3,912023 0,000416
subtracting 2,995732 0,000319
succeeding 3,506558 0,000373
successful 0,843970 0,000090
successor 2,040221 0,000217
such 0,000000 0,000000
suggest 1,771957 0,000188
suhosin 3,912023 0,000416
suite 1,386294 0,000147
suited 1,514128 0,000322
suites 2,207275 0,000235
sun 1,237874 0,000263
suomisvenskatagalog 1,171183 0,000125
superglobals 3,912023 0,000416
supplement 3,218876 0,000342
supply 1,171183 0,000125
support 0,198451 0,000802
supported 0,634878 0,000810
supports 0,867501 0,000369
suraski 3,912023 0,002497
surprising 2,659260 0,000283
surrounding 1,832581 0,000195
surveys 1,714798 0,000182
svg 2,525729 0,000269
swift 1,386294 0,000147
switches 2,207275 0,000235
symbol 1,469676 0,000156
symfony 2,813411 0,000898
synonym 2,525729 0,000269
syntax 1,171183 0,004360
syntaxes 2,995732 0,000319
synthesis 1,714798 0,000182
system 0,030459 0,000039
systems 0,061875 0,000053
table -0,009950 -0,000005
tables 1,660731 0,000177
tag 1,714798 0,000547
tags 1,897120 0,000202
taint 3,912023 0,001248
takes 0,634878 0,000068
talk 1,203973 0,000256
tall 3,218876 0,000342
taqbaylit 1,897120 0,000202
tasks 0,798508 0,000170
tcl 2,525729 0,000269
teach 2,040221 0,000868
teacher 2,995732 0,001275
teachers 3,506558 0,001119
teachingcourses 3,912023 0,000832
team 0,776529 0,000330
tech 0,967584 0,000206
technical 0,478036 0,000102
technique 0,994252 0,000106
technologies 0,562119 0,000598
technology 0,186330 0,000079
techs 2,525729 0,001881
television 1,609438 0,000171
template 0,328504 0,000070
ten 1,469676 0,000156
term 0,223144 0,000119
terminated 2,995732 0,000319
terminologyobject 3,912023 0,000416
terms -0,009950 -0,000004
ternary 3,218876 0,000342
testing 0,616186 0,000262
text -0,009950 -0,000006
than 0,072571 0,000046
thank 3,506558 0,000373
thankyou 3,912023 0,000416
that 0,000000 0,000000
then 0,116534 0,000074
thephp 3,912023 0,000832
there 0,051293 0,000065
therefore 0,478036 0,000051
theregister 2,995732 0,000319
these 0,040822 0,000035
theserverpages 3,912023 0,000416
thies 3,912023 0,000416
thin 2,207275 0,000235
third 0,356675 0,000038
this -0,009950 -0,000049
thomas 0,527633 0,000056
those 0,235722 0,000150
though 0,544727 0,000232
threads 2,407946 0,000256
three 0,287682 0,000214
throughout 1,078810 0,000115
throw 3,218876 0,001027
throws 3,218876 0,000342
thus 0,328504 0,000035
tideways 3,912023 0,000416
tight 2,995732 0,000319
tim 0,867501 0,000185
time 0,010050 0,000013
timeline 0,776529 0,000248
times 0,314711 0,000033
timing 2,120264 0,000226
tinacymraegdanskdeutscheesti 2,302585 0,000245
title -0,009950 -0,000003
titles 2,207275 0,000235
tivoization 2,995732 0,000319
todo 3,506558 0,001865
together 0,579818 0,000062
toggle -0,009950 -0,000006
toolkit 1,469676 0,000156
tools -0,009950 -0,000016
top -0,009950 -0,000002
topic -0,009950 -0,000001
topics 0,653926 0,000278
total 0,673345 0,000143
towards 1,203973 0,000256
toy 2,659260 0,000283
trachtenberg 3,912023 0,000416
trademark -0,009950 -0,000001
traffic 1,272966 0,000135
training 1,078810 0,000115
trait 2,813411 0,001197
traits 2,659260 0,000566
transfer 0,693147 0,000074
transforms 2,302585 0,000490
transition 1,427116 0,000152
translated 1,609438 0,000342
translator 2,995732 0,000319
transparency 1,560648 0,000498
traversable 3,912023 0,001248
treated 1,514128 0,000322
treats 2,813411 0,000299
tree 0,843970 0,000090
trend 1,237874 0,000132
trojan 2,407946 0,000256
true 0,776529 0,000578
trusted 1,560648 0,000166
tschpolskiportugu 1,832581 0,000195
tune 2,995732 0,000319
tweaks 3,912023 0,000832
tweet 2,995732 0,000319
twitter 1,660731 0,000353
two 0,083382 0,000098
type 0,150823 0,000834
typed 1,609438 0,001198
typeerror 3,912023 0,000416
typehint 3,912023 0,000416
types 0,198451 0,000697
typically 0,223144 0,000024
typing 1,560648 0,000498
typo 2,995732 0,001275
tyson 3,912023 0,000416
tzebuergeschlietuvi 1,514128 0,000161
ucfirst 3,912023 0,000416
ugly 3,506558 0,000373
unbundle 3,912023 0,000416
under -0,009950 -0,000010
underlying 0,755023 0,000080
understands 2,995732 0,000319
understood 1,469676 0,000156
unfit 1,609438 0,000171
unicode 1,832581 0,002729
uniform 1,347074 0,000287
uninitialized 2,995732 0,000319
union 1,021651 0,000326
unions 2,207275 0,000235
united 0,527633 0,000056
university 0,186330 0,000020
unix 1,469676 0,000156
unless 1,237874 0,000132
unlicense 2,995732 0,000319
unlike 0,798508 0,000085
unmaintained 3,506558 0,000746
unofficially 3,506558 0,000373
unpacking 2,995732 0,000319
unregister 3,912023 0,000416
unsigned 2,525729 0,000269
unsourced 0,446287 0,000142
unsupported 2,302585 0,006123
unsupportedsupportedlatest 3,218876 0,000342
until 0,510826 0,000054
unusually 2,995732 0,000319
update 0,527633 0,000225
updated 0,867501 0,000092
updates 1,203973 0,000128
uploaded 3,218876 0,001027
uppercase 2,995732 0,000319
url 1,237874 0,000527
urlcs 2,120264 0,000226
urldownload -0,009950 -0,000001
usage 0,597837 0,000827
use -0,009950 -0,000023
used -0,009950 -0,000036
useful 0,634878 0,000068
usenet 2,659260 0,000283
usenix 1,966113 0,000418
user 0,328504 0,000594
username 2,525729 0,000269
users 0,478036 0,000254
uses 0,094311 0,000050
using -0,009950 -0,000028
usually 0,223144 0,000047
utc -0,009950 -0,000001
utf 2,207275 0,000470
validate 2,120264 0,000451
validation 1,237874 0,000395
value 0,301105 0,000384
values 0,597837 0,000445
var 1,966113 0,000418
variable 0,843970 0,001257
variables 0,891598 0,001328
variadic 3,506558 0,000373
variance 1,714798 0,000182
variations 1,514128 0,000161
variety 0,653926 0,000139
various 0,223144 0,000190
verification 0,733969 0,000078
verificationwikipedia 3,506558 0,000373
version -0,009950 -0,000037
versionfuture 3,218876 0,000342
versioning 2,525729 0,000269
versionpreview 3,218876 0,000342
versions 0,579818 0,001357
versus 1,347074 0,000143
very 0,314711 0,000067
via 0,186330 0,000079
video 0,616186 0,000131
view -0,009950 -0,000001
viewed 1,347074 0,000143
vincent 1,771957 0,000565
vinit 3,912023 0,000416
virtual 0,527633 0,000281
visibility 2,040221 0,001519
visual 0,843970 0,000090
vlamswinaraywolof 3,218876 0,000342
void 2,302585 0,000735
vote 2,995732 0,001275
vtefree 2,995732 0,000319
vtephppeople 3,912023 0,000416
vteprogramming 2,040221 0,000217
vteweb 1,966113 0,000209
vulnerabilities 1,469676 0,001094
vulnerability 1,609438 0,000856
vying 3,912023 0,000416
walk 2,525729 0,000269
walker 2,659260 0,000283
wamp 3,912023 0,000416
wanted 1,714798 0,000182
warnings 2,525729 0,000269
watch 1,386294 0,000442
way 0,198451 0,000232
ways 0,446287 0,000142
wddx 3,912023 0,000832
weak 1,832581 0,000585
weakrefs 3,912023 0,000416
web 0,342490 0,002441
webassembly 1,660731 0,000177
webauthn 2,407946 0,000256
webcl 2,813411 0,000299
webdav 2,995732 0,000319
webgl 2,407946 0,000256
webgpu 2,407946 0,000256
webhook 2,813411 0,000299
webhosting 3,912023 0,000416
webrtc 2,407946 0,000256
website 0,634878 0,000135
websitehttps 3,912023 0,000416
websites 1,203973 0,001537
websocket 2,302585 0,000245
websockets 2,813411 0,000299
webusb 2,995732 0,000319
webxr 2,525729 0,000269
welcome 1,966113 0,000209
well 0,051293 0,000033
what -0,009950 -0,000015
when 0,030459 0,000026
where 0,072571 0,000046
whether 0,400478 0,000128
which 0,000000 0,000000
while 0,051293 0,000060
white 1,108663 0,000118
whitespace 2,207275 0,000235
who 0,301105 0,000032
whole 0,916291 0,000195
why 0,494296 0,000158
wide 0,597837 0,000127
widely 0,342490 0,000109
widening 2,995732 0,000319
widget 2,813411 0,000299
wiki 1,427116 0,010930
wikibooks 1,427116 0,000152
wikibooksresources 1,660731 0,000177
wikidata 0,562119 0,000060
wikidataall 2,207275 0,000235
wikidataarticles 1,171183 0,000125
wikimedia -0,009950 -0,000002
wikipedia -0,009950 -0,000007
wikipediacontact -0,009950 -0,000001
wikiversitydocumentation 3,506558 0,000373
windows 1,021651 0,001847
winstead 3,912023 0,000416
wireless 1,078810 0,000115
within 0,116534 0,000062
without 0,094311 0,000030
woa 2,995732 0,000319
won 1,469676 0,000156
wonder 3,506558 0,000373
word 0,693147 0,000074
wordpress 2,407946 0,001537
work 0,127833 0,000068
worked 1,609438 0,000171
worker 1,714798 0,000182
works 0,693147 0,000442
world 0,139262 0,000074
wrapper 2,659260 0,000283
wrapping 2,813411 0,000599
write 0,941609 0,000300
writing 0,891598 0,000759
written 0,287682 0,000214
wrote 1,078810 0,000115
wsgi 2,813411 0,000599
wsrp 2,995732 0,000319
wtfpl 2,995732 0,000319
wwphp 3,912023 0,000416
www 0,356675 0,000266
wxphp 3,912023 0,000416
xampp 3,912023 0,000416
xbap 2,995732 0,000319
xhtml 2,813411 0,000299
xinchen 3,912023 0,000416
xml 1,203973 0,000512
xmlhttprequest 2,407946 0,000256
xoops 2,995732 0,000319
xpconnect 2,995732 0,000319
yahoo 1,832581 0,000195
year 0,579818 0,000493
yearly 2,525729 0,000269
years 0,274437 0,000409
yearsold 3,912023 0,001248
yet 0,891598 0,000095
yii 2,995732 0,000637
zbekcha 0,462035 0,000049
zeev 3,912023 0,002081
zend 3,506558 0,017531
zendengine 3,912023 0,000416
zephir 3,912023 0,001248
zero 0,733969 0,000390
zlib 2,813411 0,000299
zlicensephp 3,912023 0,000416
zmievski 3,912023 0,001665
zone 2,659260 0,000283
zpp 3,506558 0,000373
zvals 3,912023 0,000832
