abil 0,562119 0,000208
abstract 0,713350 0,000528
access 0,127833 0,000047
accord 0,287682 0,000213
account -0,009950 -0,000007
across 0,415515 0,000154
action -0,009950 -0,000004
activ 0,356675 0,000132
ad 0,223144 0,000248
adam 1,203973 0,000446
adapt 0,798508 0,000296
add -0,009950 -0,000004
addit -0,009950 -0,000004
addition 0,967584 0,000358
address 0,342490 0,000127
admin 2,813411 0,001042
adopt 0,415515 0,000154
advanc 0,235722 0,000262
adventur 2,813411 0,002083
ago 0,967584 0,000716
agre -0,009950 -0,000004
ahm 2,040221 0,000755
ai 1,272966 0,000471
aida 3,218876 0,001192
ajax 1,832581 0,000678
all 0,000000 0,000000
allow 0,061875 0,000160
almost 0,798508 0,000296
alphabet 1,469676 0,000544
alreadi 0,776529 0,000287
also -0,009950 -0,000018
altern 0,342490 0,000127
although 0,287682 0,000107
ambler 3,506558 0,001298
amount 0,579818 0,000215
amp -0,009950 -0,000033
analog 1,021651 0,000378
angular 2,207275 0,004086
angularj 2,525729 0,004676
anim 1,021651 0,003026
animatrix 3,912023 0,002897
announc 0,733969 0,001359
api 0,798508 0,000591
app 1,021651 0,004161
appear -0,009950 -0,000007
appfus 2,995732 0,001109
appli -0,009950 -0,000018
applic 0,030459 0,000192
approach 0,174353 0,000129
appropri 0,867501 0,000642
apress 1,966113 0,002912
april 0,072571 0,000349
architectur 0,400478 0,000445
archiv 0,040822 0,000665
arrang 1,560648 0,000578
articl 0,000000 0,000000
articleabout -0,009950 -0,000004
articletalk -0,009950 -0,000004
asp 2,040221 0,000755
aspir 2,659260 0,000985
assemblyscript 2,995732 0,001109
associ 0,127833 0,000047
astro 3,506558 0,003895
attach 1,514128 0,000561
attribut -0,009950 -0,000011
august 0,162519 0,000602
authent 1,347074 0,000499
authorevan 3,912023 0,001448
automat 0,462035 0,000342
avail -0,009950 -0,000007
back 0,462035 0,000171
backbon 2,407946 0,002675
bahasa 0,186330 0,000069
ball 2,120264 0,001570
base 0,010050 0,000022
basic 0,198451 0,000073
bebop 3,912023 0,002897
becaus 0,127833 0,000047
becom 0,274437 0,000203
begin 0,385662 0,000143
behavior 0,342490 0,000127
belong 1,347074 0,000499
benefit 0,776529 0,000287
better 0,494296 0,000183
bfc 3,218876 0,001192
bin 2,525729 0,000935
bind 1,469676 0,000544
bizarr 3,912023 0,002897
blade 2,813411 0,002083
blaze 2,525729 0,000935
blazor 2,995732 0,001109
block 0,597837 0,000221
bluebream 2,995732 0,001109
bodi 0,867501 0,000642
book 0,210721 0,000078
bookmark 2,407946 0,000892
bouchefra 3,912023 0,001448
brett 2,525729 0,000935
browser 1,021651 0,002648
bug 1,171183 0,000434
build 0,274437 0,001219
built 0,462035 0,000342
bundl 1,514128 0,000561
bundlephobia 3,912023 0,001448
button 2,040221 0,005288
buttonclick 3,912023 0,005793
cakephp 2,995732 0,001109
calcul 0,916291 0,000339
call 0,030459 0,000045
callum 3,912023 0,001448
campbel 2,995732 0,001109
capabl 0,562119 0,000416
carlo 1,714798 0,000635
case 0,083382 0,000062
catal 0,094311 0,000035
catalyst 2,813411 0,001042
categori -0,009950 -0,000015
certain 0,274437 0,000203
chad 2,659260 0,000985
challeng 0,400478 0,000297
chang 0,051293 0,000076
changesupload -0,009950 -0,000007
cherrypi 2,995732 0,001109
children 1,832581 0,000678
china 0,967584 0,000716
chines 1,309333 0,000970
choic 0,755023 0,000280
choos 0,916291 0,000339
class 0,446287 0,000330
click 1,714798 0,003174
client 0,713350 0,000528
closur 1,771957 0,000656
cloud 0,733969 0,000272
code -0,009950 -0,000026
codeignit 2,995732 0,001109
coffeescript 2,525729 0,000935
coldbox 3,218876 0,001192
coldfus 2,995732 0,001109
collect 0,274437 0,000406
com 0,150823 0,000223
combin 0,261365 0,000097
come 0,356675 0,000528
commerc 1,021651 0,000378
commit 1,108663 0,000410
common -0,009950 -0,000007
commonj 2,813411 0,001042
commonli 0,342490 0,000127
commonsmediawikiwikidata 3,218876 0,001192
commun 0,139262 0,000103
comparison 0,371064 0,000687
compat 0,693147 0,000257
compil 0,755023 0,000839
complex 0,186330 0,000138
compliant 1,897120 0,000702
compon 0,261365 0,003000
compos 1,171183 0,000434
composit 1,386294 0,001027
comprehens 0,867501 0,000321
comput 0,020203 0,000015
concept 0,198451 0,000073
concurr 0,994252 0,000368
conduct -0,009950 -0,000004
consol 1,897120 0,001405
const 2,407946 0,008024
contact -0,009950 -0,000007
contain 0,162519 0,000060
content -0,009950 -0,000026
context 0,446287 0,000165
continu 0,174353 0,000065
contribut -0,009950 -0,000007
contributor 1,832581 0,000678
control 0,020203 0,000015
cooki -0,009950 -0,000004
core 0,579818 0,002791
count 0,916291 0,003392
cours 0,967584 0,001075
cowboi 3,506558 0,002596
cppcm 3,218876 0,001192
creat -0,009950 -0,000037
createapp 3,912023 0,002897
creativ -0,009950 -0,000004
critic 0,385662 0,000143
css 1,897120 0,004214
cubicweb 2,995732 0,001109
current 0,210721 0,000078
custom 0,544727 0,000202
dancer 3,218876 0,001192
dashboard 2,407946 0,000892
data 0,030459 0,000034
date 0,210721 0,000234
dead 1,386294 0,002053
debug 1,660731 0,000615
decemb 0,061875 0,000298
declar 1,108663 0,000410
default 0,693147 0,000257
defin 0,116534 0,000129
definecompon 3,912023 0,002897
delimit 2,207275 0,000817
demand 0,820981 0,000304
depend 0,105361 0,000117
depth 1,427116 0,000528
deriv 0,494296 0,000183
descript -0,009950 -0,000004
descriptionshort 0,000000 0,000000
despit 1,021651 0,000378
detect 0,755023 0,000280
dev 1,514128 0,001121
develop -0,009950 -0,000066
developmentweb 3,912023 0,001448
devtool 2,995732 0,002218
differ 0,010050 0,000007
difficult 0,597837 0,000221
direct 0,261365 0,000290
directli 0,415515 0,000308
disadvantag 1,966113 0,000728
disclaim -0,009950 -0,000004
displai 0,755023 0,000280
dist 3,218876 0,001192
div 2,659260 0,012799
django 2,995732 0,001109
dnn 3,218876 0,001192
doctyp 3,218876 0,001192
document 0,328504 0,000122
doesn 1,609438 0,000596
dojo 2,995732 0,002218
dom 1,560648 0,006356
donat -0,009950 -0,000007
doubl 0,843970 0,000312
doublecount 3,912023 0,004345
download -0,009950 -0,000004
dragon 3,218876 0,002383
drogon 3,218876 0,001192
drupal 2,995732 0,001109
dunk 3,912023 0,001448
dynam 0,342490 0,000254
each 0,072571 0,000054
ecosystem 1,108663 0,003284
edd 3,912023 0,001448
edg 0,820981 0,000304
edit -0,009950 -0,000103
editcommun -0,009950 -0,000004
effect 0,274437 0,000203
effici 0,287682 0,000213
either 0,248461 0,000184
element 0,301105 0,000446
elimin 0,867501 0,000321
elixir 1,771957 0,000656
email 1,469676 0,001632
ember 2,525729 0,002805
emphas 1,347074 0,000499
encapsul 2,120264 0,000785
encount 1,966113 0,000728
encyclopedia -0,009950 -0,000004
end 0,186330 0,000552
endclient 3,218876 0,001192
endserv 3,218876 0,001192
engin 0,061875 0,000023
english -0,009950 -0,000004
enhanc 0,510826 0,001324
enterpris 0,446287 0,000165
entir 0,597837 0,000221
erlang 1,714798 0,000635
essenti 0,634878 0,000470
evan 2,120264 0,006280
evangelion 3,912023 0,002897
event 0,356675 0,000132
eventsrandom -0,009950 -0,000004
evolut 0,820981 0,000608
exact 1,427116 0,000528
exampl 0,020203 0,000007
excess 1,386294 0,000513
execut 0,356675 0,000264
experi 0,510826 0,000189
expert 1,078810 0,000799
expertis 1,897120 0,000702
export -0,009950 -0,000004
express 0,544727 0,000807
ext 2,813411 0,001042
extend 0,385662 0,000428
extens 0,342490 0,000254
extern 0,030459 0,000056
extract 1,108663 0,000410
fastapi 2,995732 0,001109
faster 0,994252 0,000368
fastifi 2,813411 0,002083
fat 1,966113 0,000728
favor 1,139434 0,000422
featur 0,210721 0,000624
februari 0,061875 0,000389
fetch 1,966113 0,000728
figur 1,272966 0,000471
file 0,446287 0,000165
fileperman -0,009950 -0,000004
filespeci -0,009950 -0,000004
final 0,494296 0,000183
find 0,371064 0,000137
fine 1,609438 0,000596
first 0,020203 0,000045
fix 0,385662 0,000143
flask 2,995732 0,001109
flow 0,430783 0,000159
focus 0,653926 0,000968
follow 0,072571 0,000054
form 0,072571 0,000027
format 0,634878 0,000235
foundat -0,009950 -0,000004
frame 1,560648 0,000578
framer 3,912023 0,001448
framework 0,287682 0,002024
frameworksjavascript 3,912023 0,001448
frameworkssoftwar 3,506558 0,001298
fran 0,223144 0,000083
franklin 2,407946 0,000892
free -0,009950 -0,000018
freeman 2,659260 0,000985
fresh 2,120264 0,002355
front 1,078810 0,002396
frontend 2,407946 0,000892
fuelphp 2,995732 0,001109
full 0,371064 0,000275
function 0,030459 0,000056
fusion 1,514128 0,000561
gap 1,347074 0,000499
gener -0,009950 -0,000011
get 0,430783 0,000159
ghost 2,813411 0,002083
github 1,078810 0,009985
global 0,446287 0,000165
goal 0,562119 0,000208
googl 0,579818 0,000215
grail 2,813411 0,002083
grain 1,966113 0,000728
grav 2,995732 0,001109
grok 2,207275 0,000817
groovi 2,407946 0,000892
guid 0,287682 0,000107
gurren 3,912023 0,001448
gwt 2,813411 0,001042
gyroscop 2,525729 0,000935
gzip 3,506558 0,001298
hacker 1,309333 0,000485
hand 0,494296 0,000183
handl 0,415515 0,000154
handlebar 3,506558 0,001298
handleclick 3,912023 0,004345
happen 1,021651 0,000378
hash 1,560648 0,000578
hashbang 3,912023 0,002897
haskel 1,514128 0,000561
head 0,867501 0,000642
helper 2,302585 0,000852
helplearn -0,009950 -0,000004
here 0,301105 0,000111
hererel -0,009950 -0,000004
hide -0,009950 -0,000015
high 0,223144 0,000165
histori -0,009950 -0,000022
home 0,616186 0,000228
hook 1,966113 0,002912
hord 2,995732 0,001109
how 0,072571 0,000054
howev 0,094311 0,000070
html 1,078810 0,005592
htmx 2,995732 0,001109
http -0,009950 -0,000011
hunter 2,407946 0,003566
hydrat 2,525729 0,001870
hyperscript 3,912023 0,001448
icefac 3,218876 0,001192
immedi 0,967584 0,000358
implement 0,105361 0,000039
import 0,162519 0,000060
imposs 1,309333 0,000485
improv 0,150823 0,000112
ina 0,356675 0,000132
inabl 2,659260 0,000985
inc -0,009950 -0,000004
includ 0,000000 0,000000
incorpor 0,755023 0,000280
increas 0,287682 0,000107
increment 1,386294 0,000513
index -0,009950 -0,000011
indic 0,356675 0,000396
indonesiaitaliano 1,237874 0,000458
informationcit -0,009950 -0,000004
initi 0,235722 0,000349
initialcount 3,912023 0,002897
insert 1,560648 0,001733
insid 0,579818 0,000215
instanc 0,478036 0,000354
integr 0,174353 0,000129
intent 1,171183 0,000434
interact 0,356675 0,000264
interfac 0,494296 0,000549
introduc 0,210721 0,000156
introduct 0,210721 0,000078
intypescriptplatformweb 3,912023 0,001448
isbn 0,051293 0,000171
item -0,009950 -0,000007
itself 0,342490 0,000127
jack 1,897120 0,000702
jacqu 2,659260 0,000985
januari 0,083382 0,000309
java 0,891598 0,000330
javascript 1,021651 0,006808
javascriptback 3,218876 0,001192
jhipster 2,995732 0,001109
john 0,198451 0,000073
jojo 3,912023 0,002897
joomla 2,995732 0,001109
jordan 1,714798 0,000635
jqueri 2,813411 0,001042
jsorigin 3,506558 0,001298
jsplatform 2,995732 0,001109
jstor 0,843970 0,000312
jsx 3,218876 0,001192
juli 0,127833 0,000568
jump -0,009950 -0,000004
june 0,094311 0,000175
just 0,328504 0,000122
jwt 2,995732 0,001109
keep 0,733969 0,000272
kei 0,314711 0,000233
kenshin 3,912023 0,002897
kill 1,714798 0,002540
kingslei 3,218876 0,001192
kiswahilikurd 1,897120 0,000702
knockout 3,218876 0,002383
know 0,653926 0,000484
lack 0,544727 0,000605
lagann 3,912023 0,001448
lamina 2,995732 0,001109
languag -0,009950 -0,000018
laravel 2,995732 0,001109
larg 0,127833 0,000047
larger 0,941609 0,000697
last -0,009950 -0,000007
later 0,223144 0,000083
latest 0,994252 0,000368
launch 0,941609 0,000697
layer 0,713350 0,000528
learn 0,162519 0,000241
led 0,446287 0,000165
legaci 1,309333 0,000485
legal -0,009950 -0,000004
letter 0,843970 0,000312
level 0,083382 0,000093
leverag 1,237874 0,000458
librari 0,356675 0,002509
librarieshidden 3,912023 0,001448
librarieslibrari 3,506558 0,001298
librarylicensemit 3,506558 0,001298
licens -0,009950 -0,000022
licenseweb 3,506558 0,001298
life 0,653926 0,000242
lift 2,407946 0,000892
lightweight 1,609438 0,001192
like 0,051293 0,000095
link -0,009950 -0,000044
linkpag -0,009950 -0,000004
linksarticl 1,021651 0,000378
linksc 1,272966 0,000471
lisp 1,386294 0,000513
loader 2,207275 0,001634
lodash 2,995732 0,001109
log -0,009950 -0,000015
logic 0,616186 0,000228
lt 2,659260 0,001969
macra 3,912023 0,001448
macross 3,912023 0,002897
made 0,186330 0,000069
main -0,009950 -0,000011
maintain 0,400478 0,000297
mainten 0,843970 0,000937
major 0,223144 0,000083
make 0,061875 0,000023
man 0,843970 0,000312
manag 0,105361 0,000468
manga 3,506558 0,001298
mani 0,061875 0,000023
manipul 0,673345 0,000499
map 0,616186 0,000456
march 0,116534 0,000906
maypol 3,218876 0,001192
mdy 1,514128 0,000561
mean 0,083382 0,000031
media 0,139262 0,000052
meen 2,995732 0,001109
meet 0,527633 0,000195
member 0,562119 0,000208
memori 0,562119 0,000208
mention 1,237874 0,000458
menu -0,009950 -0,000007
merb 2,995732 0,001109
mere 1,609438 0,000596
messag 0,400478 0,000148
meteor 2,813411 0,002083
michael 0,385662 0,000143
michiel 2,995732 0,001109
midgard 2,995732 0,001109
migrat 1,427116 0,000528
min 2,120264 0,000785
minim 0,579818 0,000859
minor 1,309333 0,000485
miss 0,867501 0,000321
mit 0,776529 0,000575
mix 0,891598 0,000330
mobil -0,009950 -0,000004
mode 0,755023 0,000839
model 0,116534 0,000216
modern 0,314711 0,000466
modul 0,820981 0,000304
modular 1,427116 0,001057
modx 2,995732 0,001109
mojarra 3,218876 0,001192
mojolici 3,218876 0,001192
mongodb 2,525729 0,000935
monorail 3,218876 0,001192
monterail 3,912023 0,010139
month 0,776529 0,000862
mootool 2,995732 0,001109
more 0,010050 0,000011
most 0,040822 0,000030
motion 1,771957 0,000656
mount 2,207275 0,000817
move -0,009950 -0,000015
mui 3,912023 0,001448
mulder 3,218876 0,001192
mustach 3,506558 0,001298
mvc 2,995732 0,002218
mvvm 3,506558 0,002596
name 0,162519 0,000181
naruto 3,912023 0,002897
nativ 1,078810 0,001598
navig -0,009950 -0,000007
necessari 0,616186 0,000228
nederland 0,415515 0,000154
need 0,030459 0,000011
nelson 2,040221 0,000755
nest 1,609438 0,001788
nestj 2,813411 0,002083
net 0,385662 0,000286
nevow 2,995732 0,001109
new 0,010050 0,000019
newer 1,309333 0,000485
newspap 1,347074 0,000499
newvalu 3,912023 0,002897
next 0,400478 0,000445
nichola 1,560648 0,000578
nilson 3,912023 0,001448
node 0,867501 0,000642
non -0,009950 -0,000004
normal 0,673345 0,000249
not 0,000000 0,000000
note 0,150823 0,000056
novemb 0,150823 0,000893
now 0,274437 0,000203
nowiki 3,912023 0,002897
npm 2,659260 0,000985
nuke 2,813411 0,001042
number 0,040822 0,000045
nuxt 2,813411 0,008333
object 0,174353 0,000194
occur 0,510826 0,000189
octob 0,139262 0,000361
off 0,673345 0,000249
offer 0,248461 0,000460
offici 0,653926 0,003389
often 0,127833 0,000095
olayinka 3,912023 0,001448
older 1,237874 0,000458
oldid -0,009950 -0,000004
oldvalu 3,912023 0,002897
omol 3,912023 0,001448
ongo 1,560648 0,000578
onli 0,051293 0,000076
onmount 3,912023 0,002897
open 0,150823 0,000223
openac 3,218876 0,001192
openui 3,218876 0,001192
oper 0,010050 0,000004
optim 0,415515 0,000462
option 0,527633 0,000195
order 0,094311 0,000035
org -0,009950 -0,000044
organ -0,009950 -0,000004
origin -0,009950 -0,000166
other -0,009950 -0,000015
over 0,094311 0,000035
overhead 1,469676 0,001088
overview 0,616186 0,000456
packag 0,776529 0,000862
padrino 2,995732 0,001109
page -0,009950 -0,000041
pagecontentscurr -0,009950 -0,000004
pageget -0,009950 -0,000004
param 3,506558 0,005193
paramet 0,755023 0,000280
parent 1,714798 0,000635
pars 1,514128 0,000561
parser 2,207275 0,000817
part 0,072571 0,000054
parti 0,616186 0,000456
particular 0,301105 0,000111
particularli 0,597837 0,000221
partner 1,966113 0,000728
pass 0,776529 0,000575
password 1,609438 0,000596
past 0,994252 0,000368
patch 1,560648 0,001156
path 0,798508 0,000887
patreon 3,912023 0,001448
pattern 0,494296 0,000366
pdfprintabl -0,009950 -0,000004
perform 0,040822 0,000106
perl 1,347074 0,000499
perman 1,272966 0,000943
permiss 1,469676 0,000544
person -0,009950 -0,000004
phalcon 2,995732 0,001109
phoenix 2,813411 0,001042
php -0,009950 -0,000018
piec 1,309333 0,000970
pinia 3,912023 0,007242
plai 0,713350 0,000528
plain 1,514128 0,000561
platform 0,400478 0,000297
platforminclud 3,912023 0,001448
pleas 0,755023 0,000280
plugin 1,897120 0,002810
pluto 3,912023 0,002897
pnpm 2,995732 0,001109
point 0,186330 0,000138
polici -0,009950 -0,000007
polskiportugu 0,916291 0,000339
polym 2,525729 0,000935
pop 1,714798 0,000635
portal 0,494296 0,000183
portalrec -0,009950 -0,000004
prado 2,813411 0,001042
pre 0,941609 0,000349
preact 3,912023 0,002897
precis 0,967584 0,000358
present 0,287682 0,000107
primari 0,527633 0,000195
print -0,009950 -0,000007
priorit 1,609438 0,000596
prioriti 1,609438 0,000596
privaci -0,009950 -0,000007
pro 1,237874 0,000458
problem 0,186330 0,000069
process 0,051293 0,000019
processwir 2,995732 0,001109
product 0,174353 0,000065
profit -0,009950 -0,000004
progress 1,171183 0,000867
project -0,009950 -0,000015
pronounc 2,207275 0,000817
prop 3,506558 0,003895
prototyp 1,386294 0,000513
provid 0,061875 0,000160
public 0,127833 0,000237
publicli 1,309333 0,000970
publish 0,105361 0,000039
pylon 2,995732 0,001109
pyramid 2,525729 0,000935
python 0,916291 0,000339
qcodo 2,995732 0,001109
qooxdoo 2,995732 0,001109
quarter 1,897120 0,000702
quasar 3,912023 0,001448
quintessenti 3,912023 0,002897
quintuplet 3,912023 0,002897
quixot 2,995732 0,001109
quot 1,049822 0,004664
radix 3,506558 0,001298
rail 2,040221 0,000755
rapid 1,203973 0,000446
razor 2,995732 0,001109
rbaycanca 0,248461 0,000092
react 1,832581 0,004071
reactiv 2,659260 0,005907
readeditview 0,287682 0,000213
readi 1,309333 0,000485
realli 1,660731 0,001230
recommend 0,891598 0,000660
reduc 0,274437 0,000102
ref 2,407946 0,001783
refer -0,009950 -0,000018
referencesus 3,506558 0,001298
reflect 0,562119 0,000416
refresh 2,659260 0,000985
regardless 1,272966 0,000471
regist -0,009950 -0,000004
reilli 1,078810 0,000399
releas 0,415515 0,001077
releasefebruari 3,912023 0,001448
reli 0,562119 0,000208
reliabl 0,371064 0,000275
relianc 2,525729 0,002805
remain 0,400478 0,000148
remix 2,813411 0,001042
remot 0,776529 0,000287
remov 0,301105 0,000557
render 0,994252 0,006994
report 0,261365 0,001258
requir 0,051293 0,000057
rescript 2,995732 0,001109
reset 2,525729 0,000935
resourc 0,248461 0,000276
respond 1,049822 0,000777
respons 0,415515 0,000154
rest 1,049822 0,000389
retriev -0,009950 -0,000206
return 0,510826 0,000189
reusabl 2,659260 0,000985
right 0,314711 0,000117
roadmap 2,302585 0,000852
robust 1,049822 0,000389
rocket 2,120264 0,000785
roja 3,912023 0,001448
root 0,733969 0,000272
rout 1,108663 0,006567
router 1,714798 0,008253
rubi 1,347074 0,000997
run 0,248461 0,000092
runner 3,912023 0,002897
runtim 1,309333 0,000970
rurouni 3,912023 0,002897
rust 1,427116 0,001057
safeti -0,009950 -0,000004
sail 2,525729 0,001870
scala 2,040221 0,000755
scalatra 3,218876 0,001192
scale 0,371064 0,000137
scholar 1,021651 0,000378
school 0,867501 0,001285
scratch 1,771957 0,000656
screen 1,660731 0,000615
script 0,916291 0,002035
seam 2,995732 0,001109
search -0,009950 -0,000015
seasid 3,218876 0,001192
secondari 1,309333 0,000485
section 0,446287 0,000165
secur 0,274437 0,000203
see -0,009950 -0,000007
seed 2,120264 0,000785
select 0,371064 0,000137
sencha 3,218876 0,001192
septemb 0,150823 0,002010
seri 0,328504 0,000122
serv 0,713350 0,000528
servant 3,218876 0,001192
server 0,597837 0,000885
set 0,051293 0,000019
setup 1,897120 0,000702
sever 0,072571 0,000027
sfc 3,912023 0,001448
shadow 2,525729 0,000935
shake 3,218876 0,001192
share 0,301105 0,000223
sharealik -0,009950 -0,000004
shell 1,049822 0,000777
shift 1,021651 0,000378
shini 2,995732 0,001109
short -0,009950 -0,000004
shorten -0,009950 -0,000004
shqipsloven 3,506558 0,001298
side 0,579818 0,001503
sidebar -0,009950 -0,000015
significantli 1,171183 0,000434
sila 3,912023 0,001448
silverstrip 2,995732 0,001109
simi 0,755023 0,000280
similar 0,150823 0,000056
simpl 0,150823 0,000056
simplifi 0,820981 0,000304
sinatra 2,995732 0,001109
sinc 0,139262 0,000052
singl 0,127833 0,000189
site -0,009950 -0,000004
sitepoint 3,506558 0,001298
size 0,342490 0,000127
slam 2,995732 0,001109
sling 2,995732 0,001109
small 0,314711 0,000117
smalltalk 1,714798 0,000635
snap 3,218876 0,001192
sniff 3,506558 0,001298
snippet 2,995732 0,001109
softwar 0,127833 0,000095
softwarejavascript 3,218876 0,001192
solut 0,478036 0,000885
solv 0,820981 0,000304
some 0,040822 0,000015
someon 1,832581 0,000678
someth 1,347074 0,000499
sourc 0,094311 0,000419
spa 3,506558 0,003895
specif 0,051293 0,000076
spring 1,609438 0,000596
sproutcor 2,995732 0,001109
sql 1,171183 0,000434
src 2,813411 0,001042
srpskisuomisvenska 1,714798 0,000635
sruna 3,506558 0,001298
stabl 0,867501 0,000321
stack 0,843970 0,000625
standard 0,094311 0,000105
state 0,083382 0,000710
statement -0,009950 -0,000007
static 1,272966 0,000471
statist -0,009950 -0,000004
still 0,342490 0,000254
stripe 2,659260 0,000985
structur 0,139262 0,000052
strut 2,813411 0,001042
studi 0,314711 0,000117
sub 1,021651 0,000378
subpag 3,912023 0,001448
subsect 0,020203 0,000022
substitut 1,560648 0,000578
such 0,000000 0,000000
sufyan 3,912023 0,001448
suitabl 1,237874 0,000917
sum 1,203973 0,000446
support 0,150823 0,000279
survei 0,462035 0,000684
svelt 3,218876 0,007150
sveltekit 3,218876 0,001192
symfoni 2,813411 0,001042
syntax 1,171183 0,001301
system 0,010050 0,000011
tabl -0,009950 -0,000007
take 0,210721 0,000078
taken 0,867501 0,000321
tapestri 2,995732 0,001109
target 0,462035 0,000171
tcl 2,525729 0,000935
team 0,634878 0,003056
technolog 0,116534 0,000043
templat 0,301105 0,001338
tengen 3,912023 0,001448
term -0,009950 -0,000007
tertiari 2,407946 0,000892
test 0,248461 0,000184
text -0,009950 -0,000011
than 0,072571 0,000027
that 0,000000 0,000000
there 0,051293 0,000019
these 0,040822 0,000091
thi -0,009950 -0,000044
thing 0,798508 0,000296
third 0,342490 0,000254
thought 1,108663 0,000410
tim 0,867501 0,000321
time 0,000000 0,000000
tinadeutscheestiespa 3,218876 0,001192
titl -0,009950 -0,000007
toggl -0,009950 -0,000018
tool -0,009950 -0,000048
top -0,009950 -0,000004
topic -0,009950 -0,000004
toppa 3,912023 0,001448
tornado 2,659260 0,000985
touch 2,040221 0,000755
track 0,713350 0,000264
trade 0,916291 0,000339
trademark -0,009950 -0,000004
tradit 0,544727 0,000202
transit 1,171183 0,006504
tree 0,693147 0,000257
trend 0,733969 0,000272
true 0,776529 0,000287
turbogear 2,995732 0,001109
type 0,051293 0,000057
typejavascript 3,912023 0,001448
typescript 2,407946 0,000892
typic 0,186330 0,000069
typo 2,995732 0,001109
umbraco 3,218876 0,001192
under -0,009950 -0,000007
underli 0,693147 0,000257
underscor 2,525729 0,000935
uniqu 0,867501 0,000321
unpkg 3,912023 0,001448
updat 0,342490 0,000380
url 1,203973 0,002675
urldownload -0,009950 -0,000004
usag 0,579818 0,000215
user 0,274437 0,001626
utc -0,009950 -0,000004
util 0,597837 0,000443
uzayr 3,912023 0,001448
vaadin 2,995732 0,001109
valid 0,616186 0,000228
valu 0,162519 0,000361
vari 0,478036 0,000177
varieti 0,616186 0,000228
variou 0,223144 0,000083
veloc 2,207275 0,000817
veri 0,314711 0,000117
verif 0,733969 0,000272
version -0,009950 -0,000022
vert 2,995732 0,001109
via 0,186330 0,001587
video 0,597837 0,000443
view -0,009950 -0,000041
viewmodel 3,506558 0,003895
virtual 0,462035 0,000513
vite 2,995732 0,001109
vtejavascript 3,506558 0,001298
vtenod 2,995732 0,001109
vteweb 1,966113 0,000728
vue 2,813411 0,136452
vuej 3,912023 0,015932
vuerout 3,912023 0,001448
vueus 3,912023 0,001448
vuex 3,912023 0,007242
wai 0,105361 0,000039
wanyoik 3,912023 0,001448
watch 1,237874 0,000917
watcheffect 3,912023 0,002897
wavemak 2,813411 0,001042
web 0,342490 0,002282
webassembl 1,660731 0,001230
webgui 3,218876 0,001192
webpack 2,995732 0,001109
websharp 2,813411 0,001042
websit 0,527633 0,000195
websitenam 3,912023 0,002897
websitevuej 3,912023 0,001448
week 1,171183 0,000867
well 0,051293 0,000019
what -0,009950 -0,000018
when 0,030459 0,000090
where 0,072571 0,000054
whether 0,400478 0,000297
which 0,000000 0,000000
while 0,051293 0,000114
wicket 2,995732 0,001109
wide 0,210721 0,000078
wikidataarticl 1,171183 0,000434
wikimedia -0,009950 -0,000007
wikipedia -0,009950 -0,000022
wikipediacontact -0,009950 -0,000004
wire 0,941609 0,000349
within 0,116534 0,000043
withlaravels 3,912023 0,001448
without 0,094311 0,000035
wordpress 2,407946 0,000892
work 0,030459 0,000034
wrap 2,120264 0,000785
write 0,527633 0,000391
written 0,287682 0,000107
xoop 2,995732 0,001109
yarn 2,995732 0,001109
yaw 2,995732 0,001109
year 0,162519 0,000120
yerburgh 3,912023 0,001448
yesod 3,218876 0,001192
yii 2,995732 0,001109
youdevelopersevan 3,912023 0,001448
zbekcha 0,462035 0,000171
zero 0,693147 0,000257
zope 2,995732 0,001109
