aaron 1,714798 0,000572
abil 0,562119 0,000188
abstract 0,713350 0,000238
ac 2,813411 0,000939
acceler 1,021651 0,000682
access 0,127833 0,000043
accommod 1,897120 0,000633
accompani 2,407946 0,000803
accord 0,287682 0,000096
account -0,009950 -0,000007
across 0,415515 0,000277
action -0,009950 -0,000003
activ 0,356675 0,000476
ada 1,609438 0,000537
add -0,009950 -0,000010
addit -0,009950 -0,000013
addon 3,506558 0,002340
address 0,342490 0,000114
adjac 2,525729 0,000843
administr 0,867501 0,000289
adopt 0,415515 0,000139
adorno 3,506558 0,001170
aduh 3,912023 0,002611
advanc 0,235722 0,000079
again 1,078810 0,000360
against 0,462035 0,000154
ago 0,967584 0,000646
agre -0,009950 -0,000003
ahead 1,427116 0,000476
ai 1,272966 0,000425
aim 0,634878 0,000212
aix 2,659260 0,001775
ajax 1,832581 0,000611
aleksand 3,218876 0,001074
all 0,000000 0,000000
allevi 3,218876 0,001074
alloc 0,941609 0,000314
allow 0,061875 0,000124
along 0,462035 0,000154
also -0,009950 -0,000027
altern 0,342490 0,000114
american 0,415515 0,000277
amigo 3,912023 0,001305
among 0,356675 0,000119
amp -0,009950 -0,000023
analysi 0,186330 0,000062
android 1,272966 0,000425
angular 2,207275 0,000736
angularj 2,525729 0,000843
ani 0,083382 0,000056
announc 0,733969 0,000980
anonrig 3,912023 0,001305
anoth 0,127833 0,000043
antoin 2,813411 0,000939
aot 2,813411 0,000939
apach 1,386294 0,000463
api 0,798508 0,002398
app 1,021651 0,000341
appear -0,009950 -0,000007
appli -0,009950 -0,000003
applic 0,030459 0,000132
approach 0,174353 0,000175
appropri 0,867501 0,000289
apress 1,966113 0,000656
april 0,072571 0,000194
architectur 0,400478 0,000401
archiv 0,040822 0,000136
argon 3,506558 0,001170
arkt 3,218876 0,001074
around 0,356675 0,000119
art 0,673345 0,000225
articl 0,000000 0,000000
articleabout -0,009950 -0,000003
articletalk -0,009950 -0,000003
asm 2,659260 0,000887
assemblyscript 2,995732 0,001999
asturianuaz 1,427116 0,000476
asynchron 2,040221 0,002723
atom 1,309333 0,000874
atscript 3,506558 0,001170
attack 0,867501 0,000289
attribut -0,009950 -0,000003
aug 2,659260 0,000887
august 0,162519 0,000325
author 0,040822 0,000014
authorryan 3,912023 0,001305
automat 0,462035 0,000154
avail -0,009950 -0,000013
aw 2,407946 0,000803
azat 3,912023 0,001305
azur 1,771957 0,000591
babel 3,218876 0,001074
backbon 2,407946 0,000803
backport 2,995732 0,001000
bahasa 0,186330 0,000124
balanc 1,139434 0,000380
band 2,040221 0,000681
banner 2,995732 0,001000
base 0,010050 0,000013
beam 2,207275 0,000736
beanstalk 3,912023 0,001305
becaus 0,127833 0,000043
began 0,634878 0,000212
benchmark 1,427116 0,000476
benjamin 1,386294 0,000463
benjamingr 3,912023 0,001305
berlin 1,386294 0,000463
binari 0,916291 0,000611
bind 1,469676 0,000981
block 0,597837 0,001795
blog 0,713350 0,000238
blue 1,560648 0,000521
bodi 0,867501 0,000289
bokm 0,127833 0,000043
bombora 3,912023 0,001305
book 0,210721 0,000070
boron 3,912023 0,001305
bound 1,171183 0,000391
bracket 1,897120 0,001266
branch 1,021651 0,000682
brand 1,386294 0,001388
break 0,733969 0,000490
breakdown 2,302585 0,000768
brendan 2,407946 0,000803
bridg 1,427116 0,000476
bridgear 3,912023 0,001305
bridgewat 3,912023 0,001305
bring 1,021651 0,000341
brought 1,832581 0,000611
browser 1,021651 0,001023
bsd 1,832581 0,000611
buffer 1,609438 0,000537
build 0,274437 0,000458
built 0,462035 0,001079
bun 2,995732 0,002999
bundler 3,506558 0,001170
bytecod 1,966113 0,001312
call 0,030459 0,000061
callback 2,659260 0,007098
capabl 0,562119 0,000563
carbon 1,609438 0,000537
catal 0,094311 0,000031
categori -0,009950 -0,000010
caus 0,430783 0,000144
caustik 3,912023 0,001305
center 0,415515 0,000139
chang 0,051293 0,000034
changesupload -0,009950 -0,000007
channel 1,049822 0,000350
che 3,218876 0,001074
chengzhong 3,912023 0,001305
cheung 3,912023 0,001305
choic 0,755023 0,000252
chosen 1,469676 0,000490
chou 2,659260 0,000887
chrome 1,966113 0,001312
citat 0,248461 0,000497
clang 3,506558 0,002340
client 0,713350 0,000238
clojurescript 3,506558 0,002340
closur 1,771957 0,000591
cloud 0,733969 0,000980
clr 3,218876 0,001074
cluster 1,272966 0,000849
cnet 1,609438 0,001074
code -0,009950 -0,000073
codeanywher 3,912023 0,001305
codebas 2,659260 0,000887
codemirror 3,506558 0,001170
codenam 2,659260 0,000887
coffeescript 2,525729 0,003371
collabor 0,941609 0,001257
collect 0,274437 0,000183
collina 3,912023 0,001305
com 0,150823 0,000503
combin 0,261365 0,000262
command 0,891598 0,001190
committe 1,309333 0,001748
common -0,009950 -0,000013
commonj 2,813411 0,002816
commonli 0,342490 0,000114
commonswikibookswikidata 2,407946 0,000803
commun 0,139262 0,000325
comparison 0,371064 0,000248
compil 0,755023 0,003527
complet 0,223144 0,000372
complex 0,186330 0,000124
complianc 1,514128 0,000505
comprehens 0,867501 0,000579
comput 0,020203 0,000007
concept 0,198451 0,000132
concurr 0,994252 0,001990
conduct -0,009950 -0,000007
confer 0,274437 0,000092
connect 0,430783 0,001150
consequ 0,891598 0,000297
contact -0,009950 -0,000007
contain 0,162519 0,000054
content -0,009950 -0,000017
contest 3,218876 0,001074
context 0,446287 0,000149
contrast 0,891598 0,000297
contribut -0,009950 -0,000010
control 0,020203 0,000007
cooki -0,009950 -0,000003
coper 3,912023 0,001305
core 0,579818 0,001161
cori 2,525729 0,000843
cost 0,385662 0,000129
cpu 1,347074 0,000899
cpython 3,218876 0,001074
creat -0,009950 -0,000023
creation 0,653926 0,000436
creativ -0,009950 -0,000003
creator 1,469676 0,000981
critic 0,385662 0,000257
crockford 2,659260 0,000887
cross 0,562119 0,000375
croucher 3,912023 0,001305
crt 3,912023 0,001305
cryptographi 1,560648 0,000521
css 1,897120 0,000633
current 0,210721 0,000492
cut 1,386294 0,001388
cycl 0,867501 0,000289
dahl 3,218876 0,010740
dahldeveloperopenj 3,912023 0,001305
dai 0,562119 0,000188
dart 2,525729 0,001686
data 0,030459 0,000020
databas 0,072571 0,000024
date 0,210721 0,000352
dawson 2,813411 0,000939
deal 0,843970 0,000282
debug 1,660731 0,001108
debugg 2,302585 0,000768
decemb 0,061875 0,000041
decid 0,867501 0,000289
default 0,693147 0,000231
defin 0,116534 0,000039
definit 0,186330 0,000249
definitelytyp 3,912023 0,002611
deleg 1,966113 0,000656
demonstr 0,994252 0,000332
deno 2,813411 0,000939
depend 0,105361 0,000035
descript -0,009950 -0,000003
descriptionshort 0,000000 0,000000
design 0,040822 0,000082
desktop 1,347074 0,000449
detail 0,510826 0,000511
develop -0,009950 -0,000056
devtool 2,995732 0,001000
diagnost 2,040221 0,000681
differ 0,010050 0,000007
directli 0,415515 0,000139
disclaim -0,009950 -0,000003
disput 1,309333 0,000437
dissatisfact 3,506558 0,001170
distribut 0,198451 0,000132
diverg 1,966113 0,000656
dmy 0,994252 0,000332
dn 1,897120 0,001266
docker 2,813411 0,000939
document 0,328504 0,000438
dom 1,560648 0,000521
domin 1,021651 0,000341
donat -0,009950 -0,000007
dougla 1,237874 0,000413
download -0,009950 -0,000003
downsid 2,525729 0,000843
driven 0,867501 0,000868
dubnium 3,912023 0,001305
due 0,261365 0,000087
dynam 0,342490 0,000114
each 0,072571 0,000048
earliest 1,021651 0,000341
eas 1,897120 0,000633
eclips 1,771957 0,001774
ecosystem 1,108663 0,000370
edg 0,820981 0,000274
edit -0,009950 -0,000070
editcommun -0,009950 -0,000003
editor 1,347074 0,000899
effect 0,274437 0,000183
eich 2,659260 0,000887
elast 2,407946 0,000803
elm 3,218876 0,001074
ember 2,525729 0,000843
emscripten 3,506558 0,001170
enabl 0,274437 0,000275
encourag 1,203973 0,000402
encyclopedia -0,009950 -0,000003
end 0,186330 0,001492
engin 0,061875 0,000186
english -0,009950 -0,000010
englishal 2,995732 0,001000
enhanc 0,510826 0,000170
enid 3,912023 0,002611
enter 1,049822 0,000350
entir 0,597837 0,000399
environ 0,385662 0,001029
environmentlicensemit 3,912023 0,001305
episod 2,659260 0,000887
erbium 3,912023 0,001305
erlang 1,714798 0,000572
esbuild 3,218876 0,001074
eslint 3,506558 0,001170
espa 0,210721 0,000070
essenti 0,634878 0,000212
european 0,733969 0,000245
evangel 3,912023 0,001305
even 0,235722 0,000236
event 0,356675 0,002380
eventsrandom -0,009950 -0,000003
everi 0,261365 0,000087
everywher 2,120264 0,002122
excess 1,386294 0,000463
execut 0,356675 0,001547
exist 0,186330 0,000062
exit 2,040221 0,000681
experiment 0,916291 0,000611
expir 2,120264 0,000707
explicitli 0,916291 0,000306
export -0,009950 -0,000003
express 0,544727 0,001272
extern 0,030459 0,000020
facilit 0,916291 0,000306
failur 1,021651 0,000341
fast 0,673345 0,000674
fastifi 2,813411 0,000939
featur 0,210721 0,000281
februari 0,061875 0,000248
fedor 3,912023 0,001305
fermium 3,912023 0,001305
few 0,653926 0,000218
fight 1,832581 0,000611
file 0,446287 0,000596
fileperman -0,009950 -0,000003
filespeci -0,009950 -0,000003
finish 1,560648 0,000521
firebug 3,506558 0,001170
firefox 1,771957 0,000591
first 0,020203 0,000013
fix 0,385662 0,000257
floss 3,506558 0,001170
flow 0,430783 0,000144
follow 0,072571 0,000024
fontain 3,912023 0,001305
foreign 1,139434 0,000380
fork 1,203973 0,001205
form 0,072571 0,000073
formerli 1,309333 0,000437
forward 0,941609 0,000314
foundat -0,009950 -0,000086
foundationiniti 3,506558 0,001170
framework 0,287682 0,000672
fran 0,223144 0,000074
free -0,009950 -0,000007
freebsd 1,897120 0,001266
freez 2,813411 0,000939
full 0,371064 0,000124
function 0,030459 0,000122
fundament 0,478036 0,000160
further 0,139262 0,000232
futur 0,235722 0,000865
gackenheim 3,912023 0,001305
gallium 3,912023 0,001305
game 0,478036 0,000160
gap 1,347074 0,000449
garrett 2,995732 0,001000
gatekeep 3,506558 0,001170
gcc 2,659260 0,001775
gcuomo 3,912023 0,001305
gener -0,009950 -0,000017
georg 0,843970 0,000282
germani 1,560648 0,000521
ghc 3,218876 0,001074
gireesh 3,912023 0,001305
gireeshpunathil 3,912023 0,001305
github 1,078810 0,005399
give 0,446287 0,000149
glasgow 3,506558 0,001170
gnu 1,272966 0,000425
goal 0,562119 0,000188
gonzaga 3,912023 0,001305
googl 0,579818 0,001741
govern 0,544727 0,001636
greater 0,755023 0,000252
green 0,916291 0,000306
group 0,186330 0,000435
gruenbaum 3,912023 0,001305
guid 0,287682 0,000192
hamel 3,506558 0,001170
handl 0,415515 0,000971
haskel 1,514128 0,000505
hax 2,813411 0,000939
header 1,714798 0,001144
heap 1,966113 0,000656
heavyweight 3,506558 0,001170
held 1,237874 0,000413
hello 1,714798 0,000572
help 0,174353 0,000233
helplearn -0,009950 -0,000003
hererel -0,009950 -0,000003
hexagon 3,218876 0,001074
hide -0,009950 -0,000013
high 0,223144 0,000074
highli 0,867501 0,000289
histori -0,009950 -0,000017
hood 2,525729 0,000843
host 0,755023 0,000504
hour 1,386294 0,000925
howev 0,094311 0,000031
html 1,078810 0,000720
http -0,009950 -0,000017
hugh 1,714798 0,000572
hydrogen 3,218876 0,001074
ibm 0,693147 0,000925
id 1,309333 0,002621
ignit 3,218876 0,001074
imageboard 3,912023 0,001305
implement 0,105361 0,000070
import 0,162519 0,000108
improv 0,150823 0,000050
inaugur 3,506558 0,001170
inc -0,009950 -0,000010
includ 0,000000 0,000000
incom 1,272966 0,000425
increas 0,287682 0,000192
incur 2,207275 0,000736
index -0,009950 -0,000007
indonesiaitaliano 1,237874 0,000413
industri 0,356675 0,000238
indutni 3,912023 0,001305
inform 0,061875 0,000021
informationcit -0,009950 -0,000003
infoworld 1,609438 0,001611
infrasoft 3,912023 0,002611
inher 1,469676 0,000981
initi 0,235722 0,000393
injavascript 3,912023 0,001305
inlin 1,897120 0,000633
input 0,634878 0,000424
insogna 3,912023 0,001305
inspector 3,506558 0,002340
instal 0,994252 0,001659
instead 0,301105 0,000201
integr 0,174353 0,000058
intend 0,478036 0,000160
interact 0,356675 0,000119
interfac 0,494296 0,000825
intermedi 1,309333 0,000437
intern 0,040822 0,000041
internationalgndfastnationalunit 1,237874 0,000413
interpret 0,579818 0,000387
intl 3,506558 0,001170
intranet 2,813411 0,000939
introduc 0,210721 0,000211
introduct 0,210721 0,000070
invest 0,967584 0,000323
ippolito 3,912023 0,003916
iron 1,966113 0,000656
isaac 2,120264 0,001415
isbn 0,051293 0,000086
issu 0,314711 0,000105
item -0,009950 -0,000003
itself 0,342490 0,000114
jame 0,634878 0,000424
januari 0,083382 0,000223
jasmin 3,506558 0,001170
jasnel 3,912023 0,001305
java 0,891598 0,000595
javascript 1,021651 0,010909
javascriptjavascript 3,912023 0,001305
jelast 2,995732 0,001000
jess 2,659260 0,000887
jetbrain 2,813411 0,000939
jit 2,207275 0,000736
jod 3,912023 0,001305
john 0,198451 0,000265
joye 3,912023 0,001305
joyeecheung 3,912023 0,001305
joyent 3,218876 0,005370
jsconf 3,218876 0,003222
jsdoc 2,995732 0,001000
jsgi 2,407946 0,000803
jshint 2,995732 0,001000
jslint 2,995732 0,001000
json 1,347074 0,000899
jsorigin 3,506558 0,001170
jsplatform 2,995732 0,001000
juli 0,127833 0,000341
jump -0,009950 -0,000003
june 0,094311 0,000189
just 0,328504 0,000219
jvm 2,659260 0,000887
kasiuk 3,912023 0,001305
kernel 1,171183 0,000391
know 0,653926 0,000218
komodo 2,813411 0,000939
krill 2,207275 0,000736
krypton 3,912023 0,001305
land 1,309333 0,000437
languag -0,009950 -0,000033
last -0,009950 -0,000007
later 0,223144 0,000149
latest 0,994252 0,000995
latter 0,916291 0,000306
latvi 0,994252 0,000332
lau 3,218876 0,001074
laurent 2,525729 0,000843
layer 0,713350 0,000238
lead 0,287682 0,000096
leader 1,714798 0,000572
led 0,446287 0,000149
legal -0,009950 -0,000003
legend 2,813411 0,000939
legendeca 3,912023 0,001305
let 0,916291 0,000306
level 0,083382 0,000056
librari 0,356675 0,001071
librariesjoyentlinux 3,912023 0,001305
libuv 3,912023 0,005221
licens -0,009950 -0,000017
licenseruntim 3,912023 0,001305
life 0,653926 0,004582
light 1,049822 0,000350
like 0,051293 0,000017
limit 0,186330 0,000062
line 0,261365 0,000087
link -0,009950 -0,000020
linkpag -0,009950 -0,000003
linksarticl 1,021651 0,000341
linux 0,916291 0,002140
linuxfound 3,912023 0,001305
list 0,051293 0,000068
lithium 2,813411 0,000939
livescript 3,506558 0,001170
livewir 3,912023 0,001305
llvm 2,407946 0,000803
load 0,891598 0,000595
loadabl 2,813411 0,000939
lodash 2,995732 0,001000
log -0,009950 -0,000007
logo 1,771957 0,000591
long 0,287682 0,000480
loop 1,347074 0,005394
low 0,478036 0,000160
lt 2,659260 0,007986
luajit 3,506558 0,001170
mac 1,237874 0,000413
machin 0,040822 0,000082
maco 1,660731 0,002217
made 0,186330 0,000062
magnesium 3,912023 0,001305
main -0,009950 -0,000027
maintain 0,400478 0,000134
mainten 0,843970 0,001690
major 0,223144 0,000074
malt 3,218876 0,001074
manag 0,105361 0,000492
mani 0,061875 0,000083
march 0,116534 0,000272
marco 1,771957 0,001774
mardan 3,912023 0,001305
mark 0,261365 0,000174
mascot 2,302585 0,001537
master 0,941609 0,000314
match 0,400478 0,000134
matteo 3,218876 0,001074
mcollina 3,912023 0,001305
mean 0,083382 0,000028
media 0,139262 0,000186
medium 1,171183 0,000391
meen 2,995732 0,001000
meet 0,527633 0,000176
melayunederland 2,040221 0,000681
member 0,562119 0,000938
memori 0,562119 0,000188
menu -0,009950 -0,000007
merg 1,514128 0,002526
merger 1,966113 0,001312
meta 1,386294 0,000463
meteor 2,813411 0,001877
mhdawson 3,912023 0,001305
micha 2,659260 0,000887
michael 0,385662 0,000129
microcod 3,912023 0,001305
microsoft 0,579818 0,001548
mike 1,237874 0,000413
mit 0,776529 0,000518
mobil -0,009950 -0,000003
mocha 3,506558 0,001170
model 0,116534 0,000078
modern 0,314711 0,000105
modul 0,820981 0,004109
mongodb 2,525729 0,001686
mono 2,407946 0,000803
month 0,776529 0,001036
more 0,010050 0,000007
morfik 3,218876 0,001074
mortem 3,506558 0,001170
most 0,040822 0,000054
move -0,009950 -0,000013
msvc 3,506558 0,002340
multipl 0,094311 0,000094
nagi 3,506558 0,001170
name 0,162519 0,000108
nativ 1,078810 0,002520
natur 0,356675 0,000119
navig -0,009950 -0,000003
necessari 0,616186 0,000206
need 0,030459 0,000071
neon 2,813411 0,000939
nestj 2,813411 0,000939
net 0,385662 0,000257
netbean 2,525729 0,001686
netscap 2,040221 0,001362
network 0,127833 0,000256
neutral 1,771957 0,000591
new 0,010050 0,000023
newcomb 3,912023 0,001305
next 0,400478 0,000401
nghttp 3,912023 0,001305
nie 3,912023 0,001305
nim 2,813411 0,000939
nizipli 3,912023 0,001305
node 0,867501 0,047760
nodeclips 3,912023 0,003916
nodeconf 3,912023 0,001305
nodej 3,506558 0,018720
non -0,009950 -0,000023
nonstop 3,506558 0,003510
norsk 0,342490 0,000114
not 0,000000 0,000000
notabl 0,616186 0,000411
note 0,150823 0,000050
notifi 2,120264 0,000707
nov 1,966113 0,000656
novemb 0,150823 0,000503
now 0,274437 0,000092
npm 2,659260 0,007098
number 0,040822 0,000095
nuxt 2,813411 0,000939
object 0,174353 0,000175
observ 0,820981 0,000274
occur 0,510826 0,000170
oct 2,302585 0,000768
octob 0,139262 0,000604
odd 2,659260 0,001775
offici 0,653926 0,001091
often 0,127833 0,000043
oldid -0,009950 -0,000003
oleuskara 1,514128 0,000505
onli 0,051293 0,000051
onlin 0,415515 0,000139
opa 3,506558 0,001170
open 0,150823 0,000503
openbsd 2,525729 0,001686
openj 3,912023 0,006527
oper 0,010050 0,000020
oppos 1,237874 0,000413
optim 0,415515 0,000277
order 0,094311 0,000031
org -0,009950 -0,000043
organ -0,009950 -0,000010
origin -0,009950 -0,000030
orion 2,302585 0,000768
ornbo 3,912023 0,001305
orsini 3,912023 0,001305
oss 2,995732 0,001000
other -0,009950 -0,000027
outlin 0,562119 0,000188
output 0,597837 0,000199
outsid 0,776529 0,000259
overflow 1,771957 0,001774
overkil 3,506558 0,001170
overkillarticl 3,506558 0,001170
overlap 1,309333 0,000437
overview 0,616186 0,000617
own 0,314711 0,000105
oxlint 3,506558 0,001170
oxygen 2,659260 0,000887
packag 0,776529 0,002850
packt 2,120264 0,000707
page -0,009950 -0,000023
pagecontentscurr -0,009950 -0,000003
pageget -0,009950 -0,000003
paolo 2,207275 0,000736
paradigm 0,941609 0,000628
parallel 0,941609 0,000314
pars 1,514128 0,000505
parti 0,616186 0,000411
partial 0,916291 0,000306
particip 1,021651 0,000341
pattern 0,494296 0,000165
patton 3,218876 0,001074
paul 0,544727 0,000182
pdf 0,139262 0,000046
pdfprintabl -0,009950 -0,000003
pedro 2,120264 0,000707
peopl 0,356675 0,000119
perform 0,040822 0,000041
person -0,009950 -0,000003
phase 1,347074 0,000449
php -0,009950 -0,000017
phpstorm 3,218876 0,001074
phrase 1,469676 0,000490
phrasesarticl 2,407946 0,000803
plan 0,430783 0,000719
platform 0,400478 0,000935
platinum 2,995732 0,001000
pnpm 2,995732 0,001999
podcast 2,302585 0,000768
polici -0,009950 -0,000010
polskiportugu 0,916291 0,000306
pool 1,660731 0,002771
popular 0,400478 0,000267
port 1,272966 0,000425
portalrec -0,009950 -0,000003
posix 2,407946 0,000803
post 0,478036 0,000319
power 0,261365 0,000087
pre 0,941609 0,000314
precompil 3,912023 0,001305
present 0,287682 0,000096
preview 1,897120 0,001266
previou 0,843970 0,000563
previous 0,843970 0,000282
primarili 0,653926 0,000218
print -0,009950 -0,000003
privaci -0,009950 -0,000007
pro 1,237874 0,000413
problem 0,186330 0,000249
process 0,051293 0,000137
produc 0,342490 0,000229
product 0,174353 0,000058
profession 0,673345 0,000449
profit -0,009950 -0,000003
program 0,116534 0,000544
programm 0,693147 0,000231
project -0,009950 -0,000043
projectssoftwar 3,506558 0,001170
properli 1,309333 0,000437
protocol 0,527633 0,000176
provid 0,061875 0,000083
publish 0,105361 0,000141
pull 1,897120 0,000633
punathil 3,912023 0,001305
purescript 3,506558 0,001170
purpos 0,248461 0,000083
pypi 3,218876 0,001074
python 0,916291 0,000306
qualiti 0,634878 0,000212
queue 1,660731 0,000554
qunit 3,506558 0,001170
rafael 2,813411 0,000939
rafaelgss 3,912023 0,001305
randal 2,525729 0,000843
ratifi 3,218876 0,001074
rbaycanca 0,248461 0,000083
react 1,832581 0,000611
read 0,162519 0,000108
readeditview 0,287682 0,000192
readwrit 3,218876 0,001074
real 0,210721 0,000141
realiz 1,309333 0,000437
receiv 0,400478 0,000401
recept 2,659260 0,000887
recip 2,525729 0,000843
recommend 0,891598 0,000297
recompil 3,506558 0,001170
reconcil 2,659260 0,000887
red 1,237874 0,000413
reduc 0,274437 0,000092
refer -0,009950 -0,000007
region 1,108663 0,000370
regist -0,009950 -0,000010
registri 2,120264 0,000707
reilli 1,078810 0,001080
rel 0,634878 0,000212
relat 0,030459 0,000041
releas 0,415515 0,003189
releasemai 3,506558 0,001170
reli 0,562119 0,000375
repo 2,995732 0,001000
repositori 0,994252 0,000332
repositorygithub 2,813411 0,000939
repres 0,235722 0,000157
represent 0,634878 0,000212
republicisrael 3,912023 0,001305
request 0,776529 0,000518
requir 0,051293 0,000017
rescript 2,995732 0,001999
resid 1,714798 0,000572
resig 2,813411 0,000939
resign 2,525729 0,000843
respons 0,415515 0,000139
retriev -0,009950 -0,000126
return 0,510826 0,000170
richard 0,733969 0,000245
richardlau 3,912023 0,001305
robert 0,527633 0,000176
rocket 2,120264 0,002122
ronag 3,912023 0,001305
ruben 2,995732 0,001000
rui 2,525729 0,000843
run 0,248461 0,000580
runa 0,916291 0,000306
runtim 1,309333 0,005243
rust 1,427116 0,000476
ruyadorno 3,912023 0,001305
ryan 1,560648 0,003124
ryandahl 3,912023 0,001305
safari 2,040221 0,000681
safeti -0,009950 -0,000003
sail 2,525729 0,001686
sam 1,347074 0,001798
sampl 1,171183 0,000391
scalabl 1,203973 0,001205
scale 0,371064 0,000124
schlueter 3,912023 0,003916
schwartz 2,302585 0,000768
script 0,916291 0,000611
search -0,009950 -0,000013
see -0,009950 -0,000003
sent 1,171183 0,000391
sep 2,813411 0,000939
separ 0,400478 0,000267
septemb 0,150823 0,000654
sequenti 1,771957 0,000591
server 0,597837 0,003790
servic 0,210721 0,000070
set 0,051293 0,000017
share 0,301105 0,000301
sharealik -0,009950 -0,000003
ship 1,272966 0,000849
shogunpanda 3,912023 0,001305
short -0,009950 -0,000003
shorten -0,009950 -0,000003
show 0,400478 0,000134
shqipsimpl 1,203973 0,000402
side 0,579818 0,001161
sidebar -0,009950 -0,000013
signal 0,755023 0,000504
signific 0,261365 0,000087
simdjson 3,912023 0,001305
simdutf 3,912023 0,001305
simi 0,755023 0,000252
similar 0,150823 0,000101
simpl 0,150823 0,000050
simplifi 0,820981 0,000822
simultan 0,891598 0,000297
sinc 0,139262 0,000139
singl 0,127833 0,000256
site -0,009950 -0,000003
six 1,309333 0,000437
size 0,342490 0,000114
skill 1,427116 0,000476
small 0,314711 0,000105
smarto 2,995732 0,001999
smash 3,218876 0,001074
snell 2,995732 0,001000
socket 2,302585 0,001537
softwar 0,127833 0,000128
softwarefre 2,207275 0,000736
solidifi 3,506558 0,001170
solut 0,478036 0,000160
some 0,040822 0,000041
son 1,049822 0,001051
sourc 0,094311 0,000441
soywiz 3,912023 0,001305
specif 0,051293 0,000103
sponsor 1,714798 0,000572
sqaraqalpaqsharom 2,302585 0,000768
srpskisuomisvenska 1,714798 0,000572
ssl 2,525729 0,000843
stabl 0,867501 0,000289
stack 0,843970 0,001408
staff 1,469676 0,000490
stage 1,139434 0,000380
start 0,261365 0,000087
state 0,083382 0,000028
statement -0,009950 -0,000010
statementsarticl 0,544727 0,000182
statesczech 2,525729 0,000843
statist -0,009950 -0,000003
statu 0,693147 0,000231
steer 2,120264 0,001415
step 0,713350 0,000238
stewardship 2,813411 0,000939
strategi 0,733969 0,000490
stream 0,733969 0,000490
strong 0,776529 0,000259
strongloop 3,912023 0,002611
structur 0,139262 0,000046
studio 1,609438 0,005907
subject 0,478036 0,000160
subsect 0,020203 0,000020
subset 1,108663 0,000370
substitut 1,560648 0,000521
success 0,494296 0,000330
such 0,000000 0,000000
summit 2,040221 0,000681
superset 2,659260 0,000887
support 0,150823 0,001409
survei 0,462035 0,000308
surviv 1,609438 0,000537
swift 1,386294 0,000463
switch 0,916291 0,000306
syntax 1,171183 0,000391
system 0,010050 0,000037
systemshidden 2,207275 0,000736
systemz 3,912023 0,001305
tabl -0,009950 -0,000010
tag 1,309333 0,000437
take 0,210721 0,000070
target 0,462035 0,000154
targo 3,912023 0,001305
task 0,415515 0,000832
tcp 1,897120 0,001266
teach 1,469676 0,000981
team 0,634878 0,000212
tech 0,843970 0,000282
technic 0,478036 0,001436
technolog 0,116534 0,000078
techrepubl 2,302585 0,000768
teixeira 3,912023 0,001305
templat 0,301105 0,000201
ten 1,347074 0,000449
term -0,009950 -0,000020
test 0,248461 0,000166
text -0,009950 -0,000003
that 0,000000 0,000000
then 0,116534 0,000039
there 0,051293 0,000068
these 0,040822 0,000054
thi -0,009950 -0,000020
third 0,342490 0,000343
though 0,544727 0,000182
thousand 1,386294 0,000925
thread 1,386294 0,010639
three 0,287682 0,000096
throughput 2,120264 0,000707
tier 1,660731 0,000554
time 0,000000 0,000000
timothi 1,714798 0,000572
tinadanskdeutscheesti 1,309333 0,000437
titl -0,009950 -0,000003
tl 2,207275 0,000736
tniessen 3,912023 0,001305
tobia 2,407946 0,000803
toggl -0,009950 -0,000017
tom 1,203973 0,000402
toni 1,714798 0,000572
tool -0,009950 -0,000023
toolchain 2,525729 0,000843
toolkit 1,427116 0,000476
top -0,009950 -0,000010
topic -0,009950 -0,000003
trace 1,427116 0,000952
trademark -0,009950 -0,000003
tradition 1,897120 0,000633
train 0,967584 0,000323
transcod 3,912023 0,001305
transcompil 3,912023 0,001305
transit 1,171183 0,000391
translat 0,798508 0,000533
transpil 2,659260 0,000887
trigger 1,514128 0,000505
tsc 3,506558 0,009360
turn 0,776529 0,000518
turtl 2,525729 0,002528
twit 3,912023 0,002611
type 0,051293 0,000051
typeruntim 3,912023 0,001305
typescript 2,407946 0,008838
typic 0,186330 0,000062
ubl 3,912023 0,001305
udp 2,659260 0,000887
ulombardmagyar 2,813411 0,000939
under -0,009950 -0,000017
undergo 2,995732 0,001000
underscor 2,525729 0,000843
unfit 1,609438 0,000537
unicod 1,832581 0,000611
unifi 1,309333 0,000874
uninstal 3,218876 0,001074
unit 0,248461 0,000083
unitech 3,912023 0,001305
unix 1,469676 0,001962
unsourc 0,446287 0,000447
unsupport 2,302585 0,030732
unsupportedsupportedlatest 3,218876 0,001074
until 0,510826 0,000341
updat 0,342490 0,000343
url 1,203973 0,000402
urldownload -0,009950 -0,000003
urlwebarch 3,506558 0,001170
user 0,274437 0,000183
usernam 2,407946 0,000803
utc -0,009950 -0,000003
valid 0,616186 0,000206
variou 0,223144 0,000223
vendor 1,139434 0,000380
version -0,009950 -0,000100
versionfutur 3,218876 0,001074
versionpreview 3,218876 0,001074
versu 1,347074 0,000449
vertic 1,660731 0,000554
via 0,186330 0,000187
view -0,009950 -0,000003
vim 2,407946 0,000803
virtual 0,462035 0,000308
visual 0,562119 0,002063
vite 2,995732 0,001000
vote 1,514128 0,000505
vte 0,967584 0,000323
vtejavascriptcod 3,506558 0,001170
vtenod 2,995732 0,001000
vue 2,813411 0,000939
wai 0,105361 0,000105
wake 2,302585 0,000768
wasi 2,995732 0,001000
watch 1,237874 0,000413
wayback 0,478036 0,000319
weasel 2,407946 0,001607
web 0,342490 0,001828
webassembl 1,660731 0,003325
webauthn 2,407946 0,000803
webpack 2,995732 0,001000
websharp 2,813411 0,000939
websit 0,527633 0,001408
websitenodej 3,912023 0,001305
webstorm 3,912023 0,005221
week 1,171183 0,000391
weekli 1,966113 0,000656
well 0,051293 0,000068
what -0,009950 -0,000007
whatwg 2,995732 0,001000
when 0,030459 0,000030
where 0,072571 0,000024
which 0,000000 0,000000
while 0,051293 0,000034
whittak 3,506558 0,001170
why 0,494296 0,000330
widespread 0,994252 0,000332
wikibook 1,386294 0,000463
wikidata 0,562119 0,000188
wikidataus 1,108663 0,000370
wikimedia -0,009950 -0,000010
wikipedia -0,009950 -0,000027
wikipediacontact -0,009950 -0,000003
wild 2,302585 0,000768
wilei 0,562119 0,000563
wilson 1,469676 0,000490
window 0,891598 0,002082
within 0,116534 0,000078
without 0,094311 0,000126
won 1,469676 0,000490
word 0,446287 0,000298
work 0,030459 0,000061
wrapper 2,407946 0,000803
write 0,527633 0,000352
written 0,287682 0,000672
www 0,356675 0,000357
yagiz 3,912023 0,001305
yarn 2,995732 0,001999
year 0,162519 0,000108
yield 1,139434 0,000380
yonder 3,912023 0,001305
yourself 2,659260 0,001775
youtub 1,272966 0,000425
zack 3,218876 0,001074
zasso 3,912023 0,001305
zbekcha 0,462035 0,000154
zdnet 1,560648 0,000521
zend 3,506558 0,001170
