aanand 3,912023 0,001649
abel 3,218876 0,001356
abil 0,562119 0,000237
abstract 0,713350 0,000301
access 0,127833 0,000054
accord 0,287682 0,000121
account -0,009950 -0,000013
acquir 1,203973 0,002029
across 0,415515 0,000525
action -0,009950 -0,000004
ad 0,223144 0,000094
add -0,009950 -0,000004
addit -0,009950 -0,000013
address 0,342490 0,000144
adeo 3,218876 0,001356
adopt 0,415515 0,000525
advantag 0,693147 0,000292
ago 0,967584 0,000408
agre -0,009950 -0,000008
agreement 1,078810 0,000909
aisgalego 1,309333 0,000552
algorithm 0,462035 0,000389
all 0,000000 0,000000
allow 0,061875 0,000261
also -0,009950 -0,000025
altern 0,342490 0,000144
amazon 1,309333 0,003311
amp -0,009950 -0,000021
analysi 0,186330 0,000314
analyz 0,843970 0,000356
ani 0,083382 0,000035
announc 0,733969 0,004021
anoth 0,127833 0,000108
apach 1,386294 0,002337
api 0,798508 0,001346
app 1,021651 0,001722
appear -0,009950 -0,000008
appli -0,009950 -0,000004
applic 0,030459 0,000205
april 0,072571 0,000275
apt 2,995732 0,001262
aquasec 3,912023 0,001649
architectur 0,400478 0,000338
archiv 0,040822 0,000155
arg 2,407946 0,001015
arm 1,469676 0,000619
around 0,356675 0,000150
articl 0,000000 0,000000
articleabout -0,009950 -0,000004
articletalk -0,009950 -0,000004
aspect 0,616186 0,000260
assembl 0,867501 0,000366
atomicjar 3,912023 0,003297
attribut -0,009950 -0,000004
august 0,162519 0,001027
austin 2,207275 0,000930
authorsolomon 3,912023 0,001649
autom 0,597837 0,000504
avail -0,009950 -0,000021
avoid 0,579818 0,000244
avram 3,912023 0,001649
aw 2,407946 0,001015
azur 1,771957 0,000747
backport 2,995732 0,002525
bahasa 0,186330 0,000079
bali 2,302585 0,000970
barbier 3,912023 0,001649
barr 2,659260 0,001121
base 0,010050 0,000008
basilisk 2,207275 0,000930
becaus 0,127833 0,000162
ben 1,309333 0,000552
beta 1,386294 0,000584
bhyve 3,218876 0,001356
big 0,673345 0,000284
blog 0,713350 0,001503
bluestack 2,995732 0,001262
board 0,843970 0,000356
boch 3,218876 0,001356
bosanski 1,347074 0,000568
bot 1,832581 0,001545
box 0,843970 0,000356
brandz 3,218876 0,001356
build 0,274437 0,000694
built 0,462035 0,000195
bundl 1,514128 0,000638
busi 0,287682 0,000121
call 0,030459 0,000077
capabl 0,562119 0,000711
carei 3,506558 0,001478
case 0,083382 0,000035
catal 0,094311 0,000040
categori -0,009950 -0,000008
cb 2,040221 0,000860
ceedo 3,218876 0,001356
center 0,415515 0,000350
cgroup 2,813411 0,003557
changesupload -0,009950 -0,000008
channel 1,049822 0,000885
charg 1,272966 0,000536
chri 0,994252 0,000838
chroot 2,995732 0,001262
cio 2,525729 0,001064
cisco 2,207275 0,000930
citat 0,248461 0,000105
cite 0,597837 0,000252
citrix 2,813411 0,003557
clara 3,506558 0,001478
class 0,446287 0,000188
cli 2,040221 0,005159
client 0,713350 0,000902
close 0,356675 0,000150
cloud 0,733969 0,003093
cluster 1,272966 0,002682
cm 2,659260 0,001121
code -0,009950 -0,000029
codeship 3,912023 0,001649
collabnix 3,912023 0,001649
collabor 0,941609 0,000397
com 0,150823 0,000763
combin 0,261365 0,000220
come 0,356675 0,000451
command 0,891598 0,005260
commandsorigin 3,912023 0,001649
commod 1,469676 0,000619
common -0,009950 -0,000013
commonli 0,342490 0,000144
commonsmediawikiwikiversitywikidata 3,912023 0,001649
commun 0,139262 0,000117
compani 0,342490 0,000433
compon 0,261365 0,000881
compos 1,171183 0,006416
comput 0,020203 0,000077
conduct -0,009950 -0,000004
configur 0,798508 0,001682
connect 0,430783 0,000182
consensu 1,832581 0,001545
consist 0,301105 0,000381
contact -0,009950 -0,000008
contain 0,162519 0,004520
container 2,659260 0,003362
containerizationoper 3,912023 0,001649
containersoper 3,506558 0,001478
content -0,009950 -0,000017
context 0,446287 0,000188
continu 0,174353 0,000073
contribut -0,009950 -0,000004
contributor 1,832581 0,000772
cooki -0,009950 -0,000004
cooper 1,021651 0,000861
copi 0,891598 0,000376
core 0,579818 0,000244
coreo 3,506558 0,001478
cpu 1,347074 0,000568
creat -0,009950 -0,000021
creation 0,653926 0,000551
creativ -0,009950 -0,000004
crn 3,912023 0,001649
custom 0,544727 0,000230
daemon 2,659260 0,005603
dalvik 2,813411 0,001186
dan 0,916291 0,000386
data 0,030459 0,000026
datadog 3,912023 0,001649
date 0,210721 0,000089
debut 2,525729 0,001064
decemb 0,061875 0,000287
decentr 1,714798 0,000723
default 0,693147 0,001168
defin 0,116534 0,000196
delet 1,139434 0,000480
deliv 1,078810 0,000909
demystifi 2,659260 0,001121
depend 0,105361 0,000044
deploi 1,108663 0,000467
deploy 1,049822 0,000885
descript -0,009950 -0,000004
descriptionshort 0,000000 0,000000
design 0,040822 0,000052
desktop 1,347074 0,007947
develop -0,009950 -0,000025
devend 3,912023 0,001649
devop 2,525729 0,002129
differ 0,010050 0,000013
digitalocean 2,813411 0,001186
directli 0,415515 0,000350
directori 1,560648 0,000658
disclaim -0,009950 -0,000004
discoveri 1,139434 0,000480
distribut 0,198451 0,000502
distrobox 3,218876 0,001356
docker 2,813411 0,230005
dockerd 3,912023 0,003297
dockerfil 3,912023 0,009891
dockerscreenshot 3,912023 0,001649
document 0,328504 0,001938
don 0,916291 0,000386
dona 3,912023 0,001649
donat -0,009950 -0,000008
dosbox 3,218876 0,001356
dosemu 3,218876 0,001356
dotcloud 3,912023 0,011540
dove 2,995732 0,001262
download -0,009950 -0,000008
driver 1,237874 0,001043
drop 0,994252 0,000419
each 0,072571 0,000031
ebpf 2,995732 0,001262
ec 2,813411 0,002371
ecosystem 1,108663 0,000467
edit -0,009950 -0,000046
editcommun -0,009950 -0,000004
eight 2,120264 0,000893
elast 2,407946 0,001015
embrac 2,040221 0,000860
emul 1,832581 0,001545
enabl 0,274437 0,000463
encapsul 2,120264 0,001787
encyclopedia -0,009950 -0,000004
end 0,186330 0,000157
engin 0,061875 0,000287
english -0,009950 -0,000004
englishsloven 0,510826 0,000215
enterpris 0,446287 0,001128
entiti 0,843970 0,000356
env 3,506558 0,002955
environ 0,385662 0,000975
espa 0,210721 0,000089
esxi 3,218876 0,001356
ethernet 2,407946 0,002029
even 0,235722 0,000099
event 0,356675 0,000150
eventsrandom -0,009950 -0,000004
evpn 3,218876 0,001356
exampl 0,020203 0,000043
examplefil 3,912023 0,003297
execut 0,356675 0,000601
expand 0,776529 0,000327
export -0,009950 -0,000004
expos 1,272966 0,001073
extens 0,342490 0,000144
extern 0,030459 0,000026
extrem 0,941609 0,000397
facil 0,891598 0,000376
facilit 0,916291 0,000386
fact 0,579818 0,000244
featur 0,210721 0,000355
februari 0,061875 0,000469
fedora 2,659260 0,001121
few 0,653926 0,000276
fewer 1,897120 0,000799
file 0,446287 0,001693
fileperman -0,009950 -0,000004
filespeci -0,009950 -0,000004
firshman 3,912023 0,001649
first 0,020203 0,000026
flexibl 1,139434 0,000480
folei 2,659260 0,001121
follow 0,072571 0,000031
former 1,049822 0,000442
founadi 3,912023 0,001649
found 0,274437 0,000231
foundat -0,009950 -0,000004
fran 0,223144 0,000094
franc 1,427116 0,000601
freder 2,302585 0,000970
free -0,009950 -0,000029
freebsd 1,897120 0,000799
function 0,030459 0,000013
fusion 1,514128 0,000638
futur 0,235722 0,000099
ganeti 2,813411 0,001186
gener -0,009950 -0,000013
genev 2,995732 0,001262
get 0,430783 0,000545
giant 1,660731 0,000700
gist 3,506558 0,001478
github 1,078810 0,002728
gizmoxo 3,912023 0,001649
gnu 1,272966 0,000536
gofre 3,912023 0,001649
googl 0,579818 0,000489
greater 0,755023 0,000318
grew 1,386294 0,000584
group 0,186330 0,000157
guid 0,287682 0,000242
gupta 2,302585 0,000970
guthri 3,218876 0,001356
gvisor 2,995732 0,001262
handl 0,415515 0,000175
hat 1,966113 0,003314
helplearn -0,009950 -0,000004
here 0,301105 0,000127
hererel -0,009950 -0,000004
hide -0,009950 -0,000017
high 0,223144 0,000094
higher 0,430783 0,000182
histori -0,009950 -0,000021
home 0,616186 0,000519
horizon 1,714798 0,000723
host 0,755023 0,001909
hostedspeci 3,218876 0,001356
how 0,072571 0,000061
hpc 2,995732 0,001262
http -0,009950 -0,000004
huawei 1,966113 0,000829
hub 2,040221 0,001720
hyke 3,912023 0,004946
hykesdeveloperdock 3,912023 0,001649
hyper 2,302585 0,001941
hypervisor 2,407946 0,001015
ibm 0,693147 0,001460
icor 3,218876 0,001356
id 1,309333 0,000552
imag 0,494296 0,002083
implement 0,105361 0,000089
ina 0,356675 0,000150
inc -0,009950 -0,000101
includ 0,000000 0,000000
incub 3,218876 0,001356
independ 0,527633 0,000889
index -0,009950 -0,000004
infoq 2,302585 0,001941
informationcit -0,009950 -0,000004
infoworld 1,609438 0,001356
infrastructur 0,673345 0,000284
ingo 3,218876 0,001356
initi 0,235722 0,000199
insid 0,579818 0,000244
instal 0,994252 0,001257
installfre 3,218876 0,001356
instanc 0,478036 0,000201
instead 0,301105 0,000127
integr 0,174353 0,000294
interact 0,356675 0,000451
interfac 0,494296 0,000625
intern 0,040822 0,000017
introduc 0,210721 0,000089
introduct 0,210721 0,000089
involv 0,415515 0,000175
iron 1,966113 0,000829
isol 1,427116 0,003608
italiano 3,506558 0,001478
item -0,009950 -0,000004
jail 2,813411 0,001186
januari 0,083382 0,000457
jeff 1,560648 0,000658
john 0,198451 0,000084
juli 0,127833 0,000377
julien 2,813411 0,001186
jump -0,009950 -0,000004
june 0,094311 0,000477
kamel 3,912023 0,001649
katherin 2,525729 0,001064
kernel 1,171183 0,005923
kevin 1,386294 0,000584
keyr 3,912023 0,001649
know 0,653926 0,000276
known 0,127833 0,000054
kubernet 2,659260 0,003362
kubevirt 3,218876 0,001356
kvm 3,218876 0,001356
lan 2,407946 0,001015
languag -0,009950 -0,000017
lardinoi 2,525729 0,001064
larg 0,127833 0,000054
larger 0,941609 0,000397
last -0,009950 -0,000004
later 0,223144 0,000094
latest 0,994252 0,000419
latvi 0,994252 0,000419
launch 0,941609 0,000397
ldom 3,218876 0,001356
legal -0,009950 -0,000004
letypeo 3,912023 0,001649
level 0,083382 0,000176
libcontain 3,912023 0,009891
librari 0,356675 0,000150
libvirt 3,218876 0,001356
licens -0,009950 -0,000055
licensevirtu 3,506558 0,001478
lightweight 1,609438 0,003391
like 0,051293 0,000022
limit 0,186330 0,000236
lin 1,660731 0,000700
line 0,261365 0,000551
link -0,009950 -0,000021
linkedin 3,506558 0,002955
linkpag -0,009950 -0,000004
linux 0,916291 0,010812
linuxhidden 3,912023 0,001649
list 0,051293 0,000108
listen 1,966113 0,000829
lmctfy 3,218876 0,001356
locat 0,527633 0,000222
log -0,009950 -0,000008
logic 0,616186 0,000260
logo 1,771957 0,000747
longer 0,755023 0,000636
look 0,478036 0,000201
lpar 3,218876 0,001356
lxc 3,912023 0,006594
lynxsecur 3,218876 0,001356
mac 1,237874 0,001565
machin 0,040822 0,000138
maco 1,660731 0,002100
macosplatformx 3,912023 0,001649
made 0,186330 0,000079
main -0,009950 -0,000025
maint 0,798508 0,000673
maintain 0,400478 0,000169
major 0,223144 0,000094
manag 0,105361 0,000533
manipul 0,673345 0,000284
march 0,116534 0,000442
mari 1,347074 0,000568
mclaughlin 3,912023 0,001649
mdy 1,514128 0,000638
meant 1,514128 0,000638
melayunederland 2,040221 0,000860
memori 0,562119 0,000237
mention 1,237874 0,000522
menu -0,009950 -0,000008
meso 3,218876 0,001356
michael 0,385662 0,000163
microservic 2,302585 0,000970
microsoft 0,579818 0,003421
miller 1,469676 0,000619
mobi 3,912023 0,006594
mobil -0,009950 -0,000004
mode 0,755023 0,000636
model 0,116534 0,000098
momentum 2,040221 0,000860
more 0,010050 0,000025
mostli 0,994252 0,000419
mount 2,207275 0,001860
move -0,009950 -0,000017
mullani 3,912023 0,001649
multi 0,342490 0,000144
multipl 0,094311 0,000119
myvolum 3,912023 0,001649
namespac 1,560648 0,001973
nativ 1,078810 0,001818
navig -0,009950 -0,000004
need 0,030459 0,000026
network 0,127833 0,000162
new 0,010050 0,000004
next 0,400478 0,000169
nichol 2,525729 0,002129
node 0,867501 0,002925
nomad 3,506558 0,001478
non -0,009950 -0,000004
not 0,000000 0,000000
note 0,150823 0,000064
notif 2,207275 0,001860
novemb 0,150823 0,000381
now 0,274437 0,000231
noy 3,912023 0,001649
nski 3,218876 0,001356
nspawn 3,912023 0,001649
nuanc 3,506558 0,001478
nvgre 3,218876 0,001356
object 0,174353 0,000294
octob 0,139262 0,000704
offer 0,248461 0,000209
offici 0,653926 0,000276
oldid -0,009950 -0,000004
oleuskara 1,514128 0,000638
omnissa 3,218876 0,001356
onc 0,527633 0,000222
onli 0,051293 0,000086
onward 2,207275 0,000930
open 0,150823 0,000445
openshift 2,813411 0,003557
openstack 3,218876 0,001356
openvz 3,218876 0,001356
oper 0,010050 0,000025
operatingsystemo 3,218876 0,001356
option 0,527633 0,001112
oracl 1,078810 0,001364
orchestr 2,813411 0,003557
org -0,009950 -0,000004
organ -0,009950 -0,000013
origin -0,009950 -0,000046
other -0,009950 -0,000017
overhead 1,469676 0,000619
overlai 2,407946 0,001015
overlayf 3,912023 0,001649
overrid 2,659260 0,001121
overview 0,616186 0,000519
ovirt 2,813411 0,001186
own 0,314711 0,000398
packag 0,776529 0,000654
page -0,009950 -0,000008
pagecontentscurr -0,009950 -0,000004
pageget -0,009950 -0,000004
pahl 3,912023 0,001649
paid 1,560648 0,000658
parallel 0,941609 0,001190
part 0,072571 0,000031
particular 0,301105 0,000127
partit 1,347074 0,001135
partnership 2,040221 0,002579
path 0,798508 0,000336
pcem 3,218876 0,001356
pdfprintabl -0,009950 -0,000004
pearpc 3,218876 0,001356
per 0,616186 0,000519
perform 0,040822 0,000034
persist 1,386294 0,001168
person -0,009950 -0,000008
php -0,009950 -0,000004
pikeo 2,995732 0,002525
pivot 2,040221 0,000860
plan 0,430783 0,000545
platform 0,400478 0,000844
player 1,469676 0,000619
podman 3,218876 0,002713
polici -0,009950 -0,000008
polskiportugu 0,916291 0,000386
port 1,272966 0,001073
portal 0,494296 0,000208
portalrec -0,009950 -0,000004
power 0,261365 0,000110
powerus 3,506558 0,001478
ppc 2,995732 0,001262
prasad 3,506558 0,001478
prem 3,218876 0,001356
premis 2,407946 0,001015
presenc 1,108663 0,000467
preview 1,897120 0,000799
previous 0,843970 0,000711
principl 0,385662 0,000163
print -0,009950 -0,000004
privaci -0,009950 -0,000008
privat 0,634878 0,000535
pro 1,237874 0,000522
process 0,051293 0,000173
product 0,174353 0,000147
profil 1,021651 0,000431
profit -0,009950 -0,000004
program 0,116534 0,000196
project -0,009950 -0,000029
projectatom 3,912023 0,001649
provid 0,061875 0,000130
proxmox 3,218876 0,001356
public 0,127833 0,000323
pull 1,897120 0,000799
puls 2,995732 0,001262
push 1,203973 0,000507
pycon 3,506558 0,001478
qemu 2,995732 0,001262
qnx 2,407946 0,001015
quarter 1,897120 0,000799
quot 1,049822 0,001770
raft 3,912023 0,006594
rais 1,237874 0,001043
rancher 3,506558 0,001478
ranchero 3,506558 0,001478
raspberri 2,525729 0,002129
rath 3,506558 0,001478
rbaycancabasa 2,995732 0,001262
read 0,162519 0,000068
readeditview 0,287682 0,000242
readi 1,309333 0,000552
real 0,210721 0,000178
reason 0,328504 0,000138
red 1,237874 0,002087
refer -0,009950 -0,000029
regist -0,009950 -0,000004
registri 2,120264 0,007148
relat 0,030459 0,000026
relationship 0,653926 0,000276
releas 0,415515 0,001576
releasemarch 3,912023 0,001649
relev 0,798508 0,000336
remain 0,400478 0,000338
remot 0,776529 0,001309
remov 0,301105 0,000127
renam 1,771957 0,000747
replac 0,494296 0,000417
repo 2,995732 0,002525
repositori 0,994252 0,000419
repositorygithub 2,813411 0,001186
request 0,776529 0,000327
research 0,223144 0,000094
resourc 0,248461 0,000419
result 0,139262 0,000059
retriev -0,009950 -0,000235
revoir 3,912023 0,001649
rhel 3,912023 0,001649
rkt 3,218876 0,002713
role 0,527633 0,000222
ron 2,040221 0,000860
rump 2,407946 0,001015
run 0,248461 0,002408
runtim 1,309333 0,000552
safeti -0,009950 -0,000004
same 0,116534 0,000049
santa 2,659260 0,001121
sarkar 2,995732 0,001262
scale 0,371064 0,000313
scope 0,891598 0,000376
scott 0,891598 0,000751
scottgu 3,912023 0,001649
search -0,009950 -0,000017
sebastien 3,218876 0,001356
seccomp 3,218876 0,001356
second 0,328504 0,000138
secret 1,560648 0,000658
secur 0,274437 0,000116
securityoper 3,912023 0,001649
see -0,009950 -0,000025
select 0,371064 0,000156
sent 1,171183 0,000494
septemb 0,150823 0,000572
serdar 3,218876 0,001356
server 0,597837 0,003023
servic 0,210721 0,001421
set 0,051293 0,000043
sever 0,072571 0,000122
share 0,301105 0,000381
sharealik -0,009950 -0,000004
sheepshav 3,218876 0,001356
ship 1,272966 0,001073
shirlei 3,506558 0,001478
short -0,009950 -0,000004
shorten -0,009950 -0,000004
show 0,400478 0,000338
shqipsimpl 1,203973 0,000507
sidebar -0,009950 -0,000017
siluk 3,912023 0,001649
simh 3,218876 0,001356
simi 0,755023 0,000318
similar 0,150823 0,000127
simmon 2,995732 0,001262
simultan 0,891598 0,000376
sinc 0,139262 0,000117
singl 0,127833 0,000323
singular 2,207275 0,000930
site -0,009950 -0,000004
smarto 2,995732 0,001262
softwar 0,127833 0,000862
softwarecomparison 3,218876 0,001356
softwarecontainer 3,912023 0,001649
softwarefre 2,207275 0,000930
softwarehardwar 3,218876 0,001356
softwarelinux 3,506558 0,001478
solari 2,207275 0,000930
solomon 2,995732 0,002525
some 0,040822 0,000017
sourc 0,094311 0,000199
sparc 2,525729 0,001064
specifi 0,446287 0,000376
sql 1,171183 0,000494
srpskisuomit 3,912023 0,001649
sruna 3,506558 0,001478
ssh 2,407946 0,001015
stabl 0,867501 0,000366
stack 0,843970 0,000711
stackengin 3,506558 0,004433
standard 0,094311 0,000119
start 0,261365 0,000551
startup 1,660731 0,002799
statement -0,009950 -0,000013
statementsarticl 0,544727 0,000230
statist -0,009950 -0,000008
statu 0,693147 0,000584
steven 0,867501 0,000731
stop 0,967584 0,000408
storag 0,430783 0,000182
store 0,356675 0,000150
strateg 1,171183 0,000987
stratoscal 3,912023 0,003297
subsect 0,020203 0,000009
subsystem 2,207275 0,001860
such 0,000000 0,000000
summer 1,427116 0,000601
support 0,150823 0,000445
surpris 2,525729 0,001064
swan 2,659260 0,001121
swarm 2,207275 0,016743
switch 0,916291 0,000386
symantec 2,207275 0,000930
system 0,010050 0,000051
systemd 3,506558 0,001478
systemlinux 3,912023 0,001649
tabl -0,009950 -0,000008
team 0,634878 0,000535
tech 0,843970 0,000356
techcrunch 1,660731 0,002100
technologysoftwar 3,912023 0,001649
templat 0,301105 0,000127
term -0,009950 -0,000008
test 0,248461 0,000209
text -0,009950 -0,000008
than 0,072571 0,000031
that 0,000000 0,000000
themselv 0,843970 0,000356
these 0,040822 0,000034
thi -0,009950 -0,000034
thinapp 3,218876 0,001356
three 0,287682 0,000121
tier 1,660731 0,000700
time 0,000000 0,000000
tinadanskdeutscheesti 1,309333 0,000552
titl -0,009950 -0,000004
todai 0,693147 0,000292
togeth 0,579818 0,000244
toggl -0,009950 -0,000013
token 1,386294 0,000584
tool -0,009950 -0,000029
toolchain 2,525729 0,001064
top -0,009950 -0,000004
topic -0,009950 -0,000004
trademark -0,009950 -0,000004
tree 0,693147 0,000292
turbo 2,995732 0,001262
turn 0,776529 0,000327
tutum 3,506558 0,001478
txt 2,813411 0,002371
typic 0,186330 0,000079
ubuntu 2,407946 0,001015
ucp 3,506558 0,001478
ulombardmagyar 2,813411 0,001186
unaffect 3,912023 0,001649
under -0,009950 -0,000017
unifi 1,309333 0,000552
union 0,994252 0,000419
unknown 1,108663 0,000467
unknownarticl 3,218876 0,001356
unsourc 0,446287 0,000376
updat 0,342490 0,000866
upload 1,771957 0,000747
url 1,203973 0,001015
urldownload -0,009950 -0,000004
user 0,274437 0,001156
usual 0,198451 0,000084
utc -0,009950 -0,000004
util 0,597837 0,000756
utm 3,218876 0,001356
valu 0,162519 0,000068
variabl 0,494296 0,000208
varieti 0,616186 0,000260
variou 0,223144 0,000282
vaughan 2,525729 0,002129
vcloud 2,813411 0,001186
vendor 1,139434 0,000960
veri 0,314711 0,000133
version -0,009950 -0,000059
via 0,186330 0,000707
view -0,009950 -0,000008
virt 3,218876 0,001356
virtual 0,462035 0,005646
virtualbox 2,995732 0,001262
virtualizationcontain 3,506558 0,001478
virtualizationlicens 3,912023 0,001649
virtuozzo 3,218876 0,001356
vkernel 2,525729 0,001064
vmware 3,218876 0,009495
volum 0,616186 0,000779
vpn 2,207275 0,000930
vserver 3,218876 0,001356
vsphere 3,218876 0,001356
vswitch 3,218876 0,001356
vtelinux 2,995732 0,001262
vtevirtu 3,218876 0,001356
vxlan 3,218876 0,001356
walsh 2,525729 0,001064
web 0,342490 0,000289
websit 0,527633 0,000222
websitewww 3,218876 0,001356
welcom 1,966113 0,000829
well 0,051293 0,000043
what -0,009950 -0,000013
when 0,030459 0,000013
where 0,072571 0,000061
which 0,000000 0,000000
while 0,051293 0,000022
wikidataus 1,108663 0,000467
wikimedia -0,009950 -0,000008
wikipedia -0,009950 -0,000025
wikipediacontact -0,009950 -0,000004
win 1,469676 0,001239
windock 3,912023 0,003297
window 0,891598 0,009393
within 0,116534 0,000147
work 0,030459 0,000064
workload 1,966113 0,000829
workspac 2,525729 0,001064
workstat 1,771957 0,001493
written 0,287682 0,000242
wsl 3,912023 0,009891
www 0,356675 0,000150
xcp 3,218876 0,001356
xen 3,218876 0,001356
xenserv 3,218876 0,001356
xtratum 3,218876 0,001356
yaml 2,525729 0,001064
year 0,162519 0,000137
yegulalp 3,218876 0,001356
yet 0,891598 0,000376
yml 3,912023 0,003297
youtub 1,272966 0,000536
zdnet 1,560648 0,001973
zerovm 3,218876 0,001356
