aanand 3,912023 0,001649
abel 3,218876 0,001356
ability 0,616186 0,000260
abstracted 3,506558 0,001478
access 0,287682 0,000121
according 0,301105 0,000127
account -0,009950 -0,000008
accounts 1,171183 0,000494
acquired 1,660731 0,000700
acquires 2,659260 0,002241
acquiring 2,207275 0,000930
across 0,415515 0,000525
actions -0,009950 -0,000004
add -0,009950 -0,000004
added 0,415515 0,000175
addition 0,371064 0,000313
additional -0,009950 -0,000004
address 0,713350 0,000301
adeos 3,218876 0,001356
adoption 0,820981 0,001038
advantages 1,309333 0,000552
ago 0,967584 0,000408
agree -0,009950 -0,000008
agreement 1,171183 0,000987
aisgalego 1,309333 0,000552
algorithm 0,776529 0,000654
all 0,000000 0,000000
allow 0,287682 0,000242
allowing 0,462035 0,000195
allows 0,248461 0,000733
also -0,009950 -0,000025
alternative 0,527633 0,000222
amazon 1,309333 0,003311
amp -0,009950 -0,000021
analysis 0,186330 0,000314
analyzed 1,714798 0,000723
announce 2,407946 0,001015
announced 0,798508 0,003701
announcing 1,897120 0,000799
another 0,127833 0,000108
any 0,083382 0,000035
apache 1,386294 0,002337
api 0,916291 0,001545
app 1,386294 0,000584
appearance -0,009950 -0,000008
application 0,127833 0,000485
applications 0,094311 0,000278
apply -0,009950 -0,000004
apps 1,272966 0,001609
april 0,072571 0,000275
apt 2,995732 0,001262
aquasec 3,912023 0,001649
architecture 0,462035 0,000195
architectures 1,139434 0,000480
archived 0,040822 0,000155
arg 2,995732 0,001262
arm 1,714798 0,000723
around 0,356675 0,000150
article 0,040822 0,000017
articleabout -0,009950 -0,000004
articles 0,020203 0,000009
articletalk -0,009950 -0,000004
aspects 0,776529 0,000327
assemble 3,506558 0,001478
atomicjar 3,912023 0,003297
attribution -0,009950 -0,000004
august 0,162519 0,001027
austin 2,207275 0,000930
authorsolomon 3,912023 0,001649
automated 0,776529 0,000327
automates 2,995732 0,001262
availability 1,469676 0,000619
available -0,009950 -0,000017
avoiding 1,714798 0,000723
avram 3,912023 0,001649
aws 2,407946 0,001015
azure 1,771957 0,000747
backport 3,912023 0,003297
bahasa 0,186330 0,000079
bali 2,302585 0,000970
barbier 3,912023 0,001649
barr 2,659260 0,001121
based 0,010050 0,000008
basilisk 2,207275 0,000930
because 0,127833 0,000162
ben 1,309333 0,000552
beta 1,386294 0,000584
bhyve 3,218876 0,001356
big 0,673345 0,000284
blog 0,776529 0,001309
blogs 1,897120 0,000799
bluestacks 2,995732 0,001262
board 0,916291 0,000386
bochs 3,218876 0,001356
bosanski 1,347074 0,000568
bot 1,897120 0,001599
box 1,171183 0,000494
brandz 3,218876 0,001356
build 0,673345 0,001419
building 0,415515 0,000175
built 0,462035 0,000195
bundle 2,040221 0,000860
business 0,301105 0,000127
called 0,040822 0,000103
capabilities 0,891598 0,000376
capability 1,309333 0,000552
capable 1,309333 0,000552
carey 3,506558 0,001478
case 0,139262 0,000059
catal 0,094311 0,000040
categories -0,009950 -0,000008
cbs 2,040221 0,000860
ceedo 3,218876 0,001356
center 0,562119 0,000474
cgroups 2,813411 0,003557
changesupload -0,009950 -0,000008
channel 1,309333 0,000552
channels 1,897120 0,000799
charge 1,609438 0,000678
chris 0,994252 0,000838
chroot 2,995732 0,001262
cio 2,525729 0,001064
cisco 2,207275 0,000930
citation 0,415515 0,000175
cite 0,843970 0,000356
citrix 2,813411 0,003557
clara 3,506558 0,001478
classes 0,967584 0,000408
cli 2,040221 0,005159
client 0,867501 0,000731
clients 1,139434 0,000480
closely 1,237874 0,000522
cloud 0,776529 0,002945
clouds 2,207275 0,000930
cluster 1,514128 0,001914
clustering 2,040221 0,000860
clusters 2,040221 0,000860
cms 2,659260 0,001121
code -0,009950 -0,000029
codeship 3,912023 0,001649
collabnix 3,912023 0,001649
collaboration 1,272966 0,000536
com 0,150823 0,000763
combinator 3,506558 0,001478
combined 0,798508 0,000336
come 0,867501 0,000366
coming 1,203973 0,001015
command 1,021651 0,003444
commands 1,714798 0,004336
commandsoriginal 3,912023 0,001649
commodity 1,660731 0,000700
common 0,072571 0,000061
commonly 0,342490 0,000144
commons -0,009950 -0,000004
commonsmediawikiwikiversitywikidata 3,912023 0,001649
communicate 1,386294 0,001168
companies 0,597837 0,000252
company 0,462035 0,000389
component 0,713350 0,000902
components 0,415515 0,000876
compose 2,525729 0,013837
compute 1,309333 0,000552
computer 0,139262 0,000176
computing 0,301105 0,000634
conduct -0,009950 -0,000004
configuration 1,021651 0,001722
configure 2,813411 0,001186
connect 1,427116 0,000601
consensus 1,832581 0,001545
consistent 1,108663 0,000467
consistently 1,966113 0,000829
consists 1,078810 0,000455
contact -0,009950 -0,000004
contacts -0,009950 -0,000004
contain 0,693147 0,000292
container 1,660731 0,020295
containerization 2,995732 0,001262
containerizationoperating 3,912023 0,001649
containerized 2,995732 0,002525
containers 2,040221 0,030952
containersoperating 3,506558 0,001478
content -0,009950 -0,000004
contents -0,009950 -0,000013
context 0,494296 0,000208
continues 1,469676 0,000619
contribute -0,009950 -0,000004
contributors 2,302585 0,000970
cookie -0,009950 -0,000004
cooperating 2,995732 0,001262
cooperative 1,609438 0,000678
copy 1,203973 0,000507
core 0,597837 0,000252
coreos 3,506558 0,001478
cpu 1,560648 0,000658
create -0,009950 -0,000013
created 0,430783 0,000363
creation 0,693147 0,000584
creative -0,009950 -0,000004
crn 3,912023 0,001649
customers 1,078810 0,000455
daemon 2,659260 0,002241
daemons 3,506558 0,004433
dalvik 2,813411 0,001186
dan 0,967584 0,000408
data 0,030459 0,000026
datadog 3,912023 0,001649
dates 0,430783 0,000182
debuted 3,218876 0,001356
december 0,061875 0,000287
decentralized 1,832581 0,000772
default 0,693147 0,001168
define 0,798508 0,000336
defined 0,248461 0,000105
defines 0,776529 0,000327
defining 1,021651 0,000431
deleted 1,966113 0,000829
deliver 1,514128 0,001276
demystifying 3,912023 0,001649
dependencies 1,660731 0,000700
deploying 2,302585 0,000970
deployment 1,078810 0,000455
deployments 2,813411 0,001186
description -0,009950 -0,000004
descriptionshort 0,000000 0,000000
design 0,127833 0,000108
designed 0,261365 0,000110
desktop 1,347074 0,007380
desktops 2,525729 0,001064
develop 0,867501 0,000366
developed 0,127833 0,000054
developers -0,009950 -0,000008
development 0,083382 0,000070
devender 3,912023 0,001649
devops 2,525729 0,002129
different 0,020203 0,000026
digitalocean 2,813411 0,001186
directly 0,415515 0,000350
directory 1,714798 0,000723
disclaimers -0,009950 -0,000004
discovery 1,171183 0,000494
distributed 0,478036 0,000403
distributes 2,659260 0,001121
distribution 0,634878 0,000535
distributions 1,386294 0,000584
distrobox 3,218876 0,001356
docker 2,813411 0,230005
dockerd 3,912023 0,003297
dockerfile 3,912023 0,009891
dockerscreenshot 3,912023 0,001649
documentation 0,867501 0,005118
don 0,916291 0,000386
dona 3,912023 0,001649
donate -0,009950 -0,000008
dos 1,714798 0,000723
dosbox 3,218876 0,001356
dosemu 3,218876 0,001356
dotcloud 3,912023 0,011540
dove 2,995732 0,001262
download -0,009950 -0,000008
driver 1,771957 0,000747
drivers 1,469676 0,000619
drops 2,813411 0,001186
each 0,072571 0,000031
ebpf 2,995732 0,001262
ecosystem 1,171183 0,000494
ecs 3,218876 0,002713
edit -0,009950 -0,000038
editcommunity -0,009950 -0,000004
edited -0,009950 -0,000004
editions 2,040221 0,000860
eight 2,120264 0,000893
elastic 2,659260 0,001121
embraces 3,506558 0,001478
emulators 2,995732 0,002525
enables 0,693147 0,000584
enabling 0,941609 0,000794
encapsulated 3,506558 0,001478
encapsulation 2,995732 0,001262
encyclopedia -0,009950 -0,000004
end 0,261365 0,000110
ended 1,771957 0,000747
engine 0,693147 0,002629
engines 1,237874 0,001043
english -0,009950 -0,000004
englishsloven 0,510826 0,000215
enterprise 0,510826 0,001076
enterprises 1,832581 0,000772
entities 1,139434 0,000480
env 3,506558 0,002955
environment 0,478036 0,001007
environments 0,941609 0,000397
espa 0,210721 0,000089
esxi 3,218876 0,001356
ethernet 2,407946 0,002029
even 0,235722 0,000099
events 0,634878 0,000268
eventsrandom -0,009950 -0,000004
evpn 3,218876 0,001356
example 0,030459 0,000064
examplefile 3,912023 0,003297
executing 2,120264 0,000893
execution 0,891598 0,001127
expand 1,897120 0,000799
export -0,009950 -0,000004
expose 2,302585 0,001941
extensible 1,609438 0,000678
external 0,030459 0,000026
extreme 1,514128 0,000638
facilitates 1,771957 0,000747
facilities 1,171183 0,000494
facts 1,660731 0,000700
feature 0,616186 0,000260
features 0,371064 0,000469
february 0,061875 0,000469
fedora 2,659260 0,001121
few 0,653926 0,000276
fewer 1,897120 0,000799
file 0,616186 0,001558
filepermanent -0,009950 -0,000004
files 0,843970 0,001067
filespecial -0,009950 -0,000004
firshman 3,912023 0,001649
first 0,020203 0,000026
flexibility 1,660731 0,000700
foley 2,659260 0,001121
following 0,210721 0,000089
former 1,049822 0,000442
founadi 3,912023 0,001649
found 0,385662 0,000163
foundation -0,009950 -0,000004
founded 1,347074 0,000568
fran 0,223144 0,000094
france 1,560648 0,000658
frederic 2,302585 0,000970
free -0,009950 -0,000029
freebsd 1,897120 0,000799
functionality 0,843970 0,000356
fusion 1,514128 0,000638
future 0,274437 0,000116
ganeti 2,813411 0,001186
general -0,009950 -0,000008
generic 1,203973 0,000507
geneve 3,218876 0,001356
get 0,733969 0,000928
giants 2,302585 0,000970
gist 3,506558 0,001478
github 1,078810 0,002728
gizmoxo 3,912023 0,001649
gnu 1,272966 0,000536
gofree 3,912023 0,001649
google 0,579818 0,000489
greater 0,755023 0,000318
grew 1,386294 0,000584
group 0,301105 0,000254
guide 0,356675 0,000150
guides 2,407946 0,001015
gupta 2,302585 0,000970
guthrie 3,218876 0,001356
gvisor 2,995732 0,001262
handles 2,040221 0,000860
hat 1,966113 0,003314
helplearn -0,009950 -0,000004
here 0,301105 0,000127
hererelated -0,009950 -0,000004
hide -0,009950 -0,000017
high 0,223144 0,000094
higher 0,430783 0,000182
history -0,009950 -0,000021
home 0,653926 0,000551
horizon 1,897120 0,000799
host 1,272966 0,003219
hostedspecialized 3,218876 0,001356
how 0,072571 0,000061
hpc 2,995732 0,001262
https -0,009950 -0,000004
huawei 1,966113 0,000829
hub 2,040221 0,001720
hykes 3,912023 0,004946
hykesdeveloperdocker 3,912023 0,001649
hyper 2,302585 0,001941
hypervisors 2,995732 0,001262
ibm 0,693147 0,001460
icore 3,218876 0,001356
ids 2,525729 0,001064
image 0,544727 0,000689
images 1,237874 0,003652
implementation 0,328504 0,000138
implements 1,347074 0,000568
ina 0,356675 0,000150
inc -0,009950 -0,000101
includes 0,274437 0,000347
including 0,040822 0,000017
incubator 3,506558 0,001478
independent 0,713350 0,001202
index -0,009950 -0,000004
infoq 2,302585 0,001941
informationcite -0,009950 -0,000004
infoworld 1,609438 0,001356
infrastructure 0,713350 0,000301
ingo 3,218876 0,001356
initial 0,597837 0,000252
initiative 1,078810 0,000455
insider 1,609438 0,000678
install 1,714798 0,000723
installation 1,897120 0,000799
installed 1,272966 0,000536
installfree 3,218876 0,001356
instance 0,510826 0,000215
instead 0,301105 0,000127
integrate 1,560648 0,000658
integrated 0,634878 0,000268
integrating 1,560648 0,000658
integration 0,673345 0,000284
interact 1,514128 0,000638
interactive 0,891598 0,000751
interface 0,616186 0,000260
interfaces 0,713350 0,000601
internal 0,634878 0,000268
introducing 1,021651 0,000431
introduction 0,261365 0,000110
involves 0,776529 0,000327
iron 1,966113 0,000829
isolated 2,207275 0,000930
isolates 3,912023 0,001649
isolation 1,714798 0,002891
italiano 3,506558 0,001478
item -0,009950 -0,000004
jail 2,995732 0,001262
january 0,083382 0,000457
jeff 1,560648 0,000658
john 0,210721 0,000089
julien 2,813411 0,001186
july 0,127833 0,000377
jump -0,009950 -0,000004
june 0,094311 0,000477
kamel 3,912023 0,001649
katherine 2,525729 0,001064
kernel 1,171183 0,005923
kevin 1,386294 0,000584
keyrings 3,912023 0,001649
know 0,776529 0,000327
known 0,127833 0,000054
kubernetes 2,659260 0,003362
kubevirt 3,218876 0,001356
kvm 3,218876 0,001356
lan 2,407946 0,001015
language 0,186330 0,000157
languages -0,009950 -0,000008
lardinois 2,525729 0,001064
large 0,127833 0,000054
larger 0,941609 0,000397
last -0,009950 -0,000004
later 0,223144 0,000094
latest 0,994252 0,000419
latvie 0,994252 0,000419
launched 1,347074 0,000568
ldoms 3,218876 0,001356
legal -0,009950 -0,000004
letypeos 3,912023 0,001649
level 0,116534 0,000246
libcontainer 3,912023 0,009891
libraries 0,713350 0,000301
libvirt 3,218876 0,001356
license -0,009950 -0,000034
licensed 1,660731 0,002100
licensevirtualization 3,506558 0,001478
licensing 1,609438 0,001356
lightweight 1,609438 0,003391
like 0,072571 0,000031
limit 0,994252 0,000419
limited 0,510826 0,000215
limiting 1,966113 0,000829
lin 1,660731 0,000700
line 0,356675 0,000752
link 0,162519 0,000068
linkedin 3,506558 0,002955
linkpage -0,009950 -0,000004
links -0,009950 -0,000017
linux 0,916291 0,010812
linuxhidden 3,912023 0,001649
list 0,083382 0,000141
listens 3,506558 0,001478
listing 2,207275 0,000930
lmctfy 3,218876 0,001356
locations 1,078810 0,000455
log -0,009950 -0,000008
logical 1,514128 0,000638
logo 1,832581 0,000772
longer 0,755023 0,000636
looks 1,832581 0,000772
lpar 3,218876 0,001356
lxc 3,912023 0,006594
lynxsecure 3,218876 0,001356
mac 1,272966 0,001609
machine 0,083382 0,000176
machines 0,776529 0,000982
macos 1,660731 0,002100
macosplatformx 3,912023 0,001649
made 0,186330 0,000079
main -0,009950 -0,000025
maint 0,798508 0,000673
maintaining 1,171183 0,000494
majority 1,139434 0,000480
manage 0,967584 0,001223
managed 1,203973 0,000507
management 0,139262 0,000117
manager 0,994252 0,000838
managers 1,427116 0,000601
manages 1,714798 0,002168
manipulation 0,994252 0,000419
march 0,116534 0,000442
mary 1,514128 0,000638
mclaughlin 3,912023 0,001649
mdy 1,514128 0,000638
meant 1,514128 0,000638
melayunederlands 2,040221 0,000860
memory 0,579818 0,000244
mentions 3,218876 0,001356
menu -0,009950 -0,000008
mesos 3,218876 0,001356
michael 0,400478 0,000169
microservices 2,407946 0,001015
microsoft 0,579818 0,003421
miller 1,469676 0,000619
mobile -0,009950 -0,000004
moby 3,912023 0,006594
mode 0,891598 0,000751
model 0,162519 0,000137
momentum 2,040221 0,000860
more 0,010050 0,000025
mostly 0,994252 0,000419
mount 2,659260 0,001121
mounted 2,659260 0,001121
move -0,009950 -0,000017
mullany 3,912023 0,001649
multi 0,342490 0,000144
multiple 0,116534 0,000147
myvolume 3,912023 0,001649
namespaces 2,207275 0,002790
native 1,078810 0,001364
natively 2,525729 0,001064
navigation -0,009950 -0,000004
need 0,248461 0,000105
needed 0,210721 0,000089
network 0,210721 0,000266
new 0,010050 0,000004
next 0,400478 0,000169
nichols 2,525729 0,002129
node 1,203973 0,001015
nodes 1,108663 0,002803
nomad 3,506558 0,001478
non -0,009950 -0,000004
not 0,000000 0,000000
note 0,776529 0,000327
notifications 2,525729 0,002129
november 0,150823 0,000381
now 0,274437 0,000231
noyes 3,912023 0,001649
nski 3,218876 0,001356
nspawn 3,912023 0,001649
nuances 3,912023 0,001649
nvgre 3,218876 0,001356
objects 0,544727 0,000918
october 0,139262 0,000704
offering 0,994252 0,000419
offers 0,755023 0,000318
official 0,733969 0,000309
oldid -0,009950 -0,000004
oleuskara 1,514128 0,000638
omnissa 3,218876 0,001356
once 0,544727 0,000230
one 0,010050 0,000021
only 0,051293 0,000086
onward 3,218876 0,001356
open 0,235722 0,000695
openshift 2,813411 0,003557
openstack 3,218876 0,001356
openvz 3,218876 0,001356
operating 0,462035 0,001168
operatingsystemos 3,218876 0,001356
option 1,108663 0,000934
options 1,108663 0,001402
oracle 1,108663 0,001402
orchestrate 3,506558 0,001478
orchestration 3,218876 0,002713
org -0,009950 -0,000004
organization -0,009950 -0,000004
organizations 0,798508 0,000673
original 0,030459 0,000141
other -0,009950 -0,000013
others 0,314711 0,000133
overhead 1,469676 0,000619
overlay 2,525729 0,001064
overlayfs 3,912023 0,001649
override 2,995732 0,001262
overview 0,616186 0,000519
ovirt 2,813411 0,001186
own 0,371064 0,000469
package 1,078810 0,000455
packages 1,309333 0,000552
page -0,009950 -0,000004
pagecontentscurrent -0,009950 -0,000004
pageget -0,009950 -0,000004
pages -0,009950 -0,000004
pahl 3,912023 0,001649
paid 1,560648 0,000658
parallels 3,218876 0,004069
part 0,127833 0,000054
particular 0,301105 0,000127
partition 1,660731 0,000700
partitions 2,407946 0,001015
partnership 2,040221 0,002579
path 0,994252 0,000419
pcem 3,218876 0,001356
pdfprintable -0,009950 -0,000004
pearpc 3,218876 0,001356
per 0,616186 0,000519
performed 0,867501 0,000366
performs 1,609438 0,000678
persistence 2,207275 0,000930
persistent 1,660731 0,000700
personal -0,009950 -0,000008
php -0,009950 -0,000004
pikeos 2,995732 0,002525
pivots 3,506558 0,001478
plan 0,916291 0,000772
plans 1,171183 0,000494
platform 0,527633 0,000889
platforms 0,776529 0,000327
player 1,966113 0,000829
podman 3,218876 0,002713
policy -0,009950 -0,000008
polskiportugu 0,916291 0,000386
port 1,609438 0,001356
portal 0,597837 0,000252
portalrecent -0,009950 -0,000004
powers 1,714798 0,000723
poweruser 3,506558 0,001478
ppc 2,995732 0,001262
prasad 3,506558 0,001478
prem 3,218876 0,001356
premises 2,813411 0,001186
presence 1,139434 0,000480
preview 1,966113 0,000829
previously 0,843970 0,000711
principle 1,078810 0,000455
print -0,009950 -0,000004
privacy -0,009950 -0,000008
private 0,693147 0,000584
pro 1,347074 0,000568
process 0,116534 0,000246
processes 0,634878 0,000803
production 0,798508 0,000336
products 0,579818 0,000244
profile 1,514128 0,000638
profit -0,009950 -0,000004
program 0,328504 0,000138
programmed 1,609438 0,000678
programming 0,446287 0,000376
project 0,314711 0,000796
projectatomic 3,912023 0,001649
projects -0,009950 -0,000004
provide 0,174353 0,000147
provided 0,494296 0,000208
provides 0,261365 0,000220
proxmox 3,218876 0,001356
public 0,248461 0,000628
pull 2,120264 0,000893
pulse 2,995732 0,001262
push 1,609438 0,000678
pycon 3,506558 0,001478
qemu 2,995732 0,001262
qnx 2,407946 0,001015
quarter 2,040221 0,000860
quot 1,560648 0,002631
raft 3,912023 0,006594
raised 1,714798 0,000723
raises 2,659260 0,001121
rancher 3,506558 0,001478
rancheros 3,506558 0,001478
raspberry 2,525729 0,002129
rath 3,506558 0,001478
rbaycancabasa 2,995732 0,001262
read 0,843970 0,000356
readeditview 0,287682 0,000242
ready 1,469676 0,000619
real 0,210721 0,000178
reason 1,049822 0,000442
red 1,237874 0,002087
reference 0,478036 0,001007
references 0,020203 0,000017
registered -0,009950 -0,000004
registries 2,407946 0,004059
registry 2,525729 0,004257
related 0,051293 0,000043
relationship 0,891598 0,000376
release 0,579818 0,001222
released 0,693147 0,001168
releasemarch 3,912023 0,001649
relevant 0,916291 0,000386
remain 1,078810 0,000455
remained 1,771957 0,000747
remote 0,843970 0,001423
removing 1,714798 0,000723
renamed 1,832581 0,000772
replaced 1,237874 0,001043
repo 3,218876 0,002713
repository 1,078810 0,000455
repositorygithub 2,813411 0,001186
requests 1,237874 0,000522
research 0,261365 0,000110
resource 0,733969 0,000619
resources 0,314711 0,000265
result 0,371064 0,000156
retrieved -0,009950 -0,000235
revoir 3,912023 0,001649
rhel 3,912023 0,001649
rkt 3,218876 0,002713
role 0,634878 0,000268
ron 2,040221 0,000860
rump 2,407946 0,001015
run 0,446287 0,003009
running 0,713350 0,001503
runs 1,171183 0,000987
runtime 1,347074 0,000568
safety -0,009950 -0,000004
same 0,116534 0,000049
santa 2,659260 0,001121
sarkar 2,995732 0,001262
scaled 1,832581 0,000772
scaling 1,609438 0,000678
scope 0,941609 0,000397
scott 0,891598 0,000751
scottgu 3,912023 0,001649
search -0,009950 -0,000017
sebastien 3,218876 0,001356
seccomp 3,218876 0,001356
second 0,342490 0,000144
secret 1,832581 0,000772
security 0,314711 0,000133
securityoperating 3,912023 0,001649
see -0,009950 -0,000025
select 1,347074 0,000568
sent 1,171183 0,000494
september 0,150823 0,000572
serdar 3,218876 0,001356
server 0,653926 0,003031
servers 1,021651 0,000431
service 0,314711 0,000928
services 0,400478 0,001519
set 0,083382 0,000070
several 0,094311 0,000159
share 0,616186 0,000519
sharealike -0,009950 -0,000004
sharing 0,967584 0,000408
sheepshaver 3,218876 0,001356
ship 2,207275 0,000930
shipping 1,832581 0,000772
shirley 3,506558 0,001478
short -0,009950 -0,000004
shortened -0,009950 -0,000004
showed 1,514128 0,001276
shqipsimple 1,203973 0,000507
sidebar -0,009950 -0,000017
siluk 3,912023 0,001649
simh 3,218876 0,001356
simi 0,755023 0,000318
similar 0,186330 0,000157
simmon 3,218876 0,001356
simultaneously 1,309333 0,000552
since 0,139262 0,000117
single 0,127833 0,000323
singularity 2,813411 0,001186
site -0,009950 -0,000004
smartos 2,995732 0,001262
software 0,127833 0,000862
softwarecomparison 3,218876 0,001356
softwarecontainerization 3,912023 0,001649
softwarefree 2,207275 0,000930
softwarehardware 3,218876 0,001356
softwarelinux 3,506558 0,001478
solaris 2,207275 0,000930
solomon 2,995732 0,002525
some 0,040822 0,000017
source 0,186330 0,000393
sparc 2,525729 0,001064
specified 0,733969 0,000309
specifies 1,714798 0,000723
sql 1,171183 0,000494
srpskisuomit 3,912023 0,001649
sruna 3,506558 0,001478
ssh 2,407946 0,001015
stable 0,867501 0,000366
stack 0,867501 0,000731
stackengine 3,506558 0,004433
standard 0,198451 0,000167
standardized 1,203973 0,000507
start 0,843970 0,000356
started 0,634878 0,000803
starting 0,755023 0,000318
startup 1,897120 0,003198
statement -0,009950 -0,000008
statements 0,314711 0,000133
statementsarticles 0,544727 0,000230
statistics -0,009950 -0,000008
status 0,693147 0,000584
steven 0,916291 0,000772
stopped 2,207275 0,000930
storage 0,430783 0,000182
store 0,733969 0,000309
strategic 1,171183 0,000987
stratoscale 3,912023 0,003297
subsection 0,020203 0,000009
subsystem 2,407946 0,002029
such 0,000000 0,000000
summer 1,660731 0,000700
support 0,198451 0,000418
supporting 0,843970 0,000711
surprising 2,659260 0,001121
swan 2,659260 0,001121
swarm 2,207275 0,015813
swarms 3,218876 0,001356
switch 1,514128 0,000638
symantec 2,207275 0,000930
system 0,030459 0,000128
systemd 3,506558 0,001478
systemlinux 3,912023 0,001649
systems 0,061875 0,000052
table -0,009950 -0,000008
team 0,776529 0,000654
tech 0,967584 0,000408
techcrunch 1,660731 0,002100
technologysoftware 3,912023 0,001649
template 0,328504 0,000138
terms -0,009950 -0,000008
testing 0,616186 0,000519
text -0,009950 -0,000008
than 0,072571 0,000031
that 0,000000 0,000000
themselves 0,843970 0,000356
these 0,040822 0,000034
thinapp 3,218876 0,001356
this -0,009950 -0,000034
three 0,287682 0,000121
tiers 2,995732 0,001262
time 0,010050 0,000004
tinadanskdeutscheesti 1,309333 0,000552
title -0,009950 -0,000004
today 0,693147 0,000292
together 0,579818 0,000244
toggle -0,009950 -0,000013
tokens 1,897120 0,000799
tool 0,653926 0,000551
toolchain 2,659260 0,001121
tools -0,009950 -0,000021
top -0,009950 -0,000004
topic -0,009950 -0,000004
trademark -0,009950 -0,000004
trees 1,469676 0,000619
turbo 2,995732 0,001262
turns 1,966113 0,000829
tutum 3,506558 0,001478
txt 2,813411 0,002371
typical 1,139434 0,000480
ubuntu 2,407946 0,001015
ucp 3,506558 0,001478
ulombardmagyar 2,813411 0,001186
unaffected 3,912023 0,001649
under -0,009950 -0,000017
unifies 3,506558 0,001478
union 1,021651 0,000431
unknown 1,171183 0,000494
unknownarticles 3,218876 0,001356
unsourced 0,446287 0,000376
update 0,527633 0,000889
updated 0,867501 0,000366
updating 1,427116 0,000601
upload 2,407946 0,001015
url 1,237874 0,001043
urldownload -0,009950 -0,000004
use -0,009950 -0,000042
used -0,009950 -0,000029
user 0,328504 0,000554
users 0,478036 0,001209
uses 0,094311 0,000159
using -0,009950 -0,000029
usually 0,223144 0,000094
utc -0,009950 -0,000004
utility 1,560648 0,001973
utm 3,218876 0,001356
value 0,301105 0,000127
variable 0,843970 0,000356
variety 0,653926 0,000276
various 0,223144 0,000282
vaughan 2,525729 0,002129
vcloud 2,813411 0,001186
vendor 1,469676 0,001239
version -0,009950 -0,000050
versions 0,579818 0,000489
very 0,314711 0,000133
via 0,186330 0,000707
view -0,009950 -0,000008
virt 3,218876 0,001356
virtual 0,527633 0,004447
virtualbox 2,995732 0,001262
virtualization 2,207275 0,008371
virtualizationcontainer 3,506558 0,001478
virtualizationlicense 3,912023 0,001649
virtuozzo 3,218876 0,001356
vkernel 2,525729 0,001064
vmware 3,218876 0,009495
volume 0,616186 0,000779
vpn 2,302585 0,000970
vserver 3,218876 0,001356
vsphere 3,218876 0,001356
vswitch 3,218876 0,001356
vtelinux 2,995732 0,001262
vtevirtualization 3,218876 0,001356
vxlan 3,218876 0,001356
walsh 2,659260 0,001121
web 0,342490 0,000289
website 0,634878 0,000268
websitewww 3,218876 0,001356
welcome 1,966113 0,000829
well 0,051293 0,000043
what -0,009950 -0,000013
when 0,030459 0,000013
where 0,072571 0,000061
which 0,000000 0,000000
while 0,051293 0,000022
wikidatause 1,108663 0,000467
wikimedia -0,009950 -0,000008
wikipedia -0,009950 -0,000025
wikipediacontact -0,009950 -0,000004
win 2,040221 0,000860
windocks 3,912023 0,003297
windows 1,021651 0,010763
wins 2,407946 0,001015
within 0,116534 0,000147
work 0,127833 0,000162
working 0,478036 0,000403
workload 2,207275 0,000930
workspace 2,525729 0,001064
workstation 2,207275 0,001860
written 0,287682 0,000242
wsl 3,912023 0,009891
www 0,356675 0,000150
xcp 3,218876 0,001356
xen 3,218876 0,001356
xenserver 3,218876 0,001356
xtratum 3,218876 0,001356
yaml 2,525729 0,001064
year 0,579818 0,000244
years 0,274437 0,000116
yegulalp 3,218876 0,001356
yet 0,891598 0,000376
yml 3,912023 0,003297
youtube 1,272966 0,000536
zdnet 1,560648 0,001973
zerovm 3,218876 0,001356
