abil 0,562119 0,000103
abort 3,218876 0,000591
absolut 1,660731 0,000305
abstract 0,713350 0,000131
access 0,127833 0,000235
accident 1,771957 0,000976
account -0,009950 -0,000004
accumul 1,714798 0,000315
accurev 3,506558 0,000644
achiev 0,510826 0,000094
across 0,415515 0,000076
action -0,009950 -0,000011
activ 0,356675 0,000065
actual 0,597837 0,000439
ad 0,223144 0,000287
add -0,009950 -0,000007
addit -0,009950 -0,000007
addition 0,967584 0,000178
address 0,342490 0,000126
adjust 1,078810 0,000198
administr 0,867501 0,000159
adopt 0,415515 0,000458
advanc 0,235722 0,000043
advantag 0,693147 0,000255
advertis 1,347074 0,000247
affect 0,693147 0,000255
aforement 3,218876 0,000591
against 0,462035 0,000424
ago 0,967584 0,000178
agplv 3,912023 0,000718
agre -0,009950 -0,000002
ahead 1,427116 0,000262
aisgalego 1,309333 0,000240
aix 2,659260 0,000488
alexa 2,525729 0,001855
algorithm 0,462035 0,000254
alias 2,302585 0,001268
all 0,000000 0,000000
allow 0,061875 0,000102
almost 0,798508 0,000147
along 0,462035 0,000085
alreadi 0,776529 0,000285
also -0,009950 -0,000033
although 0,287682 0,000211
alwai 0,597837 0,000110
amend 1,609438 0,000295
among 0,356675 0,000196
amongst 2,120264 0,000389
amount 0,579818 0,000106
amp -0,009950 -0,000029
analog 1,021651 0,000188
analysi 0,186330 0,000137
ancestor 2,659260 0,001465
andrea 1,386294 0,000255
andrew 0,820981 0,000301
angel 2,120264 0,000389
ani 0,083382 0,000122
annex 2,995732 0,000550
announc 0,733969 0,000674
annual 0,776529 0,000713
anoth 0,127833 0,000211
ansi 2,207275 0,000405
anyth 2,207275 0,001216
apach 1,386294 0,000509
appear -0,009950 -0,000004
appli -0,009950 -0,000004
applic 0,030459 0,000006
approach 0,174353 0,000032
apress 1,966113 0,001083
april 0,072571 0,000426
ar 1,309333 0,000240
aragon 1,171183 0,000215
arbitrari 1,049822 0,000964
arch 1,897120 0,000348
archiv 0,040822 0,000854
aris 1,469676 0,000270
around 0,356675 0,000262
articl 0,000000 0,000000
articleabout -0,009950 -0,000002
articletalk -0,009950 -0,000002
arxiv 1,078810 0,000198
ask 0,867501 0,000478
associ 0,127833 0,000047
assumpt 1,171183 0,000215
asynchron 2,040221 0,000375
atlassian 3,218876 0,003546
attack 0,867501 0,001752
attribut -0,009950 -0,000002
august 0,162519 0,000656
authent 1,347074 0,000247
author 0,040822 0,000007
authorlinu 3,912023 0,000718
autom 0,597837 0,000110
automat 0,462035 0,000424
avail -0,009950 -0,000009
averag 0,967584 0,000888
awar 1,203973 0,000221
azur 1,771957 0,000651
back 0,462035 0,000339
backup 2,207275 0,000405
bahasa 0,186330 0,000034
bare 2,302585 0,000423
base 0,010050 0,000007
baselin 2,659260 0,000488
bastard 3,912023 0,001436
bazaar 2,525729 0,001391
becam 0,579818 0,000106
becaus 0,127833 0,000070
began 0,634878 0,000117
begin 0,385662 0,000071
ben 1,309333 0,000240
benchmark 1,427116 0,000524
best 0,462035 0,000170
biggest 1,897120 0,000348
binari 0,916291 0,000168
bind 1,469676 0,000270
binutil 3,912023 0,002155
bit 1,078810 0,000396
bitbucket 3,912023 0,002873
bitkeep 3,506558 0,006438
blake 2,659260 0,000488
blame 2,407946 0,000442
blob 2,525729 0,004173
blog 0,713350 0,000262
blunder 3,506558 0,000644
bokm 0,127833 0,000023
book 0,210721 0,000039
bosanski 1,347074 0,000247
bother 3,506558 0,000644
box 0,843970 0,000155
branch 1,021651 0,006190
break 0,733969 0,000135
breezi 3,506558 0,000644
briefli 2,659260 0,000488
british 1,203973 0,000442
brown 1,237874 0,000227
brows 1,966113 0,000361
bruno 2,525729 0,000464
bsd 1,832581 0,001009
bug 1,171183 0,000215
build 0,274437 0,000151
built 0,462035 0,000170
bundl 1,514128 0,000278
burkhart 3,912023 0,000718
byte 1,560648 0,000287
bzr 3,912023 0,001436
cach 1,386294 0,000509
call 0,030459 0,000028
callow 3,912023 0,000718
capabl 0,562119 0,000206
case 0,083382 0,000046
catal 0,094311 0,000017
categori -0,009950 -0,000007
caus 0,430783 0,000079
center 0,415515 0,000076
central 0,478036 0,000263
certif 1,078810 0,000198
cfree 3,912023 0,000718
chacon 3,506558 0,009656
chain 0,843970 0,000155
chanc 1,660731 0,000305
chang 0,051293 0,000198
changeset 3,506558 0,000644
changesupload -0,009950 -0,000004
charact 0,843970 0,000155
characterist 0,843970 0,000465
cheat 3,218876 0,000591
check 0,634878 0,000117
checksum 3,506558 0,001288
choic 0,755023 0,000277
choos 0,916291 0,000168
cite 0,597837 0,000329
claim 0,634878 0,000233
clean 1,714798 0,000315
clearcas 3,506558 0,001288
clever 3,218876 0,000591
client 0,713350 0,001833
clone 2,207275 0,002837
cloud 0,733969 0,000135
cmvc 3,506558 0,000644
code -0,009950 -0,000051
collabor 0,941609 0,000346
collect 0,274437 0,000302
com 0,150823 0,000277
combin 0,261365 0,000096
come 0,356675 0,000131
command 0,891598 0,002946
commit 1,108663 0,007531
common -0,009950 -0,000015
commonli 0,342490 0,000189
commonswikibookswikiversitywikidata 2,302585 0,000423
commun 0,139262 0,000128
compact 1,609438 0,000295
compar 0,342490 0,000189
comparison 0,371064 0,000477
compat 0,693147 0,000255
competit 1,203973 0,000884
compil 0,755023 0,000139
complaint 2,525729 0,000464
complet 0,223144 0,000164
complex 0,186330 0,000034
compon 0,261365 0,000048
comprehens 0,867501 0,000159
compress 1,108663 0,001425
compris 1,714798 0,000315
comput 0,020203 0,000015
computation 2,207275 0,000405
concept 0,198451 0,000109
concert 2,995732 0,000550
concurr 0,994252 0,000365
conduct -0,009950 -0,000002
config 3,218876 0,001182
configur 0,798508 0,000733
conflict 1,309333 0,000481
confus 0,693147 0,000127
connect 0,430783 0,000158
consequ 0,891598 0,000327
conserv 1,897120 0,000697
consum 0,653926 0,000120
contact -0,009950 -0,000005
contain 0,162519 0,000328
contempt 3,912023 0,000718
content -0,009950 -0,000022
continu 0,174353 0,000032
contribut -0,009950 -0,000002
contributor 1,832581 0,000336
control 0,020203 0,000141
controllicensegpl 3,912023 0,000718
controversi 1,171183 0,000430
convent 0,891598 0,000655
convinc 2,302585 0,000423
cooki -0,009950 -0,000002
copi 0,891598 0,000655
copyright 1,897120 0,000348
core 0,579818 0,000213
correct 0,820981 0,000151
correspond 0,798508 0,000293
corrupt 1,832581 0,000673
cost 0,385662 0,000071
costli 2,207275 0,001216
cover 0,733969 0,000135
cpu 1,347074 0,000247
cpython 3,218876 0,000591
creat -0,009950 -0,000047
creation 0,653926 0,000480
creativ -0,009950 -0,000002
crisscrossmerg 3,912023 0,000718
criteria 1,609438 0,000295
criterion 1,966113 0,000361
cryptograph 1,897120 0,001045
culmin 2,525729 0,000464
current 0,210721 0,000155
cv 3,506558 0,004506
cve 2,525729 0,001855
cvsnt 3,506558 0,000644
cygwin 2,995732 0,000550
daemon 2,659260 0,000976
dai 0,562119 0,000310
dangl 3,506558 0,000644
darc 3,506558 0,001288
data 0,030459 0,000084
databas 0,072571 0,000093
dataczech 1,171183 0,000215
datalad 3,912023 0,000718
date 0,210721 0,000193
dcv 3,506558 0,000644
deal 0,843970 0,000155
decemb 0,061875 0,000352
decis 0,400478 0,000147
dedic 1,272966 0,000234
default 0,693147 0,001400
defens 1,386294 0,000255
defer 2,407946 0,000442
defin 0,116534 0,000021
delai 1,347074 0,000247
delet 1,139434 0,000628
delta 2,302585 0,002114
demonstr 0,994252 0,000183
depend 0,105361 0,000077
deriv 0,494296 0,000091
describ 0,174353 0,000096
descript -0,009950 -0,000004
descriptionshort 0,000000 0,000000
design 0,040822 0,000112
despic 3,912023 0,000718
detect 0,755023 0,000277
determin 0,342490 0,000063
dev 1,514128 0,000556
develop -0,009950 -0,000082
developersjunio 3,912023 0,000718
devop 2,525729 0,001391
dictionari 0,616186 0,000113
dif 3,912023 0,000718
diff 2,995732 0,001100
differ 0,010050 0,000013
diffus 1,966113 0,000361
digit 0,400478 0,000074
dimens 1,347074 0,000247
directli 0,415515 0,000076
directori 1,560648 0,005157
disambigu 1,049822 0,000193
disclaim -0,009950 -0,000002
discov 1,108663 0,000204
disk 1,469676 0,000270
displai 0,755023 0,000139
distinguish 0,733969 0,000135
distribut 0,198451 0,000583
distributedfre 3,506558 0,000644
dmy 0,994252 0,000183
document 0,328504 0,000121
doesn 1,609438 0,000591
don 0,916291 0,000168
donat -0,009950 -0,000004
done 0,653926 0,000240
doubt 2,525729 0,000464
download -0,009950 -0,000009
downsid 2,525729 0,000927
dragonfli 2,659260 0,000488
dreier 3,912023 0,000718
driessen 3,912023 0,000718
drop 0,994252 0,000183
dsee 3,506558 0,000644
due 0,261365 0,000096
dulwich 3,912023 0,001436
duplic 1,897120 0,000348
each 0,072571 0,000160
earli 0,301105 0,000055
earlier 1,139434 0,000418
earliest 1,021651 0,000188
eas 1,897120 0,000348
easi 1,021651 0,000188
easier 1,049822 0,000193
eclips 1,771957 0,001627
edit -0,009950 -0,000049
editcommun -0,009950 -0,000002
edu 1,108663 0,000204
educ 0,494296 0,000091
effect 0,274437 0,000050
effici 0,287682 0,000211
egit 3,912023 0,000718
egotist 3,506558 0,001288
either 0,248461 0,000137
elabor 2,525729 0,000464
elimin 0,867501 0,000159
elsewher 2,040221 0,000375
embed 0,755023 0,000277
emerg 0,527633 0,000097
emphas 1,347074 0,000247
emul 1,832581 0,001346
enabl 0,274437 0,000050
encod 1,203973 0,000221
encrypt 1,139434 0,000628
encyclopedia -0,009950 -0,000002
end 0,186330 0,000171
engin 0,061875 0,000011
english -0,009950 -0,000004
englishsloven 0,510826 0,000094
enough 0,843970 0,000155
enterpris 0,446287 0,000164
entir 0,597837 0,000110
entireti 2,995732 0,000550
environ 0,385662 0,000142
equal 0,843970 0,000155
equival 0,820981 0,000151
error 0,430783 0,000316
espa 0,210721 0,000039
especi 0,415515 0,000076
event 0,356675 0,000131
eventsrandom -0,009950 -0,000002
ever 1,272966 0,000234
everi 0,261365 0,000240
everyth 1,309333 0,000481
exact 1,427116 0,000524
exactli 1,171183 0,000215
examin 0,867501 0,000478
exampl 0,020203 0,000011
exchang 0,579818 0,000213
exclud 1,660731 0,000305
execut 0,356675 0,000393
exist 0,186330 0,000274
expect 0,494296 0,000181
expens 1,108663 0,000204
experi 0,510826 0,000094
explain 0,798508 0,000147
explicit 1,171183 0,000430
explicitli 0,916291 0,000505
exploit 1,078810 0,000594
explor 0,820981 0,000151
export -0,009950 -0,000002
extant 3,218876 0,000591
extend 0,385662 0,000142
extens 0,342490 0,000566
extensionwebarch 2,995732 0,000550
extern 0,030459 0,000028
extra 1,609438 0,000295
extran 3,506558 0,000644
facebook 1,560648 0,000573
facil 0,891598 0,000327
fact 0,579818 0,000106
fall 0,867501 0,000159
fast 0,673345 0,000124
faster 0,994252 0,000730
fatal 2,659260 0,000488
favorit 2,525729 0,000927
featur 0,210721 0,000426
februari 0,061875 0,000420
fellow 2,813411 0,000517
fetch 1,966113 0,002166
fewer 1,897120 0,000348
field 0,314711 0,000058
file 0,446287 0,005408
fileperman -0,009950 -0,000002
filespeci -0,009950 -0,000002
filesystem 2,407946 0,001326
fill 1,660731 0,000305
fine 1,609438 0,000295
first 0,020203 0,000030
five 0,776529 0,000143
fix 0,385662 0,000071
floss 3,506558 0,000644
flow 0,430783 0,000237
folder 2,525729 0,000464
follow 0,072571 0,000013
forgejo 3,912023 0,000718
fork 1,203973 0,001105
format 0,634878 0,000233
formerli 1,309333 0,000240
fossil 2,407946 0,000442
found 0,274437 0,000101
foundat -0,009950 -0,000009
fraction 1,514128 0,000278
framework 0,287682 0,000053
fran 0,223144 0,000041
free -0,009950 -0,000009
freebsd 1,897120 0,000348
freedom 1,609438 0,000591
freez 2,813411 0,000517
frequent 0,916291 0,000168
front 1,078810 0,000198
fsck 3,506558 0,000644
ftp 2,040221 0,000375
full 0,371064 0,000136
function 0,030459 0,000022
further 0,139262 0,000026
futur 0,235722 0,000043
gain 0,616186 0,000226
game 0,478036 0,000176
gameoftre 3,912023 0,000718
garbag 1,832581 0,001346
gate 1,660731 0,000305
gcc 2,659260 0,001465
gener -0,009950 -0,000009
gerrit 2,995732 0,003850
get 0,430783 0,000237
git 2,207275 0,128457
gita 3,912023 0,000718
gitea 3,912023 0,002155
gitfaq 3,912023 0,000718
gitflow 3,912023 0,000718
gitg 3,912023 0,000718
github 1,078810 0,007130
gitignor 3,912023 0,001436
gitlab 3,506558 0,004506
gitmodul 3,912023 0,000718
gitolit 3,912023 0,001436
gitoxid 3,912023 0,001436
gittifi 3,912023 0,002155
gitweb 3,912023 0,000718
give 0,446287 0,000246
given 0,261365 0,000096
global 0,446287 0,000246
gmane 3,912023 0,000718
gnu 1,272966 0,001169
goal 0,562119 0,000310
goddamn 3,912023 0,000718
gog 3,912023 0,002873
good 0,616186 0,000113
googl 0,579818 0,000106
gpl 2,120264 0,001557
grain 1,966113 0,000361
graph 0,967584 0,000178
graphic 0,733969 0,000539
great 0,941609 0,000173
grow 0,653926 0,000120
gssapi 3,912023 0,000718
gtk 2,659260 0,000488
guard 2,407946 0,000442
gui 1,309333 0,002644
guid 0,287682 0,000053
gunjal 3,506558 0,000644
gvf 3,912023 0,000718
haibl 3,912023 0,000718
hamano 3,912023 0,005746
handl 0,415515 0,000305
happen 1,021651 0,000188
hash 1,560648 0,003725
haskel 1,514128 0,000278
hausa 1,609438 0,000295
head 0,867501 0,001115
header 1,714798 0,000315
hei 2,813411 0,000517
helix 2,995732 0,000550
hell 2,995732 0,002200
help 0,174353 0,000064
helplearn -0,009950 -0,000002
hererel -0,009950 -0,000002
heurist 1,966113 0,000722
hidden 0,843970 0,000155
hide -0,009950 -0,000007
high 0,223144 0,000082
highlight 1,309333 0,000240
histori -0,009950 -0,000073
hlibgit 3,912023 0,000718
hold 0,579818 0,000213
holder 1,897120 0,000348
hook 1,966113 0,000722
host 0,755023 0,001802
hotfix 3,912023 0,000718
how 0,072571 0,000027
howev 0,094311 0,000087
hpc 2,995732 0,000550
hrvatskiidobahasa 1,203973 0,000221
http -0,009950 -0,000009
hub 2,040221 0,000749
hundr 1,237874 0,000227
hypertext 1,771957 0,000651
iabervon 3,912023 0,000718
ian 1,347074 0,000247
ianskerrett 3,912023 0,000718
ibm 0,693147 0,000127
id 1,309333 0,000481
ident 0,820981 0,000151
identifi 0,356675 0,000196
idiot 3,506558 0,000644
ignor 1,078810 0,000198
immedi 0,967584 0,000355
immut 2,120264 0,000779
implement 0,105361 0,000309
implicit 1,514128 0,000278
implicitli 1,966113 0,000361
import 0,162519 0,000090
improv 0,150823 0,000055
impur 3,912023 0,000718
ina 0,356675 0,000065
inaccur 2,525729 0,000927
inasloven 0,616186 0,000113
inc -0,009950 -0,000004
incid 2,120264 0,000389
includ 0,000000 0,000000
incomplet 1,966113 0,000361
inconsist 2,302585 0,000423
independ 0,527633 0,000291
index -0,009950 -0,000009
indic 0,356675 0,000131
individu 0,314711 0,000116
indonesiaitaliano 1,237874 0,000227
ineffici 1,897120 0,000348
inenglishtypevers 3,912023 0,000718
inflat 2,040221 0,000375
influenc 0,579818 0,000106
inform 0,061875 0,000102
informationcit -0,009950 -0,000002
infoworld 1,609438 0,000591
inher 1,469676 0,000270
init 2,995732 0,002200
initi 0,235722 0,000260
inod 2,813411 0,000517
inprimarili 3,912023 0,000718
insensit 2,995732 0,000550
insid 0,579818 0,000106
instal 0,994252 0,000913
instead 0,301105 0,000055
integr 0,174353 0,000320
intens 1,427116 0,000262
interact 0,356675 0,000131
interest 0,478036 0,000176
interfac 0,494296 0,000817
interleav 3,218876 0,001182
intern 0,040822 0,000015
internationalviafgndnationalunit 2,813411 0,000517
interrupt 1,609438 0,000295
intim 2,995732 0,000550
intro 2,813411 0,000517
introduc 0,210721 0,000116
invalid 1,714798 0,000315
involv 0,415515 0,000153
isbn 0,051293 0,000019
issu 0,314711 0,000058
ital 2,207275 0,000405
item -0,009950 -0,000002
itjobswatch 3,912023 0,004309
itself 0,342490 0,000377
januari 0,083382 0,000122
java 0,891598 0,000327
javascript 1,021651 0,000375
jetti 3,506558 0,000644
jgit 3,912023 0,002155
job 1,171183 0,001720
journal 0,186330 0,000068
journalismcours 3,912023 0,000718
jst 3,912023 0,000718
juli 0,127833 0,000751
jump -0,009950 -0,000002
june 0,094311 0,000693
junio 3,912023 0,003591
just 0,328504 0,000181
kallithea 3,912023 0,000718
kei 0,314711 0,000058
kerbero 3,912023 0,000718
kernel 1,171183 0,003870
keybas 3,912023 0,001436
know 0,653926 0,000120
knowledg 0,597837 0,000110
known 0,127833 0,000023
krill 2,207275 0,000405
label 1,049822 0,000385
lack 0,544727 0,000100
languag -0,009950 -0,000007
larg 0,127833 0,000164
largest 1,108663 0,000204
larri 1,514128 0,000278
last -0,009950 -0,000002
late 0,733969 0,000135
later 0,223144 0,000123
latter 0,916291 0,000168
latvi 0,994252 0,000183
launch 0,941609 0,000173
ldap 2,525729 0,000464
lead 0,287682 0,000053
learn 0,162519 0,000030
leav 1,078810 0,000396
led 0,446287 0,000082
legal -0,009950 -0,000002
less 0,430783 0,000079
let 0,916291 0,000505
letter 0,843970 0,000155
level 0,083382 0,000061
lf 3,912023 0,000718
lgpl 2,659260 0,000488
lgplv 3,912023 0,000718
libgit 3,912023 0,001436
librari 0,356675 0,000196
librarian 3,218876 0,000591
licens -0,009950 -0,000016
licensesoftwar 3,506558 0,000644
life 0,653926 0,000120
light 1,049822 0,000193
lightweight 1,609438 0,000295
like 0,051293 0,000104
limit 0,186330 0,000034
line 0,261365 0,000096
linear 0,916291 0,000505
link -0,009950 -0,000015
linkpag -0,009950 -0,000002
linksc 1,272966 0,000234
linu 2,659260 0,011717
linux 0,916291 0,004374
list 0,051293 0,000245
listen 1,966113 0,000361
live 0,733969 0,000135
local 0,314711 0,000404
locat 0,527633 0,000097
log -0,009950 -0,000013
long 0,287682 0,000053
longer 0,755023 0,000139
loos 1,609438 0,000591
lot 1,386294 0,000255
lowercas 2,659260 0,000488
lpolskiportugu 2,302585 0,000423
mac 1,237874 0,000455
machet 3,912023 0,000718
machin 0,040822 0,000037
mackal 3,912023 0,000718
maco 1,660731 0,001220
made 0,186330 0,000103
magnitud 1,897120 0,000348
magyar 1,049822 0,000193
mail 1,203973 0,004200
main -0,009950 -0,000016
maint 0,798508 0,000293
maintain 0,400478 0,000662
mainten 0,843970 0,000310
major 0,223144 0,000082
make 0,061875 0,000080
malici 1,660731 0,002134
man 0,843970 0,000310
manag 0,105361 0,000309
mani 0,061875 0,000057
manual 0,994252 0,001095
march 0,116534 0,000278
mark 0,261365 0,000048
market 0,446287 0,000328
master 0,941609 0,000864
match 0,400478 0,000074
matt 1,609438 0,000295
matter 1,049822 0,000193
mcallist 2,813411 0,000517
mcvoi 3,912023 0,000718
mean 0,083382 0,000077
mechan 0,356675 0,000131
media 0,139262 0,000026
medium 1,171183 0,000215
meet 0,527633 0,000097
megabyt 3,506558 0,000644
melayu 0,820981 0,000151
menu -0,009950 -0,000004
mercuri 2,302585 0,005495
merg 1,514128 0,009173
merkl 2,659260 0,000976
messag 0,400478 0,000147
met 1,966113 0,000361
meta 1,386294 0,000764
metadata 1,347074 0,000495
method 0,150823 0,000028
mi 2,659260 0,000488
microsoft 0,579818 0,000426
middl 1,203973 0,000221
migrat 1,427116 0,000262
mina 3,506558 0,000644
mingw 3,912023 0,000718
minut 1,469676 0,000270
mirror 1,897120 0,000348
mispronunci 3,912023 0,000718
mit 0,776529 0,000143
mix 0,891598 0,000655
mobil -0,009950 -0,000002
model 0,116534 0,000043
modifi 0,527633 0,000484
monorepo 3,506558 0,000644
monoton 2,302585 0,001268
mood 2,813411 0,001033
more 0,010050 0,000024
most 0,040822 0,000105
mostli 0,994252 0,000548
move -0,009950 -0,000013
mozilla 1,514128 0,000278
mozillazin 2,995732 0,000550
msy 3,912023 0,001436
msysgit 3,912023 0,000718
multipl 0,094311 0,000087
mutabl 2,207275 0,000405
myself 3,506558 0,001288
name 0,162519 0,000865
namespac 1,560648 0,000287
nascent 3,218876 0,000591
nativ 1,078810 0,000396
navig -0,009950 -0,000004
nearli 1,139434 0,000628
nederland 0,415515 0,000076
need 0,030459 0,000050
neil 1,771957 0,000325
net 0,385662 0,000071
netbsd 2,525729 0,000464
network 0,127833 0,000117
new 0,010050 0,000020
newli 1,560648 0,001146
newsgroup 2,525729 0,000464
next 0,400478 0,000221
ninth 2,995732 0,000550
node 0,867501 0,000159
non -0,009950 -0,000009
none 1,609438 0,000591
norsk 0,342490 0,000063
not 0,000000 0,000000
note 0,150823 0,000083
notic 1,427116 0,000262
notion 1,171183 0,000430
novemb 0,150823 0,000249
now 0,274437 0,000403
nski 3,218876 0,000591
number 0,040822 0,000022
nutshel 2,995732 0,000550
oauth 3,506558 0,000644
object 0,174353 0,001344
observ 0,820981 0,000151
obtain 0,733969 0,000135
occur 0,510826 0,000188
octob 0,139262 0,000409
octopu 3,912023 0,000718
off 0,673345 0,000124
offer 0,248461 0,000137
offici 0,653926 0,000480
offset 2,302585 0,000423
often 0,127833 0,000117
old 0,994252 0,000730
older 1,237874 0,000227
oldid -0,009950 -0,000002
olesperantoeuskara 0,510826 0,000094
onc 0,527633 0,000291
onli 0,051293 0,000122
onlyfre 3,506558 0,000644
open 0,150823 0,000443
openbsd 2,525729 0,000927
openid 3,912023 0,000718
openssh 3,912023 0,000718
oper 0,010050 0,000015
opposit 1,714798 0,000315
option 0,527633 0,000194
order 0,094311 0,000035
org -0,009950 -0,000013
organ -0,009950 -0,000004
orib 3,912023 0,001436
orient 0,653926 0,000120
origin -0,009950 -0,000212
other -0,009950 -0,000035
ourselv 3,506558 0,000644
out 0,261365 0,000144
over 0,094311 0,000087
overflow 1,771957 0,003904
overwhelm 2,659260 0,000488
overwritten 3,218876 0,001182
own 0,314711 0,000058
pack 2,040221 0,002247
packag 0,776529 0,000285
packfil 3,912023 0,005027
page -0,009950 -0,000011
pagecontentscurr -0,009950 -0,000002
pageget -0,009950 -0,000002
painless 3,912023 0,000718
panvalet 3,506558 0,000644
parallel 0,941609 0,000173
parent 1,714798 0,000315
part 0,072571 0,000067
parti 0,616186 0,000113
particular 0,301105 0,000166
pass 0,776529 0,000143
password 1,609438 0,000295
patch 1,560648 0,002006
patchbomb 3,912023 0,000718
paul 0,544727 0,000100
pdf 0,139262 0,000230
pdfprintabl -0,009950 -0,000002
peer 1,771957 0,000325
peopl 0,356675 0,000196
per 0,616186 0,000113
perforc 3,218876 0,001773
perform 0,040822 0,000060
period 0,713350 0,000393
perl 1,347074 0,000495
perllinu 3,912023 0,000718
perman 1,272966 0,000234
person -0,009950 -0,000007
pettersen 3,506558 0,000644
pfer 3,912023 0,000718
phabric 3,506558 0,000644
phono 2,525729 0,000464
phoronix 3,218876 0,000591
php -0,009950 -0,000002
pick 1,609438 0,000295
pinpoint 2,995732 0,000550
place 0,356675 0,000065
placehold 2,813411 0,000517
plain 1,514128 0,000556
plan 0,430783 0,000237
plastic 2,525729 0,000464
platform 0,400478 0,000074
plu 1,203973 0,000221
pluggabl 3,506558 0,000644
plugin 1,897120 0,000348
point 0,186330 0,000103
polici -0,009950 -0,000004
popular 0,400478 0,000147
port 1,272966 0,000935
portabl 1,203973 0,000221
portal 0,494296 0,000091
portalinternet 3,506558 0,000644
portallinux 3,912023 0,000718
portalrec -0,009950 -0,000002
possibl 0,186330 0,000103
post 0,478036 0,000088
potenti 0,371064 0,000136
practic 0,186330 0,000034
prais 2,813411 0,000517
precis 0,967584 0,000178
prefer 0,798508 0,000147
prepar 1,139434 0,000209
prevent 0,634878 0,000117
primari 0,527633 0,000194
primarili 0,653926 0,000360
primit 1,514128 0,000278
print -0,009950 -0,000002
prior 0,891598 0,000164
privaci -0,009950 -0,000004
pro 1,237874 0,000909
probabl 0,843970 0,000155
problem 0,186330 0,000068
procedur 0,867501 0,000159
process 0,051293 0,000009
produc 0,342490 0,000126
product 0,174353 0,000064
profession 0,673345 0,000247
profit -0,009950 -0,000002
program 0,116534 0,000171
programm 0,693147 0,000127
project -0,009950 -0,000031
projectshidden 3,506558 0,000644
promin 1,237874 0,000227
pronounc 2,207275 0,000405
pronunciationsarticl 3,218876 0,000591
proper 1,171183 0,000215
properti 0,314711 0,000116
proprietari 1,171183 0,000860
protocol 0,527633 0,001453
provid 0,061875 0,000159
pub 2,207275 0,000405
public 0,127833 0,000023
publish 0,105361 0,000077
pull 1,897120 0,003831
pure 1,203973 0,000884
push 1,203973 0,000442
put 0,755023 0,000139
pvc 3,506558 0,000644
pygit 3,912023 0,000718
pypi 3,218876 0,000591
python 0,916291 0,000673
quick 1,609438 0,000295
quickli 0,891598 0,000327
quip 3,506558 0,000644
qvc 3,506558 0,001288
random 0,693147 0,000127
rapid 1,203973 0,000221
rate 0,673345 0,000124
rather 0,287682 0,000106
raw 1,272966 0,000234
rbaycanca 0,248461 0,000046
rc 3,218876 0,001773
read 0,162519 0,000060
readeditview 0,287682 0,000106
readi 1,309333 0,000240
readm 2,995732 0,000550
real 0,210721 0,000039
realli 1,660731 0,000610
reason 0,328504 0,000121
rebas 3,506558 0,000644
record 0,400478 0,000515
recurs 1,514128 0,000556
redirect 0,673345 0,000124
reduc 0,274437 0,000050
ref 2,407946 0,001326
refer -0,009950 -0,000047
referenc 1,609438 0,000295
refin 1,386294 0,000255
refresh 2,659260 0,000488
refus 2,040221 0,000375
regist -0,009950 -0,000005
reject 1,514128 0,000278
rel 0,634878 0,000233
relat 0,030459 0,000011
relationship 0,653926 0,000360
releas 0,415515 0,000915
relev 0,798508 0,000147
relief 2,995732 0,000550
remain 0,400478 0,000074
rememb 2,207275 0,000405
remot 0,776529 0,001711
remov 0,301105 0,000055
renam 1,771957 0,003904
repack 3,912023 0,002155
repo 2,995732 0,002200
repolog 3,912023 0,000718
report 0,261365 0,000336
repositori 0,994252 0,010769
repositorygit 3,506558 0,000644
represent 0,634878 0,000117
reproduc 2,040221 0,000375
republicnorwayisraelotheridref 3,912023 0,000718
request 0,776529 0,001568
requir 0,051293 0,000028
reserv 1,272966 0,000234
reset 2,525729 0,000464
resist 1,514128 0,000278
resolv 1,309333 0,000481
respect 0,544727 0,000100
respond 1,049822 0,000578
respons 0,415515 0,000458
rest 1,049822 0,000193
result 0,139262 0,000128
retriev -0,009950 -0,000194
retrospect 2,659260 0,000488
revers 1,139434 0,000418
revert 2,525729 0,001391
review 0,314711 0,000289
revis 1,021651 0,003189
revok 2,407946 0,000442
rewrit 1,560648 0,000287
rewritten 1,966113 0,000361
rhodecod 3,912023 0,000718
right 0,314711 0,000058
road 1,272966 0,000234
rock 2,120264 0,000389
roland 2,813411 0,000517
rom 0,616186 0,000113
room 1,832581 0,000336
root 0,733969 0,000135
rotten 3,912023 0,000718
rubi 1,347074 0,000247
rug 3,912023 0,000718
run 0,248461 0,000319
runa 0,916291 0,000168
russel 1,897120 0,000348
rust 1,427116 0,000524
safe 0,916291 0,000505
safeguard 2,040221 0,000375
safer 2,302585 0,000423
safeti -0,009950 -0,000002
saga 2,995732 0,001100
said 0,755023 0,000139
salari 2,659260 0,002441
same 0,116534 0,000150
save 0,994252 0,000365
saz 2,995732 0,000550
scalabl 1,203973 0,000221
scale 0,371064 0,000068
scc 3,506558 0,001931
schedul 1,021651 0,000188
sclm 3,506558 0,000644
scm 2,659260 0,005858
scott 0,891598 0,000327
screenshot 2,407946 0,000442
script 0,916291 0,001178
scriptabl 3,912023 0,000718
seamlessli 3,506558 0,000644
search -0,009950 -0,000009
second 0,328504 0,000181
secur 0,274437 0,000504
see -0,009950 -0,000011
seem 1,560648 0,000573
select 0,371064 0,000068
self 0,478036 0,000351
selfhost 3,912023 0,000718
send 1,108663 0,000407
sensit 1,078810 0,000198
separ 0,400478 0,000147
septemb 0,150823 0,000609
seriou 1,832581 0,000336
serv 0,713350 0,000131
server 0,597837 0,003732
serverfre 3,506558 0,000644
servic 0,210721 0,000309
session 1,469676 0,000270
set 0,051293 0,000066
sever 0,072571 0,000053
sha 2,659260 0,002929
share 0,301105 0,000387
sharealik -0,009950 -0,000002
shatter 2,995732 0,000550
sheet 1,771957 0,000325
shell 1,049822 0,000771
ship 1,272966 0,000234
shirei 3,506558 0,000644
short -0,009950 -0,000007
shorten -0,009950 -0,000002
show 0,400478 0,000441
siddhesh 3,912023 0,000718
side 0,579818 0,000106
sidebar -0,009950 -0,000007
sign 0,916291 0,000336
signatur 1,560648 0,000287
signific 0,261365 0,000048
silli 3,912023 0,000718
simi 0,755023 0,000139
similar 0,150823 0,000166
similarli 0,843970 0,000155
simpl 0,150823 0,000111
simpli 0,733969 0,000135
simplifi 0,820981 0,000151
sinc 0,139262 0,000230
sing 3,506558 0,000644
singl 0,127833 0,000094
site -0,009950 -0,000002
size 0,342490 0,000063
skerrett 3,912023 0,000718
skill 1,427116 0,001572
slang 3,506558 0,001931
slightli 1,771957 0,000325
small 0,314711 0,000116
snapshot 2,525729 0,001855
socket 2,302585 0,000423
softwar 0,127833 0,000540
softwareconcurr 3,912023 0,000718
softwarefre 2,207275 0,000405
softwaresoftwar 3,506558 0,000644
softwareyear 3,506558 0,000644
solari 2,207275 0,000810
solut 0,478036 0,000176
solv 0,820981 0,000301
some 0,040822 0,000082
somehow 3,912023 0,000718
sometim 0,301105 0,000111
sourc 0,094311 0,000641
sourceforg 3,506558 0,001931
sourcepul 3,912023 0,000718
sourcesaf 3,506558 0,002575
space 0,415515 0,000381
speak 1,139434 0,000418
special 0,235722 0,000087
specif 0,051293 0,000028
specifi 0,446287 0,000164
speed 0,941609 0,000691
spin 2,120264 0,000389
split 1,139434 0,000209
spur 2,525729 0,000464
sqaraqalpaqsha 1,386294 0,000255
sql 1,171183 0,000430
srpskisuomisvenska 1,714798 0,000315
ssh 2,407946 0,000884
stabl 0,867501 0,000319
stack 0,843970 0,002169
stage 1,139434 0,000418
stamp 3,218876 0,000591
standard 0,094311 0,000017
stanford 1,309333 0,000240
start 0,261365 0,000288
starteam 3,506558 0,000644
stash 3,912023 0,000718
state 0,083382 0,000015
statement -0,009950 -0,000004
statementswikipedia 3,506558 0,000644
statesfrancebnf 0,510826 0,000094
statist -0,009950 -0,000002
statu 0,693147 0,000127
statusarticl 2,995732 0,000550
still 0,342490 0,000126
storag 0,430783 0,000079
store 0,356675 0,001113
stori 1,237874 0,000227
strategi 0,733969 0,000674
straub 3,218876 0,008273
stream 0,733969 0,000135
streamlin 2,525729 0,000464
strong 0,776529 0,000285
structur 0,139262 0,000128
stupid 3,506558 0,001288
sub 1,021651 0,000188
subdirectori 3,218876 0,001182
subsect 0,020203 0,000015
subset 1,108663 0,000204
subvers 2,813411 0,003616
such 0,000000 0,000000
suddenli 2,525729 0,000464
suffici 1,078810 0,000198
support 0,150823 0,000305
surround 1,514128 0,000278
survei 0,462035 0,001357
surviv 1,609438 0,000295
svn 3,506558 0,001931
switch 0,916291 0,000336
symbol 1,078810 0,000198
synchron 1,386294 0,000764
synchronizationorigin 3,912023 0,000718
synergi 3,218876 0,000591
synthesi 1,714798 0,000315
system 0,010050 0,000066
systemdistribut 3,912023 0,000718
systemposix 3,912023 0,000718
systemsfre 3,912023 0,000718
systemsopen 3,912023 0,000718
tabl -0,009950 -0,000007
tag 1,309333 0,001683
taggingcommon 3,912023 0,000718
take 0,210721 0,000155
taken 0,867501 0,000159
talk 1,108663 0,000407
target 0,462035 0,000085
tatar 1,272966 0,000234
tcl 2,525729 0,000927
tcp 1,897120 0,000697
team 0,634878 0,000466
teamwar 3,506558 0,000644
tech 0,843970 0,000310
technic 0,478036 0,000088
technica 1,347074 0,000247
technolog 0,116534 0,000021
tell 1,660731 0,000610
templat 0,301105 0,000055
term -0,009950 -0,000005
test 0,248461 0,000091
text -0,009950 -0,000004
tf 3,912023 0,000718
tfvc 3,506558 0,001931
than 0,072571 0,000147
that 0,000000 0,000000
themselv 0,843970 0,000155
then 0,116534 0,000064
there 0,051293 0,000057
therebi 1,309333 0,000240
these 0,040822 0,000067
thi -0,009950 -0,000060
thing 0,798508 0,000147
those 0,235722 0,000087
thousand 1,386294 0,000255
three 0,287682 0,000423
ticket 2,659260 0,000488
tim 0,867501 0,000159
time 0,000000 0,000000
timestamp 2,040221 0,000375
timothi 1,714798 0,000315
tinadanskdeutscheesti 1,309333 0,000240
titl -0,009950 -0,000002
todai 0,693147 0,000127
togeth 0,579818 0,000213
toggl -0,009950 -0,000011
took 1,237874 0,000455
tool -0,009950 -0,000022
toolkit 1,427116 0,000524
top -0,009950 -0,000007
topic -0,009950 -0,000004
torvald 2,659260 0,018552
torvaldsself 3,912023 0,000718
toward 0,713350 0,000131
track 0,713350 0,000917
tracker 2,813411 0,001033
trademark -0,009950 -0,000009
tradit 0,544727 0,000300
traffic 1,272966 0,000935
trait 2,302585 0,000423
tran 2,659260 0,000488
transfer 0,544727 0,000300
transit 1,171183 0,000430
transport 0,994252 0,000183
tree 0,693147 0,002800
tridgel 3,912023 0,000718
trivia 3,912023 0,000718
truckload 3,506558 0,000644
trunk 3,218876 0,000591
trust 0,820981 0,000151
try 0,994252 0,000183
turn 0,776529 0,000285
tutori 1,347074 0,000989
two 0,083382 0,000077
type 0,051293 0,000038
typic 0,186330 0,000034
ulietuvi 1,049822 0,000193
unabl 2,302585 0,000423
under -0,009950 -0,000011
underli 0,693147 0,000127
unencrypt 2,302585 0,000423
uniqu 0,867501 0,000319
unix 1,469676 0,000540
unlik 0,653926 0,000120
unpleas 3,506558 0,000644
unstabl 2,525729 0,000927
until 0,510826 0,000188
updat 0,342490 0,000377
upload 1,771957 0,000651
upon 0,673345 0,000124
upstream 2,659260 0,000488
uptak 3,218876 0,000591
urgent 2,995732 0,000550
url 1,203973 0,001768
urldownload -0,009950 -0,000002
usag 0,579818 0,000106
useless 2,813411 0,000517
user 0,274437 0,000605
usual 0,198451 0,000036
utc -0,009950 -0,000002
util 0,597837 0,000110
valu 0,162519 0,000030
vari 0,478036 0,000088
variant 1,139434 0,000418
varieti 0,616186 0,000113
variou 0,223144 0,000205
vault 2,407946 0,000442
vc 3,912023 0,001436
veri 0,314711 0,000347
version -0,009950 -0,000077
vf 3,912023 0,001436
via 0,186330 0,000376
victim 2,407946 0,000442
view -0,009950 -0,000002
viewpoint 1,966113 0,000361
vincent 1,771957 0,000325
virtual 0,462035 0,000170
visual 0,562119 0,000619
vss 3,912023 0,002155
vtevers 3,506558 0,000644
vulner 0,994252 0,000730
wai 0,105361 0,000193
walk 2,120264 0,000389
want 0,820981 0,000452
war 1,078810 0,000198
wayback 0,478036 0,000351
web 0,342490 0,000252
webl 3,912023 0,000718
websit 0,527633 0,000387
websitegit 3,912023 0,000718
well 0,051293 0,000028
what -0,009950 -0,000013
when 0,030459 0,000084
where 0,072571 0,000027
whether 0,400478 0,000074
which 0,000000 0,000000
while 0,051293 0,000019
who 0,301105 0,000111
whole 0,916291 0,000673
whose 0,776529 0,000143
why 0,494296 0,000272
wide 0,210721 0,000155
wiki 1,427116 0,000524
wikibook 1,386294 0,000255
wikidata 0,562119 0,000103
wikidataus 1,108663 0,000204
wikimedia -0,009950 -0,000005
wikipedia -0,009950 -0,000011
wikipediacontact -0,009950 -0,000002
window 0,891598 0,002128
windowsavail 3,912023 0,000718
without 0,094311 0,000069
won 1,469676 0,000270
word 0,446287 0,000082
wordpress 2,407946 0,000442
work 0,030459 0,000073
workdai 2,995732 0,000550
workflow 2,120264 0,002725
world 0,139262 0,000051
wrapper 2,407946 0,000442
write 0,527633 0,000194
written 0,287682 0,000475
www 0,356675 0,000065
year 0,162519 0,000149
yet 0,891598 0,000164
york 0,371064 0,000068
youtub 1,272966 0,000234
zack 3,218876 0,000591
zero 0,693147 0,000255
zip 2,120264 0,000389
zlib 2,813411 0,001033
