abil 0,562119 0,000237
abl 0,733969 0,000309
abstract 0,713350 0,000150
accept 0,634878 0,000268
access 0,127833 0,000162
accordingli 2,120264 0,000447
account -0,009950 -0,000013
accurev 3,506558 0,001478
across 0,415515 0,000175
act 0,713350 0,000752
action -0,009950 -0,000004
actual 0,597837 0,000126
acycl 2,525729 0,001597
ad 0,223144 0,000094
add -0,009950 -0,000006
addit -0,009950 -0,000010
addition 0,967584 0,000204
address 0,342490 0,000072
adequ 1,660731 0,000350
administr 0,867501 0,000183
adopt 0,415515 0,000088
advanc 0,235722 0,000099
advantag 0,693147 0,000292
again 1,078810 0,000227
against 0,462035 0,000195
agre -0,009950 -0,000002
aircraft 2,120264 0,000447
aisgalego 1,309333 0,000276
aka 2,525729 0,000532
alert 1,897120 0,000400
alessandro 2,659260 0,000560
all 0,000000 0,000000
allow 0,061875 0,000183
alon 1,272966 0,000268
along 0,462035 0,000097
also -0,009950 -0,000042
alter 1,469676 0,000619
altern 0,342490 0,000144
alwai 0,597837 0,000252
amen 3,506558 0,000739
among 0,356675 0,000150
amp -0,009950 -0,000006
analysi 0,186330 0,000039
ani 0,083382 0,000141
anoth 0,127833 0,000108
anyon 1,386294 0,000292
apont 3,912023 0,000824
appear -0,009950 -0,000004
appli -0,009950 -0,000013
applic 0,030459 0,000026
approach 0,174353 0,000110
appropri 0,867501 0,000548
approv 1,272966 0,001073
approxim 0,891598 0,000188
apress 1,966113 0,000829
april 0,072571 0,000031
arch 1,897120 0,000400
archiv 0,040822 0,000215
area 0,478036 0,000101
arguabl 3,218876 0,000678
aris 1,469676 0,000929
arrang 1,560648 0,000329
arrow 1,966113 0,000829
articl 0,000000 0,000000
articleabout -0,009950 -0,000002
articletalk -0,009950 -0,000002
aspect 0,616186 0,000390
assist 1,139434 0,000720
associ 0,127833 0,000135
assum 0,891598 0,000188
atlassian 3,218876 0,000678
atom 1,309333 0,001932
attribut -0,009950 -0,000002
august 0,162519 0,000103
author 0,040822 0,000043
authorit 3,506558 0,001478
autom 0,597837 0,000504
automat 0,462035 0,000584
avail -0,009950 -0,000015
avoid 0,579818 0,000122
azarian 3,912023 0,001649
azur 1,771957 0,000747
babbag 2,813411 0,001186
back 0,462035 0,000389
backup 2,207275 0,000465
backward 1,514128 0,000319
base 0,010050 0,000036
baselin 2,659260 0,008407
basic 0,198451 0,000042
basumallick 3,912023 0,001649
bazaar 2,525729 0,000532
becaus 0,127833 0,000108
becom 0,274437 0,000116
begin 0,385662 0,000163
ben 1,309333 0,000828
benefit 0,776529 0,002127
best 0,462035 0,001071
better 0,494296 0,000313
bibcod 0,693147 0,000146
binari 0,916291 0,000579
bisect 3,912023 0,000824
bitkeep 3,506558 0,000739
blacklin 3,912023 0,000824
blame 2,407946 0,001015
blockchain 1,609438 0,000339
bluelin 3,912023 0,000824
blueprint 2,813411 0,000593
bona 3,912023 0,000824
book 0,210721 0,000044
branch 1,021651 0,010981
break 0,733969 0,000309
breezi 3,506558 0,000739
bring 1,021651 0,000215
bryan 2,525729 0,000532
buffer 1,609438 0,000339
bug 1,171183 0,001728
build 0,274437 0,000058
busi 0,287682 0,000303
bypass 2,207275 0,000465
cad 2,995732 0,000631
call 0,030459 0,000032
cancel 2,207275 0,000465
cannot 0,314711 0,000133
canon 1,714798 0,000361
capabl 0,562119 0,000118
care 1,237874 0,000261
carolyn 3,218876 0,000678
case 0,083382 0,000158
catal 0,094311 0,000020
categori -0,009950 -0,000006
caus 0,430783 0,000091
central 0,478036 0,001209
centuri 0,843970 0,000178
certain 0,274437 0,000058
chacon 3,506558 0,001478
challeng 0,400478 0,000084
chang 0,051293 0,000940
changelist 3,912023 0,001649
changelog 2,525729 0,000532
changeset 3,506558 0,005173
changesupload -0,009950 -0,000004
charl 0,941609 0,000397
check 0,634878 0,003613
checkout 3,506558 0,003695
cherri 3,218876 0,000678
child 1,771957 0,000747
children 1,832581 0,000386
chiradeep 3,912023 0,001649
choic 0,755023 0,000159
chosen 1,469676 0,000619
cid 0,356675 0,000226
citat 0,248461 0,000262
clean 1,714798 0,000361
clear 1,049822 0,000442
clearcas 3,506558 0,000739
clearli 1,771957 0,000373
client 0,713350 0,000451
clone 2,207275 0,001861
cloud 0,733969 0,000309
cmvc 3,506558 0,000739
code -0,009950 -0,000084
codebas 2,659260 0,001681
coi 3,506558 0,000739
collabor 0,941609 0,001389
collect 0,274437 0,000058
collin 2,525729 0,001065
com 0,150823 0,000032
combin 0,261365 0,000110
come 0,356675 0,000075
comment 1,049822 0,000442
commit 1,108663 0,008645
common -0,009950 -0,000021
commonli 0,342490 0,000072
commonswikibookswikidata 2,407946 0,000507
commun 0,139262 0,000293
communicationsoftwar 3,912023 0,000824
compar 0,342490 0,000144
comparison 0,371064 0,000469
compat 0,693147 0,000146
complet 0,223144 0,000188
complex 0,186330 0,000118
complic 1,427116 0,000301
compon 0,261365 0,000055
compress 1,108663 0,001402
compromis 1,897120 0,000400
comput 0,020203 0,000017
concept 0,198451 0,000251
conceptu 1,469676 0,000310
concert 2,995732 0,000631
conclus 1,660731 0,000350
concret 1,771957 0,000373
concurr 0,994252 0,001257
conduct -0,009950 -0,000004
confer 0,274437 0,000058
configur 0,798508 0,001010
conflict 1,309333 0,001932
confus 0,693147 0,000292
consequ 0,891598 0,000188
consid 0,274437 0,000347
consist 0,301105 0,000190
contact -0,009950 -0,000004
contain 0,162519 0,000240
content -0,009950 -0,000015
context 0,446287 0,000094
continu 0,174353 0,000073
contract 0,994252 0,000210
contrari 2,659260 0,000560
contribut -0,009950 -0,000006
contributor 1,832581 0,000772
control 0,020203 0,000562
controlvers 3,912023 0,000824
convention 2,813411 0,000593
convers 0,776529 0,000164
cooki -0,009950 -0,000002
coordin 1,309333 0,000276
copi 0,891598 0,006201
core 0,579818 0,000122
corollari 3,506558 0,000739
correspond 0,798508 0,000168
cort 3,506558 0,000739
cost 0,385662 0,000813
coupl 1,514128 0,000319
coverag 1,897120 0,000400
creat -0,009950 -0,000021
creativ -0,009950 -0,000002
critic 0,385662 0,000163
current 0,210721 0,000178
cv 3,506558 0,002956
cvsnt 3,506558 0,000739
cycl 0,867501 0,000183
dag 2,813411 0,001186
damag 1,771957 0,001494
darc 3,506558 0,000739
data 0,030459 0,000109
databas 0,072571 0,000015
date 0,210721 0,000178
david 0,385662 0,000081
dcv 3,506558 0,000739
dead 1,386294 0,000292
debug 1,660731 0,001400
decemb 0,061875 0,000039
deeper 3,506558 0,000739
default 0,693147 0,000146
defer 2,407946 0,000507
definit 0,186330 0,000039
degre 0,916291 0,000193
delet 1,139434 0,000240
deliber 1,771957 0,000373
delic 3,912023 0,000824
delphi 2,407946 0,000507
delta 2,302585 0,004853
deni 1,609438 0,000339
depend 0,105361 0,000089
deploi 1,108663 0,000234
deploy 1,049822 0,000885
deriv 0,494296 0,000104
describ 0,174353 0,000147
descript -0,009950 -0,000008
descriptionshort 0,000000 0,000000
design 0,040822 0,000052
determin 0,342490 0,000144
develop -0,009950 -0,000138
devop 2,525729 0,001065
didn 2,995732 0,000631
diff 2,995732 0,000631
differ 0,010050 0,000044
difficult 0,597837 0,000378
dimens 1,347074 0,000284
direct 0,261365 0,000275
directori 1,560648 0,001316
disambigu 1,049822 0,000221
disciplin 1,203973 0,000761
disclaim -0,009950 -0,000002
discuss 0,494296 0,000521
dispers 2,302585 0,000485
distinguish 0,733969 0,000155
distribut 0,198451 0,000544
distributedfre 3,506558 0,000739
disturb 2,813411 0,000593
doc 1,139434 0,000480
document 0,328504 0,001246
doi 0,162519 0,000103
domin 1,021651 0,000215
donat -0,009950 -0,000004
done 0,653926 0,000551
download -0,009950 -0,000002
draw 0,994252 0,000629
drawback 1,966113 0,000414
drc 3,912023 0,000824
dsee 3,506558 0,000739
due 0,261365 0,000055
duplic 1,897120 0,000400
dynam 0,342490 0,000144
each 0,072571 0,000275
earli 0,301105 0,000063
earlier 1,139434 0,000961
earliest 1,021651 0,000215
easi 1,021651 0,000431
easili 0,843970 0,000534
eclips 1,771957 0,000747
edit -0,009950 -0,000178
editcommun -0,009950 -0,000002
effect 0,274437 0,000116
effici 0,287682 0,000121
effort 0,653926 0,000276
either 0,248461 0,000262
electron 0,430783 0,000182
elimin 0,867501 0,000183
els 1,469676 0,001239
emac 2,407946 0,000507
embed 0,755023 0,000159
emploi 0,673345 0,000142
empti 1,386294 0,000584
enabl 0,274437 0,000116
encyclopedia -0,009950 -0,000002
end 0,186330 0,000118
engin 0,061875 0,000117
english -0,009950 -0,000002
enhanc 0,510826 0,000108
enterpris 0,446287 0,000094
entir 0,597837 0,000252
environ 0,385662 0,000325
epic 2,040221 0,000860
equival 0,820981 0,000173
eric 1,078810 0,000227
error 0,430783 0,000182
especi 0,415515 0,000175
establish 0,634878 0,000134
etc 0,562119 0,000474
eti 3,912023 0,000824
even 0,235722 0,000248
eventsrandom -0,009950 -0,000002
eventu 0,798508 0,000168
everi 0,261365 0,000110
evolut 0,820981 0,000173
exact 1,427116 0,000301
exactli 1,171183 0,000247
examin 0,867501 0,000548
exampl 0,020203 0,000034
except 0,733969 0,000155
excerpt 1,714798 0,001446
exchang 0,579818 0,000244
exclus 1,272966 0,000537
execut 0,356675 0,000075
exist 0,186330 0,000353
experi 0,510826 0,000215
experienc 1,966113 0,000414
explain 0,798508 0,000168
explicit 1,171183 0,000247
explicitli 0,916291 0,000193
export -0,009950 -0,000008
extern 0,030459 0,000019
extrem 0,941609 0,000198
facil 0,891598 0,000564
familiar 1,609438 0,000339
fast 0,673345 0,000284
favour 2,407946 0,000507
fear 1,966113 0,000414
featur 0,210721 0,000311
februari 0,061875 0,000013
ferguson 2,659260 0,000560
fernando 2,525729 0,000532
fetch 1,966113 0,001243
fide 3,506558 0,000739
field 0,314711 0,000199
file 0,446287 0,008089
fileperman -0,009950 -0,000002
filespeci -0,009950 -0,000002
final 0,494296 0,000208
find 0,371064 0,000156
first 0,020203 0,000034
fitzpatrick 3,506558 0,001478
fix 0,385662 0,000569
flow 0,430783 0,000091
focu 0,755023 0,000318
focus 0,653926 0,000138
folder 2,525729 0,000532
follow 0,072571 0,000107
forc 0,597837 0,000126
forgotten 3,912023 0,000824
fork 1,203973 0,000507
form 0,072571 0,000138
formal 0,510826 0,000215
forward 0,941609 0,000595
fossil 2,407946 0,000507
foundat -0,009950 -0,000002
fran 0,223144 0,000047
free -0,009950 -0,000004
friendli 1,386294 0,000292
full 0,371064 0,000156
function 0,030459 0,000032
further 0,139262 0,000029
futur 0,235722 0,000050
game 0,478036 0,000604
gari 1,714798 0,000361
gate 1,660731 0,000350
gener -0,009950 -0,000021
geograph 1,078810 0,000227
git 2,207275 0,005582
gitglossari 3,912023 0,001649
github 1,078810 0,000682
gitlab 3,506558 0,002956
give 0,446287 0,000282
given 0,261365 0,000055
gnu 1,272966 0,000805
go 1,237874 0,000261
goetz 3,912023 0,001649
good 0,616186 0,000130
googl 0,579818 0,000244
govern 0,544727 0,000115
grant 1,139434 0,000240
granular 3,506558 0,000739
graph 0,967584 0,002855
great 0,941609 0,000198
greatli 1,427116 0,000301
green 0,916291 0,000193
gregori 1,660731 0,000350
group 0,186330 0,000079
guid 0,287682 0,000121
haigh 3,912023 0,000824
hand 0,494296 0,000104
happen 1,021651 0,000431
head 0,867501 0,002560
heavili 1,203973 0,000254
heinz 2,525729 0,000532
helix 2,995732 0,000631
help 0,174353 0,000257
helplearn -0,009950 -0,000002
henc 1,347074 0,000568
here 0,301105 0,000127
hererel -0,009950 -0,000002
hide -0,009950 -0,000010
hierarchi 1,469676 0,000310
highlight 1,309333 0,000276
histor 0,579818 0,000122
histori -0,009950 -0,000029
host 0,755023 0,000159
hotel 2,525729 0,000532
hour 1,386294 0,000292
how 0,072571 0,000092
howev 0,094311 0,000020
hrvatskiidobahasa 1,203973 0,000254
http -0,009950 -0,000002
hugh 1,714798 0,000361
hyland 3,912023 0,000824
ibm 0,693147 0,000292
id 1,309333 0,000552
idea 0,527633 0,000111
ideal 1,514128 0,000319
ident 0,820981 0,000519
identif 1,139434 0,000240
identifi 0,356675 0,000827
iebupdt 3,912023 0,000824
ieee 0,634878 0,000401
imag 0,494296 0,000208
immedi 0,967584 0,000612
impact 0,544727 0,000115
implement 0,105361 0,000022
impli 0,994252 0,000210
implicitli 1,966113 0,000829
import 0,162519 0,000206
imposs 1,309333 0,000276
improv 0,150823 0,000286
inc -0,009950 -0,000008
includ 0,000000 0,000000
incompat 1,272966 0,000268
incorpor 0,755023 0,000318
increas 0,287682 0,000061
increasingli 0,776529 0,000164
incred 2,302585 0,000485
increment 1,386294 0,000292
inde 1,714798 0,000361
independ 0,527633 0,000222
index -0,009950 -0,000002
indic 0,356675 0,000226
indispens 3,218876 0,000678
individu 0,314711 0,000133
indivis 3,218876 0,000678
indonesiaitaliano 1,237874 0,000261
ineffici 1,897120 0,000400
inform 0,061875 0,000065
informationcit -0,009950 -0,000002
inher 1,469676 0,000310
inherit 1,609438 0,000339
initi 0,235722 0,000348
input 0,634878 0,000134
insert 1,560648 0,000329
instal 0,994252 0,000629
instanc 0,478036 0,000101
instant 1,897120 0,000400
instead 0,301105 0,000444
institut 0,446287 0,000282
integr 0,174353 0,000514
intellij 2,659260 0,000560
interest 0,478036 0,000101
interleav 3,218876 0,002713
intern 0,040822 0,000009
internationalgndnationalunit 1,108663 0,000234
interpret 0,579818 0,000122
interrupt 1,609438 0,000339
intervent 1,771957 0,000747
interview 1,427116 0,001805
introduc 0,210721 0,000178
introduct 0,210721 0,000089
intuit 2,207275 0,000465
invalu 3,912023 0,000824
involv 0,415515 0,000263
irma 3,912023 0,001649
isbn 0,051293 0,000065
issn 0,478036 0,000101
issu 0,314711 0,000066
ital 2,207275 0,000465
item -0,009950 -0,000004
iter 1,272966 0,000268
itself 0,342490 0,000072
itsen 3,218876 0,000678
jack 1,897120 0,000400
jairo 3,912023 0,000824
januari 0,083382 0,000053
java 0,891598 0,000376
jdevelop 3,506558 0,000739
jeffrei 1,514128 0,000319
jess 2,659260 0,000560
john 0,198451 0,000042
johnson 1,714798 0,000361
jon 1,514128 0,000319
joseph 0,820981 0,000346
jstor 0,843970 0,000178
juli 0,127833 0,000054
jump -0,009950 -0,000002
just 0,328504 0,000069
keep 0,733969 0,000773
kept 1,560648 0,000329
know 0,653926 0,000276
knowingli 3,912023 0,000824
known 0,127833 0,000162
label 1,049822 0,003540
lack 0,544727 0,000115
languag -0,009950 -0,000004
larg 0,127833 0,000162
last -0,009950 -0,000004
later 0,223144 0,000141
latest 0,994252 0,001048
laura 2,407946 0,000507
law 0,653926 0,000551
lawrenc 1,386294 0,000292
lead 0,287682 0,000061
learn 0,162519 0,000103
left 0,916291 0,000579
legal -0,009950 -0,000006
less 0,430783 0,000272
letter 0,843970 0,000178
level 0,083382 0,000035
librarian 3,218876 0,001357
licens -0,009950 -0,000004
life 0,653926 0,000138
like 0,051293 0,000043
limit 0,186330 0,000039
linar 3,912023 0,000824
line 0,261365 0,000551
linear 0,916291 0,000579
link -0,009950 -0,000010
linkpag -0,009950 -0,000002
linksarticl 1,021651 0,000215
list 0,051293 0,000065
local 0,314711 0,000663
locat 0,527633 0,000334
lock 1,309333 0,004691
loelig 3,912023 0,000824
log -0,009950 -0,000004
logic 0,616186 0,000130
long 0,287682 0,000121
longer 0,755023 0,000636
loos 1,609438 0,000339
loss 0,891598 0,000188
lot 1,386294 0,000292
lui 2,659260 0,000560
lux 0,371064 0,000078
machin 0,040822 0,000009
made 0,186330 0,000510
magyar 1,049822 0,000221
main -0,009950 -0,000042
mainli 1,021651 0,000215
mainlin 3,218876 0,004749
maintain 0,400478 0,000675
mainten 0,843970 0,000534
make 0,061875 0,000156
man 0,843970 0,000178
manag 0,105361 0,000444
mani 0,061875 0,000130
manipul 0,673345 0,000142
manual 0,994252 0,001467
marc 1,771957 0,000373
march 0,116534 0,000074
mario 2,659260 0,000560
mark 0,261365 0,000055
martin 0,843970 0,000356
master 0,941609 0,000595
materi 0,616186 0,000130
matter 1,049822 0,000442
matthew 1,560648 0,000329
mccullough 3,506558 0,000739
mean 0,083382 0,000141
meaning 1,966113 0,000414
mechan 0,356675 0,000075
media 0,139262 0,000088
medicin 1,427116 0,000301
member 0,562119 0,000237
memori 0,562119 0,000118
menu -0,009950 -0,000004
mercuri 2,302585 0,002426
merg 1,514128 0,016593
merit 2,659260 0,000560
messag 0,400478 0,000760
meta 1,386294 0,000292
metadata 1,347074 0,001136
method 0,150823 0,000127
mileston 2,120264 0,000447
minim 0,579818 0,000122
minnesota 2,525729 0,001065
mirror 1,897120 0,000400
mistak 1,832581 0,000772
mitig 1,347074 0,001136
mobil -0,009950 -0,000002
model 0,116534 0,000172
modif 1,386294 0,001461
modifi 0,527633 0,000334
moment 1,560648 0,000329
monorepo 3,506558 0,000739
monoton 2,302585 0,000485
more 0,010050 0,000034
moreov 1,560648 0,000329
most 0,040822 0,000103
move -0,009950 -0,000010
multi 0,342490 0,000072
multipl 0,094311 0,000318
name 0,162519 0,000137
namespac 1,560648 0,000329
navig -0,009950 -0,000002
near 1,171183 0,000247
necessari 0,616186 0,000390
need 0,030459 0,000109
netbean 2,525729 0,000532
network 0,127833 0,000027
new 0,010050 0,000028
newer 1,309333 0,000552
newli 1,560648 0,000329
newspap 1,347074 0,000284
next 0,400478 0,000084
node 0,867501 0,000548
non -0,009950 -0,000006
not 0,000000 0,000000
note 0,150823 0,000254
notifi 2,120264 0,000447
notion 1,171183 0,000247
noun 2,813411 0,002372
novemb 0,150823 0,000095
now 0,274437 0,000058
number 0,040822 0,000043
oaawatch 3,912023 0,000824
object 0,174353 0,000073
obtain 0,733969 0,000619
obviou 2,120264 0,000447
occur 0,510826 0,000538
octob 0,139262 0,000029
off 0,673345 0,000284
offer 0,248461 0,000052
offici 0,653926 0,000138
often 0,127833 0,000242
old 0,994252 0,000210
older 1,237874 0,000522
oldest 2,120264 0,000894
oldid -0,009950 -0,000002
onc 0,527633 0,000222
onli 0,051293 0,000141
onlyfre 3,506558 0,000739
open 0,150823 0,000127
oper 0,010050 0,000025
opportun 1,139434 0,000240
oppos 1,237874 0,000261
option 0,527633 0,000222
oracl 1,078810 0,000227
order 0,094311 0,000060
ordinari 1,272966 0,000268
org -0,009950 -0,000002
organ -0,009950 -0,000008
origin -0,009950 -0,000055
oss 2,995732 0,000631
other -0,009950 -0,000065
out 0,261365 0,000716
outsid 0,776529 0,000164
over 0,094311 0,000060
overal 0,967584 0,000204
overlap 1,309333 0,000552
overview 0,616186 0,000260
overwrit 2,659260 0,001121
own 0,314711 0,000199
ownership 1,469676 0,000310
packag 0,776529 0,000982
page -0,009950 -0,000006
pagecontentscurr -0,009950 -0,000002
pageget -0,009950 -0,000002
panvalet 3,506558 0,001478
parallel 0,941609 0,000198
parent 1,714798 0,002168
part 0,072571 0,000031
parti 0,616186 0,000130
particular 0,301105 0,000254
past 0,994252 0,000419
patch 1,560648 0,001973
path 0,798508 0,000337
pattern 0,494296 0,000104
pdf 0,139262 0,000059
pdfprintabl -0,009950 -0,000002
peer 1,771957 0,002241
peopl 0,356675 0,000226
per 0,616186 0,000130
perforc 3,218876 0,002713
permiss 1,469676 0,000619
person -0,009950 -0,000004
phillip 2,407946 0,000507
php -0,009950 -0,000002
picarelli 3,912023 0,000824
pick 1,609438 0,000339
pilato 3,912023 0,001649
piscipo 3,912023 0,000824
piscopo 3,912023 0,000824
pl 2,995732 0,000631
place 0,356675 0,000150
plan 0,430783 0,000091
plastic 2,525729 0,000532
pleas 0,755023 0,000159
plu 1,203973 0,000254
plugin 1,897120 0,000800
point 0,186330 0,000236
polici -0,009950 -0,000004
portalrec -0,009950 -0,000002
poshyvanyk 3,912023 0,000824
possibl 0,186330 0,000157
power 0,261365 0,000110
practic 0,186330 0,000668
precursor 1,832581 0,000386
predecessor 2,120264 0,000894
prefer 0,798508 0,000168
presenc 1,108663 0,000935
present 0,287682 0,000061
preserv 1,309333 0,000552
pressur 1,714798 0,000361
prevent 0,634878 0,000268
previou 0,843970 0,000711
priceless 3,912023 0,000824
primari 0,527633 0,000111
primarili 0,653926 0,000138
principl 0,385662 0,000163
print -0,009950 -0,000004
prior 0,891598 0,000752
privaci -0,009950 -0,000004
pro 1,237874 0,000522
problem 0,186330 0,000471
proce 1,771957 0,000373
procedur 0,867501 0,000366
process 0,051293 0,000151
processdistribut 3,912023 0,000824
processor 1,021651 0,000215
product 0,174353 0,000147
profit -0,009950 -0,000002
program 0,116534 0,000098
project -0,009950 -0,000025
promot 0,891598 0,000376
prompt 1,609438 0,000339
properti 0,314711 0,000066
proprietari 1,171183 0,000740
protect 0,462035 0,000195
prototyp 1,386294 0,000292
provid 0,061875 0,000078
publish 0,105361 0,000067
pull 1,897120 0,010395
purpos 0,248461 0,000209
pursu 1,966113 0,000414
push 1,203973 0,001522
pvc 3,506558 0,000739
quickli 0,891598 0,000188
qvc 3,506558 0,001478
radic 2,407946 0,000507
rare 1,108663 0,000234
rather 0,287682 0,000121
rc 3,218876 0,002713
reach 0,755023 0,000318
read 0,162519 0,000069
readeditview 0,287682 0,000121
realiti 1,237874 0,000261
realiz 1,309333 0,000276
reason 0,328504 0,000069
rebas 3,506558 0,000739
receiv 0,400478 0,000084
recent 0,562119 0,000118
reconcil 2,659260 0,000560
record 0,400478 0,000506
recoveri 1,714798 0,000361
red 1,237874 0,000261
redirect 0,673345 0,000284
redlin 3,506558 0,000739
refer -0,009950 -0,000029
referencesal 2,813411 0,000593
reflect 0,562119 0,000118
regist -0,009950 -0,000002
regress 1,771957 0,000373
reilli 1,078810 0,001137
reject 1,514128 0,000319
relat 0,030459 0,000006
relationship 0,653926 0,000276
releas 0,415515 0,000525
reliabl 0,371064 0,000078
remedi 2,207275 0,000465
remot 0,776529 0,000164
remov 0,301105 0,000127
renam 1,771957 0,000747
replac 0,494296 0,000208
repositori 0,994252 0,010477
repres 0,235722 0,000099
reqtest 3,912023 0,000824
request 0,776529 0,002946
requir 0,051293 0,000086
research 0,223144 0,000047
reserv 1,272966 0,000268
resolv 1,309333 0,001380
restor 1,966113 0,000414
result 0,139262 0,000235
retain 1,832581 0,000772
retriev -0,009950 -0,000071
return 0,510826 0,000108
revers 1,139434 0,000480
revert 2,525729 0,002661
review 0,314711 0,000531
revis 1,021651 0,019378
rewind 3,912023 0,000824
rewrit 1,560648 0,000329
rise 0,916291 0,000193
rochkind 3,912023 0,000824
roll 1,560648 0,000329
rom 0,616186 0,000130
root 0,733969 0,000928
rule 0,510826 0,000108
run 0,248461 0,000105
safeti -0,009950 -0,000002
said 0,755023 0,000159
same 0,116534 0,000344
sampl 1,171183 0,000247
sandbox 2,302585 0,000485
save 0,994252 0,000629
scam 2,207275 0,000465
scc 3,506558 0,002217
scenario 1,139434 0,000240
scholar 1,021651 0,000215
sclm 3,506558 0,000739
scm 2,659260 0,003363
scope 0,891598 0,000188
scott 0,891598 0,000376
search -0,009950 -0,000013
sebastopol 2,207275 0,000465
second 0,328504 0,000138
secondari 1,309333 0,000552
section 0,446287 0,000470
see -0,009950 -0,000031
select 0,371064 0,000156
self 0,478036 0,000101
semi 0,843970 0,000178
sens 1,049822 0,000221
separ 0,400478 0,000591
septemb 0,150823 0,000159
sequenc 0,820981 0,000173
sequenti 1,771957 0,000373
server 0,597837 0,000882
serverfre 3,506558 0,000739
servic 0,210721 0,000089
set 0,051293 0,000205
sever 0,072571 0,000031
share 0,301105 0,000381
sharealik -0,009950 -0,000002
sharon 3,506558 0,000739
short -0,009950 -0,000004
shorten -0,009950 -0,000002
shqipsuomisvenska 3,912023 0,000824
sidebar -0,009950 -0,000008
signific 0,261365 0,000110
sijbrandij 3,912023 0,000824
similar 0,150823 0,000095
similarli 0,843970 0,000178
simpl 0,150823 0,000222
simplest 2,040221 0,001290
simpli 0,733969 0,000309
simplic 1,897120 0,000400
simplifi 0,820981 0,001211
simultan 0,891598 0,000376
sinc 0,139262 0,000147
singl 0,127833 0,000404
sink 2,813411 0,000593
site -0,009950 -0,000002
situat 0,776529 0,000164
sm 2,995732 0,000631
small 0,314711 0,000066
smart 1,049822 0,000221
snapshot 2,525729 0,002661
snippet 2,995732 0,000631
social 0,510826 0,000108
softwar 0,127833 0,001132
softwareyear 3,506558 0,000739
solut 0,478036 0,000201
solv 0,820981 0,000346
some 0,040822 0,000172
someon 1,832581 0,001159
sometim 0,301105 0,000317
sophist 1,203973 0,000761
sourc 0,094311 0,000656
sourcesaf 3,506558 0,000739
spe 3,218876 0,000678
speak 1,139434 0,000240
special 0,235722 0,000199
specif 0,051293 0,000065
specifi 0,446287 0,000094
speed 0,941609 0,000198
split 1,139434 0,000240
spreadsheet 2,120264 0,000447
squash 3,506558 0,000739
stabl 0,867501 0,000183
stack 0,843970 0,000178
stage 1,139434 0,000480
stand 1,078810 0,000227
start 0,261365 0,000220
starteam 3,506558 0,000739
state 0,083382 0,000070
statement -0,009950 -0,000008
statementsarticl 0,544727 0,000115
statesisraelotheryal 3,218876 0,000678
statist -0,009950 -0,000002
step 0,713350 0,000451
still 0,342490 0,000072
storag 0,430783 0,000091
store 0,356675 0,000526
strategi 0,733969 0,000619
straub 3,218876 0,001357
stream 0,733969 0,001547
structur 0,139262 0,000323
studio 1,609438 0,000678
submit 1,427116 0,000602
subscrib 2,525729 0,000532
subsect 0,020203 0,000026
subsequ 0,916291 0,000193
subvers 2,813411 0,002372
succe 2,407946 0,000507
success 0,494296 0,000208
successor 1,897120 0,000400
such 0,000000 0,000000
suit 0,891598 0,000188
sullivan 2,525729 0,000532
summar 1,469676 0,000310
supplant 2,995732 0,000631
support 0,150823 0,000064
sure 1,966113 0,000414
surround 1,514128 0,000319
sussman 3,506558 0,001478
svk 3,912023 0,000824
svn 3,506558 0,000739
svnbook 3,912023 0,000824
sync 2,659260 0,001681
synchron 1,386294 0,001461
synergi 3,218876 0,000678
synonym 1,966113 0,001243
system 0,010050 0,000125
systemshidden 2,207275 0,000465
systemstechn 3,912023 0,000824
syts 3,912023 0,000824
tabl -0,009950 -0,000006
tag 1,309333 0,004415
take 0,210721 0,000133
task 0,415515 0,000088
team 0,634878 0,001338
teamwar 3,506558 0,000739
tech 0,843970 0,000178
technic 0,478036 0,000101
techniqu 0,385662 0,000163
techrepubl 2,302585 0,000485
tell 1,660731 0,000350
templat 0,301105 0,000063
tempt 3,218876 0,000678
term -0,009950 -0,000027
terminolog 1,237874 0,001044
test 0,248461 0,000419
text -0,009950 -0,000015
tfvc 3,506558 0,001478
than 0,072571 0,000107
that 0,000000 0,000000
then 0,116534 0,000123
theori 0,400478 0,000253
there 0,051293 0,000119
therefor 0,478036 0,000201
these 0,040822 0,000086
theserversid 3,506558 0,000739
thi -0,009950 -0,000096
thing 0,798508 0,000168
think 1,049822 0,000442
thoma 0,527633 0,000111
those 0,235722 0,000199
though 0,544727 0,000459
thought 1,108663 0,000701
thread 1,386294 0,000292
thu 0,314711 0,000265
tichi 3,912023 0,000824
tidbit 3,218876 0,000678
time 0,000000 0,000000
timestamp 2,040221 0,001290
tinadanskdeutscheestiespa 2,659260 0,000560
tip 2,407946 0,003045
titl -0,009950 -0,000002
toe 3,218876 0,000678
togeth 0,579818 0,000367
toggl -0,009950 -0,000017
too 0,634878 0,000134
tool -0,009950 -0,000055
top -0,009950 -0,000002
topic -0,009950 -0,000002
topolog 1,514128 0,000319
tour 2,302585 0,000485
track 0,713350 0,001503
trademark -0,009950 -0,000002
tradit 0,544727 0,000230
transact 0,673345 0,000142
treat 0,967584 0,000204
tree 0,693147 0,002337
tri 1,427116 0,000301
trunk 3,218876 0,014246
try 0,994252 0,000419
tse 2,995732 0,000631
turn 0,776529 0,000164
twentieth 2,525729 0,000532
two 0,083382 0,000228
type 0,051293 0,000043
typic 0,186330 0,000196
unabl 2,302585 0,000485
uncov 2,813411 0,000593
under -0,009950 -0,000008
underli 0,693147 0,000146
understand 0,342490 0,000072
understandingmercuri 3,912023 0,000824
understood 1,469676 0,000310
undo 3,218876 0,002035
unifi 1,309333 0,000276
uniqu 0,867501 0,000366
unit 0,248461 0,000105
univers 0,139262 0,000059
unix 1,469676 0,000310
unless 1,237874 0,000261
unlock 2,302585 0,001456
unreal 3,218876 0,001357
unsourc 0,446287 0,000470
untest 3,912023 0,000824
until 0,510826 0,000215
updat 0,342490 0,000866
upon 0,673345 0,000142
urldownload -0,009950 -0,000002
usag 0,579818 0,000122
user 0,274437 0,000925
usr 3,506558 0,000739
usual 0,198451 0,000125
utc -0,009950 -0,000002
vari 0,478036 0,000504
variou 0,223144 0,000188
vasquez 3,912023 0,000824
vault 2,407946 0,000507
verb 2,813411 0,001186
veri 0,314711 0,000066
verif 0,733969 0,000155
verifi 1,237874 0,000261
version -0,009950 -0,000275
via 0,186330 0,000275
view -0,009950 -0,000008
visibl 1,021651 0,000215
visual 0,562119 0,000474
vital 2,120264 0,000447
vtevers 3,506558 0,000739
wai 0,105361 0,000155
wallen 3,912023 0,000824
walter 1,514128 0,000319
want 0,820981 0,000173
washington 1,049822 0,000442
wayback 0,478036 0,000201
web 0,342490 0,000072
webarch 1,021651 0,000215
what -0,009950 -0,000027
wheeler 2,813411 0,000593
when 0,030459 0,000167
where 0,072571 0,000076
whether 0,400478 0,000169
which 0,000000 0,000000
while 0,051293 0,000054
whiteprint 3,912023 0,000824
who 0,301105 0,000127
whole 0,916291 0,000386
why 0,494296 0,000625
wide 0,210721 0,000044
widespread 0,994252 0,000210
wikidataarticl 1,171183 0,000247
wikimedia -0,009950 -0,000004
wikipedia -0,009950 -0,000015
wikipediacontact -0,009950 -0,000002
wingerd 3,912023 0,000824
within 0,116534 0,000074
without 0,094311 0,000139
word 0,446287 0,000094
work 0,030459 0,000244
workflow 2,120264 0,000894
workspac 2,525729 0,000532
write 0,527633 0,000556
written 0,287682 0,000061
xcode 3,218876 0,000678
yellow 2,407946 0,000507
yost 3,506558 0,000739
zbekcha 0,462035 0,000097
zitzman 3,912023 0,000824
