abi 3,218876 0,002474
abstract 1,108663 0,000284
abstraction 1,514128 0,000776
accept 1,427116 0,000366
access 0,287682 0,000737
accessible 1,021651 0,000262
account -0,009950 -0,000005
acm 0,776529 0,000796
acquired 1,660731 0,000425
acquires 2,659260 0,000681
acronym 2,207275 0,000565
across 0,415515 0,000106
act 0,967584 0,000248
actions -0,009950 -0,000005
activates 2,995732 0,000767
actual 0,941609 0,000241
add -0,009950 -0,000003
added 0,415515 0,000106
adding 0,597837 0,000153
addison 1,203973 0,000308
additional -0,009950 -0,000005
adexchanger 3,912023 0,001002
adoption 0,820981 0,000210
advanced 0,430783 0,000110
advances 1,078810 0,000276
advantage 0,941609 0,000482
afips 3,506558 0,002695
again 1,078810 0,000276
against 0,462035 0,000237
agents 1,309333 0,000335
agree -0,009950 -0,000003
agreed 1,427116 0,000366
agreement 1,171183 0,000600
aim 1,347074 0,000345
aiming 2,302585 0,000590
aisgaeilgegalego 1,427116 0,000366
akamai 3,912023 0,003006
alison 3,218876 0,000825
all 0,000000 0,000000
allow 0,287682 0,000737
allowed 0,634878 0,000325
allowing 0,462035 0,000118
allows 0,248461 0,000318
almost 0,798508 0,000409
alone 1,309333 0,000335
along 0,462035 0,000118
also -0,009950 -0,000038
alsup 3,506558 0,001796
although 0,287682 0,000147
always 0,597837 0,000153
ambiguous 1,560648 0,000800
america 0,994252 0,001019
amir 2,525729 0,001294
amit 2,407946 0,000617
among 0,356675 0,000091
amp -0,009950 -0,000015
analogous 1,609438 0,000412
analysis 0,186330 0,000095
analyzing 1,347074 0,000345
andrea 1,966113 0,000504
android 1,272966 0,000978
ann 1,966113 0,000504
annotation 1,966113 0,000504
annotations 2,659260 0,001362
annual 0,776529 0,000199
another 0,127833 0,000131
ansi 2,207275 0,000565
any 0,083382 0,000043
anyone 1,386294 0,000355
anyway 2,813411 0,001441
api 0,916291 0,037083
apihelp 3,912023 0,001002
apis 1,237874 0,019342
app 1,386294 0,000355
appeal 2,207275 0,002262
appealed 3,506558 0,000898
appeals 2,659260 0,001362
appear 1,049822 0,000269
appearance -0,009950 -0,000008
apple 1,347074 0,000690
application 0,127833 0,000851
applications 0,094311 0,000266
apply -0,009950 -0,000003
approach 0,261365 0,000201
approaches 0,733969 0,000564
approved 1,897120 0,000486
apps 1,272966 0,001304
april 0,072571 0,000074
arbor 3,218876 0,000825
architectural 1,609438 0,001237
architecture 0,462035 0,000592
architectures 1,139434 0,001167
archived 0,040822 0,000073
area 0,776529 0,000199
argues 2,120264 0,000543
around 0,356675 0,000183
ars 1,309333 0,000671
article 0,040822 0,000021
articleabout -0,009950 -0,000003
articles 0,020203 0,000010
articletalk -0,009950 -0,000003
artima 2,995732 0,000767
arxiv 1,078810 0,000553
ashton 2,995732 0,001535
asks 2,040221 0,000523
aspi 3,912023 0,001002
assets 1,347074 0,000345
associates 2,120264 0,000543
association 0,634878 0,000488
asturianuaz 1,427116 0,000366
attacking 3,218876 0,000825
attacks 1,237874 0,000317
attempts 0,916291 0,000235
attribute 1,386294 0,000355
attribution -0,009950 -0,000003
audio 0,891598 0,000228
augmented 1,560648 0,000400
august 0,162519 0,000333
authority 0,083382 0,000021
authors 1,021651 0,000262
automatically 0,653926 0,000168
available -0,009950 -0,000010
aware 1,514128 0,000388
away 1,139434 0,000584
back 0,527633 0,000135
backward 1,897120 0,000972
bahasa 0,186330 0,000048
balancing 1,832581 0,000469
bar 1,609438 0,000412
barney 3,912023 0,002004
base 0,755023 0,000387
baseball 3,506558 0,000898
based 0,010050 0,000026
basic 0,235722 0,000060
bats 3,506558 0,000898
baudry 3,912023 0,001002
beat 2,659260 0,000681
beats 2,659260 0,000681
became 0,579818 0,000446
because 0,127833 0,000196
become 0,510826 0,000393
becomes 0,916291 0,000469
began 0,634878 0,000163
beginning 0,776529 0,000199
behavior 0,462035 0,000355
behaviors 2,040221 0,001045
ben 1,309333 0,000335
benoit 2,659260 0,000681
benslimane 3,912023 0,001002
berkeley 1,514128 0,000388
berners 2,525729 0,000647
best 0,462035 0,000118
beta 1,386294 0,000355
beyond 0,713350 0,000183
bibcode 0,693147 0,000178
biehl 3,912023 0,001002
bierhoff 3,912023 0,001002
bill 0,941609 0,000724
billion 1,139434 0,000876
binary 0,916291 0,000704
binding 1,966113 0,000504
bindings 2,120264 0,001086
bloch 3,218876 0,001649
block 0,798508 0,000409
blocks 1,272966 0,000326
blogs 1,897120 0,000486
bloomberg 1,469676 0,000376
boarischbosanskicatal 3,912023 0,001002
bokm 0,127833 0,000033
book 0,478036 0,000122
boostcompanies 3,912023 0,001002
boot 2,040221 0,000523
boundary 2,407946 0,000617
boyd 2,813411 0,000721
brail 3,912023 0,001002
brazilian 2,659260 0,000681
break 1,272966 0,000326
brenda 3,912023 0,002004
bricks 3,506558 0,001796
brief 1,309333 0,000335
british 1,203973 0,000308
broad 1,203973 0,000308
broader 1,309333 0,000335
broker 2,207275 0,000565
bruch 3,506558 0,000898
bruno 2,525729 0,000647
bucher 3,912023 0,001002
bugs 1,469676 0,000376
build 0,673345 0,000172
building 0,415515 0,000426
built 0,462035 0,000237
bureau 1,660731 0,000425
bus 2,207275 0,000565
business 0,301105 0,000309
businessweek 2,207275 0,000565
bytecode 1,966113 0,000504
cabinet 3,218876 0,001649
california 1,021651 0,000262
call 0,733969 0,001128
called 0,040822 0,000084
caller 2,995732 0,000767
calling 1,514128 0,000776
calls 1,049822 0,001345
candidate 2,040221 0,000523
cannot 0,314711 0,000161
capabilities 0,891598 0,000228
car 1,386294 0,000710
carbon 1,609438 0,000412
carefully 1,897120 0,000486
carl 1,771957 0,000908
carry 1,469676 0,001129
case 0,139262 0,000285
catalog 2,525729 0,001294
categories -0,009950 -0,000005
category 0,116534 0,000030
celes 3,912023 0,001002
certain 0,274437 0,000141
challenge 1,139434 0,000292
change 0,261365 0,000268
changes 0,356675 0,000274
changesupload -0,009950 -0,000005
chris 0,994252 0,000255
cid 0,356675 0,000548
cir 3,912023 0,001002
circuit 1,203973 0,000617
citeseerx 1,347074 0,001035
claim 1,347074 0,000345
clarity 2,302585 0,000590
clarke 2,407946 0,000617
class 0,616186 0,000158
classes 0,967584 0,000744
cli 2,040221 0,000523
client 0,867501 0,000444
clients 1,139434 0,000292
cloudflare 2,659260 0,002043
cmu 2,659260 0,000681
cnet 1,609438 0,000412
cocoa 2,407946 0,001234
codd 2,659260 0,002043
code -0,009950 -0,000025
coined 1,514128 0,000388
com 0,150823 0,000193
combination 0,916291 0,000235
combined 0,798508 0,000205
combining 1,560648 0,000400
commands 1,714798 0,001318
commerce 1,021651 0,000262
commercial 0,653926 0,000168
commitment 1,832581 0,000469
common 0,072571 0,000112
commons -0,009950 -0,000003
commonsmediawikiwikidata 3,218876 0,000825
communicate 1,386294 0,000355
communication 0,616186 0,000789
communicationhidden 3,912023 0,001002
communications 0,733969 0,000188
communities 1,660731 0,000851
companies 0,597837 0,000459
company 0,462035 0,000473
compared 0,634878 0,000488
comparison 0,446287 0,000572
compatibility 1,108663 0,000568
compatible 1,049822 0,000538
competed 3,218876 0,000825
compile 1,609438 0,000412
compiled 1,386294 0,000355
compiler 1,078810 0,000276
complex 0,261365 0,000067
complexities 2,525729 0,000647
compliance 1,514128 0,000388
components 0,415515 0,000106
composing 2,813411 0,000721
comprehensive 0,941609 0,000241
computational 0,755023 0,000193
computer 0,139262 0,000820
computers 0,562119 0,001008
computerworld 1,609438 0,001237
computing 0,301105 0,000540
concept 0,415515 0,000213
concepts 0,400478 0,000103
conditions 0,843970 0,000216
conduct -0,009950 -0,000003
conference 0,301105 0,000540
confidence 1,832581 0,000469
conformant 3,218876 0,001649
connect 1,427116 0,000366
connection 1,203973 0,000925
connectivity 1,832581 0,000469
connects 2,120264 0,001629
consider 1,078810 0,000276
considered 0,400478 0,000308
considers 1,897120 0,000486
consist 1,560648 0,000400
consistent 1,108663 0,000852
consisting 1,469676 0,000376
constituted 2,813411 0,000721
constitutes 2,302585 0,000590
consumers 1,272966 0,000326
contact -0,009950 -0,000003
contacts -0,009950 -0,000003
contain 0,693147 0,000178
contained 1,309333 0,000335
contains 0,634878 0,000163
contemporary 1,347074 0,000345
content -0,009950 -0,000018
contents -0,009950 -0,000008
context 0,494296 0,000253
continuing 2,040221 0,000523
contract 1,272966 0,000652
contracts 1,609438 0,000825
contrast 0,994252 0,000255
contrasted 2,995732 0,000767
contribute -0,009950 -0,000003
control 0,020203 0,000047
controls 1,078810 0,000276
convention 2,040221 0,000523
cookie -0,009950 -0,000003
cooking 3,912023 0,001002
cooperative 1,609438 0,000412
copyright 2,040221 0,002090
copyrightability 3,218876 0,000825
copyrighted 2,813411 0,001441
copyrighting 3,912023 0,001002
copyrights 2,995732 0,000767
corba 3,506558 0,002695
core 0,597837 0,000306
corporation 0,916291 0,000235
corresponding 1,171183 0,000600
cory 2,525729 0,000647
cotton 2,659260 0,000681
court 1,469676 0,003388
cover 1,203973 0,000308
covered 1,560648 0,000400
covid 1,966113 0,000504
cpus 2,120264 0,000543
create -0,009950 -0,000005
created 0,430783 0,000110
creating 0,562119 0,000144
creation 0,693147 0,000178
creative -0,009950 -0,000003
credential 3,912023 0,001002
cristoph 3,912023 0,001002
criteria 1,609438 0,000412
cross 0,562119 0,000432
crucial 1,386294 0,000355
culture 1,514128 0,000776
curating 3,912023 0,001002
current 0,385662 0,000198
custom 1,171183 0,000900
customer 1,139434 0,000292
customers 1,078810 0,000276
cybercriminals 3,218876 0,001649
dan 0,967584 0,000248
daniel 0,776529 0,000199
dashboard 2,813411 0,000721
data 0,030459 0,000109
database 0,579818 0,000891
databases 0,127833 0,000098
dataisraelotheryale 2,813411 0,000721
date 0,579818 0,000446
david 0,385662 0,000296
dawn 2,813411 0,000721
dcom 3,912023 0,001002
ddos 2,995732 0,000767
dealing 1,714798 0,000439
dean 2,525729 0,000647
debate 1,560648 0,000400
december 0,061875 0,000079
decided 1,469676 0,000376
decision 0,494296 0,000127
decker 3,506558 0,000898
declare 2,659260 0,000681
decomposing 3,506558 0,000898
dedrick 3,912023 0,001002
defined 0,248461 0,000255
defines 0,776529 0,000199
definition 0,342490 0,000088
definitions 0,891598 0,000228
defragmentation 2,813411 0,000721
dekel 3,912023 0,001002
delayed 2,207275 0,000565
department 0,941609 0,000241
depend 1,171183 0,000300
depended 3,506558 0,000898
depending 0,673345 0,000172
deprecate 2,813411 0,000721
deprecated 1,714798 0,000439
describe 0,820981 0,000210
described 0,430783 0,000221
describes 0,820981 0,000841
describing 1,203973 0,000308
description -0,009950 -0,000010
descriptionshort 0,000000 0,000000
design 0,127833 0,000426
designed 0,261365 0,000067
designers 1,897120 0,000486
designing 1,309333 0,000671
detailed 1,272966 0,000326
details 0,916291 0,001174
detect 1,386294 0,000355
determined 1,347074 0,000345
developer 0,820981 0,000631
developers -0,009950 -0,000041
developing 0,673345 0,000172
development 0,083382 0,000085
device 0,891598 0,000914
devote 3,218876 0,000825
diagram 1,832581 0,000469
dictionary 0,673345 0,000172
diego 2,813411 0,000721
different 0,020203 0,000047
differs 1,560648 0,000800
digital 0,400478 0,000103
direct 0,597837 0,000153
directives 2,302585 0,001769
directly 0,415515 0,000213
directmedia 3,506558 0,000898
directx 3,912023 0,001002
disambiguation 1,049822 0,000269
disastrous 3,506558 0,000898
disclaimers -0,009950 -0,000003
discovered 1,514128 0,000388
discussions 1,897120 0,000486
disk 1,469676 0,000376
display 1,171183 0,000600
dispute 2,040221 0,001045
dissertation 2,525729 0,000647
distributed 0,478036 0,000367
distribution 0,634878 0,000163
diverse 1,771957 0,000454
diversity 2,302585 0,000590
djamal 3,506558 0,000898
dobb 2,813411 0,000721
document 0,673345 0,000517
documentation 0,867501 0,005555
documented 1,832581 0,000469
documents 1,078810 0,000276
doi 0,162519 0,000541
dollar 2,120264 0,000543
dom 1,560648 0,000400
donald 1,347074 0,000345
donate -0,009950 -0,000005
dos 1,714798 0,000878
dotsika 3,912023 0,001002
douglas 1,237874 0,000634
download -0,009950 -0,000003
drdobbs 3,912023 0,001002
driven 0,867501 0,000222
driver 1,771957 0,000454
due 0,261365 0,000067
dustdar 3,912023 0,001002
dynamically 1,714798 0,000439
each 0,072571 0,000093
early 0,301105 0,000231
ecommerce 2,995732 0,000767
economic 0,843970 0,000216
ecosystem 1,171183 0,000600
edit -0,009950 -0,000003
editcommunity -0,009950 -0,000003
edited -0,009950 -0,000003
eds 0,798508 0,000205
edsac 3,506558 0,000898
ehllapi 3,912023 0,001002
eichberg 3,912023 0,001002
either 0,248461 0,000127
electronic 0,634878 0,000163
element 1,021651 0,000262
elif 2,813411 0,000721
elsevier 1,203973 0,000308
elsewhere 2,040221 0,000523
embedded 0,867501 0,000444
emerge 2,995732 0,000767
emery 3,912023 0,001002
empirical 1,203973 0,001234
enable 0,798508 0,000205
enabling 0,941609 0,000241
encyclopedia -0,009950 -0,000003
end 0,261365 0,000201
endpoints 2,995732 0,001535
ends 1,966113 0,000504
engineering 0,198451 0,000457
english -0,009950 -0,000005
englishsloven 0,510826 0,000131
enough 0,843970 0,000216
enriched 3,218876 0,000825
enter 1,966113 0,000504
enterprise 0,510826 0,000262
entities 1,139434 0,000292
environment 0,478036 0,000122
era 1,427116 0,000366
error 0,713350 0,000183
errors 0,733969 0,000188
esber 3,912023 0,002004
espa 0,210721 0,000054
even 0,235722 0,000121
eventsrandom -0,009950 -0,000003
everybody 3,218876 0,000825
everything 1,309333 0,000335
everywhere 2,120264 0,001086
evidence 1,309333 0,000335
evolution 0,820981 0,000421
example 0,030459 0,000086
examples 0,328504 0,000252
exchange 0,693147 0,000178
executable 1,514128 0,000388
execute 1,514128 0,000388
executed 1,203973 0,000308
exercise 2,407946 0,000617
exokernel 2,995732 0,000767
expanded 1,203973 0,000925
expansion 1,386294 0,000355
expect 1,897120 0,000486
expected 0,693147 0,000178
explains 2,120264 0,000543
explicitly 0,916291 0,000235
export -0,009950 -0,000003
expose 2,302585 0,001769
exposes 2,525729 0,000647
exposing 2,525729 0,000647
extending 1,714798 0,000878
extensible 1,609438 0,000412
external 0,030459 0,000016
facilitate 1,714798 0,001318
facing 2,207275 0,000565
factor 0,867501 0,000222
fair 1,771957 0,002269
fall 1,139434 0,000584
far 0,867501 0,000222
fault 1,237874 0,000634
favor 1,347074 0,000345
favoritism 3,912023 0,001002
fayad 3,912023 0,001002
feasibility 2,525729 0,000647
features 0,371064 0,000190
february 0,061875 0,000127
fed 2,407946 0,000617
federal 1,386294 0,000710
feedback 1,309333 0,000335
feeling 3,218876 0,000825
fefie 3,912023 0,001002
fication 3,912023 0,001002
field 0,527633 0,000270
fielding 2,407946 0,001850
figueiredo 3,506558 0,000898
file 0,616186 0,000631
filepermanent -0,009950 -0,000003
files 0,843970 0,000432
filespecial -0,009950 -0,000003
filho 3,912023 0,001002
filing 2,995732 0,000767
financial 0,776529 0,000597
find 0,544727 0,000140
firms 1,514128 0,000776
first 0,020203 0,000010
fixed 0,494296 0,000127
flow 0,510826 0,000131
focused 1,078810 0,000276
following 0,210721 0,000054
forecasting 1,469676 0,000376
foreign 1,139434 0,000292
forensic 2,407946 0,000617
form 0,162519 0,000083
format 0,941609 0,000724
forms 0,562119 0,000144
forrester 3,506558 0,000898
fortran 1,560648 0,001199
forums 2,407946 0,000617
found 0,385662 0,000198
foundation -0,009950 -0,000005
fowler 2,659260 0,000681
framework 0,342490 0,000790
frameworks 1,108663 0,000852
fran 0,223144 0,000057
francisco 1,609438 0,000825
frank 1,309333 0,000335
free -0,009950 -0,000005
front 1,108663 0,000284
function 0,210721 0,000216
functional 0,733969 0,000376
functionalities 2,659260 0,000681
functions 0,356675 0,000183
fundamental 0,867501 0,000444
further 0,139262 0,000071
future 0,274437 0,000070
game 0,713350 0,000183
garlan 3,912023 0,001002
gates 2,407946 0,001850
gathering 2,120264 0,000543
geewax 3,912023 0,001002
general -0,009950 -0,000010
generally 0,287682 0,000074
generate 0,798508 0,000409
generation 0,867501 0,000222
generator 2,040221 0,000523
geographical 1,966113 0,000504
get 0,733969 0,000376
gillin 3,912023 0,001002
github 1,078810 0,000276
given 0,261365 0,000134
goal 0,713350 0,000183
google 0,579818 0,003119
gpus 2,813411 0,000721
granted 1,832581 0,000939
graphics 0,941609 0,001447
great 0,941609 0,000241
greatorex 3,912023 0,001002
greg 2,120264 0,000543
growing 0,891598 0,000228
guava 2,813411 0,001441
guerric 3,912023 0,001002
guide 0,356675 0,000183
guides 2,407946 0,000617
hal 2,040221 0,000523
handle 0,994252 0,000255
handling 0,798508 0,000205
hands 1,427116 0,000366
hao 2,659260 0,000681
happen 1,832581 0,000469
hardware 0,579818 0,000743
hausa 1,609438 0,000412
hauswirth 3,912023 0,001002
having 0,579818 0,000297
hcltech 3,506558 0,000898
hdl 1,049822 0,000269
hear 3,912023 0,001002
hearings 3,506558 0,000898
helplearn -0,009950 -0,000003
henning 3,912023 0,001002
henrique 3,912023 0,001002
herbsleb 3,912023 0,001002
here 0,301105 0,000077
hererelated -0,009950 -0,000003
hide -0,009950 -0,000013
hides 3,506558 0,000898
hiding 2,302585 0,001180
high 0,223144 0,000057
hire 2,659260 0,000681
historically 1,386294 0,000355
history -0,009950 -0,000018
hobbyist 2,995732 0,000767
hold 1,021651 0,000262
hood 2,525729 0,000647
hostnames 3,506558 0,000898
how 0,072571 0,000167
however 0,094311 0,000048
hrvatskiidoigbobahasa 3,912023 0,001002
http 1,021651 0,000523
https -0,009950 -0,000003
hybrid 1,171183 0,000300
hypertext 1,771957 0,000454
hyrum 3,506558 0,001796
idea 0,820981 0,001051
idiosyncrasies 3,912023 0,001002
ieee 0,634878 0,000813
ierusalimschy 3,912023 0,001002
iic 3,912023 0,001002
ijinfomgt 2,995732 0,000767
impact 0,597837 0,000153
implement 0,755023 0,000967
implementation 0,328504 0,000589
implementations 0,733969 0,000188
implemented 0,544727 0,000140
implementing 0,994252 0,000509
implications 1,347074 0,000690
important 0,287682 0,000147
improve 0,274437 0,000070
improving 1,171183 0,000300
ina 0,356675 0,000091
inasloven 0,616186 0,000158
inc -0,009950 -0,000023
include 0,061875 0,000048
included 0,400478 0,000205
including 0,040822 0,000042
incompatible 1,560648 0,000400
incorporate 1,560648 0,000400
incorporating 1,832581 0,000469
increase 0,544727 0,000279
independence 1,897120 0,000486
independent 0,713350 0,000183
index -0,009950 -0,000003
indonesiaitaliano 1,237874 0,000317
industry 0,527633 0,000135
infer 1,832581 0,000469
infoq 2,302585 0,000590
information 0,072571 0,000130
informationcite -0,009950 -0,000003
infrastructure 0,713350 0,000183
ing 2,995732 0,000767
initially 0,693147 0,000178
innovation 1,078810 0,000276
innovative 2,040221 0,000523
inode 2,813411 0,000721
inside 0,755023 0,000193
instance 0,510826 0,000262
institute 0,579818 0,000446
institution 1,660731 0,000425
instruction 1,560648 0,001199
instructional 3,912023 0,001002
instructs 3,506558 0,000898
integrate 1,560648 0,000800
integration 0,673345 0,000172
intended 0,494296 0,000380
intense 2,659260 0,000681
interact 1,514128 0,000388
interaction 0,967584 0,000248
interactions 1,714798 0,000878
interest 0,693147 0,000178
interface 0,616186 0,005998
interfaces 0,713350 0,002193
interfacestechnical 3,912023 0,001002
interfacing 2,659260 0,000681
interlocking 3,912023 0,001002
internal 0,634878 0,000650
international 0,139262 0,000178
internationalgndnationalunited 1,108663 0,000284
internet 0,462035 0,000710
interoperability 1,660731 0,000425
interrupt 2,525729 0,000647
interview 1,560648 0,001199
interviewed 2,813411 0,000721
intro 2,813411 0,000721
introduced 0,371064 0,000095
introduction 0,261365 0,000134
invented 1,427116 0,000731
inversion 2,659260 0,001362
invocation 2,813411 0,001441
invokes 3,506558 0,000898
involved 0,916291 0,000235
ipc 2,659260 0,000681
ira 2,995732 0,000767
irvine 3,218876 0,000825
isbn 0,051293 0,000250
ispolskiportugu 1,771957 0,000454
issn 0,478036 0,000122
item -0,009950 -0,000003
itself 0,342490 0,000351
jacobson 3,506558 0,000898
james 0,634878 0,000325
january 0,083382 0,000128
jason 1,771957 0,000454
java 0,891598 0,004568
javadoc 3,506558 0,000898
javascript 1,021651 0,000262
javaworld 3,506558 0,001796
jeff 1,560648 0,000400
jim 1,514128 0,000388
jin 2,813411 0,001441
job 1,203973 0,000308
joel 2,040221 0,000523
joined 1,966113 0,001007
joining 2,813411 0,000721
joint 1,171183 0,000600
joshua 1,897120 0,000972
journal 0,198451 0,000102
json 1,347074 0,001035
judge 2,207275 0,001131
july 0,127833 0,000327
jump -0,009950 -0,000003
june 0,094311 0,000048
jury 2,995732 0,000767
just 0,328504 0,000252
justia 3,912023 0,001002
keep 0,994252 0,000255
keeping 1,427116 0,000366
kernel 1,171183 0,000900
kernelarchitectures 2,995732 0,000767
kevin 1,386294 0,000355
key 0,356675 0,000091
kin 2,659260 0,000681
kinds 1,171183 0,000300
kiswahililatvie 3,912023 0,001002
kit 1,966113 0,000504
know 0,776529 0,000398
knowledge 0,616186 0,000631
known 0,127833 0,000131
lane 2,207275 0,000565
language 0,186330 0,000716
languages -0,009950 -0,000010
lanza 3,912023 0,001002
large 0,127833 0,000065
last -0,009950 -0,000003
latently 3,912023 0,001002
later 0,223144 0,000057
law 0,755023 0,000387
layer 0,867501 0,000222
lccn 2,407946 0,000617
learned 1,386294 0,000355
lecture 1,427116 0,000366
led 0,446287 0,000114
lee 0,994252 0,000509
left 0,916291 0,000235
legal -0,009950 -0,000005
lego 3,506558 0,000898
length 1,237874 0,000317
lessons 1,832581 0,000469
let 1,139434 0,000292
letter 1,237874 0,000317
level 0,116534 0,000030
lewine 3,912023 0,001002
lex 2,525729 0,000647
libraries 0,713350 0,001462
library 0,478036 0,001469
license -0,009950 -0,000003
liew 3,912023 0,001002
lii 3,912023 0,001002
like 0,072571 0,000112
limitations 1,139434 0,000292
lin 1,660731 0,000425
linkpage -0,009950 -0,000003
links -0,009950 -0,000010
linux 0,916291 0,000939
list 0,083382 0,000043
live 1,203973 0,000617
llc 1,714798 0,001318
lnorsk 0,653926 0,000168
loadable 2,813411 0,000721
loader 2,407946 0,000617
local 0,415515 0,000213
locally 1,609438 0,000825
located 1,660731 0,000851
locations 1,078810 0,000276
log -0,009950 -0,000005
long 0,287682 0,000074
lotus 2,120264 0,000543
love 2,659260 0,000681
lsb 3,506558 0,000898
lua 1,897120 0,000486
luca 2,659260 0,000681
luis 2,659260 0,000681
luiz 3,506558 0,000898
lulu 2,995732 0,000767
lux 0,371064 0,000095
lyft 3,912023 0,001002
maalej 3,912023 0,001002
mac 1,272966 0,000326
machine 0,083382 0,000085
machinery 1,203973 0,000925
machines 0,776529 0,000199
macintosh 2,813411 0,001441
made 0,186330 0,000048
magazine 0,776529 0,000199
magyar 1,049822 0,000269
main -0,009950 -0,000018
maintain 0,941609 0,000241
maintaining 1,171183 0,000300
maintenance 0,843970 0,000216
major 0,314711 0,000081
make 0,235722 0,000121
makes 0,415515 0,000213
malamud 3,912023 0,002004
management 0,139262 0,000107
managementconcepts 2,995732 0,000767
mangling 3,912023 0,001002
manipulate 1,469676 0,000753
manipulation 0,994252 0,000255
manner 1,469676 0,000376
manning 2,040221 0,000523
manshreck 3,912023 0,001002
many 0,061875 0,000063
manzi 3,912023 0,001002
mapping 1,237874 0,000317
marcel 3,218876 0,000825
march 0,116534 0,000060
mark 0,462035 0,000118
marked 1,139434 0,000292
markup 2,040221 0,000523
martin 0,891598 0,001599
mary 1,514128 0,000388
mashable 2,525729 0,000647
mashup 2,525729 0,000647
mashups 3,506558 0,001796
mastrangelo 3,912023 0,001002
matter 1,386294 0,000355
matthias 2,525729 0,001294
maurice 2,525729 0,000647
maury 3,912023 0,001002
mdp 2,995732 0,000767
meaning 0,544727 0,000419
means 0,198451 0,000051
meanwhile 2,207275 0,000565
measuring 1,609438 0,000825
mechanism 0,733969 0,000188
media 0,139262 0,000250
mediated 2,525729 0,000647
meet 0,867501 0,000222
meets 1,966113 0,000504
melayu 0,820981 0,000210
members 0,755023 0,000193
membership 1,832581 0,000469
memory 0,579818 0,000743
mendez 3,912023 0,001002
menu -0,009950 -0,000005
message 0,478036 0,000245
messages 1,078810 0,000553
metadata 1,347074 0,000690
metaphorically 3,506558 0,000898
method 0,210721 0,000270
methods 0,274437 0,000281
mezini 3,912023 0,002004
mic 3,218876 0,000825
michael 0,400478 0,000103
michele 2,207275 0,000565
michi 3,912023 0,001002
michigan 2,302585 0,000590
microkernel 2,407946 0,000617
microservices 2,407946 0,000617
microsoft 0,579818 0,001634
microsystems 1,966113 0,000504
million 0,916291 0,000235
mined 2,525729 0,000647
mingshu 3,912023 0,001002
mining 1,021651 0,000523
mira 3,912023 0,002004
moat 3,506558 0,000898
mobile -0,009950 -0,000005
mocci 3,912023 0,001002
mode 0,891598 0,000228
model 0,162519 0,000042
modern 0,314711 0,000161
modification 1,560648 0,000800
modified 1,203973 0,000308
modular 1,560648 0,000800
module 1,049822 0,000269
modules 1,347074 0,001380
mohamed 2,207275 0,000565
monolithic 2,813411 0,000721
monperrus 3,912023 0,003006
more 0,010050 0,000013
moreover 1,560648 0,000400
most 0,040822 0,000031
move -0,009950 -0,000010
movement 1,427116 0,000366
moving 0,776529 0,000199
msr 3,912023 0,002004
much 0,400478 0,000308
multi 0,342490 0,000088
multikernel 2,995732 0,000767
multilevel 2,659260 0,000681
multiple 0,116534 0,000090
multiprocessing 1,832581 0,000469
multitasking 2,207275 0,000565
mutually 2,207275 0,000565
name 0,342490 0,000175
nasa 1,897120 0,000486
nathaniel 2,207275 0,000565
national 0,562119 0,000144
natural 0,733969 0,000188
navigation -0,009950 -0,000003
nbs 3,912023 0,001002
nederlands 0,415515 0,000106
need 0,248461 0,000127
needed 0,210721 0,000054
needs 0,415515 0,000213
network 0,210721 0,000486
networks 0,446287 0,000229
neutral 2,040221 0,000523
new 0,010050 0,000021
newer 1,309333 0,000335
next 0,400478 0,000103
niccolai 2,995732 0,000767
nick 1,469676 0,000376
non -0,009950 -0,000003
none 1,609438 0,000412
nordfriisknorsk 1,714798 0,000439
normal 1,139434 0,000292
nostrand 3,506558 0,000898
not 0,000000 0,000000
notation 1,203973 0,000308
note 0,776529 0,000199
noted 1,171183 0,000300
notes 0,415515 0,000213
novell 2,813411 0,000721
november 0,150823 0,000155
now 0,274437 0,000070
null 1,347074 0,000345
number 0,051293 0,000039
nynorsko 2,659260 0,000681
nystrom 3,912023 0,001002
object 0,544727 0,002232
objects 0,544727 0,000279
observable 3,912023 0,001002
observation 2,040221 0,000523
observed 1,469676 0,000376
observing 2,207275 0,000565
oclc 0,891598 0,000685
oct 2,302585 0,000590
october 0,139262 0,000107
odbc 2,813411 0,000721
odersky 3,912023 0,001002
offering 0,994252 0,000255
offers 0,755023 0,000580
often 0,127833 0,000164
older 1,237874 0,000634
oldid -0,009950 -0,000003
olesperantoeuskara 0,510826 0,000131
omitted 1,832581 0,000469
ondrejka 3,912023 0,001002
one 0,010050 0,000023
ones 1,309333 0,000335
online 0,415515 0,000213
only 0,051293 0,000105
ontology 2,040221 0,000523
open 0,235722 0,000302
openal 3,912023 0,001002
opencl 3,506558 0,000898
opengl 3,218876 0,000825
openjdk 2,813411 0,000721
openmp 3,506558 0,000898
opens 1,897120 0,000486
operate 1,049822 0,000269
operating 0,462035 0,002249
opinion 1,560648 0,000400
opinionated 3,912023 0,001002
opportunistic 2,813411 0,000721
oracle 1,108663 0,005396
oral 2,995732 0,000767
order 0,094311 0,000024
ordering 1,897120 0,000486
org -0,009950 -0,000010
organization -0,009950 -0,000005
organizations 0,798508 0,000205
organized 1,469676 0,000376
oriented 0,798508 0,001841
origin 1,108663 0,000284
original 0,030459 0,000055
originated 1,771957 0,000454
other -0,009950 -0,000025
others 0,314711 0,000081
out 0,261365 0,000268
outlined 2,813411 0,000721
outside 0,798508 0,000205
over 0,094311 0,000121
overall 0,967584 0,000248
overlap 1,832581 0,000469
overrule 3,506558 0,000898
overturned 3,506558 0,000898
own 0,371064 0,000095
owns 2,207275 0,000565
oxford 0,843970 0,000432
packt 2,120264 0,000543
page -0,009950 -0,000003
pagecontentscurrent -0,009950 -0,000003
pageget -0,009950 -0,000003
pages -0,009950 -0,000003
pagesall 3,506558 0,000898
paging 2,995732 0,000767
pair 1,714798 0,000439
pandemic 2,120264 0,000543
paper 0,713350 0,000731
parameters 1,021651 0,000523
parnas 3,218876 0,000825
parnin 3,912023 0,001002
parr 3,912023 0,001002
parsing 1,714798 0,000439
part 0,127833 0,000295
participating 2,040221 0,000523
particular 0,301105 0,000231
particularly 0,597837 0,000153
parties 1,021651 0,000262
partition 1,660731 0,000425
partner 2,659260 0,002725
partners 2,302585 0,000590
parts 0,544727 0,001116
party 0,798508 0,000205
patent 1,609438 0,000412
path 0,994252 0,000255
patterns 0,776529 0,000398
paul 0,544727 0,000140
pdf 0,139262 0,000321
pdfprintable -0,009950 -0,000003
pedro 2,120264 0,000543
people 0,356675 0,000091
performance 0,261365 0,000134
performing 1,272966 0,000326
permission 1,897120 0,000972
person 1,021651 0,000523
personal -0,009950 -0,000003
petitioner 3,912023 0,001002
phd 2,040221 0,000523
php -0,009950 -0,000005
piece 1,714798 0,000439
pieces 1,966113 0,001007
piemont 1,427116 0,000366
place 0,597837 0,000306
platform 0,527633 0,000676
platforms 0,776529 0,000597
plugged 3,506558 0,000898
plugin 2,302585 0,000590
policies 1,237874 0,001268
policy -0,009950 -0,000008
ponzanelli 3,912023 0,001002
portalrecent -0,009950 -0,000003
portion 1,832581 0,000939
posix 2,407946 0,003701
possible 0,287682 0,000221
posted 2,407946 0,000617
postman 3,506558 0,000898
potentially 0,755023 0,000193
practical 0,634878 0,000163
predictable 2,302585 0,000590
preemptive 2,407946 0,001234
preface 2,525729 0,000647
preparation 1,897120 0,000486
prescribes 3,912023 0,001002
presented 1,139434 0,000876
press 0,210721 0,000108
primarily 0,653926 0,000168
principle 1,078810 0,000276
print -0,009950 -0,000003
priority 1,897120 0,000486
privacy -0,009950 -0,000005
private 0,693147 0,000355
procedural 2,040221 0,000523
procedure 1,386294 0,000710
proceedings 0,597837 0,000766
process 0,116534 0,000119
product 0,579818 0,000297
products 0,579818 0,000149
professionals 1,427116 0,000366
profit -0,009950 -0,000003
program 0,328504 0,000673
programmableweb 3,912023 0,001002
programmer 1,386294 0,003196
programmers 1,347074 0,000345
programming 0,446287 0,003201
programs 0,494296 0,001140
project 0,314711 0,000081
projects -0,009950 -0,000003
promise 1,427116 0,000366
promote 1,609438 0,000412
proposed 0,713350 0,000365
proposing 2,659260 0,000681
proprietary 1,171183 0,000300
protected 0,776529 0,000199
protection 0,994252 0,001783
protocol 0,713350 0,001096
protocols 0,967584 0,000248
provide 0,174353 0,000223
provider 1,966113 0,001007
providers 1,514128 0,000388
provides 0,261365 0,000268
providing 0,673345 0,000172
proxies 2,659260 0,000681
proxy 1,832581 0,000939
public 0,248461 0,000764
publication 1,203973 0,000308
publicly 1,309333 0,000335
published 0,328504 0,000168
publishing 0,446287 0,000114
punched 2,813411 0,000721
purpose 0,356675 0,000365
purposes 0,798508 0,000205
pushing 2,659260 0,000681
pxe 2,995732 0,000767
pydoc 3,506558 0,000898
python 0,916291 0,000235
qcon 3,912023 0,001002
qualify 2,659260 0,000681
quality 0,673345 0,000172
query 1,427116 0,000731
question 0,941609 0,000241
queue 1,771957 0,000454
raml 3,912023 0,001002
randall 2,813411 0,000721
rate 0,755023 0,000193
rates 1,272966 0,000326
rather 0,287682 0,000147
rationales 3,506558 0,000898
rbaycanca 0,248461 0,000064
rdf 2,120264 0,000543
read 0,843970 0,000216
readable 1,469676 0,000376
reading 0,342490 0,000175
readview 1,309333 0,000671
real 0,210721 0,000108
recast 3,912023 0,001002
received 1,078810 0,000276
recent 0,693147 0,000178
recipe 3,218876 0,000825
recorded 1,237874 0,000317
reddy 2,659260 0,000681
redirects 1,078810 0,000276
refer 0,867501 0,000444
reference 0,478036 0,000367
references 0,020203 0,000010
referred 0,446287 0,000114
reflected 1,609438 0,000412
regardless 1,272966 0,000326
registered -0,009950 -0,000003
reilly 1,078810 0,001382
reimplementation 3,506558 0,000898
reinhold 3,912023 0,001002
related 0,051293 0,000026
relational 1,714798 0,001318
release 0,579818 0,000594
releases 1,347074 0,000345
releasing 2,207275 0,000565
rely 1,139434 0,000292
remains 1,237874 0,000317
remote 0,843970 0,002810
remotely 2,040221 0,000523
remoting 3,506558 0,000898
removed 0,693147 0,000355
replaced 1,237874 0,000317
reply 3,218876 0,000825
report 0,462035 0,000473
reportedly 2,659260 0,000681
repositories 2,120264 0,000543
representational 2,407946 0,001234
represents 0,891598 0,000457
reproduce 2,995732 0,000767
request 1,203973 0,000617
requests 1,237874 0,000317
required 0,274437 0,000141
rescinded 3,912023 0,001002
research 0,261365 0,000134
resellers 3,506558 0,000898
resource 0,733969 0,000564
resources 0,314711 0,000242
response 0,755023 0,000387
rest 1,108663 0,001136
restful 3,218876 0,001649
restrictions 1,309333 0,000335
result 0,371064 0,000190
retrieved -0,009950 -0,000112
return 0,820981 0,000210
reuse 2,525729 0,000647
revenue 1,609438 0,000412
review 0,385662 0,000198
revival 3,506558 0,000898
revolves 3,218876 0,000825
rewrite 2,207275 0,000565
rich 1,347074 0,000345
richard 0,733969 0,000188
rides 3,912023 0,001002
ring 2,207275 0,000565
rise 0,967584 0,000248
risk 0,597837 0,000153
rmi 3,506558 0,000898
roa 2,813411 0,000721
roberto 1,897120 0,000486
robillard 3,912023 0,001002
robin 1,714798 0,000439
role 0,634878 0,000163
rosenblatt 2,407946 0,000617
round 1,714798 0,000439
routines 2,525729 0,000647
roy 1,966113 0,001007
ruled 2,407946 0,000617
rules 0,616186 0,000158
ruling 2,813411 0,002162
rulings 3,506558 0,000898
rump 2,407946 0,000617
run 0,446287 0,000229
runa 0,916291 0,000235
rustin 3,912023 0,001002
safe 0,994252 0,000255
safety -0,009950 -0,000003
sahni 2,995732 0,001535
said 0,755023 0,000580
same 0,116534 0,000090
san 1,272966 0,000652
sapi 3,506558 0,000898
saurabh 2,995732 0,001535
saw 1,832581 0,000469
says 1,309333 0,000335
scala 2,040221 0,001568
scale 0,494296 0,000127
scaling 1,609438 0,000412
scam 2,207275 0,001131
scenarios 1,514128 0,000388
schahram 3,912023 0,001002
schedulingalgorithms 2,995732 0,000767
school 1,078810 0,000276
science 0,287682 0,000221
scientists 1,660731 0,000425
screenshot 2,525729 0,000647
scsi 3,506558 0,000898
sdk 2,407946 0,000617
sdl 2,659260 0,000681
search -0,009950 -0,000015
sebastopol 2,207275 0,000565
sector 1,386294 0,000355
see -0,009950 -0,000010
segmentation 2,207275 0,000565
semantic 1,272966 0,001630
semi 0,843970 0,000216
seminar 3,506558 0,000898
sensor 1,514128 0,001551
separately 1,660731 0,000425
separation 1,560648 0,000400
september 0,150823 0,000193
server 0,653926 0,000168
service 0,314711 0,000887
services 0,400478 0,001436
serving 2,302585 0,000590
set 0,083382 0,000150
seth 1,832581 0,000469
setting 1,171183 0,000300
several 0,094311 0,000072
shaffer 3,912023 0,001002
shape 1,514128 0,000388
share 0,616186 0,000316
sharealike -0,009950 -0,000003
shared 0,755023 0,000387
sharing 0,967584 0,000496
shaw 2,525729 0,000647
shell 1,237874 0,000317
sheth 3,506558 0,000898
shevat 3,912023 0,002004
shi 2,995732 0,000767
shipper 3,218876 0,000825
shipping 1,832581 0,001408
short -0,009950 -0,000003
shortened -0,009950 -0,000003
shortest 2,407946 0,000617
show 0,867501 0,000222
showcasing 3,912023 0,001002
shown 1,237874 0,000317
shqipsimple 1,203973 0,000308
sidebar -0,009950 -0,000010
sides 2,659260 0,000681
sigmod 2,407946 0,001234
signals 1,203973 0,000308
significant 0,328504 0,000168
sigplan 2,525729 0,000647
simi 0,755023 0,000193
similar 0,186330 0,000095
simple 0,150823 0,000116
simplifies 2,120264 0,000543
simply 0,733969 0,000376
single 0,127833 0,000033
sintes 3,912023 0,001002
site -0,009950 -0,000005
situation 1,272966 0,000326
sla 3,506558 0,000898
small 0,314711 0,000161
smaller 0,994252 0,000255
smart 1,078810 0,000276
smashing 3,218876 0,000825
snippets 3,912023 0,001002
soa 2,813411 0,000721
soap 2,207275 0,000565
social 0,527633 0,000405
software 0,127833 0,001572
somebody 3,218876 0,000825
sometimes 0,301105 0,000154
soon 1,427116 0,000366
sound 1,560648 0,000400
source 0,186330 0,000143
sourceview 1,309333 0,000671
space 0,478036 0,000367
sparc 2,525729 0,000647
special 0,494296 0,000253
specific 0,094311 0,000072
specification 0,941609 0,001688
specifications 1,237874 0,000317
specifies 1,714798 0,000439
specify 1,272966 0,000652
speech 1,469676 0,000376
spoon 3,912023 0,001002
spread 1,309333 0,000335
srom 1,609438 0,000412
srpskisrpskohrvatski 0,510826 0,000131
stability 1,609438 0,000412
stable 0,867501 0,000444
standard 0,198451 0,000203
standardization 1,309333 0,000335
standards 0,462035 0,000592
state 0,235722 0,000181
statement -0,009950 -0,000003
states 0,385662 0,000296
statesfrancebnf 0,510826 0,000131
statistics -0,009950 -0,000003
stats 2,120264 0,000543
status 0,693147 0,000178
steve 1,078810 0,000276
steven 0,916291 0,000235
still 0,342490 0,000088
storage 0,430783 0,000110
stored 0,733969 0,000188
stoughton 3,912023 0,001002
strategy 0,891598 0,000457
stream 1,139434 0,000292
strong 0,776529 0,000199
structure 0,314711 0,000161
structures 0,673345 0,000345
studies 0,673345 0,000172
study 0,510826 0,000262
style 0,994252 0,000255
styles 2,302585 0,001180
subclassing 3,912023 0,001002
subject 0,527633 0,000135
subroutine 3,218876 0,002474
subroutines 3,506558 0,001796
subscription 2,120264 0,000543
subsection 0,020203 0,000010
success 1,171183 0,000300
successful 0,843970 0,000216
such 0,000000 0,000000
sued 2,407946 0,000617
sufficient 1,309333 0,000335
sufficiently 2,120264 0,000543
suffix 2,813411 0,000721
sun 1,237874 0,000317
suomisvenskatagalog 1,171183 0,000300
supercomputer 2,525729 0,000647
support 0,198451 0,000102
supported 0,634878 0,000488
supporting 0,843970 0,000216
supports 0,867501 0,000222
supreme 2,813411 0,004324
susan 2,120264 0,000543
swig 3,912023 0,001002
switch 1,514128 0,000388
symbols 1,560648 0,000400
synonymous 2,995732 0,000767
system 0,030459 0,000179
systems 0,061875 0,000190
systemsgeneral 2,813411 0,000721
table -0,009950 -0,000008
taina 3,912023 0,001002
takanashi 3,912023 0,001002
take 0,527633 0,000270
taking 0,967584 0,000248
talk 1,203973 0,000308
tao 2,407946 0,000617
tape 2,040221 0,001045
targeted 1,714798 0,000439
targeting 1,897120 0,000486
task 0,776529 0,000199
tasks 0,798508 0,000205
tate 3,218876 0,001649
technica 1,347074 0,000690
techniques 0,544727 0,000279
technologic 3,912023 0,001002
technologies 0,562119 0,000288
technologist 3,218876 0,000825
technology 0,186330 0,000095
tekes 3,912023 0,001002
templates 2,659260 0,000681
tend 1,386294 0,000355
tends 1,966113 0,000504
term 0,223144 0,000915
terms -0,009950 -0,000005
ternay 3,912023 0,001002
testing 0,616186 0,000158
text -0,009950 -0,000005
textise 3,912023 0,001002
tgdaily 3,912023 0,001002
than 0,072571 0,000130
that 0,000000 0,000000
themselves 0,843970 0,000216
then 0,116534 0,000030
theory 0,400478 0,000103
there 0,051293 0,000026
thereby 1,309333 0,000335
therefore 0,478036 0,000245
these 0,040822 0,000063
third 0,356675 0,000091
this -0,009950 -0,000054
those 0,235722 0,000242
though 0,544727 0,000279
thread 1,897120 0,000972
throughout 1,078810 0,000276
thus 0,328504 0,000168
tim 0,867501 0,000222
time 0,010050 0,000015
timeline 0,776529 0,000199
timevague 2,040221 0,000523
timothy 1,714798 0,000439
tinadanskdeutscheesti 1,309333 0,000335
title -0,009950 -0,000003
titus 3,506558 0,000898
today 0,693147 0,000355
together 0,579818 0,000446
toggle -0,009950 -0,000010
tokens 1,897120 0,000486
told 2,407946 0,000617
tom 1,203973 0,000308
tony 1,714798 0,000439
took 1,237874 0,000317
tools -0,009950 -0,000020
top -0,009950 -0,000003
topic -0,009950 -0,000003
toward 1,108663 0,000284
towards 1,203973 0,000617
toys 2,995732 0,000767
trademark -0,009950 -0,000003
traditional 0,544727 0,000279
traditionally 1,897120 0,000486
transactions 0,713350 0,000183
transfer 0,693147 0,000533
transition 1,427116 0,000366
transmitted 1,514128 0,000388
treated 1,514128 0,000388
trend 1,237874 0,000951
trends 1,021651 0,000523
treude 3,912023 0,001002
trial 1,660731 0,000425
tse 2,995732 0,000767
tutorials 1,966113 0,000504
twitter 1,660731 0,002127
two 0,083382 0,000043
type 0,150823 0,000116
types 0,198451 0,000407
typical 1,139434 0,000584
typically 0,223144 0,000114
uber 2,995732 0,000767
ulietuvi 1,049822 0,000269
unclear 2,207275 0,000565
under -0,009950 -0,000005
understand 1,139434 0,000292
understood 1,469676 0,000376
unikernel 2,813411 0,000721
united 0,527633 0,000270
univac 3,506558 0,000898
university 0,186330 0,000095
unix 1,469676 0,000376
unlike 0,798508 0,000409
unresolved 3,218876 0,000825
unsafe 2,120264 0,000543
unstable 2,525729 0,001294
until 0,510826 0,000262
update 0,527633 0,000135
updated 0,867501 0,000444
upon 0,673345 0,000345
uri 2,040221 0,000523
url 1,237874 0,000634
urldownload -0,009950 -0,000003
usability 1,966113 0,001007
usage 0,597837 0,000613
usages 3,218876 0,001649
usb 2,302585 0,000590
use -0,009950 -0,000071
used -0,009950 -0,000033
useful 0,634878 0,000325
usenix 1,966113 0,000504
user 0,328504 0,000841
users 0,478036 0,000612
uses 0,094311 0,000072
using -0,009950 -0,000018
usually 0,223144 0,000171
utc -0,009950 -0,000003
utility 1,560648 0,000400
vague 1,714798 0,000439
validations 3,912023 0,001002
value 0,301105 0,000077
van 0,891598 0,000228
variants 1,427116 0,000366
variety 0,653926 0,000168
vary 1,049822 0,000269
vehicle 1,609438 0,000412
vendor 1,469676 0,000376
vendors 1,514128 0,000388
venners 2,995732 0,000767
venture 1,832581 0,000469
version -0,009950 -0,000008
versions 0,579818 0,000297
via 0,186330 0,000095
victory 2,995732 0,000767
view -0,009950 -0,000003
vinoski 3,912023 0,001002
violation 1,966113 0,000504
virtual 0,527633 0,000541
virtually 2,120264 0,000543
visible 1,309333 0,000335
vkernel 2,525729 0,000647
vkimber 3,912023 0,001002
vol 0,616186 0,000947
vowed 3,506558 0,000898
voxility 3,912023 0,001002
vteoperating 2,813411 0,000721
waldemar 3,506558 0,000898
waleed 3,912023 0,001002
wanted 1,714798 0,000439
washington 1,049822 0,000269
way 0,198451 0,000203
ways 0,446287 0,000343
weather 1,966113 0,003525
web 0,342490 0,003070
website 0,634878 0,000163
websites 1,203973 0,000308
week 1,514128 0,000388
weissbrot 3,912023 0,001002
well 0,051293 0,000066
wesley 1,078810 0,000276
west 1,560648 0,000400
what -0,009950 -0,000025
wheeler 2,813411 0,002883
when 0,030459 0,000078
whether 0,400478 0,000103
which 0,000000 0,000000
while 0,051293 0,000079
who 0,301105 0,000309
widely 0,342490 0,000175
widespread 0,994252 0,000509
wikidatawikipedia 0,967584 0,000248
wikimedia -0,009950 -0,000005
wikipedia -0,009950 -0,000018
wikipediacontact -0,009950 -0,000003
wild 2,525729 0,000647
wilkes 3,506558 0,003593
william 0,713350 0,000183
wilson 1,469676 0,000376
win 2,040221 0,000523
windows 1,021651 0,001832
wins 2,407946 0,000617
winters 3,218876 0,000825
wire 1,966113 0,000504
wired 1,237874 0,000317
within 0,116534 0,000060
without 0,094311 0,000048
witnessed 3,218876 0,000825
won 1,469676 0,000376
woods 2,659260 0,000681
words 0,916291 0,000469
work 0,127833 0,000033
worked 1,609438 0,000412
working 0,478036 0,000245
works 0,693147 0,000355
workshop 1,469676 0,001506
world 0,139262 0,000036
worldwide 1,108663 0,000284
wright 1,714798 0,000439
writer 1,714798 0,000439
writers 2,813411 0,000721
writing 0,891598 0,000228
writings 2,813411 0,000721
written 0,287682 0,000442
www 0,356675 0,000183
xie 2,813411 0,000721
xml 1,203973 0,000925
xpcom 3,506558 0,000898
xxi 3,912023 0,003006
yielding 2,659260 0,000681
york 0,371064 0,000190
zbekcha 0,462035 0,000118
zell 3,912023 0,001002
zhong 2,813411 0,000721
