abl 0,733969 0,000910
access 0,127833 0,000238
accord 0,287682 0,000178
account -0,009950 -0,000012
action -0,009950 -0,000006
activex 2,659260 0,001648
ad 0,223144 0,000138
add -0,009950 -0,000006
addit -0,009950 -0,000006
address 0,342490 0,000424
adher 1,660731 0,002058
adopt 0,415515 0,000515
advanc 0,235722 0,000146
affect 0,693147 0,000859
agent 0,733969 0,000910
agre -0,009950 -0,000012
ai 1,272966 0,000789
ajax 1,832581 0,001135
ajp 2,995732 0,001856
alarcon 3,912023 0,002424
algermissen 3,912023 0,002424
all 0,000000 0,000000
allow 0,061875 0,000038
along 0,462035 0,000286
also -0,009950 -0,000031
although 0,287682 0,000178
among 0,356675 0,000221
amp -0,009950 -0,000018
analog 1,021651 0,000633
anarch 2,995732 0,001856
ani 0,083382 0,000207
apach 1,386294 0,000859
api 0,798508 0,006432
apiswhatwg 2,995732 0,001856
appear -0,009950 -0,000012
appli -0,009950 -0,000018
applic 0,030459 0,000321
approach 0,174353 0,000108
april 0,072571 0,000090
architectur 0,400478 0,012158
architectureweb 3,912023 0,002424
archiv 0,040822 0,000253
articleabout -0,009950 -0,000006
articletalk -0,009950 -0,000006
asapi 2,995732 0,001856
asgi 2,813411 0,001743
asp 2,040221 0,002528
aspect 0,616186 0,000382
assign 0,798508 0,000495
associ 0,127833 0,000079
attach 1,514128 0,000938
attribut -0,009950 -0,000006
audio 0,891598 0,000552
author 0,040822 0,000051
avail -0,009950 -0,000025
backend 2,120264 0,001314
bahasa 0,186330 0,000115
balasubramanian 3,506558 0,002173
barrier 1,660731 0,002058
base 0,010050 0,000081
basi 0,820981 0,000509
becaus 0,127833 0,000079
becom 0,274437 0,000510
beforehand 2,995732 0,001856
began 0,634878 0,000393
behav 1,427116 0,000884
behaviour 1,832581 0,001135
benjamin 1,386294 0,000859
best 0,462035 0,000286
bho 2,995732 0,001856
big 0,673345 0,000417
bokm 0,127833 0,000079
bottleneck 2,995732 0,001856
browser 1,021651 0,001266
build 0,274437 0,000340
cach 1,386294 0,003436
cacheabl 3,506558 0,002173
california 1,021651 0,003165
cannot 0,314711 0,000195
canva 2,525729 0,001565
carlyl 3,912023 0,002424
catal 0,094311 0,000058
categori -0,009950 -0,000012
categoris 3,506558 0,002173
central 0,478036 0,000296
cesar 2,995732 0,005568
cgi 2,525729 0,001565
chang 0,051293 0,000127
changesupload -0,009950 -0,000012
chapter 0,891598 0,002210
cid 0,356675 0,000221
cite 0,597837 0,000370
classif 1,021651 0,002532
classifi 0,967584 0,000599
clean 1,714798 0,001062
cli 2,040221 0,001264
client 0,713350 0,008398
cloud 0,733969 0,000455
code -0,009950 -0,000031
collect 0,274437 0,000170
com 0,150823 0,000467
common -0,009950 -0,000006
commonli 0,342490 0,000212
commun 0,139262 0,000259
comparison 0,371064 0,000230
compon 0,261365 0,001457
comput 0,020203 0,000050
concept 0,198451 0,000369
conceptu 1,469676 0,000911
concern 0,597837 0,000370
conduct -0,009950 -0,000006
confer 0,274437 0,000510
connect 0,430783 0,000267
connector 3,218876 0,001994
consequ 0,891598 0,000552
consid 0,274437 0,000340
constraint 1,139434 0,011296
consum 0,653926 0,000405
contact -0,009950 -0,000012
contain 0,162519 0,000403
content -0,009950 -0,000043
contribut -0,009950 -0,000006
control 0,020203 0,000013
cooki -0,009950 -0,000012
cor 2,995732 0,001856
couldri 3,218876 0,001994
coupl 1,514128 0,002814
creat -0,009950 -0,000062
creation 0,653926 0,000405
creativ -0,009950 -0,000006
cross 0,562119 0,000348
current 0,210721 0,000261
custom 0,544727 0,000338
dap 3,506558 0,002173
data 0,030459 0,000113
databas 0,072571 0,000135
decemb 0,061875 0,000038
decoupl 2,813411 0,003486
defin 0,116534 0,000433
definit 0,186330 0,000115
delet 1,139434 0,000706
deliveri 1,309333 0,000811
demand 0,820981 0,000509
deploy 1,049822 0,001301
describ 0,174353 0,000324
descript -0,009950 -0,000037
descriptionshort 0,000000 0,000000
design 0,040822 0,000405
desir 0,941609 0,000583
develop -0,009950 -0,000031
devic 0,634878 0,000393
dhtml 2,302585 0,001427
digit 0,400478 0,000248
directli 0,415515 0,000257
disambigu 1,049822 0,000650
disclaim -0,009950 -0,000006
discov 1,108663 0,001374
discuss 0,494296 0,000306
dissert 2,525729 0,003130
distribut 0,198451 0,000123
doctor 1,832581 0,001135
document 0,328504 0,000204
doi 0,162519 0,000101
dom 1,560648 0,001934
domain 0,544727 0,000338
domin 1,021651 0,000633
donat -0,009950 -0,000012
download -0,009950 -0,000006
driven 0,867501 0,000537
due 0,261365 0,000162
dynam 0,342490 0,000424
each 0,072571 0,000090
ecosystem 1,108663 0,000687
edit -0,009950 -0,000012
editcommun -0,009950 -0,000006
effici 0,287682 0,000178
electron 0,430783 0,000267
em 1,966113 0,001218
embed 0,755023 0,000468
emphas 1,347074 0,000835
emploi 0,673345 0,000417
enabl 0,274437 0,000340
encapsul 2,120264 0,001314
encrypt 1,139434 0,000706
encyclopedia -0,009950 -0,000006
end 0,186330 0,000115
enforc 0,916291 0,000568
engin 0,061875 0,000038
english -0,009950 -0,000006
englishsuomisvenska 3,912023 0,002424
enough 0,843970 0,001046
enter 1,049822 0,000650
enterpris 0,446287 0,000277
entiti 0,843970 0,000523
entri 1,203973 0,001492
erik 1,832581 0,001135
erl 2,995732 0,001856
evalu 0,562119 0,000697
even 0,235722 0,000292
event 0,356675 0,000221
eventsrandom -0,009950 -0,000006
everi 0,261365 0,000162
everydai 1,832581 0,001135
evolv 1,078810 0,000668
exampl 0,020203 0,000038
execut 0,356675 0,000221
exist 0,186330 0,000462
experi 0,510826 0,000316
experiment 0,916291 0,000568
export -0,009950 -0,000006
express 0,544727 0,000338
extend 0,385662 0,000239
extens 0,342490 0,000849
facilit 0,916291 0,000568
factor 0,544727 0,000338
failur 1,021651 0,001266
fcgi 2,995732 0,001856
featur 0,210721 0,000261
ferreira 2,995732 0,001856
field 0,314711 0,002535
file 0,446287 0,000277
fileperman -0,009950 -0,000006
filespeci -0,009950 -0,000006
first 0,020203 0,000013
follow 0,072571 0,000135
formal 0,510826 0,000949
formerli 1,309333 0,000811
formul 1,714798 0,001062
foundat -0,009950 -0,000006
four 0,820981 0,000509
fowler 2,659260 0,001648
fragment 1,897120 0,001175
framework 0,287682 0,000178
fran 0,223144 0,000138
frank 1,203973 0,001492
free -0,009950 -0,000006
frontend 2,407946 0,001492
function 0,030459 0,000038
fundament 0,478036 0,000296
further 0,139262 0,000173
gain 0,616186 0,000382
gbiv 3,912023 0,002424
gear 1,771957 0,001098
gener -0,009950 -0,000012
geoloc 2,525729 0,001565
global 0,446287 0,000277
glori 3,506558 0,002173
grain 1,966113 0,001218
graphql 2,659260 0,001648
group 0,186330 0,000231
guid 0,287682 0,000356
gupta 2,302585 0,001427
hall 0,653926 0,000405
handler 2,207275 0,001368
hard 1,049822 0,000650
hateoa 3,912023 0,004848
help 0,174353 0,000108
helplearn -0,009950 -0,000006
hererel -0,009950 -0,000006
hide -0,009950 -0,000025
histori -0,009950 -0,000025
hold 0,579818 0,000359
home 0,616186 0,000382
how 0,072571 0,000090
html 1,078810 0,002005
http -0,009950 -0,000062
human 0,527633 0,000327
hydrat 2,525729 0,001565
hyperlink 2,040221 0,001264
hypermedia 2,995732 0,005568
hypertext 1,771957 0,001098
iadi 3,218876 0,001994
iana 2,995732 0,001856
icw 3,506558 0,002173
identif 1,139434 0,000706
identifi 0,356675 0,002652
idl 2,302585 0,001427
ieee 0,634878 0,000393
ietf 2,040221 0,001264
ignor 1,078810 0,000668
impact 0,544727 0,000338
implement 0,105361 0,000196
import 0,162519 0,000101
improv 0,150823 0,000187
inc -0,009950 -0,000006
includ 0,000000 0,000000
indefinit 1,237874 0,000767
independ 0,527633 0,001308
index -0,009950 -0,000006
indexeddb 2,407946 0,001492
indic 0,356675 0,000221
individu 0,314711 0,000195
indonesiaitaliano 1,237874 0,000767
industri 0,356675 0,000221
inform 0,061875 0,000268
informationcit -0,009950 -0,000006
inher 1,469676 0,000911
initi 0,235722 0,000146
insight 1,309333 0,000811
instanc 0,478036 0,000296
intend 0,478036 0,000296
interact 0,356675 0,000663
interfac 0,494296 0,002756
interfacesserv 2,995732 0,001856
intermediari 1,897120 0,001175
intern 0,040822 0,000076
internationalgndfastnationalunit 1,237874 0,000767
internet 0,462035 0,001145
introduc 0,210721 0,000131
invok 1,714798 0,001062
involv 0,415515 0,000257
irvin 3,218876 0,009972
isapi 2,995732 0,001856
isbn 0,051293 0,000191
item -0,009950 -0,000006
ivan 2,995732 0,001856
jakarta 2,659260 0,001648
javascript 1,021651 0,000633
jersei 1,714798 0,001062
jsgi 2,407946 0,001492
json 1,347074 0,000835
jump -0,009950 -0,000006
june 0,094311 0,000117
khrono 2,995732 0,001856
known 0,127833 0,000079
languag -0,009950 -0,000025
larg 0,127833 0,000238
last -0,009950 -0,000006
latenc 1,897120 0,001175
layer 0,713350 0,001326
legaci 1,309333 0,000811
legal -0,009950 -0,000006
leonard 2,525729 0,001565
level 0,083382 0,000052
leymann 3,912023 0,002424
licens -0,009950 -0,000006
link -0,009950 -0,000031
linkpag -0,009950 -0,000006
lisp 1,386294 0,000859
list 0,051293 0,000032
littl 0,820981 0,000509
liveconnect 2,995732 0,001856
log -0,009950 -0,000012
logic 0,616186 0,000382
lokesh 3,912023 0,002424
london 0,941609 0,000583
loos 1,609438 0,002992
low 0,478036 0,000592
lpolskiportugu 2,302585 0,001427
lux 0,371064 0,000230
machin 0,040822 0,000025
magyarnederland 3,912023 0,002424
main -0,009950 -0,000018
maint 0,798508 0,000989
make 0,061875 0,000077
mani 0,061875 0,000038
manipul 0,673345 0,000417
march 0,116534 0,000072
martin 0,843970 0,000523
martinfowl 3,506558 0,002173
mashup 2,407946 0,001492
match 0,400478 0,000248
matur 1,560648 0,003868
mean 0,083382 0,000207
media 0,139262 0,000345
meet 0,527633 0,000654
menu -0,009950 -0,000012
messag 0,400478 0,000993
metadata 1,347074 0,000835
method 0,150823 0,000093
microservic 2,302585 0,002853
mismatch 2,525729 0,003130
mobil -0,009950 -0,000006
mod 1,832581 0,012490
model 0,116534 0,000578
modifi 0,527633 0,000981
modul 0,820981 0,000509
mono 2,407946 0,001492
more 0,010050 0,000019
most 0,040822 0,000025
move -0,009950 -0,000031
mse 2,302585 0,001427
nacl 2,525729 0,001565
namespac 1,560648 0,000967
natur 0,356675 0,000221
navig -0,009950 -0,000006
need 0,030459 0,000132
neg 0,967584 0,000599
neologismshidden 3,912023 0,002424
net 0,385662 0,000478
network 0,127833 0,000871
new 0,010050 0,000012
next 0,400478 0,000248
nick 1,469676 0,000911
non -0,009950 -0,000012
none 1,609438 0,000997
norsk 0,342490 0,000212
not 0,000000 0,000000
nov 1,966113 0,001218
novemb 0,150823 0,000093
npapi 2,813411 0,001743
npruntim 2,995732 0,001856
nsapi 2,995732 0,001856
number 0,040822 0,000025
obei 3,218876 0,001994
occur 0,510826 0,000316
odd 2,659260 0,001648
offer 0,248461 0,000154
often 0,127833 0,000158
olaf 3,506558 0,002173
oldid -0,009950 -0,000006
oleuskara 1,514128 0,000938
onat 3,912023 0,002424
onli 0,051293 0,000064
opaqu 2,407946 0,001492
open 0,150823 0,000093
option 0,527633 0,000327
ordinarili 3,506558 0,002173
org -0,009950 -0,000006
organ -0,009950 -0,000006
orient 0,653926 0,001621
origin -0,009950 -0,000074
oscon 3,506558 0,002173
otavio 3,912023 0,002424
other -0,009950 -0,000037
out 0,261365 0,000162
oversight 2,120264 0,001314
overview 0,616186 0,000382
owin 2,995732 0,001856
own 0,314711 0,000195
page -0,009950 -0,000037
pagecontentscurr -0,009950 -0,000006
pageget -0,009950 -0,000006
paradigm 0,941609 0,000583
parrot 2,302585 0,001427
parser 2,207275 0,001368
part 0,072571 0,000090
passeng 1,966113 0,001218
pattern 0,494296 0,001531
pautasso 3,912023 0,007271
pdfprintabl -0,009950 -0,000006
perceiv 1,771957 0,002196
perform 0,040822 0,000101
perl 1,347074 0,001669
persist 1,386294 0,000859
person -0,009950 -0,000006
phd 2,040221 0,001264
php -0,009950 -0,000012
phusion 2,813411 0,001743
polici -0,009950 -0,000012
politi 3,506558 0,002173
portabl 1,203973 0,001492
portalrec -0,009950 -0,000006
portlet 2,995732 0,001856
possibl 0,186330 0,000115
ppapi 2,995732 0,001856
practic 0,186330 0,000346
prentic 0,994252 0,000616
presenc 1,108663 0,000687
press 0,210721 0,000131
pressur 1,714798 0,001062
primari 0,527633 0,000327
principl 0,385662 0,000956
print -0,009950 -0,000006
privaci -0,009950 -0,000018
problem 0,186330 0,000115
proce 1,771957 0,001098
proceed 0,579818 0,000359
process 0,051293 0,000032
profit -0,009950 -0,000006
program 0,116534 0,000072
progress 1,171183 0,000726
project -0,009950 -0,000006
promot 0,891598 0,000552
properti 0,314711 0,000780
propos 0,510826 0,000316
protect 0,462035 0,000286
protocol 0,527633 0,001635
protocolsoftwar 3,912023 0,002424
provid 0,061875 0,000077
proxi 1,771957 0,002196
psgi 2,995732 0,001856
push 1,203973 0,000746
python 0,916291 0,001703
rack 2,302585 0,001427
raj 3,218876 0,001994
rbaycanca 0,248461 0,000154
read 0,162519 0,000201
reader 1,560648 0,000967
readview 1,309333 0,001622
receiv 0,400478 0,000248
reduc 0,274437 0,000170
refer -0,009950 -0,000012
regard 0,776529 0,000962
regist -0,009950 -0,000006
reilli 1,078810 0,000668
relat 0,030459 0,000019
relationship 0,653926 0,000405
reliabl 0,371064 0,000690
remot 0,776529 0,000481
represent 0,634878 0,003540
request 0,776529 0,001924
requir 0,051293 0,000095
research 0,223144 0,000138
researchg 2,813411 0,001743
resist 1,514128 0,000938
resourc 0,248461 0,002617
respond 1,049822 0,001951
respons 0,415515 0,000257
rest 1,049822 0,031221
restfulapi 3,912023 0,002424
retriev -0,009950 -0,000080
return 0,510826 0,000316
rich 1,309333 0,000811
richardson 2,995732 0,005568
river 1,309333 0,000811
roa 2,813411 0,001743
roi 1,832581 0,010219
rosa 2,813411 0,001743
rubi 1,347074 0,002504
run 0,248461 0,000154
saddl 2,120264 0,001314
safeti -0,009950 -0,000006
salvadori 3,912023 0,002424
sam 1,347074 0,000835
scalabl 1,203973 0,003730
scale 0,371064 0,000690
scgi 2,995732 0,001856
scheme 1,171183 0,000726
scientist 1,171183 0,000726
script 0,916291 0,002271
search -0,009950 -0,000025
sebastopol 2,207275 0,001368
secur 0,274437 0,000510
see -0,009950 -0,000018
self 0,478036 0,000296
semant 0,891598 0,001105
semi 0,843970 0,000523
send 1,108663 0,000687
separ 0,400478 0,000496
server 0,597837 0,007408
servic 0,210721 0,001436
servlet 2,525729 0,001565
session 1,469676 0,000911
set 0,051293 0,000032
sever 0,072571 0,000090
share 0,301105 0,000373
sharealik -0,009950 -0,000006
short -0,009950 -0,000006
shorten -0,009950 -0,000006
sidebar -0,009950 -0,000025
sidebrows 2,995732 0,001856
sideprotocol 2,995732 0,001856
simi 0,755023 0,000468
simpl 0,150823 0,000093
simplic 1,897120 0,002351
simplifi 0,820981 0,000509
singl 0,127833 0,000079
siqueira 3,912023 0,002424
site -0,009950 -0,000012
six 1,309333 0,001622
soa 2,813411 0,001743
social 0,510826 0,000316
societi 0,653926 0,000405
softwar 0,127833 0,000871
solut 0,478036 0,000592
sourceview 1,309333 0,001622
speak 1,139434 0,000706
specif 0,051293 0,000127
specifi 0,446287 0,000277
springer 0,527633 0,000327
sqaraqalpaqsharuna 3,506558 0,002173
sql 1,171183 0,000726
sse 2,813411 0,001743
stack 0,843970 0,000523
standard 0,094311 0,000409
standardis 2,525729 0,001565
standardshypertext 3,912023 0,002424
start 0,261365 0,000324
state 0,083382 0,000362
stateless 2,659260 0,003295
statement -0,009950 -0,000006
statesisraelotheryal 3,218876 0,001994
static 1,272966 0,000789
statist -0,009950 -0,000006
statu 0,693147 0,000429
statusarticl 2,995732 0,001856
step 0,713350 0,000442
storag 0,430783 0,000534
strong 0,776529 0,000481
structur 0,139262 0,000086
style 0,941609 0,011085
subsect 0,020203 0,000013
such 0,000000 0,000000
support 0,150823 0,000187
survei 0,462035 0,000286
svg 2,525729 0,001565
sync 2,659260 0,001648
system 0,010050 0,000044
tabl -0,009950 -0,000012
technolog 0,116534 0,000072
tell 1,660731 0,001029
temporarili 2,040221 0,001264
term -0,009950 -0,000031
test 0,248461 0,000154
text -0,009950 -0,000018
than 0,072571 0,000045
that 0,000000 0,000000
themselv 0,843970 0,000523
then 0,116534 0,000072
theori 0,400478 0,000248
there 0,051293 0,000095
these 0,040822 0,000076
thesi 1,832581 0,001135
thi -0,009950 -0,000037
thoma 0,527633 0,001635
those 0,235722 0,000292
three 0,287682 0,000178
throughout 1,078810 0,000668
time 0,000000 0,000000
tinadanskdeutscheestiespa 2,659260 0,001648
titl -0,009950 -0,000006
todai 0,693147 0,000429
togeth 0,579818 0,000718
toggl -0,009950 -0,000018
tool -0,009950 -0,000018
top -0,009950 -0,000006
topic -0,009950 -0,000031
toward 0,713350 0,000442
trademark -0,009950 -0,000006
transfer 0,544727 0,002363
try 0,994252 0,000616
turn 0,776529 0,000481
tutori 1,347074 0,000835
type 0,051293 0,000032
under -0,009950 -0,000006
uniform 1,347074 0,006677
uniqu 0,867501 0,000537
univers 0,139262 0,000345
unreli 2,120264 0,001314
upper 1,660731 0,001029
uri 2,040221 0,007584
url 1,203973 0,002984
urldownload -0,009950 -0,000006
usabl 1,714798 0,001062
usag 0,579818 0,000359
user 0,274437 0,000680
utc -0,009950 -0,000006
variou 0,223144 0,000138
verb 2,813411 0,001743
version -0,009950 -0,000006
via 0,186330 0,000231
video 0,597837 0,000370
view -0,009950 -0,000006
violat 1,386294 0,001718
virtual 0,462035 0,000286
visibl 1,021651 0,001266
visual 0,562119 0,000348
vteweb 1,966113 0,001218
wai 0,105361 0,000065
web 0,342490 0,007851
webassembl 1,660731 0,001029
webauthn 2,407946 0,001492
webcl 2,813411 0,001743
webdav 2,995732 0,001856
webgl 2,407946 0,001492
webgpu 2,407946 0,001492
webhook 2,813411 0,001743
webrtc 2,407946 0,001492
websit 0,527633 0,000981
websocket 2,207275 0,002735
webusb 2,995732 0,001856
webxr 2,525729 0,001565
well 0,051293 0,000032
what -0,009950 -0,000018
when 0,030459 0,000094
whether 0,400478 0,000248
which 0,000000 0,000000
while 0,051293 0,000095
wide 0,210721 0,000522
wikidata 0,562119 0,000348
wikidatawikipedia 0,967584 0,000599
wikimedia -0,009950 -0,000006
wikipedia -0,009950 -0,000037
wikipediacontact -0,009950 -0,000006
wild 2,302585 0,001427
within 0,116534 0,000217
without 0,094311 0,000058
woa 2,995732 0,001856
work 0,030459 0,000038
worker 1,427116 0,000884
world 0,139262 0,000345
wsgi 2,813411 0,003486
wsrp 2,995732 0,001856
www 0,356675 0,000221
xbap 2,995732 0,001856
xml 1,203973 0,000746
xmlhttprequest 2,407946 0,001492
xpconnect 2,995732 0,001856
yahoo 1,832581 0,001135
year 0,162519 0,000101
york 0,371064 0,000230
zimmermann 2,813411 0,001743
