ability 0,616186 0,000381
absence 2,040221 0,000631
accepts 2,207275 0,000683
accommodate 2,120264 0,000656
according 0,301105 0,000279
account -0,009950 -0,000006
achieve 0,843970 0,000261
acronym 2,207275 0,000683
actions -0,009950 -0,000003
add -0,009950 -0,000003
added 0,415515 0,000129
additional -0,009950 -0,000009
additionally 0,967584 0,000299
advanced 0,430783 0,000400
advancement 1,966113 0,000608
age 1,108663 0,001715
ago 0,967584 0,000599
agree -0,009950 -0,000003
aids 2,407946 0,000745
aim 1,347074 0,000417
ain 3,218876 0,012943
aisgalego 1,309333 0,000405
aliases 2,813411 0,000870
all 0,000000 0,000000
alley 3,912023 0,001210
allow 0,287682 0,000267
allowed 0,634878 0,000393
allows 0,248461 0,000461
also -0,009950 -0,000034
alternatives 1,609438 0,000498
although 0,287682 0,000089
always 0,597837 0,000370
ambiguous 1,560648 0,000483
amf 2,995732 0,000927
amp -0,009950 -0,000034
ampersand 3,218876 0,000996
anchor 2,659260 0,003290
anchors 2,995732 0,001853
another 0,127833 0,000277
any 0,083382 0,000155
anywhere 1,560648 0,000483
api 0,916291 0,000567
apis 1,237874 0,000383
appear 1,049822 0,000325
appearance -0,009950 -0,000006
apple 1,347074 0,000833
application 0,127833 0,000079
applications 0,094311 0,000058
applied 0,356675 0,000110
apply -0,009950 -0,000009
apps 1,272966 0,000394
april 0,072571 0,000090
arbitrary 1,049822 0,001948
archived 0,040822 0,000593
args 2,813411 0,000870
aro 3,912023 0,001210
around 0,356675 0,000110
array 1,021651 0,001896
arrays 1,427116 0,000441
arthurkoziel 3,912023 0,001210
articleabout -0,009950 -0,000003
articles 0,020203 0,000006
articletalk -0,009950 -0,000003
ascii 1,897120 0,000587
asn 3,218876 0,000996
associated 0,400478 0,000124
associative 2,040221 0,004417
asterisk 2,995732 0,000927
atom 1,897120 0,000587
attack 1,078810 0,000334
attention 1,203973 0,000372
attributes 1,347074 0,000417
attribution -0,009950 -0,000003
august 0,162519 0,000050
aukaost 3,912023 0,001210
author 1,386294 0,000429
authoritative 3,506558 0,001085
autodetection 3,912023 0,001210
autodetects 3,912023 0,002420
automatically 0,653926 0,000202
available -0,009950 -0,000012
avoiding 1,714798 0,000530
avro 2,813411 0,000870
aware 1,514128 0,000468
backslash 3,218876 0,000996
baeldung 3,506558 0,001085
bahasa 0,186330 0,000058
bananas 3,912023 0,001210
base 0,755023 0,000701
based 0,010050 0,000006
bases 2,207275 0,000683
basic 0,235722 0,000292
basis 0,820981 0,000254
because 0,127833 0,000119
begin 1,309333 0,000810
behavior 0,462035 0,000286
behind 0,867501 0,000268
ben 1,309333 0,000405
bencode 3,218876 0,000996
benefit 1,386294 0,000429
bill 0,941609 0,001165
binary 0,916291 0,001134
bindings 2,120264 0,000656
blank 2,659260 0,001645
blessed 3,912023 0,001210
block 0,798508 0,001235
blockquote 3,506558 0,002169
blocks 1,272966 0,000787
bokm 0,127833 0,000040
boolean 1,609438 0,000996
booleans 2,813411 0,000870
borrowed 2,302585 0,000712
bourumir 3,912023 0,001210
braces 2,659260 0,002468
brackets 2,120264 0,002623
breaks 1,966113 0,001216
brick 2,659260 0,000823
bringing 2,040221 0,000631
bson 2,995732 0,000927
bucket 2,995732 0,000927
buffers 2,302585 0,000712
built 0,462035 0,000715
bundle 2,040221 0,000631
bundles 3,506558 0,001085
bus 2,207275 0,000683
called 0,040822 0,000025
camel 2,995732 0,000927
cap 1,714798 0,000530
capabilities 0,891598 0,000276
card 1,272966 0,000394
carefully 1,897120 0,000587
casablanca 3,912023 0,001210
case 0,139262 0,000043
cases 0,478036 0,000296
cast 2,120264 0,000656
catal 0,094311 0,000029
categories -0,009950 -0,000009
cbor 3,218876 0,000996
cdata 3,506558 0,001085
ceiling 3,506558 0,001085
centered 1,609438 0,000498
centerville 3,912023 0,001210
change 0,261365 0,000081
changesupload -0,009950 -0,000006
character 1,108663 0,002400
characters 1,272966 0,002756
cheat 3,218876 0,000996
cheek 3,506558 0,001085
child 1,832581 0,000567
choice 0,967584 0,000299
chris 0,994252 0,000308
chunk 2,659260 0,000823
city 1,309333 0,000810
clarity 2,302585 0,001424
clark 1,771957 0,001096
class 0,616186 0,000381
classes 0,967584 0,000898
closing 1,514128 0,000468
cloud 0,776529 0,000240
code -0,009950 -0,000015
collision 2,207275 0,000683
colon 2,659260 0,004935
com 0,150823 0,000187
comma 2,813411 0,003481
command 1,021651 0,000316
commands 1,714798 0,001591
commas 3,218876 0,000996
comment 1,771957 0,000548
comments 1,514128 0,001873
common 0,072571 0,000090
commonly 0,342490 0,000212
commons -0,009950 -0,000003
communications 0,733969 0,000454
compactness 2,995732 0,000927
compared 0,634878 0,000196
comparison 0,446287 0,001795
compatibility 1,108663 0,000686
compatible 1,049822 0,000325
compiled 1,386294 0,000429
completely 0,941609 0,000582
complex 0,261365 0,000323
complexity 0,616186 0,000381
compliance 1,514128 0,000468
compliant 1,897120 0,000587
components 0,415515 0,000643
composed 1,771957 0,000548
composite 2,120264 0,001312
compound 2,207275 0,000683
comprehensive 0,941609 0,000291
computer 0,139262 0,000043
concepts 0,400478 0,000124
conciseness 3,912023 0,001210
conditions 0,843970 0,000261
conduct -0,009950 -0,000003
configuration 1,021651 0,001264
conformance 2,207275 0,000683
conformant 3,218876 0,000996
confusing 2,995732 0,000927
connectivity 1,832581 0,000567
consist 1,560648 0,000483
constraints 1,309333 0,000405
construct 1,609438 0,001493
constructed 1,609438 0,000498
contact -0,009950 -0,000003
contacts -0,009950 -0,000003
contain 0,693147 0,000429
containing 0,579818 0,000179
contains 0,634878 0,000196
content -0,009950 -0,000012
contents -0,009950 -0,000009
context 0,494296 0,000153
continue 1,139434 0,000352
contrasted 2,995732 0,000927
contribute -0,009950 -0,000003
control 0,020203 0,000012
convention 2,040221 0,000631
conventional 1,237874 0,000383
converted 1,897120 0,001174
converting 2,302585 0,000712
converts 2,659260 0,000823
convey 2,813411 0,000870
cookie -0,009950 -0,000003
coordinate 1,897120 0,000587
coordinates 2,407946 0,000745
copied 2,120264 0,000656
cordasco 3,912023 0,001210
core 0,597837 0,000555
corob 3,912023 0,001210
cpp 3,506558 0,002169
create -0,009950 -0,000009
created 0,430783 0,000266
creative -0,009950 -0,000003
criticism 1,171183 0,000725
criticized 1,469676 0,000455
css 1,897120 0,000587
csv 3,218876 0,000996
curly 2,525729 0,000781
curtain 3,912023 0,001210
custom 1,171183 0,000362
customer 1,139434 0,000352
cyphal 3,218876 0,000996
dangerous 2,040221 0,000631
darjeeling 3,912023 0,001210
dashes 3,912023 0,001210
data 0,030459 0,000462
datatype 3,506558 0,003254
date 0,579818 0,000538
dec 2,040221 0,000631
december 0,061875 0,000038
declarations 2,120264 0,001312
decoration 3,912023 0,001210
dedicated 1,347074 0,000417
default 0,693147 0,000214
defaults 2,813411 0,000870
defined 0,248461 0,000999
defines 0,776529 0,001201
defining 1,021651 0,000316
definitions 0,891598 0,000276
delimited 2,525729 0,002344
delimiter 2,995732 0,000927
delimiting 3,912023 0,002420
denote 2,302585 0,000712
denoted 1,897120 0,001174
denoting 2,995732 0,001853
described 0,430783 0,000133
descrip 3,912023 0,002420
description -0,009950 -0,000003
descriptionshort 0,000000 0,000000
descriptor 2,995732 0,000927
descriptors 3,218876 0,000996
deserialization 3,506558 0,001085
design 0,127833 0,000119
designed 0,261365 0,000162
dev 1,514128 0,000468
developed 0,127833 0,000040
developer 0,820981 0,000508
developers -0,009950 -0,000003
development 0,083382 0,000077
dictionaries 2,040221 0,000631
differ 1,660731 0,000514
differences 0,967584 0,000299
different 0,020203 0,000006
differing 2,407946 0,000745
differs 1,560648 0,000483
difficult 0,597837 0,000185
directive 1,771957 0,001096
directives 2,302585 0,001424
disambiguated 3,912023 0,003630
disambiguation 1,049822 0,000325
disclaimers -0,009950 -0,000003
discrepancies 3,218876 0,000996
displayed 2,040221 0,000631
distinguish 1,347074 0,000833
divided 1,309333 0,000405
docs 1,309333 0,000810
doctrine 2,525729 0,000781
document 0,673345 0,003124
documentation 0,867501 0,001342
documents 1,078810 0,003003
don 0,916291 0,000567
donate -0,009950 -0,000006
door 2,207275 0,000683
dorothy 2,813411 0,000870
dot 1,966113 0,000608
double 0,916291 0,001134
doubled 2,813411 0,000870
download -0,009950 -0,000003
draft 1,514128 0,001873
dsdl 3,218876 0,000996
due 0,261365 0,000162
dump 3,218876 0,002987
dynamic 0,562119 0,000174
each 0,072571 0,000067
ealing 3,912023 0,001210
easier 1,049822 0,000325
east 1,714798 0,000530
easy 1,021651 0,000316
eclipse 2,040221 0,001893
edge 0,941609 0,000291
edifact 3,218876 0,000996
edit -0,009950 -0,000068
editcommunity -0,009950 -0,000003
edited -0,009950 -0,000003
editing 1,771957 0,001644
edition 0,579818 0,000179
editors 1,832581 0,000567
eemeli 3,912023 0,001210
eggs 2,995732 0,000927
electronic 0,634878 0,000196
element 1,021651 0,000632
elements 0,415515 0,000514
emacs 2,407946 0,000745
emacswiki 3,912023 0,001210
embed 2,407946 0,000745
emerald 2,995732 0,000927
emergence 1,714798 0,000530
emitter 3,506558 0,001085
emitters 3,912023 0,003630
enable 0,798508 0,000247
enclosed 2,995732 0,003706
enclosing 3,218876 0,000996
enclosure 3,506558 0,001085
encoded 2,207275 0,001365
encodes 3,218876 0,000996
encoding 1,609438 0,000498
encryption 1,272966 0,000394
encyclopedia -0,009950 -0,000003
end 0,261365 0,000404
engineering 0,198451 0,000061
english -0,009950 -0,000003
englishsloven 0,510826 0,000158
enhance 1,347074 0,000417
entered 1,771957 0,000548
entire 0,755023 0,000701
entity 1,309333 0,000405
entries 2,302585 0,000712
entry 1,309333 0,002025
enumerated 2,525729 0,000781
environments 0,941609 0,000291
equals 2,040221 0,000631
equivalent 1,021651 0,000316
era 1,427116 0,000441
erik 1,832581 0,000567
errors 0,733969 0,001135
escape 1,966113 0,003041
escaping 2,995732 0,001853
especially 0,415515 0,000129
essential 0,941609 0,000291
etc 0,562119 0,000348
evans 2,302585 0,001424
even 0,235722 0,000219
eventsrandom -0,009950 -0,000003
every 0,261365 0,000243
example 0,030459 0,000104
except 1,171183 0,000725
exchange 0,693147 0,000214
exclamation 3,506558 0,003254
executable 1,514128 0,000468
execute 1,514128 0,000468
executed 1,203973 0,000372
execution 0,891598 0,000276
exist 0,653926 0,000607
expand 1,897120 0,000587
expanded 1,203973 0,000372
expands 2,407946 0,000745
expansion 1,386294 0,000429
expected 0,693147 0,000214
explicit 1,171183 0,001811
explicitly 0,916291 0,000567
export -0,009950 -0,000003
express 1,427116 0,000441
expressing 2,525729 0,000781
expressions 1,386294 0,000429
extend 1,427116 0,000883
extended 0,755023 0,000467
extensible 1,609438 0,001991
extension 0,967584 0,000299
extensions 0,916291 0,000567
extensionwebarchive 2,995732 0,000927
external 0,030459 0,000019
externally 2,995732 0,000927
eye 2,040221 0,000631
facility 1,660731 0,000514
family 1,078810 0,000667
faster 0,994252 0,000615
favorite 2,995732 0,000927
feature 0,616186 0,000191
features 0,371064 0,000803
february 0,061875 0,000019
few 0,653926 0,000202
field 0,527633 0,000163
file 0,616186 0,001525
filename 2,040221 0,000631
filepermanent -0,009950 -0,000003
files 0,843970 0,002872
filespecial -0,009950 -0,000003
filled 2,525729 0,000781
finalized 2,525729 0,000781
finally 1,108663 0,000686
first 0,020203 0,000031
fixed 0,494296 0,000153
flatbuffers 2,659260 0,000823
flaws 1,966113 0,000608
float 1,966113 0,001824
floats 2,659260 0,003290
floor 2,207275 0,000683
focused 1,078810 0,000334
fold 2,302585 0,000712
folded 3,218876 0,001991
folding 3,506558 0,001085
folds 3,912023 0,001210
follow 1,078810 0,000334
followed 0,733969 0,001135
following 0,210721 0,000065
follows 0,891598 0,000276
font 2,813411 0,000870
forbidden 2,120264 0,000656
force 0,867501 0,000268
form 0,162519 0,000101
formal 0,673345 0,000208
format 0,941609 0,001456
formatdata 3,506558 0,001085
formats 1,609438 0,003485
formatshidden 3,506558 0,001085
formatshumanreadable 3,218876 0,000996
forming 1,966113 0,000608
found 0,385662 0,000119
foundation -0,009950 -0,000003
framework 0,342490 0,000212
fran 0,223144 0,000069
free -0,009950 -0,000003
frequently 0,967584 0,000299
front 1,108663 0,000343
fulfill 2,525729 0,000781
full 0,371064 0,000115
fully 0,616186 0,000381
function 0,210721 0,000065
further 0,139262 0,000043
gale 3,506558 0,001085
gender 2,525729 0,001562
general -0,009950 -0,000003
generalized 1,560648 0,000483
generated 0,941609 0,000291
github 1,078810 0,001001
given 0,261365 0,000081
goes 1,237874 0,000383
got 1,897120 0,000587
grammar 1,966113 0,001824
graph 0,994252 0,000308
graphs 1,660731 0,000514
great 0,941609 0,000291
greater 0,755023 0,000234
groups 0,891598 0,000276
handle 0,994252 0,000308
handling 0,798508 0,000247
happened 2,207275 0,000683
hashes 2,302585 0,001424
hashmaps 3,912023 0,001210
having 0,579818 0,000179
headers 2,813411 0,000870
heeled 3,912023 0,001210
helplearn -0,009950 -0,000003
hence 1,347074 0,000417
here 0,301105 0,000186
hererelated -0,009950 -0,000003
hexadecimal 2,659260 0,000823
hide -0,009950 -0,000012
hierarchical 1,897120 0,002347
hierarchically 3,912023 0,001210
hierarchies 2,659260 0,000823
hierarchy 1,660731 0,000514
high 0,223144 0,000138
highlighting 2,302585 0,000712
hijacked 3,506558 0,001085
history -0,009950 -0,000012
however 0,094311 0,000117
html 1,078810 0,001001
http 1,021651 0,000316
https -0,009950 -0,000003
human 0,579818 0,000359
hyphen 3,218876 0,001991
hyphens 3,506558 0,001085
iaads 3,912023 0,001210
ian 1,347074 0,000417
ide 1,771957 0,000548
identical 1,514128 0,000468
identifier 1,560648 0,000483
identifiers 1,897120 0,001174
identifies 1,609438 0,000498
identifying 1,139434 0,000352
idref 3,912023 0,001210
implementation 0,328504 0,000305
implementations 0,733969 0,001362
implemented 0,544727 0,000168
implicit 1,514128 0,000468
imply 2,040221 0,000631
important 0,287682 0,000089
importers 3,506558 0,001085
inasuomisvenskat 3,506558 0,001085
inc -0,009950 -0,000006
include 0,061875 0,000019
including 0,040822 0,000038
incompatibilities 3,506558 0,001085
incompatibility 2,207275 0,000683
incompatible 1,560648 0,000483
inconsistent 2,813411 0,000870
indeed 1,714798 0,000530
indentation 2,659260 0,009870
indented 3,912023 0,006050
indenting 3,912023 0,001210
independent 0,713350 0,000441
independently 1,347074 0,000417
index -0,009950 -0,000003
indicate 1,272966 0,000394
indicated 1,609438 0,000498
indicates 1,272966 0,000394
indicating 1,897120 0,000587
indicator 2,207275 0,000683
individually 2,525729 0,000781
indonesiaitaliano 1,237874 0,000383
informatika 3,218876 0,000996
information 0,072571 0,000022
informationcite -0,009950 -0,000003
ingy 3,912023 0,002420
inherently 2,040221 0,000631
ini 3,506558 0,001085
initial 0,597837 0,000370
initially 0,693147 0,000214
injection 1,771957 0,000548
inline 1,966113 0,003041
insecure 1,771957 0,000548
insensitivity 3,912023 0,001210
inside 0,755023 0,000701
inspired 1,347074 0,001250
instance 0,510826 0,000316
instances 1,514128 0,000468
instantiating 3,912023 0,001210
instantiation 3,506558 0,002169
instead 0,301105 0,000093
instrument 2,207275 0,003414
integer 1,272966 0,000394
integers 1,609438 0,000996
integrated 0,634878 0,000196
intended 0,494296 0,000306
intentionally 2,302585 0,000712
interchangeopen 3,912023 0,001210
interesting 1,897120 0,000587
interior 2,207275 0,000683
internet 0,462035 0,000286
interpreted 1,514128 0,000468
introductions 2,302585 0,000712
ints 3,912023 0,001210
invoice 3,506558 0,002169
italic 3,506558 0,001085
item -0,009950 -0,000006
items 1,108663 0,000686
iterate 3,218876 0,000996
itself 0,342490 0,000530
january 0,083382 0,000181
javascript 1,021651 0,000632
jigocloud 3,912023 0,001210
john 0,210721 0,000261
jones 1,386294 0,000429
json 1,347074 0,010833
juice 3,506558 0,001085
july 0,127833 0,000158
jump -0,009950 -0,000003
june 0,094311 0,000088
justification 2,525729 0,000781
key 0,356675 0,001324
keys 1,514128 0,005152
kiki 3,912023 0,001210
kirill 3,506558 0,001085
known 0,127833 0,000040
kusterer 3,912023 0,001210
kwalify 3,912023 0,001210
label 1,714798 0,000530
labeled 2,525729 0,000781
labels 2,120264 0,000656
lack 0,843970 0,000261
lacking 1,514128 0,000937
lacks 2,040221 0,000631
landscape 1,897120 0,000587
language 0,186330 0,002017
languages -0,009950 -0,000031
large 0,127833 0,000119
laser 2,302585 0,000712
lasik 3,912023 0,002420
last -0,009950 -0,000003
latest 0,994252 0,000308
lazy 2,813411 0,000870
lead 0,673345 0,000208
leading 0,798508 0,000988
leads 1,237874 0,000383
least 0,527633 0,000163
led 0,446287 0,000276
left 0,916291 0,000283
legal -0,009950 -0,000003
level 0,116534 0,000072
lexepars 3,912023 0,001210
lgoddhdqaiaiaaaaaaann 3,912023 0,001210
library 0,478036 0,001035
libyaml 3,912023 0,006050
license -0,009950 -0,000003
light 1,078810 0,000334
lightweight 1,609438 0,000498
like 0,072571 0,000202
limits 1,272966 0,000394
line 0,356675 0,001103
lines 1,078810 0,001001
linkml 3,912023 0,001210
linkpage -0,009950 -0,000003
links -0,009950 -0,000012
linksarticles 1,021651 0,000316
list 0,083382 0,000206
lists 0,597837 0,001664
literal 2,040221 0,000631
literals 2,525729 0,000781
load 1,347074 0,001667
loading 1,897120 0,001174
local 0,415515 0,000386
locally 1,609438 0,000498
log -0,009950 -0,000006
logical 1,514128 0,001405
long 0,287682 0,000089
looks 1,832581 0,000567
lot 1,469676 0,000455
lpolskiportugu 2,302585 0,000712
lucky 3,218876 0,000996
machine 0,083382 0,000052
made 0,186330 0,000058
mail 1,427116 0,000883
main -0,009950 -0,000009
maintained 1,078810 0,000334
maintainers 2,659260 0,000823
major 0,314711 0,000195
majority 1,139434 0,000352
make 0,235722 0,000073
makes 0,415515 0,000257
making 0,328504 0,000102
man 1,139434 0,001057
management 0,139262 0,000043
mandatory 2,207275 0,001365
many 0,061875 0,000134
mapping 1,237874 0,000766
mappings 2,813411 0,000870
maps 1,469676 0,001364
march 0,116534 0,000108
mark 0,462035 0,000429
marker 3,218876 0,001991
markers 3,218876 0,000996
marketplace 2,120264 0,001312
marks 1,660731 0,003082
markup 2,040221 0,015777
martin 0,891598 0,000276
mary 1,514128 0,000937
masse 3,506558 0,001085
matches 1,021651 0,000316
matrix 1,609438 0,000498
mdn 2,302585 0,000712
mean 0,755023 0,000234
means 0,198451 0,000061
mechanisms 1,171183 0,000362
media 0,139262 0,000086
medium 1,203973 0,000372
member 1,237874 0,000383
members 0,755023 0,000234
men 2,659260 0,000823
menu -0,009950 -0,000006
message 0,478036 0,000148
messagepack 3,218876 0,000996
microsoft 0,579818 0,000179
milk 3,218876 0,000996
mime 2,525729 0,001562
minimal 1,347074 0,000833
mixed 1,309333 0,000810
mobile -0,009950 -0,000003
mode 0,891598 0,000276
model 0,162519 0,000151
models 0,527633 0,000326
modification 1,560648 0,000483
modifiers 3,218876 0,000996
moment 1,609438 0,000498
more 0,010050 0,000016
moreover 1,560648 0,000965
most 0,040822 0,000051
move -0,009950 -0,000012
movies 2,207275 0,000683
mozilla 1,514128 0,000468
msft 3,912023 0,001210
much 0,400478 0,000124
multi 0,342490 0,000318
multiple 0,116534 0,000144
name 0,342490 0,001165
names 0,673345 0,000208
native 1,078810 0,000334
natively 2,525729 0,000781
navigation -0,009950 -0,000003
nearly 1,139434 0,000352
nederlands 0,415515 0,000129
need 0,248461 0,000154
needing 0,597837 0,000185
nested 1,966113 0,002433
nestedtext 3,912023 0,001210
nesting 3,218876 0,000996
net 0,415515 0,000386
netbeans 2,525729 0,001562
new 0,010050 0,000009
newline 2,995732 0,000927
newlines 3,506558 0,004338
next 0,400478 0,000124
node 1,203973 0,001490
nodes 1,108663 0,001372
non -0,009950 -0,000015
norsk 0,342490 0,000106
north 1,309333 0,000405
northwest 3,506558 0,001085
norway 2,525729 0,000781
not 0,000000 0,000000
notation 1,203973 0,000372
note 0,776529 0,000480
notice 1,966113 0,000608
noticeable 3,506558 0,001085
notion 1,237874 0,000383
notorious 3,912023 0,001210
number 0,051293 0,000079
numbers 0,544727 0,000168
object 0,544727 0,001179
objects 0,544727 0,001179
occasionally 2,207275 0,000683
octal 3,506558 0,001085
october 0,139262 0,000258
offers 0,755023 0,000234
official 0,733969 0,001135
often 0,127833 0,000079
oldid -0,009950 -0,000003
once 0,544727 0,000168
one 0,010050 0,000037
ones 1,309333 0,000810
only 0,051293 0,000095
opens 1,897120 0,000587
operations 0,301105 0,000279
operators 1,237874 0,000383
opinions 2,525729 0,000781
optional 1,386294 0,003002
optionally 2,120264 0,001312
order 0,094311 0,000088
ordered 1,386294 0,000429
ordinarily 3,506558 0,001085
oren 3,506558 0,001085
org -0,009950 -0,000080
organization -0,009950 -0,000003
oriented 0,798508 0,000247
original 0,030459 0,000424
originally 0,820981 0,000508
orphaned 3,912023 0,001210
other -0,009950 -0,000028
outline 0,653926 0,000405
output 0,713350 0,000221
over 0,094311 0,000029
overloaded 3,218876 0,000996
package 1,078810 0,000334
packagecontrol 3,912023 0,001210
packages 1,309333 0,000405
page -0,009950 -0,000003
pagecontentscurrent -0,009950 -0,000003
pageget -0,009950 -0,000003
pages -0,009950 -0,000006
pairs 1,832581 0,002267
paragraph 2,659260 0,001645
parallel 1,021651 0,000316
parameters 1,021651 0,000632
parent 1,966113 0,000608
parse 2,525729 0,001562
parsed 2,525729 0,001562
parser 2,302585 0,006410
parsers 2,995732 0,005560
parsing 1,714798 0,001591
part 0,127833 0,000119
particularly 0,597837 0,000185
pay 1,272966 0,000394
pdfprintable -0,009950 -0,000003
people 0,356675 0,000221
per 0,616186 0,000381
perceived 1,897120 0,000587
percent 1,514128 0,000468
periods 1,660731 0,001027
perl 1,386294 0,001715
personal -0,009950 -0,000003
phonos 2,525729 0,000781
php -0,009950 -0,000006
picture 2,302585 0,000712
pie 2,813411 0,000870
pipe 2,813411 0,000870
pitfall 3,912023 0,001210
placed 1,660731 0,001027
placing 1,966113 0,000608
plans 1,171183 0,000362
please 0,776529 0,000240
plugins 2,302585 0,000712
points 0,867501 0,000537
policy -0,009950 -0,000006
polli 3,912023 0,001210
popular 0,579818 0,000179
populated 3,506558 0,001085
portable 1,660731 0,000514
portalrecent -0,009950 -0,000003
possible 0,287682 0,000178
potential 0,653926 0,000202
pre 0,941609 0,000291
preceded 2,407946 0,000745
precision 1,469676 0,000455
preferable 2,813411 0,000870
prefix 2,407946 0,000745
prefixed 2,995732 0,000927
prefixes 3,218876 0,000996
present 0,597837 0,000185
presentation 1,660731 0,001027
preserve 2,525729 0,000781
preserving 2,525729 0,001562
pretty 2,813411 0,000870
price 1,021651 0,000632
primarily 0,653926 0,000202
primary 0,527633 0,000490
primitives 2,120264 0,000656
print -0,009950 -0,000006
prior 0,891598 0,000276
privacy -0,009950 -0,000006
probably 1,897120 0,000587
problem 0,385662 0,000239
processing 0,356675 0,000662
processors 1,427116 0,001766
products 0,579818 0,000179
profit -0,009950 -0,000003
program 0,328504 0,000102
programmers 1,347074 0,000417
programming 0,446287 0,000414
prohibitive 3,218876 0,000996
projects -0,009950 -0,000003
proliferation 1,832581 0,000567
promulgated 3,506558 0,001085
pronunciationsall 3,506558 0,001085
property 0,776529 0,000480
proposed 0,713350 0,000221
proto 2,813411 0,000870
protocol 0,713350 0,000221
protocols 0,967584 0,000599
provide 0,174353 0,000108
provided 0,494296 0,000153
provides 0,261365 0,000162
public 0,248461 0,000077
pulseduration 3,912023 0,002420
pulseenergy 3,912023 0,002420
pumpkin 3,912023 0,001210
purchase 1,469676 0,000455
purely 2,207275 0,000683
purpose 0,356675 0,000331
python 0,916291 0,003118
pyyaml 3,912023 0,006050
quad 2,659260 0,000823
quantity 1,469676 0,000909
question 0,941609 0,000291
queue 1,771957 0,000548
quite 1,514128 0,000468
quot 1,560648 0,008689
quotation 2,207275 0,004096
quote 2,659260 0,001645
quotes 2,207275 0,006145
quoting 2,995732 0,000927
rae 3,912023 0,001210
rails 2,525729 0,000781
rarely 1,514128 0,000468
rather 0,287682 0,000178
rdf 2,120264 0,000656
read 0,843970 0,000522
readability 2,120264 0,001312
readable 1,469676 0,001364
readeditview 0,287682 0,000178
readily 2,407946 0,000745
reading 0,342490 0,000106
realizing 2,659260 0,000823
rebol 2,995732 0,000927
receipt 2,813411 0,000870
receive 1,108663 0,000343
recommendable 3,912023 0,001210
recommended 1,609438 0,001493
recorded 1,237874 0,000383
records 0,994252 0,000615
recursive 1,771957 0,000548
reducing 1,021651 0,000316
redundancy 2,040221 0,000631
redundantly 3,506558 0,001085
reference 0,478036 0,000591
referenced 2,040221 0,001893
references 0,020203 0,000050
referencesarticles 1,660731 0,000514
referencing 2,302585 0,000712
refers 0,755023 0,000467
refuses 3,912023 0,001210
registered -0,009950 -0,000003
regular 1,049822 0,000325
related 0,051293 0,000016
relational 1,714798 0,002122
relative 1,108663 0,000686
relaxes 3,506558 0,001085
release 0,579818 0,000538
released 0,693147 0,000214
reliable 0,616186 0,000381
relies 1,272966 0,000394
remain 1,078810 0,000334
removal 1,609438 0,000498
removes 1,966113 0,000608
repeated 2,120264 0,001312
repeats 2,995732 0,000927
repetition 2,995732 0,001853
report 0,462035 0,000143
repository 1,078810 0,000667
represent 0,733969 0,000227
representation 0,776529 0,001201
represented 0,967584 0,001197
represents 0,891598 0,000276
repurposed 3,912023 0,001210
request 1,203973 0,000372
require 0,462035 0,000572
required 0,274437 0,000255
requirement 1,427116 0,000441
requires 0,430783 0,000400
reserved 2,120264 0,000656
resistant 2,302585 0,000712
resumed 3,506558 0,001085
retain 2,525729 0,000781
retrieved -0,009950 -0,000142
reused 2,302585 0,000712
revision 1,347074 0,000417
rfc 1,714798 0,001061
rhymes 3,506558 0,001085
road 1,427116 0,000441
roberto 1,897120 0,000587
role 0,634878 0,000196
ruby 1,347074 0,002083
run 0,446287 0,000138
ruth 3,218876 0,000996
safe 0,994252 0,000615
safety -0,009950 -0,000003
said 0,755023 0,000467
same 0,116534 0,000216
sample 1,469676 0,000455
sat 3,218876 0,000996
saw 1,832581 0,000567
sax 3,506558 0,001085
scalar 2,525729 0,001562
scalars 3,506558 0,003254
schema 1,897120 0,001760
scheme 1,469676 0,000455
sdgq 3,912023 0,001210
search -0,009950 -0,000012
second 0,342490 0,000318
section 0,562119 0,000348
security 0,314711 0,000292
see -0,009950 -0,000018
seen 0,776529 0,000240
seldom 2,659260 0,000823
self 0,478036 0,000148
semantic 1,272966 0,000787
semantics 1,171183 0,000362
sep 2,813411 0,000870
separate 0,693147 0,000429
separated 1,514128 0,003278
separator 2,813411 0,000870
separators 3,912023 0,001210
september 0,150823 0,000047
sequence 0,994252 0,000615
sequencer 3,912023 0,002420
sequences 1,514128 0,001873
sequential 1,897120 0,000587
serde 3,506558 0,001085
serialization 2,813411 0,011313
series 0,328504 0,000102
serif 3,506558 0,001085
set 0,083382 0,000026
sets 0,776529 0,000480
setting 1,171183 0,000362
several 0,094311 0,000029
sgml 3,218876 0,001991
share 0,616186 0,000191
sharealike -0,009950 -0,000003
sheet 2,040221 0,000631
ship 2,207275 0,002731
shopping 1,966113 0,000608
short -0,009950 -0,000003
shortcut 2,659260 0,000823
shortcuts 2,813411 0,000870
shortened -0,009950 -0,000003
shown 1,237874 0,000383
shqipsimple 1,203973 0,000372
sidebar -0,009950 -0,000012
siebenmann 3,912023 0,001210
sigil 3,506558 0,001085
sign 1,469676 0,001364
signaling 2,995732 0,000927
signature 1,714798 0,000530
significant 0,328504 0,000305
similar 0,186330 0,000288
similarly 0,843970 0,000261
simonov 3,912023 0,001210
simple 0,150823 0,000233
simply 0,733969 0,000681
since 0,139262 0,000129
single 0,127833 0,000435
sit 3,218876 0,000996
site -0,009950 -0,000012
situation 1,272966 0,000787
situations 1,237874 0,000383
size 0,462035 0,000143
slippers 3,912023 0,001210
smi 3,218876 0,000996
smith 1,203973 0,002979
smiths 3,912023 0,001210
sml 3,218876 0,000996
soap 2,207275 0,000683
software 0,127833 0,000119
some 0,040822 0,000088
sometimes 0,301105 0,000093
sophisticated 1,237874 0,000383
source 0,186330 0,000288
sourceforge 3,506558 0,001085
space 0,478036 0,001183
spaces 1,771957 0,002192
special 0,494296 0,000153
specialdelivery 3,912023 0,001210
specific 0,094311 0,000088
specification 0,941609 0,003204
specified 0,733969 0,000681
splitting 1,897120 0,000587
spotsize 3,912023 0,002420
square 1,609438 0,001493
stackoverflow 2,995732 0,000927
standard 0,198451 0,000246
start 0,843970 0,000522
starting 0,755023 0,000234
state 0,235722 0,000073
statement -0,009950 -0,000003
static 1,272966 0,000394
statistics -0,009950 -0,000003
step 0,967584 0,001197
steps 1,309333 0,000405
stiff 3,506558 0,001085
still 0,342490 0,000106
storage 0,430783 0,000133
stored 0,733969 0,000227
str 2,813411 0,001740
stream 1,139434 0,002115
streamed 3,218876 0,000996
streams 1,714798 0,001061
street 1,203973 0,000372
strict 1,609438 0,000498
stricter 2,813411 0,000870
strictly 1,966113 0,000608
strictyaml 3,912023 0,002420
string 1,171183 0,003260
strings 1,514128 0,004215
stripped 3,218876 0,000996
structure 0,314711 0,000584
structures 0,673345 0,002708
style 0,994252 0,002460
subsection 0,020203 0,000019
subset 1,237874 0,000383
such 0,000000 0,000000
sucks 3,912023 0,001210
suite 1,386294 0,000429
support 0,198451 0,000184
supported 0,634878 0,000785
supports 0,867501 0,000805
surgery 3,218876 0,000996
surrounding 1,832581 0,000567
susan 2,120264 0,000656
swaaaaadqaiaaacf 3,912023 0,001210
syck 3,912023 0,003630
symfony 2,813411 0,000870
synopsis 3,912023 0,001210
syntax 1,171183 0,002536
system 0,030459 0,000009
systems 0,061875 0,000019
tab 2,525729 0,000781
table -0,009950 -0,000009
tag 1,714798 0,003182
tagged 2,207275 0,000683
tags 1,897120 0,002347
tall 3,218876 0,000996
targets 1,272966 0,000394
task 0,776529 0,000240
tech 0,967584 0,000299
technology 0,186330 0,000058
teknik 3,912023 0,001210
template 0,328504 0,000102
terminators 3,506558 0,001085
terms -0,009950 -0,000006
test 0,673345 0,000417
text -0,009950 -0,000015
than 0,072571 0,000090
that 0,000000 0,000000
then 0,116534 0,000144
there 0,051293 0,000111
thereafter 2,525729 0,000781
therefore 0,478036 0,000148
these 0,040822 0,000101
this -0,009950 -0,000046
those 0,235722 0,000219
though 0,544727 0,000674
three 0,287682 0,000445
thrift 2,995732 0,000927
thus 0,328504 0,000203
timestamps 3,218876 0,000996
tinadeutschespa 3,912023 0,001210
title -0,009950 -0,000003
together 0,579818 0,000179
toggle -0,009950 -0,000015
token 1,660731 0,000514
tokens 1,897120 0,000587
toml 3,218876 0,006969
tongue 3,506558 0,001085
tools -0,009950 -0,000009
toon 3,218876 0,000996
top -0,009950 -0,000006
topic -0,009950 -0,000003
tornado 2,659260 0,000823
tournoij 3,912023 0,001210
trademark -0,009950 -0,000003
trailing 2,525729 0,000781
transform 1,237874 0,000766
transformations 1,966113 0,000608
transmitted 1,514128 0,000468
tree 0,843970 0,000522
trigger 1,897120 0,000587
true 0,776529 0,000240
truncated 2,659260 0,000823
two 0,083382 0,000232
type 0,150823 0,000793
typeapplication 3,506558 0,001085
types 0,198451 0,001228
typing 1,560648 0,000965
ubjson 3,218876 0,000996
under -0,009950 -0,000003
unexpected 2,302585 0,000712
unicode 1,832581 0,001134
uniform 1,347074 0,000833
unimportant 3,506558 0,001085
universal 0,994252 0,000308
unknown 1,171183 0,000362
unlike 0,798508 0,000494
unmaintained 3,506558 0,001085
unnoticed 3,912023 0,001210
unquoted 2,995732 0,001853
unreliable 2,120264 0,000656
until 0,510826 0,000158
untrusted 2,659260 0,000823
upon 0,673345 0,000208
uri 2,040221 0,001262
url 1,237874 0,000383
urldownload -0,009950 -0,000003
usage 0,597837 0,000370
use -0,009950 -0,000031
used -0,009950 -0,000034
useful 0,634878 0,000393
user 0,328504 0,000406
users 0,478036 0,000148
uses 0,094311 0,000088
using -0,009950 -0,000049
utc -0,009950 -0,000003
utf 2,207275 0,003414
uti 2,995732 0,000927
uuencode 3,218876 0,000996
valid 1,272966 0,000394
validate 2,120264 0,000656
validation 1,237874 0,000383
validator 2,995732 0,000927
value 0,301105 0,000745
values 0,597837 0,001479
various 0,223144 0,000069
vary 1,049822 0,000325
varying 1,309333 0,000810
version -0,009950 -0,000049
versions 0,579818 0,000538
very 0,314711 0,000195
via 0,186330 0,000115
view -0,009950 -0,000003
vim 2,407946 0,001490
vtedata 2,302585 0,000712
wants 1,966113 0,000608
ware 2,995732 0,000927
wasn 2,813411 0,000870
water 1,771957 0,000548
way 0,198451 0,000061
wayback 0,478036 0,000444
ways 0,446287 0,000138
web 0,342490 0,000530
website 0,634878 0,000196
what -0,009950 -0,000006
whatever 3,506558 0,001085
when 0,030459 0,000019
where 0,072571 0,000090
which 0,000000 0,000000
while 0,051293 0,000079
whitespace 2,207275 0,006145
who 0,301105 0,000279
why 0,494296 0,000306
wikidata 0,562119 0,000174
wikidatapages 2,525729 0,000781
wikimedia -0,009950 -0,000003
wikipedia -0,009950 -0,000022
wikipediacontact -0,009950 -0,000003
wilde 3,506558 0,001085
williams 1,514128 0,000468
within 0,116534 0,000180
without 0,094311 0,000204
women 2,813411 0,000870
word 0,693147 0,000214
work 0,127833 0,000040
working 0,478036 0,000444
wrapped 2,525729 0,000781
wrapping 2,813411 0,000870
write 0,941609 0,000582
writing 0,891598 0,000552
written 0,287682 0,000445
wrong 1,660731 0,000514
www 0,356675 0,000110
wyngs 3,912023 0,001210
xdr 3,218876 0,000996
xml 1,203973 0,005958
xslt 3,218876 0,000996
xxbj 3,912023 0,001210
yahoo 1,832581 0,000567
yam 3,912023 0,001210
yaml 2,525729 0,139060
yamlfilename 3,912023 0,001210
yaxml 3,912023 0,001210
years 0,274437 0,000170
yellow 2,407946 0,000745
yenc 3,218876 0,000996
yes 2,120264 0,003935
yeswebsiteyaml 3,912023 0,001210
yet 0,891598 0,001655
ymlinternet 3,912023 0,001210
yxwzafme 3,912023 0,001210
