abaco 2,659260 0,000691
able 0,733969 0,000382
accept 1,427116 0,000742
accepted 1,171183 0,000609
access 0,287682 0,000748
accessed 0,916291 0,000476
accessible 1,021651 0,000266
accessing 1,386294 0,000360
according 0,301105 0,000078
account -0,009950 -0,000005
accounts 1,171183 0,000609
acct 3,506558 0,000912
acme 3,218876 0,000837
acquiring 2,207275 0,001148
across 0,415515 0,000108
actions -0,009950 -0,000003
active 0,843970 0,000219
activeblink 2,659260 0,000691
activex 2,659260 0,000691
actually 1,108663 0,000288
adams 2,659260 0,000691
add -0,009950 -0,000005
added 0,415515 0,000108
additional -0,009950 -0,000003
additionally 0,967584 0,000755
address 0,713350 0,001298
addresses 1,203973 0,000626
adequate 1,832581 0,000476
administer 3,218876 0,000837
administrator 2,302585 0,001197
adoption 0,820981 0,000427
ads 2,659260 0,000691
advantage 0,941609 0,000245
advertisements 2,407946 0,000626
aebrahim 3,912023 0,001017
afrikaans 1,108663 0,000288
against 0,462035 0,000480
agency 1,237874 0,000322
aggregated 2,813411 0,000731
agree -0,009950 -0,000003
aims 1,171183 0,000304
aisgaeilgegalego 1,427116 0,000371
ajax 1,832581 0,000476
ajp 2,995732 0,000779
alert 2,120264 0,000551
alexa 2,525729 0,000657
algorithms 0,693147 0,000180
all 0,000000 0,000000
allow 0,287682 0,000075
allowing 0,462035 0,000120
allows 0,248461 0,000129
along 0,462035 0,000240
alpn 3,506558 0,000912
also -0,009950 -0,000026
alter 2,120264 0,000551
although 0,287682 0,000075
always 0,597837 0,000311
amaya 2,659260 0,000691
amazon 1,309333 0,000340
ambarish 3,912023 0,001017
amount 0,616186 0,000160
amp -0,009950 -0,000010
analysis 0,186330 0,000145
android 1,272966 0,000662
ankney 3,912023 0,001017
announced 0,798508 0,000208
anonymityanonymous 3,912023 0,001017
anonymous 1,771957 0,000461
anti 1,560648 0,000811
anyone 1,386294 0,000360
aol 2,120264 0,000551
apache 1,386294 0,000721
api 0,916291 0,000476
apis 1,237874 0,000644
apiswhatwg 2,995732 0,000779
appearance -0,009950 -0,000005
appears 1,427116 0,000371
apple 1,347074 0,000700
appliance 2,407946 0,000626
application 0,127833 0,000166
applications 0,094311 0,000049
apply -0,009950 -0,000003
april 0,072571 0,000094
arachne 2,659260 0,000691
arc 2,207275 0,000574
archived 0,040822 0,000499
aren 2,659260 0,000691
arena 2,120264 0,000551
arora 2,207275 0,000574
arp 2,995732 0,000779
arrival 2,525729 0,000657
artech 3,218876 0,000837
article 0,040822 0,000032
articleabout -0,009950 -0,000003
articles 0,020203 0,000037
articletalk -0,009950 -0,000003
arxiv 1,078810 0,000280
asapi 2,995732 0,000779
asgi 2,813411 0,000731
asking 2,995732 0,000779
asp 2,040221 0,001061
aspect 1,386294 0,000360
asymmetric 2,659260 0,000691
atlas 2,525729 0,000657
attack 1,078810 0,003085
attacker 2,207275 0,001721
attackers 2,525729 0,000657
attacks 1,237874 0,003540
attention 1,203973 0,000313
attribute 1,386294 0,000360
attribution -0,009950 -0,000003
audio 0,891598 0,000232
august 0,162519 0,000042
authenticate 2,407946 0,000626
authenticated 2,302585 0,001796
authentication 1,386294 0,002883
authenticity 2,813411 0,000731
authorities 1,966113 0,003578
authority 0,083382 0,000238
authorization 2,207275 0,000574
authorized 1,966113 0,001022
automated 0,776529 0,000404
automatically 0,653926 0,000170
available -0,009950 -0,000008
avast 2,525729 0,000657
backend 2,120264 0,000551
bad 1,347074 0,000350
bar 1,609438 0,001673
based 0,010050 0,000026
basedproprietary 2,659260 0,000691
baseline 2,659260 0,000691
basic 0,235722 0,000123
basilisk 2,207275 0,000574
bay 3,506558 0,000912
beaker 2,659260 0,000691
beast 3,506558 0,000912
because 0,127833 0,000199
becoming 1,108663 0,000576
begin 1,309333 0,000681
beginning 0,776529 0,000202
beneficial 2,207275 0,000574
beonex 2,525729 0,000657
beta 1,386294 0,000360
bgp 3,218876 0,000837
bho 2,995732 0,000779
bidirectional 2,813411 0,000731
blackhat 3,912023 0,001017
blazer 2,659260 0,000691
block 0,798508 0,000208
blocking 1,714798 0,000891
blocks 1,272966 0,000662
blog 0,776529 0,000606
bokm 0,127833 0,000033
bolt 2,302585 0,000599
bookmarks 2,525729 0,000657
books 0,544727 0,000142
boringssl 3,912023 0,001017
botan 3,912023 0,001017
bouncy 3,506558 0,000912
box 1,171183 0,000304
brave 2,407946 0,000626
breach 2,040221 0,000530
browser 1,078810 0,007572
browsers 1,771957 0,006449
browsersfeatures 2,659260 0,000691
browsing 1,966113 0,000511
bsafe 3,912023 0,001017
bugzilla 3,506558 0,000912
bullrun 3,912023 0,001017
business 0,301105 0,000078
button 2,207275 0,000574
caa 3,506558 0,000912
cab 3,912023 0,001017
cache 1,714798 0,000446
cake 2,659260 0,000691
called 0,040822 0,000042
camino 2,525729 0,000657
campaign 2,302585 0,000599
cannon 2,813411 0,000731
cannot 0,314711 0,000164
canvas 2,525729 0,000657
captive 3,506558 0,000912
carlisle 3,912023 0,001017
carlsson 3,912023 0,001017
cas 3,912023 0,001017
case 0,139262 0,000181
cases 0,478036 0,000124
castle 3,218876 0,000837
catal 0,094311 0,000025
catalin 2,659260 0,000691
categories -0,009950 -0,000005
category 0,116534 0,000091
causes 1,469676 0,000382
cca 2,995732 0,000779
censorship 2,659260 0,003456
central 0,510826 0,000133
certain 0,274437 0,000071
certificate 1,714798 0,023625
certificates 2,040221 0,011137
certification 1,660731 0,000432
certifies 3,506558 0,000912
cgi 2,525729 0,000657
chain 1,049822 0,000273
challenge 1,139434 0,000296
changes 0,356675 0,000185
changesupload -0,009950 -0,000005
changing 0,820981 0,000213
channel 1,309333 0,001021
channels 1,897120 0,000493
checked 1,514128 0,000787
chen 1,309333 0,000340
chief 1,609438 0,000418
china 0,967584 0,000503
chrome 1,966113 0,005111
chromium 2,120264 0,002205
cimpanu 2,659260 0,000691
cipher 2,813411 0,002194
ciphers 2,995732 0,000779
circumvention 3,506558 0,001823
citation 0,415515 0,000324
citrio 2,659260 0,000691
classic 0,967584 0,000252
classilla 2,525729 0,000657
clear 1,139434 0,000296
cli 2,040221 0,000530
clicking 2,525729 0,001313
client 0,867501 0,002030
cloud 0,776529 0,000202
coast 2,302585 0,000599
code -0,009950 -0,000005
codes 1,660731 0,000432
coffee 2,207275 0,000574
colin 2,407946 0,000626
com 0,150823 0,000431
combination 0,916291 0,000238
come 0,867501 0,000226
comet 2,659260 0,000691
command 1,021651 0,000266
commercial 0,653926 0,000170
common 0,072571 0,000019
commons -0,009950 -0,000010
commonsmediawikimeta 3,912023 0,001017
communicates 3,218876 0,000837
communicating 1,832581 0,000476
communication 0,616186 0,000801
communications 0,733969 0,001145
communicationuri 3,912023 0,001017
comodo 2,525729 0,001313
comparison 0,446287 0,000348
completely 0,941609 0,000245
compression 1,347074 0,000350
compromise 2,207275 0,001148
compromised 2,525729 0,003939
computer 0,139262 0,000109
conduct -0,009950 -0,000003
conference 0,301105 0,000078
configured 1,714798 0,000891
confused 1,108663 0,000288
conkeror 2,659260 0,000691
connect 1,427116 0,000371
connecting 1,714798 0,000446
connection 1,203973 0,002504
connections 1,272966 0,001324
consequence 1,771957 0,000461
considered 0,400478 0,000208
contact -0,009950 -0,000003
contacts -0,009950 -0,000003
contain 0,693147 0,000180
container 1,660731 0,000863
containing 0,579818 0,000754
contains 0,634878 0,000495
content -0,009950 -0,000016
contents -0,009950 -0,000018
context 0,494296 0,000257
continue 1,139434 0,000296
contribute -0,009950 -0,000003
control 0,020203 0,000016
convergence 2,302585 0,000599
conversation 2,207275 0,000574
cookie -0,009950 -0,000005
cookies 2,407946 0,001878
corporate 1,078810 0,000280
correctly 1,832581 0,002382
correctness 2,302585 0,000599
cors 2,995732 0,000779
countermeasure 3,218876 0,000837
crawler 2,813411 0,000731
create -0,009950 -0,000008
created 0,430783 0,000112
creates 1,309333 0,000681
creative -0,009950 -0,000003
creators 2,525729 0,000657
crid 3,506558 0,000912
crime 1,514128 0,000394
criminals 2,302585 0,000599
crl 3,912023 0,002034
crls 3,912023 0,001017
cross 0,562119 0,000146
cryptlib 3,912023 0,001017
cryptographic 1,897120 0,001479
cryptography 1,560648 0,001217
css 1,897120 0,000493
currently 0,755023 0,000196
curve 1,347074 0,000350
customers 1,078810 0,000280
damage 2,120264 0,000551
dane 3,912023 0,001017
data 0,030459 0,000055
database 0,579818 0,000151
datagram 2,659260 0,000691
dated 0,967584 0,001258
dates 0,430783 0,000112
dccp 3,218876 0,000837
dead 1,386294 0,000360
december 0,061875 0,000016
decrypt 2,659260 0,000691
decrypted 3,218876 0,001673
decryption 2,995732 0,000779
decrypts 3,506558 0,000912
deepfish 2,659260 0,000691
deepnet 2,659260 0,000691
default 0,693147 0,000901
defaulted 3,912023 0,001017
defeats 3,912023 0,001017
delegate 2,995732 0,000779
delete 1,609438 0,000418
delivers 2,659260 0,000691
depends 0,994252 0,000258
deploy 2,302585 0,000599
deploying 2,302585 0,000599
deprecated 1,714798 0,000446
derive 1,966113 0,000511
described 0,430783 0,000112
description -0,009950 -0,000003
descriptionshort 0,000000 0,000000
designed 0,261365 0,000136
despite 1,021651 0,000797
detailed 1,272966 0,000331
developed 0,127833 0,000033
developer 0,820981 0,000213
developers -0,009950 -0,000008
development 0,083382 0,000065
device 0,891598 0,000232
devices 0,867501 0,000226
dhcp 2,995732 0,000779
dhe 3,912023 0,001017
dhtml 2,302585 0,000599
dialog 2,995732 0,000779
difference 0,820981 0,000427
different 0,020203 0,000011
diffie 2,995732 0,001557
digest 2,302585 0,000599
digital 0,400478 0,000104
dillo 2,659260 0,000691
disappear 3,218876 0,000837
disclaimer 3,912023 0,001017
disclaimers -0,009950 -0,000003
disclosure 2,120264 0,000551
disclosures 2,995732 0,000779
discontinued 1,714798 0,000446
discontinuedblink 2,659260 0,000691
discover 1,966113 0,001022
discovered 1,514128 0,000394
display 1,171183 0,001218
distributed 0,478036 0,000124
dmy 0,994252 0,000258
dns 1,897120 0,001973
dnscrypt 3,912023 0,001017
dnssec 3,912023 0,001017
dnt 3,218876 0,000837
docs 1,309333 0,000340
doi 0,162519 0,000127
dolphin 2,659260 0,000691
dom 1,560648 0,001217
domain 0,562119 0,000877
domains 1,609438 0,000418
donate -0,009950 -0,000005
dooble 2,659260 0,000691
download -0,009950 -0,000003
drew 2,525729 0,000657
drop 1,714798 0,000446
dropped 1,660731 0,000432
drown 3,506558 0,000912
dtls 3,506558 0,000912
duckduckgo 2,525729 0,000657
duncan 3,218876 0,000837
duration 2,040221 0,000530
dynamic 0,562119 0,000146
each 0,072571 0,000038
easier 1,049822 0,000273
east 1,714798 0,000446
easy 1,021651 0,000266
eavesdropper 3,912023 0,001017
eavesdroppers 3,218876 0,002510
eavesdropping 2,407946 0,001252
ecdhe 3,912023 0,001017
eckersley 3,506558 0,001823
ecn 2,995732 0,000779
ecosia 2,659260 0,000691
edge 0,941609 0,000490
edit -0,009950 -0,000047
editcommunity -0,009950 -0,000003
edited -0,009950 -0,000003
education 0,579818 0,000151
eff 2,659260 0,002074
effective 0,994252 0,000258
effort 0,967584 0,000503
eitan 3,912023 0,001017
either 0,248461 0,000065
electronic 0,634878 0,000990
elena 2,995732 0,000779
elgamal 3,506558 0,001823
elinks 2,659260 0,000691
ellen 2,813411 0,000731
elliptic 2,813411 0,000731
embedded 0,867501 0,000226
embracing 2,659260 0,000691
eme 2,659260 0,000691
empowering 2,813411 0,000731
enabled 0,994252 0,000258
enables 0,693147 0,000180
encourage 1,897120 0,000493
encrypt 2,525729 0,005909
encrypted 1,714798 0,004457
encrypting 2,659260 0,001383
encryption 1,272966 0,004302
encrypts 2,995732 0,001557
encyclopedia -0,009950 -0,000003
enforcement 1,771957 0,000461
engaging 2,813411 0,000731
engine 0,693147 0,000180
engineering 0,198451 0,000103
english -0,009950 -0,000003
ensures 1,832581 0,000953
enterprise 0,510826 0,000133
entire 0,755023 0,000393
entirely 1,386294 0,000360
entirety 2,995732 0,000779
entities 1,139434 0,000296
entity 1,309333 0,001021
environment 0,478036 0,000124
epic 2,040221 0,000530
eric 1,078810 0,000841
espa 0,210721 0,000055
especially 0,415515 0,000324
establish 1,714798 0,000446
established 0,916291 0,000238
etag 3,218876 0,000837
even 0,235722 0,000368
events 0,634878 0,000165
eventsrandom -0,009950 -0,000003
every 0,261365 0,000136
everywhere 2,120264 0,003858
evolved 1,560648 0,000406
eweek 2,659260 0,000691
eww 2,659260 0,000691
examining 1,832581 0,000476
example 0,030459 0,000048
exception 1,386294 0,000721
exchange 0,693147 0,000360
exchanged 1,771957 0,000461
exist 0,653926 0,000170
exists 1,049822 0,000273
expensive 1,560648 0,000406
expiration 2,659260 0,000691
expires 3,218876 0,000837
exploited 1,897120 0,000493
explorer 1,771957 0,003685
export -0,009950 -0,000005
exposed 1,771957 0,000461
extended 0,755023 0,000785
extension 0,967584 0,001258
extensions 0,916291 0,000715
external 0,030459 0,000016
facebook 1,560648 0,000406
fact 0,755023 0,000589
fail 1,660731 0,000432
fails 2,302585 0,000599
fake 2,407946 0,000626
falkon 2,659260 0,000691
family 1,078810 0,000280
faq 1,386294 0,000721
far 0,867501 0,000226
fashion 1,832581 0,000476
fast 0,673345 0,000175
father 2,659260 0,001383
fcgi 2,995732 0,000779
feasible 2,120264 0,000551
february 0,061875 0,000113
feed 2,040221 0,000530
few 0,653926 0,000170
fields 0,713350 0,000185
fifteen 3,912023 0,001017
file 0,616186 0,000320
filepermanent -0,009950 -0,000003
filespecial -0,009950 -0,000003
filters 1,832581 0,000476
finds 1,771957 0,000461
finger 2,995732 0,000779
firefox 1,771957 0,006449
firewall 2,407946 0,000626
first 0,020203 0,000005
flash 1,897120 0,000493
flock 2,407946 0,000626
floorp 2,525729 0,000657
flow 0,510826 0,000266
fluid 1,771957 0,000461
following 0,210721 0,000055
fooled 3,218876 0,000837
forbidden 2,120264 0,000551
force 0,867501 0,000677
forcing 2,207275 0,000574
fork 1,386294 0,000360
form 0,162519 0,000084
formally 1,897120 0,000493
formerly 1,309333 0,000681
forum 1,347074 0,001050
forward 1,021651 0,002390
forwarded 3,218876 0,000837
foss 1,966113 0,000511
found 0,385662 0,000401
foundation -0,009950 -0,000026
framework 0,342490 0,000089
freak 3,506558 0,000912
free -0,009950 -0,000010
freedom 1,609438 0,000418
freegate 3,912023 0,001017
freeweibo 3,912023 0,001017
frequently 0,967584 0,000252
frontend 2,407946 0,000626
frontier 1,714798 0,002674
fronting 3,912023 0,001017
ftp 2,040221 0,001591
fully 0,616186 0,000160
further 0,139262 0,000036
future 0,274437 0,000071
gain 1,386294 0,000360
galeon 2,659260 0,000691
gallagher 3,506558 0,000912
galperin 3,912023 0,001017
gate 2,813411 0,000731
gated 2,659260 0,000691
gazelle 2,659260 0,000691
gears 2,120264 0,000551
gecko 2,407946 0,001878
gemini 2,207275 0,000574
general -0,009950 -0,000003
generally 0,287682 0,000075
generate 0,798508 0,000415
generator 2,040221 0,000530
geo 2,659260 0,000691
geolocation 2,525729 0,000657
get 0,733969 0,000763
ghostzilla 2,659260 0,000691
github 1,078810 0,000280
global 0,478036 0,000124
gnome 2,302585 0,000599
gnu 1,272966 0,000331
gnutls 3,912023 0,001017
goagent 3,912023 0,001017
goanna 2,525729 0,000657
google 0,579818 0,002562
gopher 2,995732 0,000779
goto 2,813411 0,000731
governments 1,386294 0,000360
graphql 2,659260 0,000691
great 0,941609 0,000490
greatfire 3,912023 0,001017
greenbrowser 2,659260 0,000691
greene 2,525729 0,000657
grigorik 3,506558 0,000912
guaay 3,912023 0,001017
guarantee 1,560648 0,000406
guys 2,813411 0,000731
handler 2,407946 0,000626
hands 1,427116 0,000371
head 1,021651 0,000531
header 1,897120 0,000986
headers 2,813411 0,001463
healthcare 1,347074 0,000350
heartbleed 3,912023 0,001017
hellman 3,218876 0,001673
help 0,248461 0,000194
helplearn -0,009950 -0,000003
here 0,301105 0,000157
hererelated -0,009950 -0,000003
hidden 0,843970 0,000219
hide -0,009950 -0,000010
high 0,223144 0,000058
higher 0,430783 0,000112
highest 1,514128 0,000394
historically 1,386294 0,000360
history -0,009950 -0,000016
holder 2,302585 0,000599
home 0,653926 0,000170
hosted 1,660731 0,000432
hosting 1,560648 0,000811
hostname 3,506558 0,000912
hosts 2,040221 0,001061
hot 1,966113 0,001022
hotel 2,995732 0,000779
hotjava 2,659260 0,000691
hotspot 2,995732 0,000779
house 0,916291 0,000238
how 0,072571 0,000057
however 0,094311 0,000074
hpkp 3,912023 0,001017
hrvatskibahasa 1,427116 0,000371
hsts 3,912023 0,003051
html 1,078810 0,000280
http 1,021651 0,014341
https -0,009950 -0,000235
huawei 1,966113 0,000511
hundreds 1,609438 0,000418
hydration 2,525729 0,000657
hyper 2,302585 0,000599
hypertext 1,771957 0,001842
hyphanet 3,506558 0,000912
ibm 0,693147 0,000360
ibrowse 2,659260 0,000691
icab 2,659260 0,000691
icecat 2,525729 0,000657
icedragon 2,659260 0,000691
icmp 2,995732 0,000779
ideal 2,207275 0,000574
identical 1,514128 0,000394
identifier 1,560648 0,000811
identifies 1,609438 0,000418
identify 0,867501 0,000226
identifying 1,139434 0,000296
identities 2,302585 0,000599
identity 1,309333 0,000681
idl 2,813411 0,000731
ieee 0,634878 0,000165
ietf 2,040221 0,000530
igmp 3,218876 0,000837
illnesses 3,218876 0,000837
ilya 2,302585 0,000599
images 1,237874 0,000322
imap 2,813411 0,000731
impact 0,597837 0,000155
implement 0,755023 0,000393
implementation 0,328504 0,000256
implementations 0,733969 0,000382
implements 1,347074 0,000350
important 0,287682 0,000374
improve 0,274437 0,000071
improvements 1,203973 0,000626
ina 0,356675 0,000093
inasloven 0,616186 0,000160
inc -0,009950 -0,000010
include 0,061875 0,000016
included 0,400478 0,000104
includes 0,274437 0,000071
including 0,040822 0,000042
income 1,609438 0,000418
increasingly 0,776529 0,000202
index -0,009950 -0,000003
indexeddb 2,407946 0,001252
indexing 1,771957 0,000461
indiana 2,525729 0,000657
indicates 1,272966 0,000331
indication 2,407946 0,002504
individual 0,415515 0,000108
indonesiaitaliano 1,237874 0,000322
infer 1,832581 0,001429
inferred 2,525729 0,001313
info 1,832581 0,000476
information 0,072571 0,000226
informationcite -0,009950 -0,000003
infrastructure 0,713350 0,000371
inject 3,506558 0,001823
injecting 3,506558 0,000912
injection 1,771957 0,001382
insecure 1,771957 0,001842
inside 0,755023 0,000196
install 1,714798 0,000446
installed 1,272966 0,000662
instead 0,301105 0,000078
integration 0,673345 0,000350
integrity 1,427116 0,000371
intercepted 2,813411 0,001463
interface 0,616186 0,000160
interfacesserver 2,995732 0,000779
internet 0,462035 0,002642
intranet 2,995732 0,000779
introduction 0,261365 0,000068
invalid 1,897120 0,001479
investment 1,171183 0,000609
ipp 3,218876 0,000837
ipsec 2,995732 0,001557
ipv 2,659260 0,000691
irc 2,659260 0,002074
ircs 3,506558 0,000912
iris 2,302585 0,000599
isapi 2,995732 0,000779
isbn 0,051293 0,000040
issuance 2,525729 0,000657
issue 0,820981 0,000213
issuing 2,302585 0,000599
italics 2,302585 0,000599
item -0,009950 -0,000003
itself 0,342490 0,000178
jakarta 2,659260 0,000691
jap 3,506558 0,000912
javascript 1,021651 0,000797
jondonym 3,912023 0,001017
jsgi 2,407946 0,000626
jsse 3,912023 0,001017
julien 2,813411 0,000731
july 0,127833 0,000133
jump -0,009950 -0,000003
june 0,094311 0,000074
justinsomnia 3,912023 0,001017
kazakhstan 2,659260 0,000691
kazehakase 2,659260 0,000691
keep 0,994252 0,000258
kehuan 3,912023 0,001017
kerner 3,506558 0,000912
kevin 1,386294 0,000360
key 0,356675 0,001298
keys 1,514128 0,001181
khronos 2,995732 0,000779
kidzui 2,659260 0,000691
kinds 1,171183 0,000304
know 0,776529 0,000202
knowing 2,207275 0,000574
knowledge 0,616186 0,000160
known 0,127833 0,000033
konigsburg 3,912023 0,001017
konqueror 2,659260 0,000691
korzhitskii 3,912023 0,001017
kvochko 3,506558 0,000912
kylo 2,659260 0,000691
label 1,714798 0,000446
labs 1,386294 0,001081
ladybird 2,659260 0,000691
languages -0,009950 -0,000005
lantern 3,912023 0,001017
last -0,009950 -0,000003
latency 1,897120 0,000493
later 0,223144 0,000058
latest 0,994252 0,000258
latvie 0,994252 0,000258
launched 1,347074 0,001050
launching 2,525729 0,000657
law 0,755023 0,000196
lawrence 1,386294 0,000721
layer 0,867501 0,005412
layers 1,427116 0,000742
ldap 2,525729 0,001313
ldaps 3,506558 0,000912
leaks 1,897120 0,000493
lecture 1,427116 0,000371
led 0,446287 0,000116
left 0,916291 0,000238
legacy 1,309333 0,000340
legal -0,009950 -0,000010
legitimate 2,120264 0,000551
let 1,139434 0,002073
letsencrypt 3,912023 0,001017
level 0,116534 0,000091
leverage 1,771957 0,000461
libressl 3,912023 0,001017
librewolf 2,525729 0,000657
license -0,009950 -0,000003
life 0,653926 0,000170
limit 0,994252 0,000258
limitations 1,139434 0,000889
limited 0,510826 0,000133
linchpin 3,912023 0,001017
line 0,356675 0,000185
link 0,162519 0,000211
linkpage -0,009950 -0,000003
links -0,009950 -0,000013
lisp 1,386294 0,000360
list 0,083382 0,000087
lite 2,302585 0,000599
liveconnect 2,995732 0,000779
load 1,347074 0,001050
loaded 1,771957 0,001382
loads 2,207275 0,001148
local 0,415515 0,000108
location 0,994252 0,000258
lock 1,832581 0,000476
log -0,009950 -0,000008
login 1,966113 0,001022
logjam 3,506558 0,000912
long 0,287682 0,000224
longer 0,755023 0,000196
lot 1,469676 0,000382
lots 3,218876 0,000837
lotus 2,120264 0,000551
lower 0,776529 0,000202
lucky 3,218876 0,000837
lunascape 2,659260 0,000691
lynx 2,525729 0,000657
mac 1,272966 0,000662
magnet 3,506558 0,000912
mail 1,427116 0,000371
mailto 3,506558 0,000912
main -0,009950 -0,000016
maintenance 0,843970 0,000219
major 0,314711 0,000082
majority 1,139434 0,000592
make 0,235722 0,000245
malicious 1,660731 0,000432
maliciously 3,218876 0,000837
malpani 3,912023 0,001017
malware 1,897120 0,001479
man 1,139434 0,002073
manage 0,967584 0,000503
management 0,139262 0,000036
many 0,061875 0,000080
mark 0,462035 0,000120
mashup 2,525729 0,000657
mass 1,427116 0,000742
matrixssl 3,912023 0,001017
matthew 1,771957 0,000461
maxthon 2,659260 0,000691
mbed 3,912023 0,001017
means 0,198451 0,000103
meant 1,514128 0,000787
measured 1,021651 0,000266
measurement 1,514128 0,000394
mechanism 0,733969 0,000191
media 0,139262 0,000036
mediabrowser 2,659260 0,000691
medications 3,912023 0,001017
meleon 2,525729 0,000657
menu -0,009950 -0,000005
mercury 2,659260 0,000691
message 0,478036 0,000373
messaging 1,714798 0,000446
messmer 3,912023 0,001017
metadata 1,347074 0,000350
method 0,210721 0,000055
methods 0,274437 0,000214
mgcp 3,218876 0,000837
michael 0,400478 0,000208
microb 2,659260 0,000691
microservices 2,407946 0,000626
microsoft 0,579818 0,000904
middle 1,203973 0,002504
midori 2,407946 0,000626
million 0,916291 0,000476
mini 1,832581 0,000476
minimal 1,347074 0,000350
minimo 2,525729 0,000657
mis 2,659260 0,000691
mitm 3,218876 0,000837
mitzvah 3,912023 0,001017
mixmaster 3,912023 0,001017
mixture 2,407946 0,000626
mobile -0,009950 -0,000005
mod 2,120264 0,006063
mode 0,891598 0,001159
model 0,162519 0,000042
modern 0,314711 0,000082
modes 1,714798 0,000446
modify 1,237874 0,000322
modules 1,347074 0,000350
mono 2,407946 0,000626
months 0,891598 0,000232
moon 2,040221 0,000530
more 0,010050 0,000026
mosaic 2,207275 0,000574
most 0,040822 0,000096
motivations 2,813411 0,000731
move -0,009950 -0,000013
moved 1,347074 0,000350
moving 0,776529 0,000202
mozilla 1,514128 0,002362
mqtt 2,995732 0,000779
mse 2,302585 0,000599
mshtml 2,659260 0,000691
msn 2,525729 0,001970
mullvad 2,659260 0,000691
multi 0,342490 0,000089
mutual 1,966113 0,001022
myers 3,218876 0,000837
nacl 2,525729 0,000657
name 0,342490 0,000801
named 0,820981 0,000213
names 0,673345 0,000175
national 0,562119 0,000292
navigation -0,009950 -0,000003
navigator 2,525729 0,000657
ndp 3,218876 0,000837
nearly 1,139434 0,000296
necessarily 1,049822 0,000273
necessary 0,616186 0,000160
nederlands 0,415515 0,000108
need 0,248461 0,000194
needed 0,210721 0,000164
needs 0,415515 0,000216
negotiation 2,813411 0,000731
neoplanet 2,659260 0,000691
net 0,415515 0,000216
netblocks 3,912023 0,001017
netcaptor 2,659260 0,000691
netcraft 3,912023 0,001017
netfront 2,659260 0,000691
netpositive 2,659260 0,000691
netscape 2,040221 0,002121
netsurf 2,659260 0,000691
network 0,210721 0,000603
networking 1,171183 0,000304
networks 0,446287 0,000464
nevertheless 1,660731 0,000432
new 0,010050 0,000008
newer 1,309333 0,001021
newnes 3,506558 0,000912
news 0,446287 0,000232
nfs 3,218876 0,000837
nntp 2,995732 0,001557
nodes 1,108663 0,000288
nokia 2,207275 0,000574
non -0,009950 -0,000005
normally 1,514128 0,000394
norsk 0,342490 0,000089
nossl 3,912023 0,003051
not 0,000000 0,000000
notaries 3,912023 0,001017
notes 0,415515 0,000108
november 0,150823 0,000039
now 0,274437 0,000143
npapi 2,813411 0,000731
npruntime 2,995732 0,000779
nsa 2,302585 0,000599
nsapi 2,995732 0,000779
nss 3,506558 0,000912
ntp 3,218876 0,000837
number 0,051293 0,000067
numbers 0,544727 0,000142
observed 1,469676 0,000382
ocsp 2,659260 0,004839
offering 0,994252 0,000258
often 0,127833 0,000066
older 1,237874 0,000965
oldid -0,009950 -0,000003
oleuskara 1,514128 0,000394
omniweb 2,659260 0,000691
onc 3,218876 0,000837
one 0,010050 0,000016
onionshare 3,912023 0,001017
online 0,415515 0,000432
only 0,051293 0,000200
onto 1,660731 0,000432
ooni 3,912023 0,001017
open 0,235722 0,000184
openssl 2,995732 0,000779
opera 2,302585 0,004190
operates 1,714798 0,000891
operating 0,462035 0,000120
operation 0,713350 0,000185
operator 1,139434 0,000296
opining 3,912023 0,001017
oppliger 3,218876 0,000837
opportunistic 2,813411 0,001463
options 1,108663 0,000288
oracle 1,108663 0,000288
orbot 3,912023 0,001017
order 0,094311 0,000074
ordinary 1,272966 0,000331
org -0,009950 -0,000013
organization -0,009950 -0,000003
organizations 0,798508 0,000415
original 0,030459 0,000380
originally 0,820981 0,000213
origyn 2,659260 0,000691
orion 2,302585 0,000599
ospf 3,218876 0,000837
other -0,009950 -0,000021
others 0,314711 0,000082
otherwise 1,108663 0,000288
otter 2,659260 0,000691
outline 0,653926 0,000170
over 0,094311 0,000319
overview 0,616186 0,000481
owin 2,995732 0,000779
own 0,371064 0,000096
owner 1,309333 0,000340
owners 1,660731 0,000432
pac 2,995732 0,000779
packet 2,302585 0,001796
padding 2,813411 0,000731
page -0,009950 -0,000031
pagecontentscurrent -0,009950 -0,000003
pageget -0,009950 -0,000003
pages -0,009950 -0,000005
pagesuse 1,469676 0,000382
pagethis 2,659260 0,000691
paid 1,560648 0,000811
pale 2,525729 0,000657
pant 3,506558 0,000912
paper 0,713350 0,000185
parameter 1,108663 0,000288
parameters 1,021651 0,000266
parrot 2,302585 0,000599
part 0,127833 0,000033
particular 0,301105 0,000078
parties 1,021651 0,000266
party 0,798508 0,000415
passenger 2,207275 0,000574
passing 1,771957 0,000461
passive 2,302585 0,000599
password 2,207275 0,000574
passwords 1,897120 0,000493
past 1,049822 0,000546
patch 2,120264 0,000551
payment 1,427116 0,000371
pdf 0,139262 0,000072
pdfprintable -0,009950 -0,000003
pending 2,120264 0,000551
people 0,356675 0,000093
perfect 1,897120 0,000986
performed 0,867501 0,000226
perl 1,386294 0,000721
permanently 1,714798 0,000446
permitting 2,995732 0,000779
persistence 2,207275 0,000574
persistent 1,660731 0,000432
personal -0,009950 -0,000008
peter 0,494296 0,000257
pfs 3,912023 0,001017
php -0,009950 -0,000005
phusion 2,813411 0,000731
physical 0,616186 0,000160
pierre 1,966113 0,001022
piggybacks 3,912023 0,001017
pinning 3,912023 0,001017
pirate 3,506558 0,000912
piratebox 3,912023 0,001017
piratebrowser 2,659260 0,000691
pki 3,506558 0,000912
place 0,597837 0,000155
plain 1,514128 0,000394
plaintext 2,995732 0,000779
pogo 2,525729 0,000657
point 0,301105 0,000078
points 0,867501 0,000226
poisoning 3,218876 0,000837
policy -0,009950 -0,000010
pollution 1,897120 0,000493
polskiportugu 0,916291 0,000238
poodle 3,912023 0,002034
pop 1,771957 0,000461
popular 0,579818 0,000301
port 1,609438 0,002092
portal 0,597837 0,000155
portalrecent -0,009950 -0,000003
portlet 2,995732 0,000779
possessing 3,506558 0,000912
possible 0,287682 0,000150
post 0,579818 0,000151
potential 0,653926 0,000170
potentially 0,755023 0,001178
ppapi 2,995732 0,000779
ppp 3,218876 0,000837
practice 0,371064 0,000289
pre 0,941609 0,000490
predecessors 2,525729 0,000657
prepare 2,525729 0,000657
present 0,597837 0,000311
presented 1,139434 0,000296
presents 1,771957 0,000461
press 0,210721 0,000055
prevalent 2,525729 0,000657
prevent 0,891598 0,000232
primarily 0,653926 0,000170
principal 1,272966 0,000331
principleswith 3,912023 0,001017
print -0,009950 -0,000003
prior 0,891598 0,000232
privacy -0,009950 -0,000018
private 0,693147 0,001081
problems 0,430783 0,000112
profile 1,514128 0,000394
profit -0,009950 -0,000003
program 0,328504 0,000256
progressive 2,407946 0,000626
prohibited 2,407946 0,000626
project 0,314711 0,000164
projects -0,009950 -0,000008
prominently 2,659260 0,000691
prompted 2,207275 0,000574
properly 1,309333 0,000340
properties 0,693147 0,000360
property 0,776529 0,000606
proprietary 1,171183 0,000304
protect 1,427116 0,001484
protected 0,776529 0,000404
protection 0,994252 0,001292
protects 2,659260 0,002074
protocol 0,713350 0,004821
protocolcryptographic 3,912023 0,001017
protocols 0,967584 0,000755
protocolsfeatures 2,659260 0,000691
protocolssecure 3,912023 0,001017
provide 0,174353 0,000136
provided 0,494296 0,000385
providers 1,514128 0,000394
provides 0,261365 0,000136
providing 0,673345 0,000175
proxies 2,659260 0,000691
proxify 3,912023 0,001017
proxy 1,832581 0,001905
psgi 2,995732 0,000779
psiphon 3,912023 0,001017
ptp 3,218876 0,000837
public 0,248461 0,000710
publicly 1,309333 0,000340
published 0,328504 0,000085
puffin 2,659260 0,000691
pulse 2,995732 0,002336
pusep 3,912023 0,001017
push 1,609438 0,000418
put 0,994252 0,000258
python 0,916291 0,000715
qtweb 2,659260 0,000691
qualys 3,912023 0,003051
query 1,427116 0,000371
quic 2,995732 0,002336
quinstreet 3,506558 0,000912
qutebrowser 2,659260 0,000691
rack 2,407946 0,000626
rajiv 3,218876 0,000837
random 0,843970 0,000219
range 0,446287 0,000116
ranking 1,966113 0,000511
rbaycanca 0,248461 0,000065
readeditview 0,287682 0,000150
reader 1,832581 0,000476
reality 1,272966 0,000331
reason 1,049822 0,000273
reasonable 1,609438 0,000418
reasons 0,891598 0,000232
receive 1,108663 0,000288
received 1,078810 0,000280
recommended 1,609438 0,000418
recorded 1,237874 0,000322
redcore 2,659260 0,000691
reduce 0,673345 0,000175
reference 0,478036 0,000124
references 0,020203 0,000011
referer 3,218876 0,000837
referred 0,446287 0,000116
refers 0,755023 0,000196
refraction 3,912023 0,001017
regardless 1,272966 0,000331
regards 2,659260 0,001383
registered -0,009950 -0,000003
related 0,051293 0,000027
relation 1,347074 0,000350
release 0,579818 0,000151
relevant 0,916291 0,000238
relies 1,272966 0,000331
remain 1,078810 0,000280
remaining 1,309333 0,000340
remote 0,843970 0,000219
report 0,462035 0,000120
request 1,203973 0,001878
required 0,274437 0,000071
requirements 0,597837 0,000155
requires 0,430783 0,000224
requiring 1,049822 0,000273
rescorla 3,912023 0,001017
research 0,261365 0,000272
researchers 0,820981 0,000427
resource 0,733969 0,000954
responds 2,525729 0,000657
response 0,755023 0,000785
rest 1,108663 0,000865
retrieved -0,009950 -0,000137
return 0,820981 0,000213
reveal 2,040221 0,000530
revealed 1,832581 0,000476
revelations 3,506558 0,000912
reviewed 1,714798 0,000446
revision 1,347074 0,000350
revocation 3,912023 0,007118
revoked 2,813411 0,001463
rfc 1,714798 0,002674
rich 1,347074 0,000700
rip 3,218876 0,000837
roa 2,813411 0,000731
robert 0,579818 0,000151
rockmelt 2,659260 0,000691
rolf 2,995732 0,000779
rom 0,616186 0,000160
root 0,994252 0,000258
roysktfran 2,040221 0,000530
rpc 2,813411 0,000731
rsvp 3,218876 0,000837
rsync 3,506558 0,000912
rtp 3,218876 0,000837
rtsp 3,218876 0,000837
ruby 1,347074 0,000700
rui 2,659260 0,000691
run 0,446287 0,000116
rustls 3,912023 0,001017
ryan 1,560648 0,000406
safari 2,040221 0,001591
safety -0,009950 -0,000005
salamweb 2,659260 0,000691
same 0,116534 0,000061
samsung 2,040221 0,000530
says 1,309333 0,000340
scgi 2,995732 0,000779
schannel 3,912023 0,001017
scheme 1,469676 0,001528
schemes 1,660731 0,000432
schemesofficial 3,506558 0,000912
schemestransport 3,912023 0,001017
schoen 3,912023 0,001017
science 0,287682 0,000075
scientist 1,609438 0,000418
scripting 1,237874 0,001287
scripts 1,609438 0,000418
sctp 3,218876 0,000837
seamonkey 2,525729 0,000657
sean 1,609438 0,000418
search -0,009950 -0,000013
sec 2,207275 0,000574
secrecy 2,525729 0,006565
secret 1,832581 0,002382
secrets 2,207275 0,000574
section 0,562119 0,000146
secure 1,108663 0,007205
secured 2,120264 0,001102
security 0,314711 0,003027
securityinternet 3,912023 0,001017
see -0,009950 -0,000010
seldom 2,659260 0,000691
self 0,478036 0,000124
semantics 1,171183 0,000304
sends 2,120264 0,001102
sensitive 1,272966 0,001985
separate 0,693147 0,000180
serial 2,995732 0,000779
serve 1,139434 0,000296
served 1,832581 0,000476
server 0,653926 0,004590
servers 1,021651 0,001062
service 0,314711 0,000164
services 0,400478 0,000104
servlet 2,659260 0,000691
session 1,660731 0,001727
sessions 2,659260 0,001383
seth 1,832581 0,000476
settings 1,609438 0,000418
setup 2,040221 0,001061
several 0,094311 0,000049
shadowrocket 3,912023 0,001017
shadowsocks 3,912023 0,001017
sharealike -0,009950 -0,000003
shell 1,237874 0,000322
shield 2,525729 0,000657
shiira 2,659260 0,000691
short -0,009950 -0,000008
shortened -0,009950 -0,000003
show 0,867501 0,000226
shown 1,237874 0,000644
shqipsloven 3,506558 0,000912
shuo 3,912023 0,001017
side 0,693147 0,000901
sidebar -0,009950 -0,000010
sidebrowser 2,995732 0,000779
sideprotocols 2,995732 0,000779
sign 1,469676 0,001146
signal 1,347074 0,000350
signals 1,203973 0,000313
signed 1,309333 0,001361
signing 2,995732 0,000779
silk 2,040221 0,000530
simple 0,150823 0,000078
since 0,139262 0,000109
singel 3,506558 0,000912
single 0,127833 0,000033
sip 2,995732 0,001557
sips 3,506558 0,000912
site -0,009950 -0,000044
sites 1,609438 0,000837
size 0,462035 0,000480
sizes 1,514128 0,000394
skweezer 2,659260 0,000691
skyfire 2,659260 0,000691
slava 3,506558 0,000912
sleipnir 2,659260 0,000691
slimbrowser 2,659260 0,000691
slow 1,514128 0,000787
smtp 2,659260 0,000691
smuggling 2,813411 0,000731
sneakernet 3,912023 0,001017
sni 3,912023 0,004068
sniff 3,506558 0,000912
snmp 3,218876 0,000837
snowflake 2,995732 0,000779
sockets 2,813411 0,002194
softpedia 3,506558 0,001823
software 0,127833 0,000233
softwarefree 2,207275 0,000574
solution 0,776529 0,000404
some 0,040822 0,000074
sometimes 0,301105 0,000157
soon 1,427116 0,000371
sophisticated 1,237874 0,000322
source 0,186330 0,000048
spacetime 2,302585 0,000599
spdy 3,506558 0,000912
speaking 1,514128 0,000394
specific 0,094311 0,000025
specified 0,733969 0,000382
splitting 1,897120 0,000493
spot 1,771957 0,000461
spots 2,813411 0,000731
sputnik 2,407946 0,000626
sql 1,171183 0,000304
srpskisrpskohrvatski 0,510826 0,000133
srware 2,659260 0,000691
sse 2,813411 0,000731
ssh 2,407946 0,001878
ssl 2,525729 0,022979
ssleay 3,912023 0,001017
ssllabs 3,912023 0,002034
sslprotocols 3,912023 0,001017
sslstrip 3,912023 0,001017
stack 0,867501 0,000226
standards 0,462035 0,000360
stanislaw 3,912023 0,001017
stapling 3,912023 0,002034
started 0,634878 0,000165
starting 0,755023 0,000393
statement -0,009950 -0,000003
statements 0,314711 0,000409
statementsarticles 0,544727 0,000283
states 0,385662 0,000100
static 1,272966 0,000993
statistics -0,009950 -0,000008
statoperator 3,912023 0,001017
stats 2,120264 0,000551
status 0,693147 0,000901
statuses 3,912023 0,002034
statusthis 2,659260 0,000691
stay 1,966113 0,000511
stealing 2,659260 0,001383
stealthnet 3,912023 0,001017
steel 2,040221 0,000530
still 0,342490 0,000267
storage 0,430783 0,000224
strata 2,407946 0,000626
strict 1,609438 0,001673
strictly 1,966113 0,001022
stripping 3,506558 0,001823
strong 0,776529 0,000202
stronger 1,966113 0,000511
stunnel 3,912023 0,002034
subject 0,527633 0,000137
sublayer 3,912023 0,001017
subsection 0,020203 0,000011
subverts 3,912023 0,001017
such 0,000000 0,000000
sufficiently 2,120264 0,000551
suggests 1,771957 0,000461
suite 1,386294 0,000721
suited 1,514128 0,000394
suites 2,207275 0,000574
suomisvenskatagalog 1,171183 0,000304
supermium 2,659260 0,000691
supply 1,171183 0,000304
support 0,198451 0,000516
supported 0,634878 0,000165
supporting 0,843970 0,000219
surf 2,659260 0,000691
surgeries 3,912023 0,001017
surveillance 1,560648 0,001217
surveyed 2,525729 0,001313
svg 2,525729 0,000657
swiftfox 2,525729 0,000657
switching 1,660731 0,000432
symbian 2,207275 0,000574
symposium 1,309333 0,000340
syntax 1,171183 0,000304
system 0,030459 0,000016
systems 0,061875 0,000016
table -0,009950 -0,000005
tag 1,714798 0,000446
taher 3,912023 0,002034
taking 0,967584 0,000503
tampering 2,813411 0,002194
task 0,776529 0,000404
taxation 2,525729 0,000657
tcp 1,897120 0,001479
techdows 3,912023 0,001017
technical 0,478036 0,000373
technologies 0,562119 0,000292
technologiesbackground 3,912023 0,001017
technology 0,186330 0,000048
techs 2,525729 0,000657
telemetry 3,218876 0,000837
telex 2,995732 0,000779
tell 1,966113 0,001022
telling 2,995732 0,000779
telnet 3,218876 0,001673
tenfourfox 2,659260 0,000691
term 0,223144 0,000290
terms -0,009950 -0,000005
text -0,009950 -0,000008
than 0,072571 0,000038
that 0,000000 0,000000
then 0,116534 0,000091
theory 0,400478 0,000104
there 0,051293 0,000027
therefore 0,478036 0,000249
these 0,040822 0,000011
thinking 1,832581 0,000476
third 0,356675 0,000185
thirteen 3,912023 0,001017
this -0,009950 -0,000062
though 0,544727 0,000283
thunderhawk 2,659260 0,000691
thus 0,328504 0,000171
tim 0,867501 0,000226
timberwolf 2,659260 0,000691
time 0,010050 0,000005
times 0,314711 0,000164
timing 2,120264 0,001102
tinadanskdeutscheesti 1,309333 0,000340
title -0,009950 -0,000003
tls 2,207275 0,019508
today 0,693147 0,000541
toggle -0,009950 -0,000010
toggled 3,912023 0,001017
tomorrow 2,525729 0,001313
tool 0,653926 0,000170
tools -0,009950 -0,000008
top -0,009950 -0,000016
topic -0,009950 -0,000003
topics 0,653926 0,000510
tor 2,525729 0,005252
torch 2,407946 0,000626
torproject 3,912023 0,001017
trace 1,897120 0,000493
trademark -0,009950 -0,000003
traffic 1,272966 0,002647
transaction 1,427116 0,000371
transactions 0,713350 0,000185
transfer 0,693147 0,000901
transferred 1,660731 0,000432
transit 2,525729 0,000657
transition 1,427116 0,000371
transmission 1,347074 0,000350
transparency 1,560648 0,000406
transport 1,203973 0,004694
tribler 3,912023 0,001017
tries 1,832581 0,000476
true 0,776529 0,000202
trust 0,967584 0,000755
trusted 1,560648 0,002028
trusts 3,218876 0,003347
trying 1,609438 0,000418
tunnels 2,659260 0,000691
turkey 2,525729 0,000657
twitter 1,660731 0,000432
two 0,083382 0,000043
type 0,150823 0,000196
types 0,198451 0,000103
typically 0,223144 0,000174
udp 2,659260 0,000691
ulombardmagyar 2,813411 0,000731
ultrasurf 3,912023 0,001017
unavailable 2,302585 0,000599
under -0,009950 -0,000003
underlying 0,755023 0,000589
unencrypted 2,302585 0,000599
unfit 1,609438 0,000418
ungoogled 2,659260 0,000691
uniform 1,347074 0,000350
united 0,527633 0,000137
university 0,186330 0,000048
unnamed 2,659260 0,000691
unofficial 2,040221 0,000530
unsourced 0,446287 0,000232
upcoming 2,659260 0,000691
update 0,527633 0,000823
updating 1,427116 0,000742
updatingarticles 2,995732 0,000779
upgrade 1,832581 0,000476
upon 0,673345 0,000175
uproxy 3,912023 0,001017
uri 2,040221 0,002121
url 1,237874 0,000965
urlarticles 2,659260 0,000691
urldownload -0,009950 -0,000003
urls 2,302585 0,001197
urn 3,506558 0,000912
usage 0,597837 0,000777
usb 2,302585 0,000599
use -0,009950 -0,000057
used -0,009950 -0,000034
user 0,328504 0,002220
users 0,478036 0,000746
uses 0,094311 0,000074
using -0,009950 -0,000016
usually 0,223144 0,000058
utc -0,009950 -0,000003
uzbl 2,659260 0,000691
valid 1,272966 0,000993
validated 2,302585 0,000599
validation 1,237874 0,001287
validity 1,771957 0,000461
variations 1,514128 0,000394
venkat 3,506558 0,000912
verified 2,302585 0,000599
verify 1,660731 0,001727
verifying 2,525729 0,000657
version -0,009950 -0,000023
versions 0,579818 0,000452
via 0,186330 0,000145
video 0,616186 0,000160
view -0,009950 -0,000005
viewer 2,525729 0,000657
virtual 0,527633 0,000137
vision 0,891598 0,000232
visiting 2,659260 0,002074
visits 2,407946 0,001252
vista 2,813411 0,001463
vivaldi 2,659260 0,000691
vol 0,616186 0,000160
vouch 3,912023 0,001017
vpn 2,302585 0,001796
vte 0,967584 0,000503
vteinternet 3,506558 0,000912
vtetls 3,912023 0,001017
vteuniform 3,506558 0,000912
vteweb 1,966113 0,001022
vulnerabilities 1,469676 0,000382
vulnerabilitiestheory 3,912023 0,001017
vulnerable 1,427116 0,001113
walls 2,659260 0,000691
wang 1,427116 0,000742
wanted 1,714798 0,000446
warning 1,714798 0,002229
waterfox 2,525729 0,001313
way 0,198451 0,000052
ways 0,446287 0,000116
weak 1,832581 0,000476
web 0,342490 0,004718
webassembly 1,660731 0,000863
webauthn 2,407946 0,000626
webcl 2,813411 0,000731
webdav 2,995732 0,000779
webexplorer 2,659260 0,000691
webgl 2,407946 0,001252
webgpu 2,407946 0,001252
webhook 2,813411 0,000731
webkit 2,525729 0,001313
webmaster 3,506558 0,000912
webpages 3,506558 0,002735
webpositive 2,659260 0,000691
webrtc 2,407946 0,001252
website 0,634878 0,001155
websites 1,203973 0,005633
websocket 2,302585 0,001197
websockets 2,813411 0,000731
webusb 2,995732 0,000779
webxr 2,525729 0,000657
welivesecurity 3,506558 0,000912
well 0,051293 0,000027
whale 2,407946 0,000626
what -0,009950 -0,000008
when 0,030459 0,000063
where 0,072571 0,000019
whereas 1,049822 0,000273
whether 0,400478 0,000208
which 0,000000 0,000000
while 0,051293 0,000040
why 0,494296 0,000257
wide 0,597837 0,000311
widely 0,342490 0,000178
wifi 2,813411 0,000731
wikidata 0,562119 0,000146
wikidatawikipedia 0,967584 0,000252
wikimedia -0,009950 -0,000008
wikipedia -0,009950 -0,000026
wikipediacontact -0,009950 -0,000003
wikiwikibookswikidata 3,912023 0,001017
window 1,560648 0,000406
windows 1,021651 0,000531
winwap 2,659260 0,000691
wired 1,237874 0,000322
wireguard 3,912023 0,001017
without 0,094311 0,000098
withstand 3,912023 0,001017
wlan 3,506558 0,000912
woa 2,995732 0,000779
wolfssl 3,912023 0,001017
wordfilter 3,912023 0,001017
worker 1,714798 0,000446
works 0,693147 0,000180
world 0,139262 0,000217
worldwideweb 2,407946 0,000626
wsgi 2,813411 0,001463
wsrp 2,995732 0,000779
wss 3,506558 0,000912
www 0,356675 0,000371
xbap 2,995732 0,000779
xiaofeng 3,506558 0,000912
xmlhttprequest 2,407946 0,000626
xmpp 2,813411 0,001463
xombrero 2,659260 0,000691
xpconnect 2,995732 0,000779
yahoo 1,832581 0,000476
yandex 2,207275 0,000574
ymsgr 3,506558 0,000912
york 0,371064 0,000096
zac 2,525729 0,000657
zbekcha 0,462035 0,000120
zen 2,207275 0,000574
zeronet 3,912023 0,001017
zhang 1,427116 0,000371
