abandons 3,912023 0,000583
abbott 3,912023 0,000583
abbreviation 2,659260 0,000396
absolute 1,832581 0,000273
academic 0,755023 0,000225
academics 2,302585 0,000343
accept 1,427116 0,000850
acceptance 2,407946 0,000718
accepted 1,171183 0,000698
accepting 2,525729 0,000753
accepts 2,207275 0,000987
access 0,287682 0,000171
accidentally 2,525729 0,000753
accomplished 2,120264 0,000316
according 0,301105 0,000314
account -0,009950 -0,000012
accounted 2,120264 0,000316
accounts 1,171183 0,000349
accuse 3,912023 0,000583
achieved 1,049822 0,000156
acm 0,776529 0,000116
acquire 2,302585 0,000343
across 0,415515 0,000124
acsac 3,912023 0,000583
act 0,967584 0,000144
action 0,867501 0,000129
actions -0,009950 -0,000004
activated 2,659260 0,000792
activities 1,171183 0,000174
acts 1,714798 0,000255
adam 1,347074 0,000602
add -0,009950 -0,000001
added 0,415515 0,000124
adding 0,597837 0,000089
additional -0,009950 -0,000003
address 0,713350 0,001063
addresses 1,203973 0,001256
adjusted 2,207275 0,000329
administration 1,237874 0,000184
administrator 2,302585 0,000343
adopted 0,867501 0,000258
adoption 0,820981 0,000122
adrianne 3,218876 0,000480
advanced 0,430783 0,000257
advances 1,078810 0,000161
adversaries 2,995732 0,000893
adversary 2,302585 0,000343
advocates 1,966113 0,000293
affected 1,660731 0,000247
afp 3,218876 0,000480
african 2,040221 0,000912
afrikaansalemannisch 2,040221 0,000304
afterward 2,995732 0,000446
again 1,078810 0,000161
against 0,462035 0,000207
age 1,108663 0,000165
agency 1,237874 0,000184
ago 0,967584 0,000432
agree -0,009950 -0,000003
ahmed 2,040221 0,000304
airdrop 2,659260 0,000396
aisfryskfulfuldegaeilgegalego 3,912023 0,000583
alan 1,049822 0,000156
alert 2,120264 0,000316
alex 1,469676 0,000438
alexander 1,237874 0,000369
alexandra 2,659260 0,000396
algeria 3,218876 0,000480
algorand 2,813411 0,000419
algorithm 0,776529 0,000231
ali 1,609438 0,000480
aljosha 3,912023 0,000583
all 0,000000 0,000000
alladi 3,912023 0,000583
alleged 2,813411 0,000419
allocate 2,302585 0,000343
allow 0,287682 0,000086
allowing 0,462035 0,000069
allows 0,248461 0,000074
almost 0,798508 0,000119
along 0,462035 0,000069
alongside 1,660731 0,000742
also -0,009950 -0,000022
alter 2,120264 0,000316
altering 2,525729 0,000376
alternative 0,527633 0,000393
alvarez 3,912023 0,000583
ambacoin 2,813411 0,000419
american 0,446287 0,000266
amid 2,525729 0,000376
amin 2,995732 0,000446
among 0,356675 0,000159
amount 0,616186 0,000459
amounts 1,309333 0,000390
amp -0,009950 -0,000013
analysis 0,186330 0,000111
analysts 1,714798 0,000511
anar 3,912023 0,000583
anarchist 3,912023 0,000583
anarchists 3,912023 0,000583
anarchy 2,813411 0,000838
anderson 1,609438 0,000480
andreas 1,771957 0,000528
andresen 3,218876 0,001918
annotated 1,771957 0,000264
announcement 2,302585 0,000343
annual 0,776529 0,000116
anonymity 2,407946 0,000359
anonymizing 3,506558 0,000522
another 0,127833 0,000114
anthony 1,714798 0,000255
anti 1,560648 0,000233
antonopoulos 3,218876 0,000959
any 0,083382 0,000087
anyone 1,386294 0,000207
appearance -0,009950 -0,000003
application 0,127833 0,000019
applications 0,094311 0,000028
applied 0,356675 0,000053
apply -0,009950 -0,000001
approach 0,261365 0,000039
approval 1,897120 0,000283
approve 3,506558 0,000522
approved 1,897120 0,000283
approximately 1,514128 0,000451
april 0,072571 0,000238
apwg 3,912023 0,000583
aragon 1,171183 0,000174
arben 3,912023 0,000583
archived 0,040822 0,000748
aren 2,659260 0,000396
argente 3,912023 0,000583
argued 1,386294 0,000413
argues 2,120264 0,000632
arms 2,302585 0,000343
armstrong 2,040221 0,000304
around 0,356675 0,000159
arrest 3,506558 0,000522
ars 1,309333 0,000195
arthur 1,427116 0,000425
article 0,040822 0,000036
articleabout -0,009950 -0,000001
articles 0,020203 0,000024
articletalk -0,009950 -0,000001
artificially 3,218876 0,000480
arvind 2,813411 0,000838
asharq 3,912023 0,000583
ashlee 3,506558 0,000522
asked 1,469676 0,000219
assessment 1,309333 0,000195
asset 1,386294 0,001652
assets 1,347074 0,000602
associated 0,400478 0,000179
association 0,634878 0,000095
asturianuaz 1,427116 0,000213
atm 2,407946 0,000359
attack 1,078810 0,000161
attacks 1,237874 0,000184
attempting 1,660731 0,000247
attempts 0,916291 0,000410
attention 1,203973 0,000718
attracted 2,407946 0,001435
attribution -0,009950 -0,000001
augur 2,813411 0,000419
august 0,162519 0,000557
auroracoin 2,813411 0,000419
australia 1,309333 0,000195
austrian 2,407946 0,000359
authers 3,912023 0,000583
authored 3,218876 0,000480
authorities 1,966113 0,000586
authority 0,083382 0,000037
authorsatoshi 3,912023 0,000583
auto 1,514128 0,000226
autonomous 1,609438 0,000240
available -0,009950 -0,000004
avalanche 2,659260 0,000396
aventus 2,813411 0,000419
average 1,139434 0,000340
awaited 3,506558 0,000522
away 1,139434 0,000340
awsat 3,912023 0,000583
back 0,527633 0,000236
backed 2,120264 0,000316
background 1,237874 0,000369
bahasa 0,186330 0,000028
baht 3,506558 0,000522
baidu 2,813411 0,000838
bailout 3,912023 0,000583
bali 2,302585 0,000343
ban 2,120264 0,002527
banff 3,912023 0,000583
bangladesh 2,207275 0,000329
bank 1,108663 0,001982
banking 1,347074 0,000201
bankman 2,813411 0,000419
bankruptcy 2,659260 0,000396
banks 1,560648 0,001860
banned 2,813411 0,000419
bans 2,813411 0,000838
barhydt 3,912023 0,000583
barrier 2,207275 0,000658
bars 2,813411 0,000419
basa 2,407946 0,000359
based 0,010050 0,000016
basic 0,235722 0,000070
basis 0,820981 0,000122
bbc 1,514128 0,000902
beach 3,218876 0,000480
became 0,579818 0,000173
because 0,127833 0,000019
become 0,510826 0,000304
becomes 0,916291 0,000137
began 0,634878 0,000284
begin 1,309333 0,000195
beginning 0,776529 0,000116
behave 1,609438 0,000240
behind 0,867501 0,000129
behrendt 3,912023 0,000583
belk 3,912023 0,001166
bellany 3,506558 0,000522
benchmarking 2,525729 0,000376
benefit 1,386294 0,000207
benefiting 3,506558 0,000522
benjamin 1,386294 0,000413
berber 3,506558 0,000522
berlin 1,469676 0,000438
bernard 1,966113 0,000293
bernice 3,912023 0,000583
best 0,462035 0,000138
beyond 0,713350 0,000213
bhutan 3,506558 0,001045
bibcode 0,693147 0,000207
biggest 1,897120 0,000565
bill 0,941609 0,000281
billion 1,139434 0,000679
bit 1,272966 0,000569
bitcoin 2,525729 0,121545
bitcoincommonly 3,912023 0,000583
bitcoindenominationspluralbitcoinssymbol 3,912023 0,000583
bitcoindevelopment 3,912023 0,000583
bitcoins 3,218876 0,013908
bitconnect 2,813411 0,000838
bitfinex 3,912023 0,000583
bitgo 3,218876 0,000480
bitix 3,912023 0,000583
bitlicense 2,813411 0,000419
bitmain 3,218876 0,000480
bito 3,506558 0,000522
bitter 2,813411 0,000419
bjorn 3,506558 0,000522
black 1,203973 0,000179
blackrock 3,218876 0,000959
block 0,798508 0,002141
blockades 3,912023 0,000583
blockchain 1,660731 0,008165
blockchains 2,525729 0,000376
blocks 1,272966 0,002655
blocksblock 3,912023 0,000583
bloom 2,813411 0,000419
bloomberg 1,469676 0,003065
board 0,916291 0,000137
boarischbrezhoneg 3,506558 0,000522
bodies 1,660731 0,000247
bokm 0,127833 0,000019
bomb 2,407946 0,000359
boom 2,302585 0,001029
border 2,040221 0,000304
bose 2,995732 0,000446
bought 1,832581 0,001365
boxes 2,120264 0,000316
bradbury 3,506558 0,000522
breach 2,040221 0,000304
break 1,272966 0,000190
breaking 1,469676 0,000219
breaks 1,966113 0,000293
breuker 3,912023 0,000583
brian 1,108663 0,000165
brickell 3,912023 0,000583
bring 1,560648 0,000233
brink 3,912023 0,000583
broadcast 2,407946 0,000718
broader 1,309333 0,000195
brothers 3,506558 0,000522
browne 3,218876 0,000480
bruce 1,514128 0,000226
btc 2,995732 0,001785
bubble 1,609438 0,001678
bubbles 2,659260 0,000792
built 0,462035 0,000069
bukele 3,506558 0,000522
bureau 1,660731 0,000247
buried 2,995732 0,000446
burned 3,506558 0,000522
business 0,301105 0,000224
businesses 1,469676 0,000657
businessweek 2,207275 0,000329
bustillos 3,912023 0,001166
butchering 2,813411 0,000419
buterin 2,813411 0,000419
buy 1,514128 0,000451
buying 1,660731 0,000247
buys 2,040221 0,000912
byte 1,771957 0,000264
byzantine 2,659260 0,000396
cable 2,302585 0,000343
caf 3,218876 0,000480
caitlin 3,218876 0,000480
call 0,733969 0,000109
called 0,040822 0,000043
cambridge 0,755023 0,000900
came 1,078810 0,000161
cameron 2,407946 0,000359
canaan 3,218876 0,000480
canada 1,427116 0,000850
canadian 1,714798 0,000255
canton 3,912023 0,000583
cap 1,714798 0,000255
capital 1,237874 0,000184
capitalization 2,207275 0,000658
capitalized 2,659260 0,000792
capkun 3,506558 0,001567
capped 3,912023 0,000583
car 1,386294 0,000413
cardano 2,525729 0,000376
careless 3,218876 0,000480
carol 2,525729 0,000376
casares 3,218876 0,000480
case 0,139262 0,000062
cash 1,386294 0,002478
castillo 2,659260 0,000396
catal 0,094311 0,000014
categories -0,009950 -0,000003
category 0,116534 0,000035
causing 1,966113 0,000293
cbs 2,040221 0,000912
ccaf 3,912023 0,001166
cecilia 3,218876 0,000480
celebrated 2,995732 0,000446
celsius 3,218876 0,000959
censor 3,912023 0,001166
center 0,562119 0,000167
central 0,510826 0,001065
centralization 2,813411 0,000419
centralized 1,771957 0,000264
centre 1,771957 0,000264
certain 0,274437 0,000082
cfa 2,659260 0,000396
chain 1,049822 0,000938
chaining 2,813411 0,000838
chainlink 2,813411 0,000419
chains 1,771957 0,000264
chair 2,659260 0,000396
challenges 0,941609 0,000281
challenging 1,771957 0,000264
chan 2,120264 0,000316
chancellor 2,995732 0,000446
change 0,261365 0,000078
changed 0,941609 0,000140
changes 0,356675 0,000106
changesupload -0,009950 -0,000003
changing 0,820981 0,000245
characteristics 1,139434 0,000340
characters 1,272966 0,000190
chargebacks 3,506558 0,000522
charged 2,525729 0,000376
charlie 2,302585 0,000343
chaum 3,218876 0,000959
chavez 3,218876 0,000959
check 1,139434 0,000170
chen 1,309333 0,000195
cheng 2,040221 0,000304
chewacymraegdansk 3,912023 0,000583
chia 2,525729 0,000376
chicago 1,609438 0,000719
chile 2,995732 0,000446
chill 2,659260 0,000396
china 0,967584 0,001730
chinese 1,309333 0,000390
chips 2,525729 0,000376
choose 1,272966 0,000190
christian 1,560648 0,000465
christianson 3,912023 0,000583
christin 3,912023 0,000583
chronic 2,995732 0,000446
chronological 2,995732 0,000446
cid 0,356675 0,000638
circulation 2,302585 0,000343
circumvent 2,525729 0,000376
citation 0,415515 0,000062
cite 0,843970 0,000126
cited 1,714798 0,000255
city 1,309333 0,000390
claim 1,347074 0,000201
claimed 1,469676 0,000219
claire 3,506558 0,001045
clark 1,771957 0,000264
class 0,616186 0,000092
classic 0,967584 0,000144
classifying 2,120264 0,000316
claypool 3,218876 0,000480
client 0,867501 0,000258
clients 1,139434 0,000849
climate 1,386294 0,000207
clinch 3,912023 0,000583
cme 2,813411 0,000838
cnbc 2,207275 0,002302
cnn 1,966113 0,000879
code -0,009950 -0,000013
codebitcoincryptocurrenciescurrencies 3,912023 0,000583
codebtcprecision 3,912023 0,000583
cody 2,995732 0,000446
coin 2,207275 0,000658
coinage 2,659260 0,000396
coinbase 3,218876 0,001439
coindesk 3,218876 0,000480
coins 1,771957 0,001056
coinye 2,813411 0,001257
cold 2,407946 0,000359
collaboration 1,272966 0,000190
collapses 3,506558 0,000522
collect 1,714798 0,000511
collective 1,771957 0,000264
colloquial 3,506558 0,000522
colorado 2,995732 0,000893
com 0,150823 0,000067
combatting 3,506558 0,000522
combined 0,798508 0,000238
coming 1,203973 0,000179
commerce 1,021651 0,000152
commercial 0,653926 0,000097
commodities 2,040221 0,000304
common 0,072571 0,000022
commonly 0,342490 0,000102
commons -0,009950 -0,000004
commonsquotations 2,302585 0,000343
commonswikiquotewikidata 2,302585 0,000343
communicate 1,386294 0,000207
communications 0,733969 0,000328
companies 0,597837 0,000534
company 0,462035 0,000069
comparable 2,120264 0,000316
comparison 0,446287 0,000066
compete 2,302585 0,000343
competing 1,386294 0,000207
competitor 2,525729 0,001129
complementary 1,832581 0,000273
complementing 3,506558 0,000522
complete 0,713350 0,000213
complex 0,261365 0,000078
comply 1,966113 0,000586
components 0,415515 0,000062
computational 0,755023 0,000337
computationally 2,207275 0,000329
compute 1,309333 0,000195
computer 0,139262 0,000104
computers 0,562119 0,000167
computerworld 1,609438 0,000240
computing 0,301105 0,000090
comst 3,506558 0,001045
concentrated 3,506558 0,000522
concept 0,415515 0,000186
concerns 1,021651 0,000152
concluded 2,659260 0,000792
conditions 0,843970 0,000126
conduct -0,009950 -0,000001
conference 0,301105 0,000090
confirmed 2,302585 0,000343
conform 2,040221 0,000304
conforms 2,525729 0,000376
confused 1,108663 0,000165
congress 1,771957 0,000264
consensus 1,832581 0,001092
conservation 2,659260 0,000396
considerably 2,525729 0,000376
consortium 1,771957 0,000264
constituent 2,995732 0,000446
constitute 2,040221 0,000304
consumer 1,049822 0,000156
consumes 2,995732 0,000446
consumption 1,139434 0,000170
contact -0,009950 -0,000001
contacts -0,009950 -0,000001
contagious 3,912023 0,000583
contain 0,693147 0,000103
containing 0,579818 0,000950
contains 0,634878 0,000189
content -0,009950 -0,000007
contentious 2,659260 0,000396
contents -0,009950 -0,000004
continue 1,139434 0,000170
continues 1,469676 0,000219
contract 1,272966 0,000190
contracts 1,609438 0,000240
contrast 0,994252 0,000148
contrasting 3,506558 0,000522
contribute -0,009950 -0,000001
contributor 2,407946 0,000359
control 0,020203 0,000018
controls 1,078810 0,000321
controversial 2,207275 0,000987
convention 2,040221 0,000304
conventional 1,237874 0,000369
conversions 2,525729 0,000376
convoy 3,912023 0,001749
cookie -0,009950 -0,000001
cooper 2,525729 0,000376
copy 1,203973 0,000718
core 0,597837 0,000267
corea 3,912023 0,000583
coreinitial 3,912023 0,000583
correlation 1,897120 0,000283
corresponding 1,171183 0,000174
corrie 3,912023 0,000583
cost 0,478036 0,000142
costelloe 3,506558 0,000522
costs 0,994252 0,000148
cota 3,912023 0,000583
counterparty 2,302585 0,000343
countries 0,994252 0,000741
country 1,171183 0,000698
cover 1,203973 0,000179
coverage 1,897120 0,000283
covid 1,966113 0,000293
craig 2,040221 0,000304
crash 1,832581 0,000819
crashed 2,995732 0,000446
create -0,009950 -0,000010
created 0,430783 0,000257
creating 0,562119 0,000167
creation 0,693147 0,000207
creative -0,009950 -0,000003
creator 1,660731 0,000495
credentials 2,207275 0,000329
crime 1,514128 0,000226
crimes 2,995732 0,000893
criminal 2,207275 0,000329
criminalized 3,506558 0,000522
criminals 2,302585 0,001029
crisis 1,347074 0,000201
criteria 1,609438 0,000240
criticized 1,469676 0,000438
cross 0,562119 0,000167
crucial 1,386294 0,000413
crypto 1,897120 0,004805
cryptocurrencies 2,659260 0,005547
cryptocurrency 2,120264 0,009793
cryptographer 3,218876 0,000480
cryptographers 3,218876 0,000480
cryptographic 1,897120 0,000565
cryptography 1,560648 0,000465
cryptology 2,525729 0,000376
culture 1,514128 0,000451
curious 3,218876 0,000480
currencies 2,120264 0,004107
currenciespages 3,912023 0,000583
currenciessha 2,813411 0,000419
currency 1,771957 0,006864
curve 1,347074 0,000201
custom 1,171183 0,000174
customers 1,078810 0,000161
cut 1,560648 0,000233
cuthbertson 3,912023 0,000583
cutting 2,813411 0,000419
cybernetics 2,040221 0,000304
cynthia 2,525729 0,000753
cypherpunks 3,912023 0,000583
czech 2,120264 0,000632
dai 2,407946 0,001435
daily 1,427116 0,000638
damian 3,218876 0,000480
dan 0,967584 0,000144
dana 2,407946 0,000359
dangerous 2,040221 0,000304
daniel 0,776529 0,000116
danny 2,813411 0,000419
dao 2,813411 0,000419
dark 2,120264 0,000316
dash 2,407946 0,000359
dashjr 3,218876 0,000480
data 0,030459 0,000032
databases 0,127833 0,000019
dataczech 1,171183 0,000174
date 0,579818 0,000086
dated 0,967584 0,001297
dates 0,430783 0,000064
dave 1,771957 0,000264
davey 3,912023 0,000583
david 0,385662 0,000230
davis 1,771957 0,000264
davradakis 3,912023 0,000583
davvis 3,912023 0,000583
day 0,843970 0,000377
days 1,049822 0,000469
dead 1,386294 0,000207
dealers 2,813411 0,000419
debate 1,560648 0,000465
debut 2,995732 0,000446
debuts 3,218876 0,000480
december 0,061875 0,000498
decentralization 2,813411 0,001257
decentralized 1,832581 0,003549
decimal 1,897120 0,000283
decision 0,494296 0,000221
declared 1,714798 0,000255
deep 1,078810 0,000161
deflation 3,218876 0,000480
defying 3,912023 0,000583
del 2,040221 0,000304
delayed 2,207275 0,000329
delft 3,506558 0,000522
deliberate 2,407946 0,000359
delusion 3,912023 0,000583
denationalisation 3,506558 0,000522
denver 3,218876 0,000480
descends 3,506558 0,000522
describe 0,820981 0,000122
described 0,430783 0,000321
describes 0,820981 0,000367
description -0,009950 -0,000001
descriptions 1,771957 0,000528
descriptionshort 0,000000 0,000000
design 0,127833 0,000095
designed 0,261365 0,000039
desirable 1,897120 0,000283
despite 1,021651 0,000304
determined 1,347074 0,000201
deterministically 2,995732 0,000446
developed 0,127833 0,000038
developer 0,820981 0,000245
developers -0,009950 -0,000001
developmentoriginal 3,912023 0,000583
diana 2,995732 0,000446
dictionary 0,673345 0,000502
diem 2,813411 0,000419
dies 2,813411 0,000419
different 0,020203 0,000006
differentiate 2,995732 0,000446
difficult 0,597837 0,000178
difficulty 1,609438 0,000719
dig 2,995732 0,000446
digital 0,400478 0,000776
digitally 2,302585 0,000686
dillet 3,912023 0,001166
diplofoundation 3,912023 0,000583
direct 0,597837 0,000089
directly 0,415515 0,000248
disagreement 3,218876 0,000480
disagrees 3,912023 0,000583
disappearing 3,912023 0,000583
discarding 2,995732 0,000446
disclaimers -0,009950 -0,000001
displacing 3,506558 0,000522
displaying 1,966113 0,000586
distinct 0,916291 0,000137
distinction 1,272966 0,000190
distributed 0,478036 0,000427
distribution 0,634878 0,000095
divisibility 3,912023 0,001166
divisible 3,506558 0,000522
dmy 0,994252 0,000148
dodd 2,659260 0,000792
doesn 1,609438 0,000480
dogecoin 2,813411 0,000838
doi 0,162519 0,000581
doing 1,272966 0,000190
dollar 2,120264 0,002527
dollars 1,832581 0,000273
domain 0,562119 0,000084
dominate 2,525729 0,000376
dominic 3,506558 0,001045
don 0,916291 0,000273
donald 1,347074 0,000201
donate -0,009950 -0,000003
donations 2,995732 0,000893
doomed 3,218876 0,000480
dot 1,966113 0,000293
double 0,916291 0,000819
down 0,597837 0,000178
download -0,009950 -0,000001
draper 2,813411 0,000419
dreyfuss 3,506558 0,001045
driebusch 3,912023 0,000583
drive 1,309333 0,000195
driven 0,867501 0,000129
dropped 1,660731 0,000247
drug 1,714798 0,000511
drugs 2,207275 0,000329
dwolla 3,912023 0,000583
dwork 2,995732 0,000893
each 0,072571 0,000130
earlier 1,139434 0,000170
early 0,301105 0,000269
earn 2,525729 0,000753
eases 3,506558 0,000522
easy 1,021651 0,000304
ecash 3,506558 0,000522
ecdsa 2,813411 0,000838
economic 0,843970 0,001006
economics 0,867501 0,001680
economist 1,897120 0,005370
economists 1,897120 0,000283
economy 1,347074 0,000803
ecosystem 1,171183 0,000523
ecrime 3,912023 0,000583
edelman 2,995732 0,000446
edgar 2,659260 0,000396
edit -0,009950 -0,000001
editcommunity -0,009950 -0,000001
edited -0,009950 -0,000001
editorial 2,659260 0,000396
eds 0,798508 0,000238
effectively 0,994252 0,000148
effects 0,820981 0,000245
effort 0,967584 0,000144
effron 3,912023 0,000583
egypt 2,040221 0,000304
eight 2,120264 0,000316
either 0,248461 0,000037
elect 3,506558 0,000522
election 2,813411 0,000419
electricity 2,207275 0,001644
electronic 0,634878 0,000568
elliott 3,218876 0,000959
elliptic 2,813411 0,000419
elon 3,506558 0,001567
else 1,469676 0,000219
embedded 0,867501 0,000129
emissions 2,302585 0,000686
emmanouil 3,912023 0,000583
employees 1,609438 0,000240
enabling 0,941609 0,000140
encode 2,407946 0,000359
encodes 3,218876 0,000480
encourages 2,407946 0,000359
encyclopedia -0,009950 -0,000001
end 0,261365 0,000039
ended 1,771957 0,000264
energy 0,891598 0,000266
enforcement 1,771957 0,000792
english -0,009950 -0,000004
englisharticles 2,995732 0,000446
englishsloven 0,510826 0,000076
enhanced 1,386294 0,000207
ensuring 1,609438 0,000480
enthusiasts 2,813411 0,000419
entire 0,755023 0,000112
entities 1,139434 0,000340
environmental 1,049822 0,000782
eos 2,813411 0,000419
epidemic 3,506558 0,001045
equal 1,347074 0,000201
equally 2,302585 0,000343
equihash 2,813411 0,000419
erc 2,813411 0,000419
eric 1,078810 0,000321
erik 1,832581 0,000273
ernest 3,218876 0,000480
espa 0,210721 0,000031
especially 0,415515 0,000124
espresso 3,912023 0,000583
essence 2,995732 0,000446
establish 1,714798 0,000511
established 0,916291 0,000137
estimate 1,609438 0,000240
estimated 1,309333 0,000780
etf 2,813411 0,000838
etfs 3,218876 0,001439
ethan 3,218876 0,000480
ethash 2,813411 0,000419
ethereum 2,659260 0,001189
euphoria 3,218876 0,000480
europe 0,941609 0,000140
european 0,755023 0,000562
evelyn 2,813411 0,000419
even 0,235722 0,000035
events 0,634878 0,000095
eventsrandom -0,009950 -0,000001
eventually 0,867501 0,000129
ever 1,272966 0,000190
every 0,261365 0,000156
everything 1,309333 0,000390
exact 1,427116 0,000213
examined 1,966113 0,000293
example 0,030459 0,000009
exceed 2,207275 0,000329
exchange 0,693147 0,001446
exchanges 2,040221 0,003344
exclusively 1,660731 0,000247
executive 1,347074 0,000201
exist 0,653926 0,000195
existence 1,469676 0,000438
exists 1,049822 0,000156
expected 0,693147 0,000103
experiment 1,469676 0,000657
explained 1,386294 0,000413
explorer 1,771957 0,000264
export -0,009950 -0,000001
exposing 2,525729 0,000376
exposure 1,714798 0,000766
expression 1,021651 0,000152
extended 0,755023 0,000112
external 0,030459 0,000005
extremely 1,514128 0,000226
facility 1,660731 0,000247
facto 2,207275 0,000329
facts 1,660731 0,000247
fad 2,407946 0,000359
failed 1,108663 0,000165
fall 1,139434 0,000509
falling 2,525729 0,000376
falls 1,832581 0,000273
far 0,867501 0,000129
fault 1,237874 0,000184
fbi 2,995732 0,001339
fear 2,207275 0,000329
feared 3,218876 0,000480
february 0,061875 0,000203
fed 2,407946 0,000359
federal 1,386294 0,000413
feds 3,218876 0,000480
fee 1,897120 0,000283
fees 2,120264 0,002211
fell 2,302585 0,000686
felten 2,995732 0,000446
feng 2,659260 0,000396
fernando 2,525729 0,000376
feuer 3,506558 0,000522
few 0,653926 0,000097
fiasco 3,912023 0,000583
fiat 2,813411 0,000838
fifth 2,040221 0,000304
filecoin 2,813411 0,000419
filepermanent -0,009950 -0,000001
filespecial -0,009950 -0,000001
film 1,771957 0,000528
filters 1,832581 0,000273
finance 0,843970 0,001132
finances 2,813411 0,000419
financial 0,776529 0,001620
fincen 3,912023 0,000583
finding 1,021651 0,000304
finley 3,218876 0,000480
finney 2,813411 0,001677
finnish 2,813411 0,000419
fintechs 3,506558 0,000522
firo 2,813411 0,000419
first 0,020203 0,000072
five 0,776529 0,000116
fixed 0,494296 0,000147
florian 2,813411 0,000838
fluctuate 3,218876 0,000480
followed 0,733969 0,000109
following 0,210721 0,000063
fomento 3,912023 0,000583
fool 2,995732 0,000446
forbes 1,427116 0,000638
fork 1,386294 0,000413
forked 2,813411 0,000419
forks 2,407946 0,001076
forksclient 3,218876 0,000480
form 0,162519 0,000073
former 1,049822 0,000156
forms 0,562119 0,000084
forth 1,560648 0,000233
forum 1,347074 0,000201
forward 1,021651 0,000152
foss 1,966113 0,000293
fossil 2,407946 0,000359
foundation -0,009950 -0,000004
founded 1,347074 0,000201
founder 1,897120 0,000283
four 0,820981 0,000122
fran 0,223144 0,000066
franc 3,506558 0,000522
franca 1,609438 0,000240
frank 1,309333 0,000195
fraud 1,560648 0,000465
free -0,009950 -0,000010
freedom 1,609438 0,000719
freelancers 3,506558 0,000522
freeze 2,995732 0,000446
freezes 3,912023 0,000583
french 1,386294 0,000207
frequency 1,078810 0,000161
frequently 0,967584 0,000144
fresh 2,207275 0,000329
fried 2,813411 0,000419
friedrich 2,407946 0,000359
frisby 3,912023 0,000583
frl 3,912023 0,000583
froze 3,912023 0,000583
ftx 2,813411 0,000419
fuels 2,525729 0,000753
full 0,371064 0,000166
function 0,210721 0,000063
functionality 0,843970 0,000126
functioning 2,525729 0,000376
functions 0,356675 0,000106
functionsha 3,912023 0,000583
fund 1,514128 0,001128
funding 1,386294 0,000413
fundraiser 3,912023 0,000583
fundraising 3,506558 0,000522
funds 1,714798 0,001277
fungibility 3,506558 0,001567
fungible 2,525729 0,000753
further 0,139262 0,000083
future 0,274437 0,000082
futures 1,897120 0,001413
gallersd 3,218876 0,000480
gamble 3,218876 0,000480
game 0,713350 0,000106
gandal 3,912023 0,000583
garrick 3,506558 0,000522
gas 2,040221 0,000304
gauge 2,525729 0,000376
gavin 2,302585 0,001029
gdp 2,207275 0,000329
gearing 3,912023 0,000583
general -0,009950 -0,000003
generally 0,287682 0,000043
generate 0,798508 0,000357
generated 0,941609 0,000281
generating 1,427116 0,000425
generic 1,203973 0,000179
genesis 2,813411 0,000838
geographic 1,203973 0,000179
gertrude 3,506558 0,001045
gervais 3,506558 0,001045
get 0,733969 0,000219
getting 1,237874 0,000184
ghash 3,218876 0,000959
ghassan 3,506558 0,001045
given 0,261365 0,000078
global 0,478036 0,000641
globe 2,525729 0,000753
glossary 0,891598 0,000133
goes 1,237874 0,000184
gofundme 3,912023 0,000583
gold 1,609438 0,003597
goldman 2,207275 0,000329
good 0,733969 0,000109
goods 1,771957 0,000792
gov 1,469676 0,000438
governance 1,309333 0,000390
government 0,755023 0,001237
governmental 2,207275 0,000329
governments 1,386294 0,000620
gox 3,506558 0,002612
great 0,941609 0,000281
greatest 1,897120 0,000283
greenhouse 2,813411 0,000419
greg 2,120264 0,000316
gridcoin 2,813411 0,000419
griffin 2,995732 0,000446
group 0,301105 0,000045
growing 0,891598 0,000133
grows 2,040221 0,000304
growth 0,755023 0,000450
gruber 3,506558 0,000522
guardian 1,560648 0,000233
guidance 1,714798 0,000255
guidelines 1,272966 0,000190
guy 1,966113 0,000293
hacks 2,813411 0,001257
hajric 3,506558 0,001045
hal 2,040221 0,001216
half 1,108663 0,000496
halved 3,506558 0,001045
hammer 3,912023 0,000583
hampshire 2,995732 0,000446
hampton 3,218876 0,000480
hamrick 3,912023 0,000583
handed 3,218876 0,000480
hannah 2,659260 0,000792
hanyecz 3,912023 0,000583
hao 2,659260 0,000396
happened 2,207275 0,000329
hard 1,078810 0,000482
hardware 0,579818 0,000518
harlev 3,912023 0,000583
harney 3,912023 0,000583
harvard 1,386294 0,000207
hash 1,771957 0,001848
hashcash 3,506558 0,001045
hashgraph 2,813411 0,000419
hashing 2,302585 0,000343
hashrate 3,912023 0,001749
hausa 1,609438 0,000240
hayek 2,659260 0,000396
hbar 2,813411 0,000419
headline 3,506558 0,001045
heatmap 3,506558 0,000522
heats 3,912023 0,000583
heckman 3,218876 0,000480
hegemony 3,912023 0,000583
heidelberg 2,207275 0,000658
helium 2,813411 0,000419
help 0,248461 0,000037
helplearn -0,009950 -0,000001
helps 1,347074 0,000201
herald 3,506558 0,000522
here 0,301105 0,000224
hererelated -0,009950 -0,000001
hidden 0,843970 0,000126
hiddena 3,912023 0,000583
hide -0,009950 -0,000006
hien 3,912023 0,000583
high 0,223144 0,000166
higher 0,430783 0,000064
highlighted 2,525729 0,000376
highly 0,867501 0,000517
hijacking 2,120264 0,000316
hijfte 3,912023 0,000583
hileman 3,506558 0,000522
hill 0,867501 0,000129
hint 3,218876 0,000480
hiroko 3,506558 0,001045
historical 1,021651 0,000304
history -0,009950 -0,000016
hits 2,302585 0,000343
hme 3,912023 0,001166
hodl 3,912023 0,001166
hold 1,021651 0,000152
holding 1,386294 0,000413
home 0,653926 0,000097
hope 1,897120 0,000283
hot 1,966113 0,000293
hours 1,560648 0,000465
how 0,072571 0,000076
however 0,094311 0,000098
hrvatskijaku 2,659260 0,000396
https -0,009950 -0,000001
hua 2,995732 0,000446
huang 1,897120 0,000848
hugely 3,912023 0,000583
humayun 3,912023 0,000583
hundred 2,120264 0,000316
hundreds 1,609438 0,000240
hunters 3,218876 0,000480
hype 2,207275 0,000329
hyperledger 2,813411 0,000419
ian 1,347074 0,000201
ibanidobahasa 2,813411 0,000419
icon 2,207275 0,000329
idea 0,820981 0,000122
ideas 0,891598 0,000133
identified 0,994252 0,000296
identify 0,867501 0,000129
identities 2,302585 0,001029
identity 1,309333 0,000195
ideology 2,995732 0,002232
ieee 0,634878 0,000568
ignored 1,832581 0,000273
ilia 3,912023 0,000583
illegal 1,966113 0,000293
illicit 2,813411 0,000419
image 0,544727 0,000162
imagesarticles 2,995732 0,000446
imeraj 3,912023 0,000583
imf 2,659260 0,001189
impact 0,597837 0,000267
impacts 1,966113 0,000293
implementation 0,328504 0,000049
implementationbitcoin 3,912023 0,000583
implemented 0,544727 0,000081
implicit 1,514128 0,000226
implode 3,506558 0,000522
imports 2,302585 0,000686
imposed 2,813411 0,000419
impossible 1,347074 0,000401
improve 0,274437 0,000041
improved 0,776529 0,000116
ina 0,356675 0,000053
inability 2,659260 0,000396
inactive 2,120264 0,000316
inasloven 0,616186 0,000092
inc -0,009950 -0,000004
incentives 2,407946 0,000359
include 0,061875 0,000009
included 0,400478 0,000119
including 0,040822 0,000012
income 1,609438 0,000240
increase 0,544727 0,000081
increased 0,820981 0,000122
increases 1,171183 0,000174
increasingly 0,776529 0,000116
independent 0,713350 0,000213
independently 1,347074 0,000201
index -0,009950 -0,000003
individual 0,415515 0,000186
individuals 1,309333 0,000195
indonesiainterlinguainterlingue 3,218876 0,000480
industry 0,527633 0,000079
infeasible 2,525729 0,000376
inflated 3,506558 0,000522
informal 1,469676 0,000219
information 0,072571 0,000086
informationcite -0,009950 -0,000001
informed 1,560648 0,000233
initial 0,597837 0,000178
initially 0,693147 0,000413
initiative 1,078810 0,000161
injective 2,407946 0,000359
innovation 1,078810 0,000161
input 0,733969 0,000328
inputs 1,386294 0,000826
inquiry 2,659260 0,000396
insider 1,609438 0,000719
instance 0,510826 0,000152
instant 1,897120 0,000283
institute 0,579818 0,000086
instituted 3,218876 0,000480
institutions 1,171183 0,000523
instruments 1,609438 0,000240
intended 0,494296 0,000221
intensive 1,897120 0,000283
interested 1,832581 0,000273
interference 2,407946 0,000359
international 0,139262 0,000207
internationalgndfastnationalunited 1,237874 0,000184
internationally 2,813411 0,000419
internet 0,462035 0,000138
interplay 3,506558 0,000522
interpretation 1,660731 0,000247
intrinsic 1,897120 0,000283
introduced 0,371064 0,000111
introducing 1,021651 0,000152
inu 2,813411 0,000419
invented 1,427116 0,000213
inventor 2,207275 0,000329
inversion 2,659260 0,000396
invested 1,897120 0,000283
investment 1,171183 0,000698
investments 1,714798 0,000511
investors 1,714798 0,001022
invests 3,912023 0,000583
invoices 3,506558 0,000522
involve 1,309333 0,000195
involves 0,776529 0,000231
involving 1,309333 0,000390
iota 2,659260 0,000396
iran 2,120264 0,001264
iranian 2,995732 0,000446
iraq 2,407946 0,000359
irfa 3,218876 0,000480
isabella 3,912023 0,000583
isbn 0,051293 0,000099
isbncs 2,995732 0,000446
island 2,407946 0,000359
iso 1,309333 0,001366
ispolskiportugu 1,771957 0,000264
ispri 3,218876 0,000480
issn 0,478036 0,001282
issuance 2,525729 0,000376
issue 0,820981 0,000122
issued 1,514128 0,000226
item -0,009950 -0,000003
itself 0,342490 0,000051
jacob 2,120264 0,000316
jai 3,506558 0,000522
james 0,634878 0,000095
jan 1,386294 0,000207
january 0,083382 0,000634
japanese 1,771957 0,000264
jasper 3,506558 0,000522
jaune 3,912023 0,000583
jean 1,514128 0,000451
jeffries 3,218876 0,000480
jep 2,813411 0,000419
jeremy 2,120264 0,000316
jerome 2,659260 0,000396
jersey 1,714798 0,000255
jihan 3,218876 0,000480
jin 2,813411 0,000419
jmoneco 3,506558 0,000522
joel 2,040221 0,000304
jofi 3,912023 0,000583
john 0,210721 0,000094
join 2,040221 0,000304
jon 1,514128 0,000451
jones 1,386294 0,000207
joseph 0,820981 0,000245
joshua 1,897120 0,000565
journal 0,198451 0,000562
jstor 0,843970 0,000126
judge 2,207275 0,000329
judith 2,813411 0,000419
judmayer 3,912023 0,000583
july 0,127833 0,000667
jump -0,009950 -0,000001
jumps 3,218876 0,000480
june 0,094311 0,000604
junk 3,506558 0,000522
jurisdiction 2,407946 0,000359
jurisdictions 2,120264 0,000316
just 0,328504 0,000196
justification 2,525729 0,000376
karame 3,506558 0,001045
karpel 3,218876 0,000480
kashmir 3,218876 0,000480
katharina 3,912023 0,000583
katie 2,813411 0,000419
katz 2,302585 0,000343
keep 0,994252 0,000296
keeping 1,427116 0,000425
keeps 2,120264 0,000632
kelion 3,912023 0,000583
ken 1,966113 0,000293
kenneth 1,966113 0,000879
kept 1,560648 0,000233
kevin 1,386294 0,000207
key 0,356675 0,000691
keys 1,514128 0,000677
khalili 3,506558 0,000522
kharif 2,995732 0,000893
kiel 3,912023 0,000583
kin 2,659260 0,000792
king 1,771957 0,000264
kiswahilikurd 1,897120 0,000283
klaa 3,218876 0,000480
klaus 2,813411 0,000419
kleiman 3,218876 0,000480
klein 2,813411 0,000419
klint 3,218876 0,000480
know 0,776529 0,000231
known 0,127833 0,000076
kodakcoin 2,813411 0,000838
kohler 3,912023 0,000583
krause 2,995732 0,000446
kroll 3,218876 0,000480
krombholz 3,912023 0,000583
krugman 2,659260 0,001189
landfill 3,218876 0,000480
lang 1,966113 0,000293
langenheldt 3,912023 0,000583
language 0,186330 0,000056
languages -0,009950 -0,000003
large 0,127833 0,000057
larger 0,941609 0,000140
largest 1,108663 0,000496
larson 2,995732 0,000446
last -0,009950 -0,000003
lasting 2,407946 0,000359
laszlo 3,912023 0,000583
late 0,755023 0,000112
later 0,223144 0,000233
latest 0,994252 0,000148
latvie 0,994252 0,000148
launch 1,514128 0,000226
launches 1,609438 0,000240
laundering 2,995732 0,001339
laureate 3,912023 0,000583
laureates 3,912023 0,000583
lavin 3,912023 0,000583
law 0,755023 0,000675
laws 1,108663 0,000330
layer 0,867501 0,000129
lbry 2,813411 0,000419
lead 0,673345 0,000301
leaderless 3,506558 0,001045
leading 0,798508 0,000238
leads 1,237874 0,000184
learner 2,995732 0,001785
learning 0,494296 0,000074
least 0,527633 0,000079
leboashqip 3,506558 0,000522
lecture 1,427116 0,000213
lectures 2,407946 0,000359
ledger 2,040221 0,002128
lee 0,994252 0,000444
left 0,916291 0,000137
legal -0,009950 -0,000039
legislative 2,659260 0,000396
lena 2,995732 0,000446
leo 2,813411 0,000419
less 0,430783 0,000193
lets 1,832581 0,000273
letter 1,237874 0,000184
letters 1,347074 0,000201
level 0,116534 0,000017
lgbcoin 2,813411 0,000419
libertarians 3,218876 0,000480
libra 2,813411 0,000838
library 0,478036 0,000071
license -0,009950 -0,000001
licenseledgerledger 3,912023 0,000583
liebelson 3,912023 0,000583
life 0,653926 0,000097
lifeline 3,912023 0,000583
lifespan 3,506558 0,000522
lightning 2,207275 0,001644
lightweight 1,609438 0,000480
like 0,072571 0,000086
lily 3,218876 0,000480
limit 0,994252 0,000148
limited 0,510826 0,000228
lingo 3,506558 0,000522
lingua 2,040221 0,000304
link 0,162519 0,000073
linked 0,941609 0,000281
linkpage -0,009950 -0,000001
linkpages 3,218876 0,000480
links -0,009950 -0,000004
linkscs 1,272966 0,000190
lion 2,995732 0,000446
list 0,083382 0,000112
listed 1,560648 0,000233
lists 0,597837 0,000089
litecoin 2,813411 0,000419
literature 1,272966 0,000190
little 0,820981 0,000245
live 1,203973 0,000359
ller 2,302585 0,000343
lnorsk 0,653926 0,000097
loan 2,040221 0,000608
local 0,415515 0,000186
log -0,009950 -0,000003
logo 1,832581 0,000273
logos 2,995732 0,000446
loh 3,506558 0,000522
long 0,287682 0,000257
longer 0,755023 0,000450
longest 2,525729 0,000376
look 0,967584 0,000432
lose 2,207275 0,000329
losing 2,120264 0,000632
lost 1,514128 0,000451
low 0,478036 0,000142
lower 0,776529 0,000116
lowercase 2,659260 0,000792
lugano 3,912023 0,001166
luke 2,813411 0,000419
luna 2,813411 0,000419
lux 0,371064 0,000055
machine 0,083382 0,000025
machinery 1,203973 0,000179
mackenzie 2,813411 0,000419
made 0,186330 0,000056
magazine 0,776529 0,000231
magic 2,302585 0,000343
maguder 3,912023 0,000583
maidenberg 3,912023 0,000583
mail 1,427116 0,000638
mailing 1,966113 0,000293
main -0,009950 -0,000012
maint 0,798508 0,000476
maintain 0,941609 0,000140
maintained 1,078810 0,000161
maintaining 1,171183 0,000349
maintains 2,040221 0,000304
major 0,314711 0,000094
majority 1,139434 0,000509
make 0,235722 0,000140
makes 0,415515 0,000062
making 0,328504 0,000147
malicious 1,660731 0,000247
malmi 3,912023 0,000583
malte 3,218876 0,000480
malti 3,506558 0,000522
man 1,139434 0,000509
management 0,139262 0,000062
manager 0,994252 0,000148
mandate 2,659260 0,000396
mandates 2,207275 0,000329
manipulation 0,994252 0,000444
mann 2,302585 0,000343
mansoor 3,912023 0,000583
many 0,061875 0,000055
mapping 1,237874 0,000184
march 0,116534 0,000365
maria 2,407946 0,000718
mariam 3,912023 0,000583
mark 0,462035 0,000069
marked 1,139434 0,000170
market 0,616186 0,001102
markets 1,139434 0,000679
marks 1,660731 0,000247
martti 3,912023 0,000583
massmutual 3,506558 0,001045
mastering 2,040221 0,000304
matched 1,966113 0,000293
matt 1,609438 0,000480
matthew 1,771957 0,000528
maty 3,912023 0,000583
mazacoin 2,813411 0,000419
mazur 2,995732 0,000446
mbtc 3,912023 0,001166
mcgee 3,506558 0,000522
mcmillan 3,218876 0,000959
mean 0,755023 0,000112
means 0,198451 0,000089
measured 1,021651 0,000152
measuring 1,609438 0,000240
mechanism 0,733969 0,000109
mechanisms 1,171183 0,000174
media 0,139262 0,000041
medium 1,203973 0,000538
meet 0,867501 0,000388
megabyte 3,912023 0,000583
megielladeutscheesti 3,506558 0,000522
melania 2,813411 0,000419
melayu 0,820981 0,000122
meme 2,813411 0,000419
menu -0,009950 -0,000003
mercantile 2,995732 0,000893
merchants 2,813411 0,000419
met 1,966113 0,000293
metamask 2,813411 0,000419
micah 3,912023 0,000583
michael 0,400478 0,000119
michel 2,525729 0,000376
microbitcoin 3,912023 0,000583
microstrategy 3,912023 0,001166
mieszko 3,912023 0,000583
mike 1,237874 0,000369
mikkel 3,912023 0,000583
millibitcoin 3,912023 0,001166
million 0,916291 0,002457
millions 1,560648 0,000930
millionth 3,912023 0,000583
milmo 3,506558 0,000522
minds 2,525729 0,000376
mined 2,525729 0,001129
miner 2,813411 0,000838
miners 2,995732 0,003124
mingxiao 3,912023 0,000583
minimal 1,347074 0,000201
mining 1,021651 0,004110
minutes 1,966113 0,000586
minutescirculating 3,912023 0,000583
mismatch 2,659260 0,000396
misperceptions 3,912023 0,000583
missing 0,891598 0,000133
mit 0,776529 0,000578
mobile -0,009950 -0,000001
mobilecoin 2,813411 0,000419
modelfree 3,912023 0,000583
modifications 2,302585 0,000343
modifying 1,832581 0,000273
module 1,049822 0,000156
mofcom 3,912023 0,000583
mohamed 2,207275 0,000329
mohammed 3,506558 0,000522
monero 2,813411 0,000419
monetary 1,609438 0,001199
money 1,171183 0,003315
moneybitcoin 3,912023 0,000583
moni 3,218876 0,000959
monies 3,912023 0,000583
monopoly 2,302585 0,000343
montag 3,912023 0,001166
month 1,660731 0,000247
months 0,891598 0,000133
moore 1,771957 0,000528
more 0,010050 0,000022
moreover 1,560648 0,000233
morgan 1,309333 0,000195
morning 2,995732 0,000893
morocco 2,995732 0,000446
most 0,040822 0,000036
mostly 0,994252 0,000148
mother 3,506558 0,000522
move -0,009950 -0,000006
movies 2,207275 0,000329
moving 0,776529 0,000116
msp 2,813411 0,000419
much 0,400478 0,000119
mukkamala 3,912023 0,000583
multiple 0,116534 0,000087
multisig 3,912023 0,000583
murphy 2,207275 0,000329
musk 3,218876 0,001439
mutually 2,207275 0,000329
mysterious 3,912023 0,001166
nakamoto 3,218876 0,008153
nakamotowhite 3,912023 0,000583
name 0,342490 0,000102
namecoin 2,813411 0,000419
named 0,820981 0,000245
namespace 1,832581 0,000273
nandita 3,912023 0,000583
nano 2,207275 0,000329
naor 3,218876 0,000959
narayanan 2,995732 0,000893
narratives 3,912023 0,000583
natasha 3,218876 0,000480
nathaniel 2,207275 0,000658
national 0,562119 0,000419
nature 0,597837 0,000089
navigation -0,009950 -0,000001
nawatnederlandsnedersaksies 3,912023 0,000583
nearly 1,139434 0,000170
necessary 0,616186 0,000092
need 0,248461 0,000222
needing 0,597837 0,000089
needs 0,415515 0,000124
negatively 2,407946 0,000359
neil 1,771957 0,000264
neill 3,218876 0,000959
neo 2,120264 0,000316
nepal 2,995732 0,000446
nervos 2,813411 0,000419
netoti 1,771957 0,000264
network 0,210721 0,000753
networks 0,446287 0,000066
neum 3,912023 0,000583
new 0,010050 0,000034
newport 3,218876 0,000480
news 0,446287 0,000665
newspaper 3,218876 0,000480
nft 2,302585 0,000343
nfts 2,995732 0,000446
nicholas 1,560648 0,000233
nick 1,469676 0,000657
nicolas 2,525729 0,000376
nigel 2,659260 0,000792
nigeria 2,525729 0,000376
nikolai 3,218876 0,000480
nine 1,771957 0,000528
nist 1,771957 0,000264
nobel 2,813411 0,002934
node 1,203973 0,000359
nodes 1,108663 0,001156
non -0,009950 -0,000006
nonce 2,813411 0,000838
none 1,609438 0,000240
norm 2,659260 0,000396
norsk 0,342490 0,000051
not 0,000000 0,000000
note 0,776529 0,000116
noted 1,171183 0,000174
notes 0,415515 0,000186
nothing 1,966113 0,000879
nouriel 3,506558 0,000522
novalombardmagyar 2,659260 0,000396
november 0,150823 0,001843
now 0,274437 0,000164
number 0,051293 0,000015
numerically 2,813411 0,000419
numismatics 3,506558 0,000522
nuri 3,218876 0,000480
nxt 2,659260 0,000396
nynorskoccitan 1,897120 0,000283
oberman 3,912023 0,000583
obligations 2,120264 0,000632
obligitory 3,912023 0,000583
obsolete 1,832581 0,000273
occur 0,916291 0,000137
occurred 1,469676 0,000438
oclc 0,891598 0,000133
october 0,139262 0,000892
odell 3,506558 0,000522
offered 1,139434 0,000170
offering 0,994252 0,000444
officially 1,660731 0,000495
offline 2,995732 0,000446
often 0,127833 0,000019
oil 2,040221 0,000608
ois 2,525729 0,000753
old 0,994252 0,000296
older 1,237874 0,000184
oldid -0,009950 -0,000001
olesperantoeuskara 0,510826 0,000076
olga 2,659260 0,000792
oliver 1,660731 0,000247
once 0,544727 0,000081
one 0,010050 0,000025
onecoin 2,813411 0,000419
online 0,415515 0,000186
only 0,051293 0,000038
opaque 2,407946 0,000359
open 0,235722 0,000176
operate 1,049822 0,000156
operates 1,714798 0,000255
operations 0,301105 0,000045
opponents 3,218876 0,000480
opposed 1,347074 0,000201
opposing 2,995732 0,000446
orcutt 3,506558 0,001045
order 0,094311 0,000056
ordered 1,386294 0,000207
ordinals 3,506558 0,000522
org -0,009950 -0,000007
organisation 2,207275 0,000329
organization -0,009950 -0,000004
organizations 0,798508 0,000119
organizers 3,912023 0,000583
original 0,030459 0,000554
originated 1,771957 0,000264
origins 1,514128 0,000226
ostroff 3,506558 0,000522
other -0,009950 -0,000022
ought 2,659260 0,000396
outlawed 3,218876 0,000480
outlook 2,207275 0,000329
output 0,713350 0,000425
outputs 1,660731 0,000495
over 0,094311 0,000028
overpriced 3,912023 0,000583
oversight 2,120264 0,000632
overstock 3,912023 0,000583
overview 0,616186 0,000092
overwhelming 2,995732 0,000446
owned 1,660731 0,000247
owner 1,309333 0,000390
owners 1,660731 0,000742
ownership 1,469676 0,000657
owns 2,207275 0,000987
oxford 0,843970 0,000251
page -0,009950 -0,000003
pagecontentscurrent -0,009950 -0,000001
pageget -0,009950 -0,000001
pages -0,009950 -0,000004
pagesuse 1,469676 0,000219
panicking 3,506558 0,000522
papa 3,912023 0,000583
paper 0,713350 0,000744
papiamentu 2,813411 0,000419
parameter 1,108663 0,000330
part 0,127833 0,000019
partial 1,237874 0,000369
parts 0,544727 0,000081
party 0,798508 0,000119
paste 3,218876 0,000480
patten 3,912023 0,000583
patterns 0,776529 0,000116
paul 0,544727 0,000406
pawthereum 2,813411 0,000419
pax 2,525729 0,000376
pay 1,272966 0,000190
payee 3,506558 0,000522
payer 3,912023 0,000583
payment 1,427116 0,001276
payments 1,897120 0,001979
paypal 3,218876 0,000959
pct 3,912023 0,000583
pdf 0,139262 0,000332
pdfprintable -0,009950 -0,000001
peak 3,218876 0,000480
pedigree 3,912023 0,000583
peer 1,966113 0,004101
peercoin 2,813411 0,000838
people 0,356675 0,000319
per 0,616186 0,000367
percent 1,514128 0,000226
percentage 1,514128 0,000226
performance 0,261365 0,000039
performed 0,867501 0,000129
periods 1,660731 0,000247
permissive 2,659260 0,000396
person 1,021651 0,000609
personal -0,009950 -0,000003
perspectives 1,832581 0,000273
petr 3,506558 0,000522
petro 2,813411 0,000838
pham 3,218876 0,000480
philipp 2,995732 0,000446
philosophical 2,207275 0,000329
php -0,009950 -0,000001
physical 0,616186 0,000092
piemont 1,427116 0,000213
pig 2,207275 0,000329
pioneer 2,525729 0,000376
pisa 3,506558 0,000522
pivoting 3,506558 0,000522
pizza 3,218876 0,000959
pizzas 3,912023 0,000583
place 0,597837 0,000089
placeholder 2,995732 0,000446
places 1,514128 0,000226
plagiarism 2,207275 0,000329
plan 0,916291 0,000137
planet 2,120264 0,000316
platforms 0,776529 0,000347
policy -0,009950 -0,000006
politics 1,771957 0,000264
polkadot 2,659260 0,000396
poll 2,525729 0,000376
polygon 2,525729 0,000376
ponzi 3,506558 0,001567
pool 1,897120 0,000848
pools 2,302585 0,000343
popper 2,659260 0,000792
popular 0,579818 0,000173
population 1,560648 0,000233
portalrecent -0,009950 -0,000001
portals 2,120264 0,000316
portfolio 1,897120 0,001131
posner 3,912023 0,001166
possibility 1,560648 0,000233
possible 0,287682 0,000129
post 0,579818 0,000518
posted 2,407946 0,000359
potential 0,653926 0,000195
potentially 0,755023 0,001125
pow 2,995732 0,001339
powell 2,525729 0,000376
power 0,400478 0,000537
powerful 1,108663 0,000165
practice 0,371064 0,000166
predict 1,469676 0,000219
presence 1,139434 0,000340
present 0,597837 0,000267
president 1,897120 0,000565
prevent 0,891598 0,000399
preventing 2,040221 0,000304
previous 0,843970 0,000251
price 1,021651 0,001674
prices 1,560648 0,000930
pricing 1,609438 0,000240
primarily 0,653926 0,000097
primecoin 2,813411 0,000419
print -0,009950 -0,000001
printouts 3,912023 0,000583
privacy -0,009950 -0,000012
private 0,693147 0,001239
prize 2,040221 0,001520
problem 0,385662 0,000402
procedure 1,386294 0,000207
proceedings 0,597837 0,000089
process 0,116534 0,000122
processes 0,634878 0,000095
processing 0,356675 0,000159
produce 0,916291 0,000273
produced 0,820981 0,000122
produces 1,560648 0,000233
production 0,798508 0,000119
professional 0,843970 0,000126
professor 1,714798 0,000255
profit -0,009950 -0,000001
program 0,328504 0,000049
programmer 1,386294 0,000207
prohibited 2,407946 0,001076
prohibition 2,813411 0,000419
project 0,314711 0,000094
projects -0,009950 -0,000003
promised 2,813411 0,000419
promises 2,207275 0,000329
promote 1,609438 0,000240
proof 1,560648 0,003488
proper 1,171183 0,000174
proponents 2,407946 0,000359
proposals 1,966113 0,000293
proposed 0,713350 0,000106
proshares 3,506558 0,000522
protected 0,776529 0,000116
protection 0,994252 0,000148
protects 2,659260 0,000396
protest 3,218876 0,000480
protests 3,218876 0,000959
protocol 0,713350 0,000319
protocols 0,967584 0,000144
provisions 2,407946 0,000359
pseudonym 3,506558 0,000522
pseudonymous 3,218876 0,000959
pts 3,912023 0,000583
public 0,248461 0,000296
publications 0,941609 0,000140
published 0,328504 0,000245
publishers 1,514128 0,000226
publishing 0,446287 0,000066
puerto 2,659260 0,000396
purchase 1,469676 0,000219
purchases 2,302585 0,001029
pure 1,560648 0,000233
purpose 0,356675 0,000053
purposes 0,798508 0,000119
puzzles 2,525729 0,000376
qatar 2,995732 0,000446
qian 2,407946 0,000359
qijun 3,912023 0,000583
qualities 2,659260 0,000396
quantities 1,771957 0,000264
quartz 1,966113 0,000293
question 0,941609 0,000140
questions 1,171183 0,000174
quoted 2,040221 0,000304
race 1,514128 0,000226
rages 3,506558 0,000522
raghava 3,912023 0,000583
rainer 2,995732 0,000893
rallies 3,218876 0,000480
random 0,843970 0,000126
randomx 2,813411 0,000419
rao 2,407946 0,000359
rare 1,771957 0,000264
rarely 1,514128 0,000226
rasool 3,912023 0,000583
ratefloatingwebsitewebsitebitcoin 3,912023 0,000583
rather 0,287682 0,000086
rauchs 3,506558 0,000522
ravi 2,995732 0,000446
rbaycanca 0,248461 0,000037
rcr 3,506558 0,000522
reach 1,347074 0,000201
reached 1,309333 0,000585
reaches 2,659260 0,000396
reading 0,342490 0,000153
readview 1,309333 0,000390
real 0,210721 0,000126
really 1,660731 0,001237
reasons 0,891598 0,000266
rebecca 2,525729 0,000376
rebounds 3,912023 0,000583
recalibrated 3,912023 0,000583
receive 1,108663 0,000330
received 1,078810 0,000161
recipient 2,407946 0,000359
recipients 2,995732 0,000893
recognised 3,218876 0,000480
recognition 1,078810 0,000321
recommended 1,609438 0,000240
recommends 1,966113 0,000293
record 0,916291 0,000273
recorded 1,237874 0,000184
records 0,994252 0,000296
recycling 2,525729 0,000376
redirect 1,832581 0,000546
redirects 1,078810 0,000161
rediscovered 3,218876 0,000480
refer 0,867501 0,000258
references 0,020203 0,000006
referred 0,446287 0,000133
reform 2,302585 0,000686
refused 2,813411 0,000419
regard 1,609438 0,000240
regions 1,832581 0,000273
registered -0,009950 -0,000003
registration 2,407946 0,000359
regular 1,049822 0,000156
regulated 1,832581 0,000273
regulating 2,407946 0,000718
regulation 1,139434 0,000170
regulations 1,386294 0,000207
regulator 2,525729 0,000376
regulators 2,207275 0,000987
regulatory 1,427116 0,000850
reilly 1,078810 0,000161
reject 2,525729 0,000376
related 0,051293 0,000008
relative 1,108663 0,000165
release 0,579818 0,000259
released 0,693147 0,000310
relevance 2,120264 0,000316
remained 1,771957 0,000528
remains 1,237874 0,000184
remittances 3,218876 0,000480
remove 0,527633 0,000157
removed 0,693147 0,000103
rendering 1,347074 0,000201
renminbi 3,218876 0,000480
repealed 3,912023 0,000583
replace 1,203973 0,000179
report 0,462035 0,000482
reported 1,108663 0,000165
repository 1,078810 0,000161
repositorygithub 2,813411 0,000419
represented 0,967584 0,000288
representing 1,108663 0,000165
represents 0,891598 0,000133
republic 1,714798 0,000766
republicspainisraelotheridrefyale 3,218876 0,000480
required 0,274437 0,000164
requirements 0,597837 0,000178
requires 0,430783 0,000321
requiring 1,049822 0,000156
resconrec 3,506558 0,000522
research 0,261365 0,000312
researchers 0,820981 0,000367
reserve 1,832581 0,001911
reserves 2,525729 0,001129
resistant 2,302585 0,000686
resolves 3,506558 0,000522
resources 0,314711 0,000047
respond 1,660731 0,000247
resrep 3,506558 0,000522
rest 1,108663 0,000165
restrict 2,302585 0,000343
restricted 1,427116 0,000638
restrictions 1,309333 0,000585
restricts 2,525729 0,000376
resulting 0,798508 0,000119
results 0,446287 0,000066
retailers 2,120264 0,000316
retrieved -0,009950 -0,000206
return 0,820981 0,000122
reusable 2,995732 0,000446
reuters 1,660731 0,002969
reveal 2,040221 0,000304
reverse 1,427116 0,000425
review 0,385662 0,000402
reviewed 1,714798 0,000511
revoked 2,813411 0,000419
revoking 3,506558 0,000522
reward 2,302585 0,001715
rfer 3,218876 0,000480
ricardo 2,120264 0,000316
rico 2,407946 0,000359
right 0,478036 0,000071
rise 0,967584 0,000432
risk 0,597837 0,000089
ritchie 2,525729 0,000376
rivals 3,218876 0,000480
river 1,309333 0,000195
rkmen 1,966113 0,000293
rmb 3,912023 0,000583
road 1,427116 0,000850
robert 0,579818 0,000432
roberts 2,207275 0,000329
roger 1,309333 0,000195
rogoff 3,912023 0,002331
rom 0,616186 0,000092
romain 3,506558 0,001045
roots 2,120264 0,000948
ross 1,560648 0,000698
roubini 3,506558 0,001045
rouge 3,912023 0,000583
rounds 3,506558 0,000522
routing 1,560648 0,000233
royalty 2,995732 0,000446
roysktfran 2,040221 0,000304
russell 1,897120 0,000565
russia 1,714798 0,000255
ruvalcaba 3,912023 0,000583
ryan 1,560648 0,000233
sachs 2,659260 0,000396
safemoon 2,813411 0,000419
safety -0,009950 -0,000003
said 0,755023 0,000112
sakizayascotsseediqsesothosesotho 3,912023 0,000583
sally 3,912023 0,000583
salvador 2,525729 0,007150
salvadoran 3,912023 0,000583
salvadorans 3,912023 0,000583
sam 1,427116 0,000425
samantha 3,506558 0,000522
same 0,116534 0,000069
sampson 3,912023 0,000583
sanctions 2,525729 0,000376
santos 2,525729 0,000376
sat 3,218876 0,000480
satisfies 2,302585 0,000343
satoshi 3,218876 0,007194
satoshis 3,912023 0,001749
say 1,078810 0,000161
saying 1,897120 0,000283
says 1,309333 0,000975
scalability 1,469676 0,001533
scaled 1,832581 0,000273
scaling 1,609438 0,000480
scam 2,207275 0,000658
scams 2,525729 0,000376
scandal 1,897120 0,000565
scarcity 2,813411 0,000419
scheduledecentralized 3,912023 0,000583
scheme 1,469676 0,000876
schemeproof 3,912023 0,000583
schemes 1,660731 0,000247
scheuermann 3,912023 0,001166
schmitt 3,912023 0,000583
schnorr 3,506558 0,000522
scholar 1,309333 0,000195
school 1,078810 0,000321
science 0,287682 0,000043
scientist 1,609438 0,000240
screenshot 2,525729 0,000376
script 1,897120 0,000283
scripting 1,237874 0,000184
scrypt 2,659260 0,000396
search -0,009950 -0,000007
sec 2,207275 0,000658
second 0,342490 0,000102
secret 1,832581 0,000819
secretive 3,506558 0,000522
secures 3,218876 0,000480
security 0,314711 0,000281
see -0,009950 -0,000010
seems 1,966113 0,000293
seen 0,776529 0,000116
segwit 2,995732 0,001785
seize 3,506558 0,000522
seized 3,912023 0,003497
seizure 2,659260 0,000396
selena 3,506558 0,000522
sell 1,560648 0,000698
selling 1,514128 0,000677
sells 2,525729 0,000376
send 1,347074 0,000401
sending 1,714798 0,000511
senior 1,714798 0,000255
sensible 2,813411 0,000419
sensitive 1,272966 0,000190
sentiment 2,659260 0,000396
september 0,150823 0,000652
ser 3,506558 0,000522
series 0,328504 0,000049
serve 1,139434 0,000170
servers 1,021651 0,000152
serves 1,609438 0,000240
service 0,314711 0,000047
services 0,400478 0,000239
serwer 3,912023 0,000583
set 0,083382 0,000025
seven 1,469676 0,000219
several 0,094311 0,000070
sha 2,659260 0,000792
shams 3,218876 0,000480
share 0,616186 0,000184
sharealike -0,009950 -0,000001
sharply 3,506558 0,000522
shatter 3,218876 0,000480
shiba 2,813411 0,000419
shiller 3,218876 0,001439
short -0,009950 -0,000006
shortened -0,009950 -0,000001
show 0,867501 0,000129
showing 1,347074 0,000201
shows 1,139434 0,000509
shrem 3,218876 0,000480
shumailov 3,912023 0,000583
shutting 2,995732 0,000446
side 0,693147 0,000103
sidebar -0,009950 -0,000006
sigalos 3,218876 0,000480
sign 1,469676 0,001314
signatures 2,120264 0,000632
signed 1,309333 0,000195
significant 0,328504 0,000049
signs 2,207275 0,000658
silk 2,040221 0,001216
silver 1,771957 0,000528
similar 0,186330 0,000028
simonite 2,813411 0,000838
simple 0,150823 0,000045
simplified 1,609438 0,000480
simply 0,733969 0,000109
since 0,139262 0,000083
single 0,127833 0,000076
sinks 3,912023 0,000583
sister 1,386294 0,000413
site -0,009950 -0,000003
situations 1,237874 0,000184
size 0,462035 0,000207
slams 3,506558 0,000522
slang 3,506558 0,000522
slate 3,218876 0,000480
slenskaitaliano 0,562119 0,000084
slightly 1,771957 0,000264
slovakia 3,218876 0,000480
slumps 3,506558 0,000522
small 0,314711 0,000047
smaller 0,994252 0,000296
smallest 2,659260 0,000396
smart 1,078810 0,000321
smc 3,218876 0,000959
snake 3,218876 0,000480
snub 3,506558 0,000522
social 0,527633 0,000157
socially 2,407946 0,000359
society 0,673345 0,000100
sociologist 3,912023 0,000583
soft 2,040221 0,000304
software 0,127833 0,000114
softwarelicensemit 3,912023 0,000583
solana 2,813411 0,000419
sold 1,347074 0,000201
solution 0,776529 0,000347
solutions 0,820981 0,000122
solve 1,203973 0,000179
some 0,040822 0,000055
sometimes 0,301105 0,000090
source 0,186330 0,000167
sources 0,446287 0,000133
sourceview 1,309333 0,000390
south 1,108663 0,000165
space 0,478036 0,000071
spacex 3,506558 0,001045
spam 1,897120 0,000283
sparkes 3,912023 0,000583
special 0,494296 0,000147
specialized 0,843970 0,000377
specific 0,094311 0,000014
specifies 1,714798 0,000511
speculative 2,040221 0,000608
spend 2,040221 0,000912
spending 1,714798 0,001788
spent 2,040221 0,000608
spin 2,525729 0,000376
split 1,469676 0,000219
spot 1,771957 0,000264
springer 0,527633 0,000236
spv 3,912023 0,000583
spy 2,302585 0,000343
square 1,609438 0,000480
srdjan 3,506558 0,001045
srpskisrpskohrvatski 0,510826 0,000076
ssrn 1,427116 0,000425
stable 0,867501 0,000258
stablecoin 2,995732 0,000446
stablecoins 2,813411 0,000419
staff 1,469676 0,000219
stajano 3,912023 0,000583
stake 2,207275 0,000658
standardisation 2,995732 0,000446
standards 0,462035 0,000069
start 0,843970 0,000126
started 0,634878 0,000095
starting 0,755023 0,000225
state 0,235722 0,000070
stated 1,171183 0,000174
statement -0,009950 -0,000001
statements 0,314711 0,000375
statementsarticles 0,544727 0,000081
states 0,385662 0,000287
statesfrancebnf 0,510826 0,000076
statistics -0,009950 -0,000001
status 0,693147 0,001033
statusactivewritten 3,912023 0,000583
statuswebarchive 3,912023 0,000583
stay 1,966113 0,000293
steal 2,659260 0,000396
stecklow 3,912023 0,000583
steem 2,813411 0,000419
stellar 2,659260 0,000396
steps 1,309333 0,000195
steve 1,078810 0,000161
stifle 3,506558 0,000522
stifter 3,912023 0,000583
stiglitz 2,525729 0,001129
stijn 3,912023 0,000583
still 0,342490 0,000051
stinging 3,912023 0,000583
stock 1,386294 0,000413
stockpile 3,218876 0,000480
stocks 2,040221 0,000304
stolen 2,207275 0,000658
stoll 2,995732 0,000893
stops 2,813411 0,000419
storage 0,430783 0,000064
store 0,733969 0,000765
stored 0,733969 0,000109
storms 3,506558 0,000522
strategic 1,171183 0,000698
strategy 0,891598 0,000133
street 1,203973 0,001794
strings 1,514128 0,000226
strongly 1,560648 0,000233
structure 0,314711 0,000047
struggles 3,506558 0,001045
study 0,510826 0,000152
subject 0,527633 0,000079
subsection 0,020203 0,000009
subsequent 1,469676 0,000219
substantially 1,966113 0,000293
subunits 3,912023 0,000583
successful 0,843970 0,000126
successfully 1,427116 0,000213
such 0,000000 0,000000
suerf 3,912023 0,001166
suggested 1,609438 0,000240
sum 1,347074 0,000401
summit 2,120264 0,000316
sun 1,237874 0,000184
suomisvenskatagalog 1,171183 0,000174
supervised 1,660731 0,000247
supply 1,171183 0,000523
support 0,198451 0,000118
supported 0,634878 0,000095
supporters 3,218876 0,000480
sure 2,040221 0,000608
surge 2,207275 0,000658
surges 3,218876 0,000959
surprising 2,659260 0,000396
survey 0,579818 0,000173
surveys 1,714798 0,000511
susceptible 2,207275 0,000329
suzanne 3,218876 0,000480
swi 3,912023 0,001166
swissinfo 3,912023 0,001749
switzerland 1,897120 0,000283
sybil 3,912023 0,001166
sydney 2,813411 0,000419
symbol 1,469676 0,000438
symbols 1,560648 0,000233
symbolscirculating 3,912023 0,000583
synthesis 1,714798 0,000255
system 0,030459 0,000036
systems 0,061875 0,000037
szabo 2,995732 0,001339
table -0,009950 -0,000003
tabuchi 3,506558 0,001045
taipei 3,912023 0,000583
take 0,527633 0,000079
takes 0,634878 0,000095
tali 3,912023 0,000583
tamper 2,995732 0,000446
taproot 3,912023 0,000583
target 0,673345 0,000201
targets 1,272966 0,000379
tasked 2,813411 0,000419
tatar 1,272966 0,000190
tax 1,560648 0,000698
taxation 2,525729 0,000376
taxes 2,207275 0,000658
tayal 3,912023 0,000583
tech 0,967584 0,000432
techcrunch 1,660731 0,001237
technica 1,347074 0,000201
technical 0,478036 0,000142
techno 3,912023 0,000583
technological 1,427116 0,000213
technologies 0,562119 0,000167
technology 0,186330 0,000250
telegraph 2,120264 0,000316
template 0,328504 0,000049
ten 1,469676 0,000438
tender 2,813411 0,005030
term 0,223144 0,000033
terminal 1,897120 0,000283
terms -0,009950 -0,000004
terra 2,813411 0,000419
terrausd 3,912023 0,000583
tesla 2,207275 0,000987
test 0,673345 0,000100
testing 0,616186 0,000092
tether 2,525729 0,001129
texas 1,966113 0,000586
text -0,009950 -0,000003
textarticles 2,995732 0,000446
tezos 2,813411 0,000419
thai 2,813411 0,000419
than 0,072571 0,000162
that 0,000000 0,000000
theft 1,966113 0,000879
thefts 3,506558 0,000522
then 0,116534 0,000035
theoretical 0,967584 0,000432
theory 0,400478 0,000119
there 0,051293 0,000023
theron 3,912023 0,000583
these 0,040822 0,000036
things 0,843970 0,000251
third 0,356675 0,000053
this -0,009950 -0,000031
thomas 0,527633 0,000079
though 0,544727 0,000081
threats 1,771957 0,000264
three 0,287682 0,000171
throws 3,218876 0,000480
thu 3,506558 0,000522
ticker 2,813411 0,000419
tico 3,912023 0,000583
tim 0,867501 0,000388
time 0,010050 0,000012
times 0,314711 0,000797
timestamping 2,813411 0,000419
timothy 1,714798 0,000766
tinachi 3,912023 0,000583
tirole 3,912023 0,001166
titcoin 2,813411 0,000419
title -0,009950 -0,000001
titled 1,966113 0,000293
toggle -0,009950 -0,000007
token 1,660731 0,000990
tokens 1,897120 0,000565
tolerant 2,813411 0,000419
tom 1,203973 0,000538
ton 2,659260 0,000396
tony 1,714798 0,000255
took 1,237874 0,000184
tool 0,653926 0,000097
tools -0,009950 -0,000006
top -0,009950 -0,000001
topic -0,009950 -0,000003
topics 0,653926 0,000097
total 0,673345 0,000201
towards 1,203973 0,000179
tracks 1,897120 0,000565
traded 2,120264 0,000316
trademark -0,009950 -0,000001
trades 2,525729 0,000376
trading 1,609438 0,003117
traditional 0,544727 0,000325
transact 3,506558 0,001567
transacting 3,912023 0,000583
transaction 1,427116 0,004252
transactions 0,713350 0,002551
transfer 0,693147 0,000103
transfers 2,207275 0,000329
treasuries 3,912023 0,000583
treasury 2,407946 0,000359
treat 1,771957 0,000264
treated 1,514128 0,000226
trend 1,237874 0,000184
trial 1,660731 0,000495
trillion 1,966113 0,000586
tron 2,813411 0,000419
trucker 3,912023 0,000583
truckers 3,506558 0,001045
trump 2,525729 0,001882
trust 0,967584 0,000288
tschorsch 3,912023 0,001166
tsmc 3,912023 0,000583
tumbler 2,813411 0,000419
tunisia 2,995732 0,000446
turmoil 3,506558 0,000522
turned 1,832581 0,000273
tutorials 1,966113 0,000586
tvolap 3,506558 0,000522
twelfth 3,218876 0,000480
twice 1,714798 0,000255
twins 3,912023 0,000583
twitter 1,660731 0,000247
two 0,083382 0,000062
tyler 2,659260 0,001189
type 0,150823 0,000022
typically 0,223144 0,000033
tzebuergeschlietuvi 1,514128 0,000226
ulbricht 3,218876 0,000959
ulrich 2,525729 0,000376
unallocated 3,912023 0,000583
unbound 3,506558 0,000522
under -0,009950 -0,000004
underbelly 3,912023 0,000583
underground 2,995732 0,000446
understanding 0,562119 0,000084
unicode 1,832581 0,000819
unidad 3,912023 0,000583
uniform 1,347074 0,000201
union 1,021651 0,000152
unique 0,916291 0,000137
unit 0,798508 0,000476
united 0,527633 0,000236
units 1,309333 0,000585
university 0,186330 0,000056
unknown 1,171183 0,000349
unlike 0,798508 0,000119
unlikely 2,040221 0,000608
unlimited 2,302585 0,000686
unlocking 2,525729 0,000376
unravels 3,912023 0,000583
unregistered 3,218876 0,000480
unspent 3,912023 0,001166
untethered 3,218876 0,000480
until 0,510826 0,000152
update 0,527633 0,001101
updating 1,427116 0,000425
updatingarticles 2,995732 0,000446
upgrade 1,832581 0,000819
urged 2,995732 0,000446
urges 2,813411 0,000419
url 1,237874 0,000369
urldownload -0,009950 -0,000001
usa 1,427116 0,000213
usage 0,597837 0,000356
usd 2,120264 0,000316
use -0,009950 -0,000040
used -0,009950 -0,000019
useful 0,634878 0,000189
useless 2,813411 0,000838
user 0,328504 0,000098
users 0,478036 0,000712
uses 0,094311 0,000028
using -0,009950 -0,000022
usually 0,223144 0,000033
utc -0,009950 -0,000001
uws 3,218876 0,000480
uyghurchev 2,813411 0,000419
vaccine 3,506558 0,001045
valid 1,272966 0,000379
validate 2,120264 0,000316
validated 2,302585 0,000343
validity 1,771957 0,000264
valley 2,040221 0,000304
valuationexchange 3,912023 0,000583
value 0,301105 0,000493
valuearticles 2,659260 0,000396
valued 1,897120 0,000283
van 0,891598 0,000266
vance 3,506558 0,000522
variants 1,427116 0,000213
varies 1,427116 0,000213
various 0,223144 0,000100
vashek 3,912023 0,000583
vatrapu 3,912023 0,000583
vedran 3,506558 0,000522
velde 3,912023 0,001166
venda 3,912023 0,000583
venkatesh 3,218876 0,000480
ver 3,218876 0,000480
verge 1,771957 0,000528
verification 0,733969 0,000219
verified 2,302585 0,000686
verify 1,660731 0,000495
version -0,009950 -0,000003
vertcoin 2,813411 0,000419
very 0,314711 0,000047
via 0,186330 0,000056
vice 1,660731 0,000247
vicky 3,506558 0,000522
view -0,009950 -0,000003
vigna 2,995732 0,001339
vildana 3,506558 0,001045
violating 2,407946 0,000359
virtual 0,527633 0,000472
vision 0,891598 0,000133
vitalik 2,813411 0,000419
vlamswinaray 3,912023 0,000583
voiceverse 2,302585 0,000343
vol 0,616186 0,000275
volatile 2,407946 0,001435
volatility 1,966113 0,001758
volume 0,616186 0,000367
volumes 1,832581 0,000273
voluntarily 3,218876 0,000480
voorhees 2,995732 0,000446
vote 2,995732 0,000446
vries 3,506558 0,000522
vte 0,967584 0,000144
vtebitcoin 3,218876 0,000480
vtecryptocurrenciestechnology 2,813411 0,000419
vtecurrency 3,912023 0,000583
vulnerable 1,427116 0,000213
wall 1,309333 0,001951
wallace 2,525729 0,000376
wallet 2,525729 0,003387
wallets 2,995732 0,004463
walther 3,912023 0,000583
wang 1,427116 0,000425
want 1,272966 0,000190
wanted 1,714798 0,000255
ward 3,218876 0,000480
washington 1,049822 0,000782
waste 1,897120 0,000565
watch 1,386294 0,000413
way 0,198451 0,000089
wayback 0,478036 0,000142
wealth 2,207275 0,000658
web 0,342490 0,000153
website 0,634878 0,000189
week 1,514128 0,000226
weeks 1,771957 0,000264
wei 1,832581 0,000819
weighting 3,218876 0,000480
weindling 3,912023 0,000583
weippl 3,912023 0,000583
weis 3,912023 0,000583
well 0,051293 0,000023
wences 3,218876 0,000480
wenjun 3,912023 0,000583
went 1,714798 0,000255
west 1,560648 0,000233
western 1,108663 0,000165
whale 2,407946 0,000359
whales 3,912023 0,000583
what -0,009950 -0,000007
when 0,030459 0,000023
where 0,072571 0,000022
whether 0,400478 0,000060
which 0,000000 0,000000
while 0,051293 0,000038
white 1,108663 0,000330
who 0,301105 0,000493
whole 0,916291 0,000137
whoppercoin 2,813411 0,000419
why 0,494296 0,000295
wiki 1,427116 0,000213
wikidata 0,562119 0,000084
wikidatawikipedia 0,967584 0,000144
wikimedia -0,009950 -0,000003
wikipedia -0,009950 -0,000015
wikipediacontact -0,009950 -0,000001
wikiquote 1,966113 0,000293
wiktionary 1,832581 0,000273
wilhelm 2,302585 0,000343
williams 1,514128 0,000226
wilson 1,469676 0,000438
winklevoss 3,218876 0,001918
winner 2,659260 0,000396
winners 2,995732 0,000446
winning 2,302585 0,000686
wired 1,237874 0,000922
within 0,116534 0,000035
without 0,094311 0,000141
wolff 3,218876 0,000480
work 0,127833 0,000229
working 0,478036 0,000071
works 0,693147 0,000103
workshop 1,469676 0,000219
world 0,139262 0,000249
worst 2,120264 0,000316
worth 1,897120 0,002544
wright 1,714798 0,000255
writes 2,813411 0,000419
written 0,287682 0,000043
wrong 1,660731 0,000247
wrote 1,078810 0,000161
wursthorn 3,912023 0,000583
xbt 3,912023 0,001749
xiangwei 3,912023 0,000583
xiaofeng 3,506558 0,000522
xinhua 3,912023 0,000583
xinhuanet 3,912023 0,000583
xrp 2,813411 0,000419
xxvi 3,912023 0,000583
yaffe 3,506558 0,000522
yahoo 1,832581 0,000819
yanofsky 3,912023 0,000583
year 0,579818 0,000605
years 0,274437 0,000204
yiming 3,506558 0,000522
yin 2,995732 0,000446
york 0,371064 0,000498
yorker 2,995732 0,001339
yuan 2,659260 0,000396
zazakize 3,218876 0,000480
zbekcha 0,462035 0,000069
zcash 2,813411 0,000419
zero 0,733969 0,000109
zhang 1,427116 0,000425
zhe 3,912023 0,000583
zhengjun 3,912023 0,000583
zhimin 3,218876 0,000480
zug 3,506558 0,000522
