abandon 1,771957 0,000215
abbat 3,506558 0,000426
abbrevi 2,040221 0,000248
abil 0,562119 0,000068
abl 0,733969 0,000089
academ 0,693147 0,000336
acalib 3,912023 0,000475
accept 0,634878 0,000077
access 0,127833 0,000667
accid 2,813411 0,000341
accident 1,771957 0,000215
accord 0,287682 0,000140
account -0,009950 -0,000005
accuraci 1,469676 0,000178
achiev 0,510826 0,000062
acquir 1,203973 0,000146
across 0,415515 0,000202
act 0,713350 0,000173
action -0,009950 -0,000004
activ 0,356675 0,000346
actual 0,597837 0,000145
ad 0,223144 0,000162
adag 3,506558 0,000426
adam 1,203973 0,000146
add -0,009950 -0,000002
addit -0,009950 -0,000008
address 0,342490 0,000499
administ 2,207275 0,000268
administr 0,867501 0,000105
adopt 0,415515 0,000050
advanc 0,235722 0,000057
advantag 0,693147 0,000252
advent 2,207275 0,000268
advertis 1,347074 0,000490
advisori 2,302585 0,000279
affect 0,693147 0,000421
africa 1,966113 0,000239
ag 0,941609 0,000343
against 0,462035 0,000112
agenc 1,108663 0,000404
agent 0,733969 0,000178
agesearch 3,912023 0,000475
aggreg 1,514128 0,000184
ago 0,967584 0,000352
agre -0,009950 -0,000001
ahm 2,040221 0,000248
aisgaeilgegalego 1,427116 0,000173
ajax 1,832581 0,002668
alex 1,469676 0,000178
alexand 1,237874 0,000451
alfr 2,207275 0,000268
algorithm 0,462035 0,000056
all 0,000000 0,000000
allow 0,061875 0,000060
almon 3,506558 0,000426
alon 1,272966 0,000154
along 0,462035 0,000056
alreadi 0,776529 0,000188
also -0,009950 -0,000027
alter 1,469676 0,000178
altern 0,342490 0,000208
alwai 0,597837 0,000073
amateur 2,995732 0,000364
amazon 1,309333 0,000159
ambigu 1,386294 0,000336
america 0,967584 0,000117
american 0,415515 0,000050
amo 2,995732 0,000364
among 0,356675 0,000043
amount 0,579818 0,000141
amp -0,009950 -0,000007
amplifi 3,506558 0,001277
analysi 0,186330 0,000023
analyt 0,798508 0,000097
anchor 2,207275 0,000268
andreessen 3,218876 0,000391
andrew 0,820981 0,000100
angel 2,120264 0,000515
angl 2,040221 0,000248
angular 2,207275 0,000268
ani 0,083382 0,000051
anim 1,021651 0,000124
anniversari 2,525729 0,000613
annot 1,108663 0,000135
announc 0,733969 0,000267
anonym 1,560648 0,000379
anoth 0,127833 0,000062
antarctica 3,506558 0,000426
anton 2,207275 0,000268
antonio 2,120264 0,000515
anyon 1,386294 0,000336
appear -0,009950 -0,000006
appl 1,203973 0,000438
appli -0,009950 -0,000002
applic 0,030459 0,000063
approach 0,174353 0,000042
apress 1,966113 0,000239
april 0,072571 0,000467
aragon 1,171183 0,000142
arbitrari 1,049822 0,000127
archi 3,912023 0,000949
architectur 0,400478 0,000194
archiv 0,040822 0,000510
area 0,478036 0,000058
argu 0,994252 0,000121
arm 1,469676 0,000178
armstrong 2,040221 0,000248
arpanet 2,813411 0,001366
art 0,673345 0,000082
articl 0,000000 0,000000
articleabout -0,009950 -0,000001
articletalk -0,009950 -0,000001
ascii 1,897120 0,000460
asia 1,560648 0,000189
ask 0,867501 0,000421
asp 2,040221 0,000248
aspect 0,616186 0,000299
assassin 3,912023 0,000475
assembl 0,867501 0,000105
assign 0,798508 0,000097
assist 1,139434 0,000138
associ 0,127833 0,000031
assur 1,660731 0,000202
asturianuava 2,525729 0,000306
asynchron 2,040221 0,000248
atalla 3,506558 0,000426
atom 1,309333 0,000318
atompub 3,912023 0,000475
attack 0,867501 0,000632
attenu 3,912023 0,000475
attribut -0,009950 -0,000001
audibl 3,506558 0,000426
audienc 2,659260 0,000323
audio 0,891598 0,000325
auditori 3,912023 0,000475
august 0,162519 0,000473
authent 1,347074 0,000654
author 0,040822 0,000015
authorstim 3,912023 0,000475
automat 0,462035 0,000168
avail -0,009950 -0,000008
awar 1,203973 0,000292
back 0,462035 0,000168
background 1,237874 0,000150
bad 1,347074 0,000163
bahasa 0,186330 0,000023
baird 3,218876 0,000391
balanc 1,139434 0,000138
baltimor 2,813411 0,001024
bandwidth 1,832581 0,000445
bang 3,218876 0,000391
bank 0,941609 0,000457
bar 1,386294 0,000168
baran 3,506558 0,000426
bardeen 3,506558 0,000426
bare 2,302585 0,000279
base 0,010050 0,000012
basi 0,820981 0,000100
basic 0,198451 0,000096
battl 1,832581 0,000445
bbc 1,514128 0,000367
bbn 2,995732 0,000364
beacon 2,659260 0,000323
beam 2,207275 0,000268
beat 2,120264 0,000257
becam 0,579818 0,000563
becaus 0,127833 0,000016
becom 0,274437 0,000067
began 0,634878 0,000231
begin 0,385662 0,000187
beginn 2,525729 0,000306
behaviour 1,832581 0,001334
behind 0,867501 0,000105
beij 2,813411 0,000341
believ 1,272966 0,000154
bell 1,714798 0,000208
belong 1,347074 0,000163
ben 1,309333 0,000159
benefit 0,776529 0,000094
bergman 3,912023 0,000475
berinato 3,912023 0,000475
berlin 1,386294 0,000168
berner 2,525729 0,008888
besid 1,832581 0,000222
best 0,462035 0,000056
betawi 2,813411 0,000341
better 0,494296 0,000120
beyond 0,713350 0,000087
bibcod 0,693147 0,000084
bibfram 2,813411 0,000341
bibo 2,813411 0,000341
big 0,673345 0,000082
bill 0,776529 0,000094
billion 1,078810 0,000524
birth 1,897120 0,000460
bitnet 3,506558 0,000426
bittorr 3,912023 0,000475
blake 2,659260 0,000323
bleigh 3,912023 0,000475
block 0,597837 0,000145
blog 0,713350 0,000692
bloggernacl 3,912023 0,000475
blogospher 3,912023 0,000475
board 0,843970 0,000205
bob 1,832581 0,000445
bodi 0,867501 0,000316
bokm 0,127833 0,000016
book 0,210721 0,000077
bookmark 2,407946 0,000292
boost 1,660731 0,000202
boot 1,966113 0,000239
bosanskibrezhoneg 2,407946 0,000292
bose 2,995732 0,000364
boucher 3,912023 0,000475
bound 1,171183 0,000142
bourseul 3,506558 0,000426
boyd 2,813411 0,000341
bracket 1,897120 0,000230
brai 2,525729 0,000306
brand 1,386294 0,000168
brattain 3,506558 0,000426
brendan 2,407946 0,000292
brian 1,108663 0,000269
britannica 1,897120 0,000460
british 1,203973 0,000584
broadcast 1,832581 0,000222
broadcatch 3,912023 0,000475
broader 1,309333 0,000159
broadw 3,912023 0,000475
broken 1,660731 0,000403
brown 1,237874 0,000150
brows 1,966113 0,001909
browser 1,021651 0,007562
bubbl 1,560648 0,000189
build 0,274437 0,000167
built 0,462035 0,000112
bulli 3,506558 0,000426
bundl 1,514128 0,000184
buntin 3,912023 0,000475
bush 2,407946 0,000292
busi 0,287682 0,000349
button 2,040221 0,000248
cabl 2,207275 0,000804
cach 1,386294 0,002019
cailliau 3,218876 0,001172
caitlin 3,218876 0,000391
cal 3,506558 0,000426
call 0,030459 0,000030
calor 3,912023 0,000949
cambridg 0,755023 0,000092
came 1,078810 0,000262
camelcas 3,912023 0,000475
camil 2,995732 0,000364
cannot 0,314711 0,000076
capabl 0,562119 0,000273
capac 1,237874 0,000150
capit 0,994252 0,000121
capitalis 3,912023 0,000475
card 0,994252 0,000121
care 1,237874 0,000150
carla 3,218876 0,000391
carniv 3,912023 0,000475
carolyn 3,218876 0,000391
carri 0,967584 0,000117
carrol 2,995732 0,000364
cart 2,813411 0,000341
cascad 2,407946 0,000584
case 0,083382 0,000051
casilli 3,912023 0,000475
castelluccio 3,912023 0,000475
catal 0,094311 0,000011
categori -0,009950 -0,000005
caus 0,430783 0,000052
cede 3,506558 0,000426
celebr 2,302585 0,000279
cellular 1,714798 0,000208
center 0,415515 0,000101
centr 1,469676 0,000178
central 0,478036 0,000116
centuri 0,843970 0,000307
ceo 1,714798 0,000208
cerf 2,995732 0,000364
cern 2,407946 0,006720
cerndoc 3,912023 0,000475
certain 0,274437 0,000033
chadha 3,912023 0,000475
chair 2,525729 0,000306
chanc 1,660731 0,000202
chandra 3,218876 0,000391
chang 0,051293 0,000056
changesupload -0,009950 -0,000002
channel 1,049822 0,000255
chapp 3,506558 0,000426
charact 0,843970 0,000512
charg 1,272966 0,000309
charl 0,941609 0,000571
charli 2,302585 0,000279
charlieharvei 3,912023 0,000475
charset 3,506558 0,000426
charter 1,897120 0,000230
check 0,634878 0,000077
chief 1,609438 0,000195
chill 2,525729 0,000306
china 0,967584 0,000117
chri 0,994252 0,000121
christei 3,912023 0,000475
christoph 1,078810 0,000131
chrome 1,966113 0,000716
ciena 3,912023 0,002374
circl 1,966113 0,000239
circuit 0,967584 0,000235
circumst 1,897120 0,000230
cisco 2,207275 0,000268
citat 0,248461 0,000121
cite 0,597837 0,000145
citi 1,272966 0,000463
citizen 1,966113 0,000239
claburn 2,525729 0,000306
claim 0,634878 0,000077
clark 1,514128 0,000735
classic 0,544727 0,000066
claud 1,966113 0,000477
click 1,714798 0,000624
client 0,713350 0,001385
cluster 1,272966 0,000154
cname 3,506558 0,001277
cnet 1,609438 0,000391
coaxial 3,506558 0,000426
code -0,009950 -0,000010
cognit 1,427116 0,000173
coin 0,941609 0,000229
collabor 0,941609 0,000457
collat 3,218876 0,000391
collect 0,274437 0,000167
color 1,609438 0,000195
columnist 3,912023 0,000475
com 0,150823 0,000494
combin 0,261365 0,000063
come 0,356675 0,000043
comment 1,049822 0,000255
commerc 1,021651 0,000248
commerci 0,527633 0,000256
common -0,009950 -0,000022
commonli 0,342490 0,000166
commonswikibookswikidata 2,407946 0,000292
commun 0,139262 0,000270
communicationsweek 3,912023 0,000475
comp 2,407946 0,000584
compani 0,342490 0,000416
compar 0,342490 0,000042
comparison 0,371064 0,000045
compet 1,139434 0,000138
competit 1,203973 0,000584
compil 0,755023 0,000092
complet 0,223144 0,000027
complex 0,186330 0,000045
complianc 1,514128 0,000367
compon 0,261365 0,000032
compos 1,171183 0,000142
comprehens 0,867501 0,000211
compress 1,108663 0,000135
compris 1,714798 0,000208
comput 0,020203 0,000074
computerweekli 3,912023 0,000475
computerworld 1,609438 0,000195
conced 3,912023 0,000475
conceiv 2,120264 0,000515
concept 0,198451 0,000096
conceptu 1,469676 0,000178
concern 0,597837 0,000218
condit 0,579818 0,000070
conduct -0,009950 -0,000001
confer 0,274437 0,000033
confidenti 2,040221 0,000248
configur 0,798508 0,000097
confirm 1,514128 0,000367
conform 1,272966 0,000154
congress 1,771957 0,000430
connect 0,430783 0,000105
connolli 2,995732 0,000364
consent 2,302585 0,000279
consequ 0,891598 0,000108
consider 0,713350 0,000087
consist 0,301105 0,000037
consolid 1,714798 0,000208
consortium 1,771957 0,003870
constantli 1,966113 0,000716
constitut 1,272966 0,000154
construct 0,579818 0,000141
consum 0,653926 0,000079
contact -0,009950 -0,000002
contain 0,162519 0,000177
content -0,009950 -0,000053
context 0,446287 0,000054
contrast 0,891598 0,000325
contribut -0,009950 -0,000001
control 0,020203 0,000020
convei 2,525729 0,000306
converg 1,832581 0,000445
convers 0,776529 0,000094
cooki -0,009950 -0,000030
coordin 1,309333 0,000159
copi 0,891598 0,000216
core 0,579818 0,000070
cori 2,525729 0,000306
cornerston 3,218876 0,000391
corp 1,832581 0,000222
corpor 0,562119 0,000409
correspond 0,798508 0,000097
cost 0,385662 0,000094
cotton 2,659260 0,000323
couldri 3,218876 0,000391
council 1,427116 0,000173
countercultur 3,506558 0,000426
counterterror 3,218876 0,000391
countri 0,867501 0,000316
covert 2,813411 0,000341
coviello 3,912023 0,000475
crawl 2,995732 0,000727
crawler 2,525729 0,000613
creat -0,009950 -0,000018
creation 0,653926 0,000079
creativ -0,009950 -0,000004
credenti 2,120264 0,000257
credit 0,867501 0,000316
crime 1,469676 0,000178
crimin 1,771957 0,000215
cross 0,562119 0,000341
crucial 1,386294 0,000168
crumbl 3,506558 0,000426
cso 3,218876 0,000391
css 1,897120 0,001611
cue 2,813411 0,000341
cultur 1,049822 0,000382
culver 3,912023 0,000475
current 0,210721 0,000128
cve 2,525729 0,000306
cxo 3,506558 0,000426
cybercrim 2,525729 0,000306
cyclad 3,506558 0,000426
dai 0,562119 0,000068
daili 1,427116 0,000173
dalal 3,506558 0,000426
dali 2,995732 0,000364
dan 0,916291 0,000222
danah 3,506558 0,000426
daniel 0,776529 0,000094
dark 2,120264 0,000257
data 0,030459 0,000089
databas 0,072571 0,000053
dataczech 1,171183 0,000142
dataspac 2,813411 0,000341
date 0,210721 0,000077
davi 1,347074 0,000654
david 0,385662 0,000187
dawon 3,506558 0,000426
dct 2,813411 0,000341
dead 1,386294 0,000168
dec 2,040221 0,000248
decemb 0,061875 0,000143
decentr 1,714798 0,000208
decentralis 2,995732 0,000364
decis 0,400478 0,000049
declar 1,108663 0,000135
declin 1,832581 0,000222
dedic 1,272966 0,000309
deep 1,078810 0,001702
defenc 2,813411 0,000341
defens 1,386294 0,000168
defin 0,116534 0,000071
definit 0,186330 0,000068
degre 0,916291 0,000111
deitschdeutscheesti 3,912023 0,000475
delin 2,813411 0,000341
deliv 1,078810 0,000916
dell 2,407946 0,000584
delug 3,506558 0,000426
demand 0,820981 0,000398
demograph 1,897120 0,000230
demonstr 0,994252 0,000241
denot 1,386294 0,000168
dens 2,995732 0,000727
depend 0,105361 0,000051
deploi 1,108663 0,000135
derberg 3,506558 0,000426
describ 0,174353 0,000085
descript -0,009950 -0,000002
descriptionshort 0,000000 0,000000
deserv 2,995732 0,000364
design 0,040822 0,000050
desk 2,407946 0,000292
desktop 1,347074 0,000163
despont 3,912023 0,000475
detail 0,510826 0,000062
determin 0,342490 0,000042
develop -0,009950 -0,000028
devi 3,506558 0,000426
devic 0,634878 0,000847
devin 3,218876 0,000391
dewei 3,912023 0,000475
dhtml 2,302585 0,000279
di 2,659260 0,000323
diari 3,912023 0,000949
dictat 2,995732 0,000364
differ 0,010050 0,000009
difficult 0,597837 0,000073
digest 2,207275 0,000268
digit 0,400478 0,000389
direct 0,261365 0,000095
directli 0,415515 0,000101
directori 1,560648 0,000758
disabl 1,609438 0,000976
disambigu 1,049822 0,000255
disappear 2,659260 0,000323
discard 2,525729 0,000306
disclaim -0,009950 -0,000001
disclosur 1,966113 0,000239
discuss 0,494296 0,000060
dismiss 2,302585 0,000279
displai 0,755023 0,001099
disput 1,309333 0,000159
disputesarticl 3,218876 0,000391
distanc 1,514128 0,000184
distinct 0,544727 0,000066
distinguish 0,733969 0,000178
distribut 0,198451 0,000072
divers 1,469676 0,000178
divis 1,237874 0,001502
dmy 0,994252 0,000121
dn 1,897120 0,000921
doap 2,813411 0,000341
doc 1,139434 0,000138
doctorow 3,218876 0,000391
document 0,328504 0,001116
doi 0,162519 0,000138
dolbear 3,506558 0,000426
dom 1,560648 0,000947
domain 0,544727 0,001256
domin 1,021651 0,000496
donald 1,347074 0,000163
donat -0,009950 -0,000002
dorian 3,218876 0,000391
dot 1,609438 0,000195
doubl 0,843970 0,000307
dougla 1,237874 0,000150
down 0,597837 0,000290
download -0,009950 -0,000004
draw 0,994252 0,000241
dream 2,302585 0,000279
driven 0,867501 0,000105
drum 2,813411 0,000341
dual 1,609438 0,000195
dub 2,813411 0,001366
dubiou 3,218876 0,000391
dublin 2,659260 0,000323
due 0,261365 0,000032
duffi 3,218876 0,000391
duplic 1,897120 0,000230
dwdm 3,912023 0,000949
dynam 0,342490 0,000748
each 0,072571 0,000044
earli 0,301105 0,000329
earlier 1,139434 0,000138
easi 1,021651 0,000124
easili 0,843970 0,000205
eclips 1,771957 0,000215
ecma 2,525729 0,001226
ecmascript 2,302585 0,000279
ed 0,798508 0,000097
edg 0,820981 0,000199
edholm 3,506558 0,000426
edison 3,506558 0,000426
edit -0,009950 -0,000036
editcommun -0,009950 -0,000001
editor 1,347074 0,000327
edmund 2,659260 0,000323
edu 1,108663 0,000135
edublog 3,912023 0,000475
educ 0,494296 0,000120
edwin 2,407946 0,000292
effect 0,274437 0,000100
effici 0,287682 0,000070
effort 0,653926 0,000159
egger 3,912023 0,000475
eich 2,659260 0,000323
either 0,248461 0,000090
elaps 2,995732 0,000364
elast 2,407946 0,000292
electr 0,891598 0,000108
electron 0,430783 0,000314
element 0,301105 0,000219
elev 2,659260 0,000323
elisha 3,506558 0,000426
els 1,469676 0,000178
elsevi 1,203973 0,000292
elsewher 2,040221 0,000248
email 1,469676 0,000535
emait 1,560648 0,000189
emb 2,302585 0,000279
embed 0,755023 0,000550
emc 2,995732 0,000364
emil 2,525729 0,000306
emili 2,407946 0,000292
emploi 0,673345 0,000245
employ 1,832581 0,000222
employe 1,386294 0,000168
enabl 0,274437 0,000067
enclosur 3,506558 0,000426
encod 1,203973 0,000146
encourag 1,203973 0,000146
encrypt 1,139434 0,000691
encyclopedia -0,009950 -0,000005
end 0,186330 0,000113
endow 2,407946 0,000292
enforc 0,916291 0,000222
engag 1,609438 0,000391
engelbart 3,506558 0,000426
engin 0,061875 0,000180
english -0,009950 -0,000011
englishus 1,966113 0,000239
enhanc 0,510826 0,000062
enorm 2,302585 0,000279
enquir 3,506558 0,000851
enshittif 3,506558 0,000426
ensur 0,713350 0,000087
enter 1,049822 0,000382
enterpris 0,446287 0,000271
entertain 2,120264 0,000515
entiti 0,843970 0,000102
entrepreneur 2,525729 0,000306
ephemer 2,813411 0,000341
epitaph 3,506558 0,000426
equal 0,843970 0,000205
equip 1,078810 0,000131
era 1,386294 0,000336
erd 3,218876 0,000391
erna 3,506558 0,000426
error 0,430783 0,000105
errorswikipedia 3,912023 0,000475
escribitionist 3,912023 0,000475
especi 0,415515 0,000202
espionag 3,218876 0,000781
essenti 0,634878 0,000385
establish 0,634878 0,000154
estim 0,820981 0,000398
eszter 3,506558 0,000426
etc 0,562119 0,000205
ethernet 2,407946 0,000292
etwi 3,506558 0,000426
europ 0,941609 0,000114
european 0,733969 0,000356
even 0,235722 0,000114
event 0,356675 0,000043
eventsrandom -0,009950 -0,000001
eventu 0,798508 0,000194
everi 0,261365 0,000095
everyon 1,714798 0,000416
everyth 1,309333 0,000159
evolut 0,820981 0,000199
evolv 1,078810 0,000262
eweek 2,659260 0,000323
exacerb 2,813411 0,000341
exactli 1,171183 0,000284
exampl 0,020203 0,000042
exchang 0,579818 0,000070
execut 0,356675 0,000173
exist 0,186330 0,000023
expand 0,776529 0,000094
expans 1,309333 0,000159
experi 0,510826 0,000124
expir 2,120264 0,000257
explicit 1,171183 0,000142
exploit 1,078810 0,000262
explor 0,820981 0,000498
exploratori 1,966113 0,000239
export -0,009950 -0,000001
exposur 1,560648 0,000189
extern 0,030459 0,000007
extract 1,108663 0,000135
extrem 0,941609 0,000114
face 1,021651 0,000248
facebook 1,560648 0,000568
facial 2,120264 0,000257
facil 0,891598 0,000108
facilit 0,916291 0,000334
factor 0,544727 0,000066
failur 1,021651 0,000124
fake 2,302585 0,000279
fall 0,867501 0,000105
fallen 2,995732 0,000364
famili 0,994252 0,000121
faq 1,386294 0,000168
far 0,867501 0,000105
farnsworth 3,506558 0,000426
farrar 3,218876 0,000391
fashion 1,832581 0,000445
faster 0,994252 0,000121
favour 2,407946 0,000292
fax 3,218876 0,000391
featur 0,210721 0,000179
februari 0,061875 0,000390
fee 1,714798 0,000416
feed 1,966113 0,001431
fessenden 3,506558 0,000426
fetch 1,966113 0,000239
few 0,653926 0,000079
fiber 2,040221 0,001485
fiberopticsonlin 3,912023 0,000475
fibr 3,506558 0,002128
fiction 2,120264 0,000257
fidonet 3,506558 0,000426
field 0,314711 0,000153
figur 1,272966 0,000309
fiji 1,897120 0,000230
file 0,446287 0,000975
fileperman -0,009950 -0,000001
filespeci -0,009950 -0,000001
filesystem 2,407946 0,000292
filter 1,108663 0,000135
final 0,494296 0,000060
finalis 3,912023 0,000475
financ 0,843970 0,000102
find 0,371064 0,000270
fine 1,609438 0,000195
finjan 3,912023 0,000475
fire 1,560648 0,000189
firebird 3,506558 0,000426
firefox 1,771957 0,000430
firewal 2,120264 0,000257
first 0,020203 0,000037
firstpost 3,912023 0,000475
five 0,776529 0,000094
fix 0,385662 0,000047
flanagan 3,218876 0,000391
flat 2,207275 0,000268
fly 2,120264 0,000257
foaf 2,659260 0,000323
focus 0,653926 0,000159
fogi 3,912023 0,000475
folksonomi 2,813411 0,000341
follow 0,072571 0,000062
food 1,469676 0,000178
forc 0,597837 0,000073
forest 1,832581 0,000222
forev 2,659260 0,000323
forgeri 3,218876 0,000391
form 0,072571 0,000088
formal 0,510826 0,000062
format 0,634878 0,000616
former 1,049822 0,000255
formerli 1,309333 0,000159
fortinet 3,218876 0,000391
forward 0,941609 0,000229
fought 3,218876 0,000391
found 0,274437 0,000200
foundat -0,009950 -0,000010
four 0,820981 0,000100
fraction 1,514128 0,000367
franca 1,609438 0,000195
franci 1,347074 0,000163
francin 3,912023 0,000475
fraser 3,912023 0,000475
fraud 1,560648 0,000189
free -0,009950 -0,000010
freecodecamp 3,506558 0,000426
frenzi 3,506558 0,000426
frequenc 1,078810 0,000131
frequent 0,916291 0,000889
front 1,078810 0,000131
fry 3,506558 0,000851
frystyk 3,506558 0,000426
ftp 2,040221 0,000990
fulfil 1,771957 0,000215
full 0,371064 0,000045
function 0,030459 0,000048
fundament 0,478036 0,000058
funet 3,506558 0,000426
further 0,139262 0,000051
futur 0,235722 0,000086
gain 0,616186 0,000374
game 0,478036 0,000058
ganapathi 3,912023 0,000475
garcia 2,525729 0,000306
gardin 3,218876 0,000391
gatewai 2,302585 0,000279
gather 1,469676 0,000178
gear 1,771957 0,000215
gener -0,009950 -0,000012
georss 3,912023 0,000475
geotag 2,813411 0,000683
get 0,430783 0,000314
getti 3,218876 0,000391
gger 3,912023 0,000949
gianchandani 3,912023 0,000475
gif 3,218876 0,000391
gina 3,506558 0,000426
giroux 3,506558 0,000426
give 0,446287 0,000054
gleick 3,506558 0,000426
global 0,446287 0,000596
glossari 0,867501 0,000211
gmail 3,218876 0,000781
gnu 1,272966 0,000154
gone 2,207275 0,000268
googl 0,579818 0,000774
gopher 2,995732 0,006543
gordon 1,966113 0,000716
got 1,897120 0,000460
gould 3,912023 0,001424
gov 1,469676 0,000713
govern 0,544727 0,000463
gpl 2,120264 0,000257
grafton 3,218876 0,000391
graham 2,040221 0,000248
grai 2,120264 0,000257
grain 1,966113 0,000239
grandfath 3,912023 0,000475
grant 1,139434 0,000138
graph 0,967584 0,000235
graphic 0,733969 0,000267
grasp 2,995732 0,000364
grddl 2,813411 0,000341
green 0,916291 0,000111
grew 1,386294 0,000336
groff 3,506558 0,000426
grossman 2,995732 0,000364
ground 1,560648 0,000379
group 0,186330 0,000068
grow 0,653926 0,000159
growth 0,733969 0,000178
guardian 1,560648 0,000189
guglielmo 3,218876 0,000391
guid 0,287682 0,000105
guidelin 1,237874 0,000300
gwiyannenkurd 2,659260 0,000323
hack 1,203973 0,000146
hacker 1,309333 0,000159
hak 1,897120 0,000230
halevi 3,912023 0,000475
hall 0,653926 0,000079
hamilton 2,207275 0,000536
han 1,897120 0,000230
hand 0,494296 0,000120
handl 0,415515 0,000101
hansen 2,659260 0,000323
harass 3,506558 0,000426
hardwar 0,579818 0,000070
hargittai 3,912023 0,000475
harold 2,120264 0,000257
harpersanfrancisco 3,912023 0,000475
harvei 2,813411 0,000341
hashtag 3,912023 0,000475
hatom 2,813411 0,000341
hausa 1,609438 0,000195
hayr 3,912023 0,000475
hcalendar 2,813411 0,000341
hcard 2,813411 0,000341
head 0,867501 0,000316
health 0,994252 0,000241
heavili 1,203973 0,000146
heavisid 3,218876 0,000391
hecht 3,912023 0,000949
hector 2,995732 0,000364
hedi 3,506558 0,000426
heliograph 3,506558 0,000426
help 0,174353 0,000148
helplearn -0,009950 -0,000001
henri 1,427116 0,000173
here 0,301105 0,000110
hererel -0,009950 -0,000001
hickson 3,506558 0,000426
hidden 0,843970 0,000410
hide -0,009950 -0,000006
high 0,223144 0,000054
highest 1,514128 0,000184
highli 0,867501 0,000105
highwai 2,302585 0,000279
hindif 2,659260 0,000323
hirsch 3,506558 0,000426
histor 0,579818 0,000141
histori -0,009950 -0,000036
hit 1,469676 0,000357
hoboken 1,897120 0,000230
hoffman 2,525729 0,000306
hold 0,579818 0,000141
home 0,616186 0,000598
homepag 2,207275 0,000268
hook 1,966113 0,000239
hoover 2,995732 0,000364
hope 1,660731 0,000202
hopgood 3,912023 0,000475
hopkin 1,966113 0,000239
horn 2,407946 0,000584
host 0,755023 0,000366
hostnam 3,218876 0,001172
hot 1,966113 0,000239
hotspot 2,995732 0,000364
houser 3,506558 0,000426
how 0,072571 0,000070
howard 2,207275 0,000268
howev 0,094311 0,000046
hproduct 2,813411 0,000341
hrecip 2,813411 0,000341
href 2,995732 0,000364
hreview 2,813411 0,000341
hrvatskiidoilokanobahasa 2,995732 0,000364
html 1,078810 0,005891
http -0,009950 -0,000056
httpd 2,813411 0,000341
hubbard 3,218876 0,000391
huber 3,912023 0,001424
human 0,527633 0,000128
hundr 1,237874 0,000150
hydraul 2,659260 0,000323
hypercard 2,813411 0,000683
hyperdata 2,813411 0,000341
hyperlink 2,040221 0,003961
hypertext 1,771957 0,004730
hyphen 2,995732 0,000364
iadi 3,218876 0,000391
ian 1,347074 0,000163
iana 2,995732 0,001091
ichi 2,659260 0,000323
idea 0,527633 0,000320
ident 0,820981 0,000100
identif 1,139434 0,000138
identifi 0,356675 0,000476
idg 2,407946 0,000584
ieee 0,634878 0,000077
ietf 2,040221 0,000990
igi 3,506558 0,000426
imag 0,494296 0,000900
img 2,659260 0,000645
immedi 0,967584 0,000117
impact 0,544727 0,000066
implement 0,105361 0,000102
implicitli 1,966113 0,000239
importantli 2,302585 0,000279
improv 0,150823 0,000018
inasloven 0,616186 0,000075
inasoomaaliga 2,525729 0,000306
inbox 3,218876 0,000391
inc -0,009950 -0,000002
includ 0,000000 0,000000
inclus 1,514128 0,000184
incognito 3,506558 0,000426
incom 1,272966 0,000309
incomplet 1,966113 0,000239
incorpor 0,755023 0,000092
increas 0,287682 0,000175
increment 1,386294 0,000168
inde 1,714798 0,000208
indefinit 1,237874 0,000150
independ 0,527633 0,000192
index -0,009950 -0,000006
indic 0,356675 0,000043
indirectli 1,771957 0,000215
individu 0,314711 0,000382
indonesiainterlinguaisizulu 2,995732 0,000364
indulg 3,912023 0,000475
influenc 0,579818 0,000141
info 1,832581 0,000222
infograph 2,995732 0,000364
inform 0,061875 0,000360
informationcit -0,009950 -0,000001
informationweek 2,302585 0,000559
infosec 3,912023 0,000475
infosecur 3,506558 0,000851
infosystem 3,218876 0,000781
infrastructur 0,673345 0,000490
initi 0,235722 0,000143
inject 1,386294 0,000168
inlin 1,897120 0,000230
innocenzo 3,506558 0,000426
innov 0,820981 0,000100
input 0,634878 0,000154
insid 0,579818 0,000211
insist 2,659260 0,000323
inspect 1,514128 0,000184
instal 0,994252 0,000362
instanc 0,478036 0,000058
instant 1,897120 0,000230
instead 0,301105 0,000037
institut 0,446287 0,000271
instruct 1,108663 0,000269
intellig 0,510826 0,000124
intend 0,478036 0,000174
inter 1,966113 0,000239
interact 0,356675 0,000390
interactioninform 3,912023 0,000475
interchang 1,714798 0,000208
interconnect 1,966113 0,000716
interdepend 2,407946 0,000292
interest 0,478036 0,000348
intermedi 1,309333 0,000159
intermediari 1,897120 0,000230
intern 0,040822 0,000030
internation 2,040221 0,000248
internationalgndfastnationalunit 1,237874 0,000150
internationalis 3,506558 0,001277
internet 0,462035 0,004093
internethistorypodcast 3,912023 0,000475
internetlivestat 3,912023 0,000475
interoper 1,609438 0,000195
interpret 0,579818 0,000141
interspers 3,912023 0,000475
interven 3,506558 0,000426
intranet 2,813411 0,000683
introduc 0,210721 0,000102
introduct 0,210721 0,000051
invent 1,021651 0,000620
inventionsbritish 3,912023 0,000475
inventionscerncomput 3,912023 0,000475
inventionshuman 3,912023 0,000475
inventor 2,120264 0,000515
investig 1,078810 0,000131
invis 1,897120 0,000460
invok 1,714798 0,000208
iphon 2,813411 0,000341
ipo 2,995732 0,000364
iri 2,040221 0,000743
isbn 0,051293 0,000112
isbnarticl 2,525729 0,000306
isci 3,912023 0,000949
iscienc 3,912023 0,000475
isdn 2,995732 0,000364
iso 1,309333 0,000477
isplattd 2,120264 0,000257
issn 0,478036 0,000348
issu 0,314711 0,000153
item -0,009950 -0,000004
iter 1,272966 0,000154
itself 0,342490 0,000083
itzhak 3,912023 0,000475
ixbrl 2,813411 0,000341
jagadish 3,506558 0,000426
jai 1,966113 0,000239
jame 0,634878 0,000077
jane 2,407946 0,000292
janet 2,525729 0,000919
jann 3,912023 0,000949
januari 0,083382 0,000293
jaswind 3,912023 0,000475
java 0,891598 0,000108
javascript 1,021651 0,001736
jawa 1,560648 0,000189
jayasankar 3,912023 0,000475
jeckl 3,912023 0,000475
jeff 1,560648 0,000379
jennimai 3,912023 0,000475
jeremiah 3,912023 0,000475
jerri 2,302585 0,000279
jim 1,514128 0,000367
joani 3,912023 0,000475
joanna 2,659260 0,000323
joel 2,040221 0,000248
johan 2,995732 0,000364
johann 2,525729 0,000306
john 0,198451 0,000096
johnson 1,714798 0,000208
jonathan 1,347074 0,000163
joshua 1,897120 0,000230
journal 0,186330 0,000113
jqueri 2,813411 0,000341
json 1,347074 0,000163
juli 0,127833 0,000419
jump -0,009950 -0,000001
jun 2,407946 0,000292
june 0,094311 0,000217
just 0,328504 0,000040
kahn 2,525729 0,000306
kahng 3,218876 0,000391
kao 2,995732 0,000364
kapani 3,506558 0,000426
keep 0,733969 0,000178
kelath 3,912023 0,000475
kenneth 1,966113 0,000239
kernowek 3,912023 0,000475
kevin 1,386294 0,000168
keyword 1,897120 0,000230
kill 1,714798 0,000208
killelea 3,912023 0,000475
kimberlin 3,912023 0,000475
kiswahilikrii 3,218876 0,000391
know 0,653926 0,000238
knowledg 0,597837 0,000218
known 0,127833 0,000109
korzeniowski 3,912023 0,000475
kot 3,912023 0,000475
lack 0,544727 0,000198
ladinolatinalatvi 3,912023 0,000475
lai 1,966113 0,000239
lamarr 3,506558 0,000426
lan 2,407946 0,000584
landel 3,506558 0,000426
lang 1,660731 0,000202
languag -0,009950 -0,000024
laptop 2,120264 0,000257
larg 0,127833 0,000062
laser 2,302585 0,001118
last -0,009950 -0,000002
later 0,223144 0,000081
latter 0,916291 0,000111
launch 0,941609 0,000229
law 0,653926 0,000397
lawmak 2,995732 0,000364
layer 0,713350 0,000173
layout 1,660731 0,000403
leach 2,995732 0,000364
learn 0,162519 0,000020
least 0,527633 0,000064
leav 1,078810 0,000131
led 0,446287 0,000162
lee 0,994252 0,003619
leelicensepubl 3,912023 0,000475
leeweb 3,912023 0,000475
legal -0,009950 -0,000002
legitim 2,040221 0,000248
legitimaci 2,995732 0,000364
leisur 2,813411 0,000341
lesli 2,659260 0,000323
lespa 3,218876 0,000391
less 0,430783 0,000052
level 0,083382 0,000020
librari 0,356675 0,000216
librarianship 3,912023 0,000475
licens -0,009950 -0,000007
lifelog 3,912023 0,000475
lifestyl 3,218876 0,000781
light 1,049822 0,000637
like 0,051293 0,000081
lillei 3,218876 0,000391
limit 0,186330 0,000090
line 0,261365 0,000127
lingua 2,040221 0,000248
link -0,009950 -0,000028
linkback 3,912023 0,000475
linkpag -0,009950 -0,000001
linkspag 3,506558 0,000426
list 0,051293 0,000025
listen 1,966113 0,000239
literaci 2,813411 0,000341
literatur 1,272966 0,000154
littl 0,820981 0,000100
liu 1,427116 0,000173
live 0,733969 0,000267
liveblog 3,912023 0,000475
lnorsk 0,653926 0,000079
lo 2,207275 0,000536
load 0,891598 0,000108
local 0,314711 0,000229
locat 0,527633 0,000448
lock 1,309333 0,000159
log -0,009950 -0,000011
logi 3,218876 0,000391
logic 0,616186 0,000150
logo 1,771957 0,000430
london 0,941609 0,000114
long 0,287682 0,000105
longer 0,755023 0,000092
look 0,478036 0,000174
lookup 2,302585 0,000279
loos 1,609438 0,000195
loss 0,891598 0,000216
lost 1,514128 0,000184
lower 0,673345 0,000082
luciano 2,995732 0,000364
lunar 3,218876 0,000391
lux 0,371064 0,000045
lxxii 3,218876 0,000391
lynx 2,525729 0,000306
machin 0,040822 0,000015
mad 2,407946 0,000292
made 0,186330 0,000113
madhavan 3,912023 0,000475
magazin 0,755023 0,000183
mail 1,203973 0,000584
main -0,009950 -0,000023
maint 0,798508 0,000194
maintain 0,400478 0,000243
make 0,061875 0,000128
malagasi 2,040221 0,000248
malici 1,660731 0,000202
malwar 1,897120 0,000460
manag 0,105361 0,000102
mani 0,061875 0,000120
manzetti 3,506558 0,000426
map 0,616186 0,000299
mapper 2,407946 0,000292
marc 1,771957 0,000430
march 0,116534 0,000382
marconi 3,506558 0,000426
mario 2,659260 0,000323
mark 0,261365 0,000032
market 0,446287 0,000271
markoff 3,218876 0,000781
markup 1,966113 0,002624
marom 3,912023 0,000475
marsan 3,912023 0,000475
martin 0,843970 0,000102
mashabl 2,525729 0,000306
mashup 2,407946 0,000292
masint 3,218876 0,000391
mask 1,832581 0,000222
masnick 3,912023 0,000475
mass 1,309333 0,000318
master 0,941609 0,000114
match 0,400478 0,000049
matter 1,049822 0,000127
matur 1,560648 0,000189
mcafe 2,813411 0,000683
mccullough 3,506558 0,000426
mcd 3,506558 0,000426
mcpherson 3,218876 0,000391
mdn 2,302585 0,000559
mean 0,083382 0,000081
meant 1,514128 0,000184
meantim 3,218876 0,000391
measur 0,371064 0,000090
mechan 0,356675 0,000173
media 0,139262 0,000304
mediaaltern 3,912023 0,000475
medium 1,171183 0,000142
meet 0,527633 0,000192
melayu 0,820981 0,000100
member 0,562119 0,000068
memet 3,218876 0,000391
memorandum 2,995732 0,000364
mendelsohn 3,506558 0,000426
mention 1,237874 0,000150
menu -0,009950 -0,000004
merit 2,659260 0,000323
messag 0,400478 0,000243
metadata 1,347074 0,000163
metaphor 2,407946 0,000292
metasearch 3,506558 0,000426
metcalf 3,218876 0,000391
method 0,150823 0,000110
meucci 3,218876 0,000391
michael 0,385662 0,000234
microblog 3,506558 0,000426
microdata 2,659260 0,000323
microformat 2,659260 0,000645
micromedia 3,912023 0,000475
microsoft 0,579818 0,000352
microsystem 1,897120 0,000460
mike 1,237874 0,000150
mind 1,347074 0,000163
mine 0,916291 0,000111
minitel 3,912023 0,000475
minnesota 2,525729 0,001226
minut 1,469676 0,000178
mirror 1,897120 0,000230
misiroglu 3,912023 0,000475
miss 0,867501 0,000105
mit 0,776529 0,000094
mitr 3,218876 0,000391
mix 0,891598 0,000108
mobil -0,009950 -0,000011
mobilecast 3,912023 0,000475
mod 1,832581 0,000222
mode 0,755023 0,000183
model 0,116534 0,000057
modern 0,314711 0,000153
modifi 0,527633 0,000128
moenaert 3,912023 0,000475
mogul 2,995732 0,000364
moham 2,207275 0,000268
molecular 2,120264 0,000257
molina 2,813411 0,000341
momentum 2,040221 0,000248
mondai 2,525729 0,000306
monei 1,171183 0,000142
monitor 1,021651 0,000248
more 0,010050 0,000017
moreov 1,560648 0,000189
mors 2,995732 0,000364
mosaic 2,120264 0,001286
mosfet 3,218876 0,000391
most 0,040822 0,000069
motiv 1,272966 0,000154
motovlog 3,912023 0,000475
mount 2,207275 0,000268
mous 2,207275 0,000268
move -0,009950 -0,000012
movement 1,108663 0,000269
mozilla 1,514128 0,000367
mozillazin 2,995732 0,000364
mrss 3,912023 0,000475
much 0,400478 0,000194
multimedia 1,386294 0,000336
multipl 0,094311 0,000092
multiplex 2,302585 0,001118
museum 1,660731 0,000202
music 1,309333 0,000159
mutabl 2,207275 0,000268
muyll 3,912023 0,000475
myriad 3,218876 0,000391
myspac 3,912023 0,000475
mysql 2,525729 0,000306
name 0,162519 0,000394
namesc 3,218876 0,000391
naomi 2,659260 0,000323
narind 3,506558 0,000426
narrowcast 3,912023 0,000475
nasir 2,813411 0,000341
nation 0,527633 0,000448
natur 0,356675 0,000043
navig -0,009950 -0,000010
ncsa 2,995732 0,000364
necessarili 1,049822 0,000127
nederland 0,415515 0,000050
need 0,030459 0,000030
negoti 1,771957 0,000430
neither 1,469676 0,000178
nelson 2,040221 0,000495
net 0,385662 0,000328
netoti 1,771957 0,000215
netscap 2,040221 0,001238
nettl 3,912023 0,000949
netw 3,912023 0,000475
network 0,127833 0,000791
neurolog 3,506558 0,000426
never 1,021651 0,000372
new 0,010050 0,000039
newscientist 3,912023 0,000475
newsgroup 2,525729 0,000919
newsml 3,912023 0,000475
newspap 1,347074 0,000327
next 0,400478 0,000146
ngliscafrikaansalemannisch 2,813411 0,000341
ngn 3,506558 0,000426
nguyen 2,525729 0,000306
nick 1,469676 0,000178
niel 3,506558 0,000851
nigel 2,659260 0,000323
nikola 2,659260 0,000323
nishizawa 3,506558 0,000426
nntp 2,995732 0,000364
noah 2,995732 0,000364
node 0,867501 0,000211
nomenclatur 3,218876 0,000781
non -0,009950 -0,000002
nonconformist 3,912023 0,000949
nonproprietari 3,912023 0,000475
nor 1,386294 0,000168
nordfriisknorsk 1,714798 0,000208
normal 0,673345 0,000245
norman 2,207275 0,000268
north 1,309333 0,000159
not 0,000000 0,000000
notabl 0,616186 0,000150
notat 0,941609 0,000114
note 0,150823 0,000037
novalombardmagyar 2,659260 0,000323
novemb 0,150823 0,000146
now 0,274437 0,000133
npl 3,506558 0,000426
nsf 2,995732 0,002181
nsfnet 3,506558 0,000851
number 0,040822 0,000035
nxoc 3,912023 0,000475
nynorskoccitan 1,897120 0,000230
object 0,174353 0,000042
obsolet 1,609438 0,000195
obtain 0,733969 0,000089
occasion 1,714798 0,000208
oceania 2,813411 0,000341
oclc 0,891598 0,000108
octob 0,139262 0,000118
off 0,673345 0,000082
offer 0,248461 0,000030
offic 0,733969 0,000089
offici 0,653926 0,000079
often 0,127833 0,000155
oldid -0,009950 -0,000001
olesperantoeuskara 0,510826 0,000062
oliv 1,514128 0,000184
omit 1,714798 0,000208
onc 0,527633 0,000192
onli 0,051293 0,000068
onlin 0,415515 0,000504
onto 1,660731 0,000605
ontolog 1,660731 0,000403
open 0,150823 0,000146
openoffic 2,995732 0,000727
oper 0,010050 0,000006
opera 2,302585 0,000279
opg 3,912023 0,000475
opml 3,912023 0,000475
opportun 1,139434 0,000277
oppos 1,237874 0,000150
opposit 1,714798 0,000208
optelecom 3,912023 0,000475
optic 1,386294 0,004542
optica 3,912023 0,000949
optimizationsearch 3,912023 0,000475
option 0,527633 0,000064
orbit 2,207275 0,000268
orchard 3,912023 0,000475
ordinari 1,272966 0,000154
org -0,009950 -0,000022
organ -0,009950 -0,000006
organis 1,560648 0,001326
orient 0,653926 0,000079
origin -0,009950 -0,000127
osamu 3,912023 0,000475
oso 3,912023 0,000475
other -0,009950 -0,000052
out 0,261365 0,000063
outlin 0,562119 0,000068
outlook 2,207275 0,000268
outnumb 3,912023 0,000475
outset 3,218876 0,000391
outsid 0,776529 0,000188
over 0,094311 0,000103
overview 0,616186 0,000150
owl 2,525729 0,000306
own 0,314711 0,000076
oxford 0,843970 0,000614
packet 2,120264 0,000257
page -0,009950 -0,000145
pagecontentscurr -0,009950 -0,000001
pageget -0,009950 -0,000001
pager 3,506558 0,000426
pagesus 1,469676 0,000178
pai 1,021651 0,000248
palazzi 3,912023 0,000949
paolo 2,207275 0,000268
paper 0,527633 0,000064
paperback 3,912023 0,000475
papiamentupatoi 3,506558 0,000426
paragraph 2,407946 0,000584
paramet 0,755023 0,000275
parent 1,714798 0,000208
pars 1,514128 0,000184
part 0,072571 0,000053
parti 0,616186 0,000150
particular 0,301105 0,000183
particularli 0,597837 0,000073
partnership 2,040221 0,000248
pass 0,776529 0,000188
password 1,609438 0,000976
past 0,994252 0,000483
pat 2,813411 0,000341
patent 1,203973 0,000584
patrick 1,714798 0,000416
pattern 0,494296 0,000120
paul 0,544727 0,000264
paywal 3,912023 0,000475
pdf 0,139262 0,000237
pdfprintabl -0,009950 -0,000001
pdp 3,218876 0,000391
peercast 3,912023 0,000475
peopl 0,356675 0,000303
per 0,616186 0,000075
percentag 1,427116 0,000173
perform 0,040822 0,000010
perhap 1,660731 0,000403
perlman 3,218876 0,000391
permalink 3,912023 0,000475
permit 1,203973 0,000146
person -0,009950 -0,000008
perspect 0,733969 0,000089
peter 0,446287 0,000054
petko 3,912023 0,000475
petkov 3,912023 0,000475
pew 2,995732 0,000727
phenomenon 2,040221 0,000248
philipp 2,407946 0,000292
philo 3,218876 0,000391
phish 2,407946 0,001169
phone 1,386294 0,000336
photo 1,832581 0,000222
photoblog 3,912023 0,000475
photofe 3,912023 0,000475
photograph 1,714798 0,000416
photophon 3,506558 0,000426
php -0,009950 -0,000004
phryctoria 3,506558 0,000426
physic 0,446287 0,000054
picardpiemont 2,813411 0,000341
piec 1,309333 0,000318
ping 2,407946 0,000292
pingback 3,912023 0,000475
pioneer 1,272966 0,000309
pirelli 3,912023 0,001424
place 0,356675 0,000087
plain 1,514128 0,000551
platform 0,400478 0,000194
plugin 1,897120 0,000230
pmc 1,272966 0,000154
pmid 0,994252 0,000121
podcast 2,302585 0,001956
podgram 3,912023 0,000475
point 0,186330 0,000045
polar 2,813411 0,000341
polic 2,120264 0,000257
polici -0,009950 -0,000007
polit 1,078810 0,000131
politi 3,506558 0,000426
poll 2,040221 0,000743
pollermann 3,912023 0,000475
polo 3,912023 0,000475
popov 2,995732 0,000364
popular 0,400478 0,000243
popularis 3,506558 0,000851
port 1,272966 0,000618
portal 0,494296 0,000120
portalinternet 3,506558 0,000426
portalrec -0,009950 -0,000001
portalworld 3,506558 0,000426
possibl 0,186330 0,000068
post 0,478036 0,000406
potenti 0,371064 0,000225
poverti 2,659260 0,000323
power 0,261365 0,000032
poweredg 3,912023 0,000475
practic 0,186330 0,000136
precursor 1,832581 0,000222
predecessor 2,120264 0,000515
predict 0,733969 0,000089
prefer 0,798508 0,000097
prefix 1,966113 0,001193
prepaid 2,995732 0,000364
prepend 3,506558 0,000851
preprocessor 2,995732 0,000364
present 0,287682 0,000175
preserv 1,309333 0,000159
press 0,210721 0,000230
pressur 1,714798 0,000208
preston 3,506558 0,000426
previous 0,843970 0,000205
price 0,798508 0,000097
primari 0,527633 0,000320
primarili 0,653926 0,000079
princ 3,218876 0,000391
print -0,009950 -0,000002
printer 2,525729 0,000306
privaci -0,009950 -0,000011
privat 0,634878 0,000616
privatis 3,912023 0,000949
problem 0,186330 0,000045
proce 1,771957 0,000215
proceed 0,579818 0,000070
process 0,051293 0,000044
procliv 3,912023 0,000475
produc 0,342490 0,000042
product 0,174353 0,000021
profess 2,207275 0,000268
profil 1,021651 0,000744
profit -0,009950 -0,000001
program 0,116534 0,000170
progress 1,171183 0,000142
project -0,009950 -0,000010
prompt 1,609438 0,000391
pronounc 2,207275 0,001339
pronunci 2,659260 0,000645
properti 0,314711 0,000038
propos 0,510826 0,000310
proquest 2,207275 0,000536
protect 0,462035 0,000168
protocol 0,527633 0,001537
provid 0,061875 0,000135
pseudonym 2,995732 0,000364
public 0,127833 0,000341
publicli 1,309333 0,000159
publish 0,105361 0,000141
purpos 0,248461 0,000060
pusk 3,506558 0,000426
put 0,755023 0,000092
qualifi 2,120264 0,000257
quantiti 1,049822 0,000127
quarter 1,897120 0,000460
queri 1,139434 0,000277
question 0,597837 0,000218
quickli 0,891598 0,000216
quip 3,506558 0,000426
quit 1,347074 0,000163
quittner 3,912023 0,000475
quot 1,049822 0,000382
quotat 1,469676 0,000178
rack 2,302585 0,000279
radia 3,218876 0,000391
radic 2,407946 0,000584
radio 1,469676 0,000713
radiotelephon 3,506558 0,000426
radu 3,912023 0,000475
rager 3,912023 0,000475
raghavan 2,813411 0,000341
rang 0,371064 0,000135
rapidli 1,514128 0,000184
rare 1,108663 0,000135
rasmussen 3,506558 0,000426
rather 0,287682 0,000105
rbaycanca 0,248461 0,000030
rdf 2,120264 0,001029
rdfa 2,659260 0,000323
re 2,813411 0,000341
reach 0,755023 0,000092
read 0,162519 0,000118
readeditview 0,287682 0,000070
reader 1,560648 0,000189
readi 1,309333 0,000159
real 0,210721 0,000179
reason 0,328504 0,000080
reblog 3,506558 0,000426
rec 3,912023 0,000475
receiv 0,400478 0,000292
recent 0,562119 0,000136
recognit 1,078810 0,000131
recommend 0,891598 0,000866
record 0,400478 0,000583
redirect 0,673345 0,000327
reduc 0,274437 0,000067
reed 3,506558 0,000426
refback 3,912023 0,000475
refer -0,009950 -0,000022
referenc 1,609438 0,000391
referencesarticl 1,660731 0,000202
refin 1,386294 0,000168
refresh 2,659260 0,000323
regardless 1,272966 0,000309
reginald 2,995732 0,000364
regist -0,009950 -0,000001
registr 2,407946 0,000292
registri 2,120264 0,000257
regret 3,506558 0,000426
regul 0,916291 0,000334
regularli 1,771957 0,000215
rei 3,506558 0,000426
reilli 1,078810 0,000393
reject 1,514128 0,000184
rel 0,634878 0,000077
relai 2,207275 0,000268
relat 0,030459 0,000044
releas 0,415515 0,000605
relev 0,798508 0,000097
reli 0,562119 0,000136
reliabl 0,371064 0,000180
reload 2,995732 0,000364
reloc 2,207275 0,000268
remain 0,400478 0,000049
rememb 2,207275 0,000536
remot 0,776529 0,000094
remov 0,301105 0,000037
render 0,994252 0,000603
replac 0,494296 0,000180
report 0,261365 0,000254
represent 0,634878 0,000231
republicspainlatviaisraelothernarayal 3,912023 0,000475
request 0,776529 0,002827
requir 0,051293 0,000062
research 0,223144 0,000244
resid 1,714798 0,000208
resolv 1,309333 0,000159
resourc 0,248461 0,000784
respect 0,544727 0,000066
respond 1,049822 0,000255
respons 0,415515 0,000403
restrict 0,755023 0,000092
result 0,139262 0,000101
retriev -0,009950 -0,000136
return 0,510826 0,000124
rev 2,995732 0,000364
reveal 1,203973 0,000146
revers 1,139434 0,000138
review 0,314711 0,000115
revolut 1,272966 0,000463
rfc 1,714798 0,000832
rick 2,407946 0,000292
right 0,314711 0,000038
rigid 2,120264 0,000257
rise 0,916291 0,000111
risk 0,579818 0,000141
ritchi 2,525729 0,000306
rob 1,832581 0,000222
robert 0,527633 0,000448
roberto 1,897120 0,000230
rockefel 3,506558 0,000426
roger 1,139434 0,000277
roi 1,832581 0,000222
role 0,527633 0,000064
rollback 3,218876 0,000391
rom 0,616186 0,000075
root 0,733969 0,000178
rot 3,912023 0,000475
router 1,714798 0,000208
routledg 2,407946 0,000584
rowalonwinaraywolof 3,218876 0,000391
roxana 3,912023 0,000475
royalti 2,525729 0,000613
roysktfran 2,040221 0,000248
rrid 2,813411 0,000341
rsa 2,813411 0,000683
rsnake 3,912023 0,000475
rss 3,218876 0,002344
rubin 2,995732 0,000364
rudi 3,912023 0,000475
rule 0,510826 0,000434
rumagn 2,995732 0,000364
rumantschruna 3,218876 0,000391
run 0,248461 0,000211
russia 1,714798 0,000208
rutter 3,506558 0,000426
safari 2,040221 0,000248
safeti -0,009950 -0,000002
sai 0,616186 0,000075
said 0,755023 0,000183
sam 1,347074 0,000163
same 0,116534 0,000141
sammartino 3,912023 0,000475
samsung 2,040221 0,000248
samuel 1,714798 0,000208
sarduscotsshqipsicilianu 3,506558 0,000426
satellit 2,040221 0,000495
satisfi 1,347074 0,000163
save 0,994252 0,000121
sawsdl 2,813411 0,000341
scenario 1,139434 0,000138
schema 1,771957 0,000430
scheme 1,171183 0,000568
schneider 2,813411 0,000341
school 0,867501 0,000105
scienc 0,274437 0,000300
scientif 0,673345 0,000082
scientist 1,171183 0,000568
scott 0,891598 0,000108
screen 1,660731 0,000403
screencast 3,506558 0,000426
screenshot 2,407946 0,000292
script 0,916291 0,002335
search -0,009950 -0,000040
secondari 1,309333 0,000159
secur 0,274437 0,000866
securityfocu 3,218876 0,000391
see -0,009950 -0,000011
seek 1,021651 0,000124
select 0,371064 0,000045
sell 1,139434 0,000138
semant 0,891598 0,001731
semaphor 2,995732 0,000364
semiconductor 2,302585 0,000279
sen 2,302585 0,000279
send 1,108663 0,000673
sens 1,049822 0,000127
sensit 1,078810 0,000262
sent 1,171183 0,000426
separ 0,400478 0,000097
sept 3,218876 0,000391
septemb 0,150823 0,000293
seri 0,328504 0,000199
serp 3,506558 0,000426
serv 0,713350 0,000173
server 0,597837 0,005368
servic 0,210721 0,000230
set 0,051293 0,000062
seth 1,832581 0,000445
sever 0,072571 0,000018
shacl 2,659260 0,000323
shankland 2,995732 0,000364
shannon 1,771957 0,000215
shape 1,078810 0,000131
share 0,301105 0,000219
sharealik -0,009950 -0,000001
shedden 3,912023 0,000475
sheet 1,771957 0,000860
shop 1,771957 0,000430
short -0,009950 -0,000006
shorten -0,009950 -0,000002
shortwav 3,912023 0,000475
side 0,579818 0,000915
sidebar -0,009950 -0,000005
sideblog 3,912023 0,000475
sider 3,912023 0,000475
signal 0,755023 0,000092
siko 3,912023 0,000475
simi 0,755023 0,000092
similar 0,150823 0,000018
similarweb 3,912023 0,000475
simonit 2,813411 0,000341
simpl 0,150823 0,000055
simpli 0,733969 0,000178
simultan 0,891598 0,000216
sinc 0,139262 0,000118
singh 1,714798 0,000208
singl 0,127833 0,000093
sioc 2,813411 0,000341
sir 2,525729 0,000306
sit 2,659260 0,000323
site -0,009950 -0,000028
size 0,342490 0,000083
skau 3,912023 0,000475
sko 2,659260 0,000323
slashdot 3,506558 0,000426
slenskaitaliano 0,562119 0,000068
slice 2,813411 0,000341
slidecast 3,912023 0,000475
sloan 2,659260 0,000645
sloven 1,514128 0,000184
small 0,314711 0,000038
smart 1,049822 0,000127
smartphon 2,040221 0,000495
smoke 2,813411 0,000341
social 0,510826 0,000682
societi 0,653926 0,000159
sociolog 1,660731 0,000202
softwar 0,127833 0,000310
softwaretim 3,912023 0,000475
sold 1,347074 0,000163
solid 1,171183 0,000142
solut 0,478036 0,000116
some 0,040822 0,000094
sometim 0,301105 0,000037
sophist 1,203973 0,000146
sopho 3,506558 0,001277
sought 1,966113 0,000239
sourc 0,094311 0,000057
south 1,108663 0,000135
space 0,415515 0,000101
spam 1,660731 0,000403
spark 1,714798 0,000208
sparql 2,407946 0,000292
special 0,235722 0,000029
specif 0,051293 0,000056
specifi 0,446287 0,000542
speech 1,469676 0,000357
speed 0,941609 0,000114
spell 1,897120 0,000460
spent 2,040221 0,000248
spot 1,514128 0,000184
sprang 3,912023 0,000475
spread 1,171183 0,000284
spreadsheet 2,120264 0,000257
sprint 3,218876 0,000781
spur 2,525729 0,000613
sqaraqalpaqsha 1,386294 0,000168
sql 1,171183 0,000142
sri 2,302585 0,000559
sriram 3,506558 0,000426
srpskisrpskohrvatski 0,510826 0,000062
stacei 3,506558 0,000426
stage 1,139434 0,000277
stagnat 3,912023 0,000475
stalk 3,912023 0,000475
stand 1,078810 0,000131
standard 0,094311 0,000309
standardis 2,525729 0,000613
standardssyntax 2,813411 0,000341
start 0,261365 0,000222
stat 1,771957 0,000215
state 0,083382 0,000051
statement -0,009950 -0,000007
statementsal 2,207275 0,000268
statementsarticl 0,544727 0,000066
statesfrancebnf 0,510826 0,000062
static 1,272966 0,001390
stationari 2,407946 0,000292
statist -0,009950 -0,000002
statista 2,407946 0,000292
statu 0,693147 0,000084
statusactiveyear 3,912023 0,000475
step 0,713350 0,000173
stepanovich 3,506558 0,000426
stephani 2,659260 0,000323
stephen 0,843970 0,000512
steve 1,078810 0,000262
still 0,342490 0,000125
stock 1,309333 0,000159
stolen 2,207275 0,000268
storag 0,430783 0,000157
store 0,356675 0,000433
stori 1,237874 0,000451
strateg 1,171183 0,000142
strategi 0,733969 0,000089
strau 3,506558 0,000426
stream 0,733969 0,000356
stricter 2,813411 0,000341
string 1,049822 0,000127
strowger 3,506558 0,000426
structur 0,139262 0,000118
stuart 1,832581 0,000222
studi 0,314711 0,000076
style 0,941609 0,000571
sub 1,021651 0,000248
subdomain 3,218876 0,002344
subject 0,478036 0,000116
submit 1,427116 0,000693
subscript 1,714798 0,000416
subsect 0,020203 0,000005
subsequ 0,916291 0,000222
subset 1,108663 0,000135
subsum 3,218876 0,000391
success 0,494296 0,000120
such 0,000000 0,000000
suddenli 2,525729 0,000306
suit 0,891598 0,000108
suitabl 1,237874 0,000300
summari 1,469676 0,000178
sumner 3,506558 0,000426
sun 1,237874 0,000451
sundai 3,218876 0,000781
suomisvenskatagalog 1,171183 0,000142
supercomput 1,897120 0,000230
superhighwai 3,912023 0,000475
supersed 1,966113 0,000239
suppli 0,994252 0,000121
support 0,150823 0,000110
surf 2,207275 0,001875
surfac 1,469676 0,000535
surpass 1,897120 0,000230
surround 1,514128 0,000367
survei 0,462035 0,000056
sutton 3,506558 0,000426
switch 0,916291 0,000667
symantec 2,207275 0,000804
synchron 1,386294 0,000168
syndic 2,813411 0,000683
syngress 2,659260 0,000323
syntax 1,171183 0,000142
system 0,010050 0,000039
systemat 1,078810 0,000131
tabata 3,912023 0,000475
tabl -0,009950 -0,000002
tablet 1,832581 0,000222
tag 1,309333 0,001112
tainter 3,506558 0,000426
take 0,210721 0,000102
tanet 3,506558 0,000426
taqbaylit 1,897120 0,000230
target 0,462035 0,000224
task 0,415515 0,000101
tatar 1,272966 0,000154
tcp 1,897120 0,000230
techchang 3,912023 0,000475
techcrunch 1,660731 0,000202
techdirt 3,912023 0,000475
technic 0,478036 0,000290
techniqu 0,385662 0,000140
technolog 0,116534 0,000368
technologygener 3,912023 0,000475
technologyworld 3,912023 0,000475
ted 2,040221 0,000248
telautograph 3,506558 0,000426
telecommun 1,347074 0,001308
telegraph 2,040221 0,000743
telegraphi 3,506558 0,000851
telephon 2,040221 0,000990
teleprint 2,995732 0,000364
teletyp 3,218876 0,000391
televis 1,514128 0,000367
telex 2,995732 0,000364
templat 0,301105 0,000037
temporari 1,966113 0,000239
ten 1,347074 0,000327
tenyear 3,912023 0,000475
term -0,009950 -0,000017
termin 0,941609 0,000229
tesla 2,207275 0,000268
text -0,009950 -0,000018
than 0,072571 0,000070
that 0,000000 0,000000
thefreedictionari 3,506558 0,000426
theft 1,966113 0,000239
theme 2,040221 0,000248
themselv 0,843970 0,000102
then 0,116534 0,000113
theori 0,400478 0,000097
there 0,051293 0,000019
these 0,040822 0,000054
thesi 1,832581 0,000222
thi -0,009950 -0,000034
thing 0,798508 0,000194
think 1,049822 0,000127
third 0,342490 0,000042
thoma 0,527633 0,000192
those 0,235722 0,000029
though 0,544727 0,000066
thousand 1,386294 0,000168
thread 1,386294 0,000168
threat 1,309333 0,000953
three 0,287682 0,000070
throughout 1,078810 0,000131
tidbit 3,218876 0,000391
tim 0,867501 0,002000
time 0,000000 0,000000
timelin 0,733969 0,000178
timevagu 2,040221 0,000248
tinachitumbukacorsucymraegdansk 3,912023 0,000475
tissot 3,506558 0,000426
titl -0,009950 -0,000006
tivadar 3,506558 0,000426
toasternet 3,506558 0,000426
todai 0,693147 0,000252
togeth 0,579818 0,000070
toggl -0,009950 -0,000005
tom 1,203973 0,000146
tool -0,009950 -0,000008
top -0,009950 -0,000004
topic -0,009950 -0,000007
topologyand 3,506558 0,000426
toward 0,713350 0,000087
track 0,713350 0,000519
trackback 3,912023 0,000475
trademark -0,009950 -0,000001
tradit 0,544727 0,000132
traffic 1,272966 0,000772
transfer 0,544727 0,000595
transform 0,544727 0,000066
transistor 2,407946 0,000292
transmiss 1,347074 0,000817
transmissionmedia 3,506558 0,000426
transmit 1,347074 0,000490
transport 0,994252 0,000241
travel 1,560648 0,000379
tree 0,693147 0,000084
trend 0,733969 0,000089
triad 3,218876 0,000781
trig 2,813411 0,000341
trigger 1,514128 0,000184
tripl 1,966113 0,000477
trix 2,813411 0,000341
truncat 2,407946 0,000584
trust 0,820981 0,000100
try 0,994252 0,000241
tschpolskiportugu 1,832581 0,000222
tunabl 3,912023 0,000475
tune 2,207275 0,000268
turtl 2,525729 0,000306
tv 2,995732 0,000364
twenti 1,897120 0,000230
twentieth 2,525729 0,000306
twitter 1,660731 0,000202
two 0,083382 0,000040
type 0,051293 0,000068
typic 0,186330 0,000181
tzebuergeschlietuvi 1,514128 0,000184
ubiquit 1,469676 0,000178
umbrella 2,407946 0,000292
umn 3,506558 0,000426
unabl 2,302585 0,000279
unbeknownst 3,912023 0,000475
uncannili 3,912023 0,000475
unchang 2,525729 0,000306
unconstrain 3,506558 0,000426
under -0,009950 -0,000006
underli 0,693147 0,000252
undersea 3,506558 0,000426
understand 0,342490 0,000042
unexpect 2,302585 0,000279
unfinish 3,218876 0,000391
unguard 3,912023 0,000475
unicod 1,832581 0,001557
uniform 1,347074 0,000490
union 0,994252 0,000121
unit 0,248461 0,000151
univ 3,218876 0,000391
univers 0,139262 0,000220
unix 1,469676 0,000178
unless 1,237874 0,000300
unlik 0,653926 0,000159
unreli 2,120264 0,000257
unscientif 3,912023 0,000475
unsourc 0,446287 0,000162
unusu 2,120264 0,000257
unwelcom 3,506558 0,000426
updat 0,342490 0,000291
upload 1,771957 0,000430
upon 0,673345 0,000082
uri 2,040221 0,001981
url 1,203973 0,001461
urldownload -0,009950 -0,000001
usabl 1,714798 0,000416
usag 0,579818 0,000070
usaid 3,912023 0,000475
usap 3,912023 0,000475
usenet 2,659260 0,001291
user 0,274437 0,001765
usernam 2,407946 0,000292
usual 0,198451 0,000289
utc -0,009950 -0,000001
utf 2,207275 0,000268
utilis 2,407946 0,000584
utr 3,912023 0,000475
uucp 3,218876 0,000391
vagu 1,660731 0,000202
vail 3,506558 0,000426
valid 0,616186 0,000075
valu 0,162519 0,000020
vamosi 3,506558 0,000426
vari 0,478036 0,000116
variabl 0,494296 0,000060
variou 0,223144 0,000108
vax 2,407946 0,000292
venu 2,302585 0,000279
veri 0,314711 0,000153
version -0,009950 -0,000010
verso 3,218876 0,000391
via 0,186330 0,000158
video 0,597837 0,000798
videocast 3,912023 0,000475
videotelephoni 3,506558 0,000426
view -0,009950 -0,000005
viewabl 3,912023 0,000475
vint 2,995732 0,000364
virtual 0,462035 0,000056
visibl 1,021651 0,000124
visit 1,714798 0,000416
visual 0,562119 0,000068
vladimir 2,813411 0,000341
vldb 2,659260 0,000323
vlog 3,912023 0,000475
voa 3,506558 0,000426
vocabulari 1,966113 0,000477
vol 0,616186 0,000150
volum 0,616186 0,000075
vpn 2,207275 0,000536
vtesemant 2,813411 0,000341
vtetelecommunicationshistori 3,506558 0,000426
vteweb 1,966113 0,000239
vulner 0,994252 0,000724
wai 0,105361 0,000179
wait 1,771957 0,000215
wake 2,302585 0,000279
walsh 2,525729 0,000613
walter 1,514128 0,000184
wan 2,995732 0,000364
want 0,820981 0,000199
war 1,078810 0,000131
warblog 3,912023 0,000475
warwick 2,995732 0,000364
washington 1,049822 0,000127
wasn 2,813411 0,000341
watson 2,040221 0,000248
wave 1,560648 0,000568
wavelength 3,912023 0,001899
wayback 0,478036 0,000232
wcag 3,506558 0,000426
wdm 3,506558 0,002128
weav 2,995732 0,000364
web 0,342490 0,015211
webabbreviationwww 3,912023 0,000475
webarch 1,021651 0,000124
webbackground 2,813411 0,000341
webcam 3,912023 0,000475
webcom 3,506558 0,000426
webcooki 3,506558 0,000426
webgraph 3,506558 0,000851
webinternet 3,912023 0,000475
webpag 2,407946 0,000292
websit 0,527633 0,004290
webtoon 3,912023 0,000475
weekli 1,966113 0,000239
well 0,051293 0,000044
western 1,108663 0,000135
wexler 3,912023 0,000475
what -0,009950 -0,000013
whatwg 2,995732 0,002181
wheatston 3,506558 0,000426
when 0,030459 0,000044
where 0,072571 0,000018
whether 0,400478 0,000194
which 0,000000 0,000000
while 0,051293 0,000075
whistl 3,506558 0,000426
who 0,301105 0,000183
whole 0,916291 0,000111
whose 0,776529 0,000283
why 0,494296 0,000300
wide 0,210721 0,002046
widespread 0,994252 0,000121
wifi 2,813411 0,000341
wiki 1,427116 0,000173
wikibook 1,386294 0,000168
wikidata 0,562119 0,000068
wikidatawikipedia 0,967584 0,000117
wikimedia -0,009950 -0,000006
wikipedia -0,009950 -0,000011
wikipediacontact -0,009950 -0,000001
wilei 0,562119 0,000068
william 0,616186 0,000150
window 0,891598 0,000216
wire 0,941609 0,000229
wireless 1,078810 0,000393
within 0,116534 0,000057
without 0,094311 0,000069
witt 3,218876 0,000391
word 0,446287 0,000108
work 0,030459 0,000041
world 0,139262 0,001470
worldwid 1,108663 0,000269
worldwideweb 2,407946 0,001169
wors 2,040221 0,000248
worthwhil 3,506558 0,000426
wright 1,714798 0,000416
write 0,527633 0,000064
writer 1,514128 0,000184
written 0,287682 0,000175
wuh 3,912023 0,001424
www 0,356675 0,002077
xamax 3,912023 0,000475
xbel 3,912023 0,000475
xhtml 2,813411 0,002048
xiang 3,506558 0,000426
xiii 3,506558 0,000426
xml 1,203973 0,000730
xmlhttprequest 2,407946 0,000292
xoxo 3,912023 0,000475
xss 3,218876 0,001562
yahoo 1,832581 0,000445
year 0,162519 0,000256
yogen 3,506558 0,000426
yogesh 3,506558 0,000426
york 0,371064 0,000315
yuval 3,218876 0,000391
zapp 3,912023 0,000475
zazaki 1,966113 0,000239
zbekcha 0,462035 0,000056
zealand 2,302585 0,000279
zero 0,693147 0,000084
ziff 2,995732 0,000364
zittrain 2,995732 0,000364
zworykin 3,506558 0,000426
