aaron 1,714798 0,000310
aave 3,912023 0,002119
abbreviation 2,659260 0,000480
abdul 3,506558 0,001266
accenture 2,995732 0,000541
accepted 1,171183 0,000211
access 0,287682 0,000208
accessed 0,916291 0,000165
accomplished 2,120264 0,000383
accordance 2,207275 0,000797
according 0,301105 0,000054
account -0,009950 -0,000027
accounts 1,171183 0,001480
accumulated 2,525729 0,000456
act 0,967584 0,000175
actions -0,009950 -0,000002
activated 2,659260 0,000480
add -0,009950 -0,000002
added 0,415515 0,000075
adding 0,597837 0,000324
addition 0,371064 0,000134
additional -0,009950 -0,000004
additionally 0,967584 0,000349
address 0,713350 0,000258
addresses 1,203973 0,001522
adds 1,203973 0,000217
adoption 0,820981 0,000148
advanced 0,430783 0,000156
advocates 1,966113 0,000355
affected 1,660731 0,000300
affecting 1,714798 0,000310
afrikaans 1,108663 0,000200
afrodroids 3,912023 0,000706
again 1,078810 0,000390
against 0,462035 0,000083
ago 0,967584 0,000349
agree -0,009950 -0,000002
agreement 1,171183 0,000211
ahead 1,427116 0,000258
aims 1,171183 0,000211
airdrop 2,659260 0,000480
ais 1,272966 0,000230
akbulut 3,912023 0,001413
akhan 3,912023 0,001413
alex 1,469676 0,000531
alexander 1,237874 0,000223
algorand 2,813411 0,000508
alisie 3,912023 0,000706
all 0,000000 0,000000
alliance 2,040221 0,002210
allocating 3,218876 0,000581
allow 0,287682 0,000052
allowed 0,634878 0,000229
allows 0,248461 0,000404
along 0,462035 0,000083
alpha 1,832581 0,000331
already 0,776529 0,000140
also -0,009950 -0,000018
altering 2,525729 0,000456
alternatives 1,609438 0,000291
although 0,287682 0,000052
aman 3,912023 0,000706
amazon 1,309333 0,000236
ambacoin 2,813411 0,000508
ambiguous 1,560648 0,000564
ambitious 2,525729 0,000456
amendments 2,813411 0,000508
american 0,446287 0,000081
amid 2,525729 0,000456
amir 2,525729 0,000456
ammar 3,506558 0,000633
among 0,356675 0,000193
amount 0,616186 0,000779
amounts 1,309333 0,000473
amp -0,009950 -0,000011
amsterdam 1,966113 0,000355
analysis 0,186330 0,000067
analytics 1,049822 0,000190
anarchy 2,813411 0,000508
andr 2,525729 0,000456
andrea 1,966113 0,000710
angelo 3,506558 0,000633
announce 2,407946 0,000435
announced 0,798508 0,000721
announces 1,832581 0,000331
announcing 1,897120 0,000343
another 0,127833 0,000115
anthony 1,714798 0,001238
any 0,083382 0,000120
anyone 1,386294 0,000501
anywhere 1,560648 0,000282
ape 3,506558 0,000633
api 0,916291 0,000165
app 1,386294 0,000250
appearance -0,009950 -0,000004
application 0,127833 0,000138
applications 0,094311 0,000221
apply -0,009950 -0,000002
approaches 0,733969 0,000133
appropriate 0,891598 0,000161
approximately 1,514128 0,000273
apress 1,966113 0,000355
april 0,072571 0,000210
aragon 1,171183 0,000211
arcenegui 3,912023 0,000706
arche 3,912023 0,000706
architects 2,995732 0,000541
architecture 0,462035 0,000083
archived 0,040822 0,000604
argued 1,386294 0,000250
argumentsall 3,912023 0,000706
arijit 3,912023 0,000706
arithmetic 1,347074 0,000243
arjona 3,912023 0,000706
armavailable 3,912023 0,000706
army 2,207275 0,000398
arrested 2,995732 0,001082
art 0,713350 0,000386
article 0,040822 0,000022
articleabout -0,009950 -0,000002
articles 0,020203 0,000044
articletalk -0,009950 -0,000002
artist 2,995732 0,001082
artwork 3,218876 0,000581
arxiv 1,078810 0,000779
asserted 2,813411 0,000508
assets 1,347074 0,003162
assia 3,912023 0,000706
assigned 1,237874 0,000223
associated 0,400478 0,000145
attaching 2,995732 0,000541
attack 1,078810 0,000195
attacks 1,237874 0,000223
attention 1,203973 0,000435
attest 3,912023 0,000706
attestation 3,506558 0,001266
attestations 3,912023 0,002825
attester 3,912023 0,000706
attesters 3,912023 0,000706
attribution -0,009950 -0,000002
auction 2,813411 0,000508
augur 2,813411 0,001016
august 0,162519 0,000968
auroracoin 2,813411 0,000508
australia 1,309333 0,000236
author 1,386294 0,000501
authorities 1,966113 0,000355
authority 0,083382 0,000030
automate 2,207275 0,000398
autonomous 1,609438 0,000872
availability 1,469676 0,000265
available -0,009950 -0,000004
avalanche 2,659260 0,000480
aventus 2,813411 0,001016
average 1,139434 0,000206
averaged 3,506558 0,000633
averts 3,912023 0,000706
axie 3,506558 0,000633
azevedo 3,506558 0,000633
baar 3,912023 0,000706
babies 3,218876 0,000581
balance 1,966113 0,002485
balances 2,302585 0,000416
bamakan 3,912023 0,002825
bambysheva 3,912023 0,000706
banco 2,995732 0,000541
bank 1,108663 0,000200
banking 1,347074 0,000730
bankingtech 3,912023 0,000706
bankman 2,813411 0,000508
bankruptcy 2,659260 0,000480
banks 1,560648 0,000282
barclays 3,218876 0,000581
base 0,755023 0,000682
based 0,010050 0,000025
basel 2,302585 0,000416
bashir 3,506558 0,000633
basic 0,235722 0,000043
basics 1,897120 0,000343
batch 1,897120 0,000685
battah 3,912023 0,000706
battle 1,897120 0,000343
baturone 3,912023 0,000706
beacon 2,659260 0,000960
beanie 3,506558 0,000633
bear 2,407946 0,000435
because 0,127833 0,000046
become 0,510826 0,000369
becomes 0,916291 0,000165
beeple 3,912023 0,001413
began 0,634878 0,000344
beginners 2,813411 0,000508
behind 0,867501 0,000626
beiko 3,912023 0,000706
bellatrix 3,912023 0,001413
benefit 1,386294 0,000250
berlin 1,469676 0,000531
besides 1,832581 0,000331
beta 1,386294 0,000250
better 0,494296 0,000178
betting 2,525729 0,000456
beyond 0,713350 0,000258
bibcode 0,693147 0,000876
big 0,673345 0,000608
bigdata 3,506558 0,000633
billion 1,139434 0,000617
birthplace 3,218876 0,000581
bitbeat 3,506558 0,000633
bitchcoin 3,912023 0,000706
bitcoin 2,525729 0,010944
bitconnect 2,813411 0,001016
bitlicense 2,813411 0,000508
blazes 3,912023 0,000706
blob 2,659260 0,000480
blobs 2,995732 0,000541
block 0,798508 0,003604
blockchain 1,660731 0,017690
blockchains 2,525729 0,000912
blocks 1,272966 0,001609
blog 0,776529 0,000140
bloomberg 1,469676 0,002919
bny 3,506558 0,000633
board 0,916291 0,000496
bodaghi 3,912023 0,002825
bokm 0,127833 0,000023
boom 2,302585 0,001663
booming 3,506558 0,000633
border 2,040221 0,000368
bored 3,912023 0,000706
borrowing 2,407946 0,000435
bosanski 1,347074 0,000243
bosses 3,912023 0,000706
bought 1,832581 0,000331
bound 1,660731 0,000300
bounty 3,912023 0,000706
breaking 1,469676 0,000265
brief 1,309333 0,000236
briefly 2,659260 0,000480
bringing 2,040221 0,000737
brings 1,897120 0,000343
brody 3,912023 0,001413
brokerages 3,506558 0,000633
brought 1,832581 0,000331
browne 3,218876 0,000581
browser 1,078810 0,000584
browsing 1,966113 0,000355
bubble 1,609438 0,000581
bug 1,771957 0,000640
bugs 1,469676 0,000265
build 0,673345 0,000243
building 0,415515 0,000225
builds 1,714798 0,000310
built 0,462035 0,000083
bulut 3,912023 0,001413
burned 3,506558 0,000633
business 0,301105 0,000381
businesses 1,469676 0,000531
businessinsider 3,912023 0,000706
bust 3,912023 0,001413
butchering 2,813411 0,000508
buterin 2,813411 0,006095
buteringavin 3,912023 0,000706
butler 2,525729 0,000456
buy 1,514128 0,000273
buyer 2,525729 0,000456
buying 1,660731 0,000600
buys 2,040221 0,000368
byte 1,771957 0,000320
bytecode 1,966113 0,001420
bytecodewritten 3,912023 0,000706
bytes 2,207275 0,000398
caitlin 3,218876 0,001162
calculation 2,040221 0,000368
caldera 3,218876 0,000581
call 0,733969 0,000530
called 0,040822 0,000066
calls 1,049822 0,000190
camila 3,912023 0,000706
canada 1,427116 0,000258
cancun 3,912023 0,000706
cannot 0,314711 0,000057
canonical 1,714798 0,000929
capable 1,309333 0,000236
capacity 1,237874 0,000223
capella 3,912023 0,000706
capital 1,237874 0,000223
capitalization 2,207275 0,000797
car 1,386294 0,000250
cardano 2,525729 0,000912
cards 1,427116 0,000258
care 1,514128 0,000547
cartoon 2,995732 0,000541
cases 0,478036 0,000086
cash 1,386294 0,000250
castillo 2,659260 0,000960
cat 2,407946 0,000435
catal 0,094311 0,000017
categories -0,009950 -0,000004
category 0,116534 0,000084
cats 2,995732 0,002704
causes 1,469676 0,000265
center 0,562119 0,000203
central 0,510826 0,000092
centriccommons 3,912023 0,000706
ceo 1,771957 0,000320
cer 3,912023 0,000706
cers 3,506558 0,000633
certain 0,274437 0,000099
cftc 2,995732 0,001623
chain 1,049822 0,002464
chainlink 2,813411 0,001016
chains 1,771957 0,000640
chairman 2,659260 0,000480
chairperson 3,912023 0,000706
chakrabarty 3,912023 0,000706
challenges 0,941609 0,000680
change 0,261365 0,000094
changes 0,356675 0,000064
changesupload -0,009950 -0,000004
changing 0,820981 0,000148
charles 0,941609 0,000680
chase 2,407946 0,001739
chavez 3,218876 0,000581
cheaper 2,040221 0,000737
cheng 2,040221 0,000368
chetrit 3,912023 0,000706
chia 2,525729 0,000456
chief 1,609438 0,000291
chiefless 3,912023 0,000706
chill 2,659260 0,000480
choose 1,272966 0,000230
chose 2,659260 0,000480
chris 0,994252 0,000180
christie 3,912023 0,002119
christopher 1,139434 0,000411
cid 0,356675 0,000386
circulation 2,302585 0,000416
cisco 2,207275 0,000398
citation 0,415515 0,000525
cities 1,897120 0,000343
civic 2,995732 0,000541
claims 1,386294 0,000250
clarification 1,832581 0,000662
clark 1,771957 0,000320
classic 0,967584 0,000524
classification 1,049822 0,000190
classified 1,272966 0,000230
client 0,867501 0,000157
clients 1,139434 0,000617
climate 1,386294 0,000501
clinical 1,832581 0,000331
cme 2,813411 0,001016
cnbc 2,207275 0,001195
code -0,009950 -0,000027
codenamed 2,995732 0,000541
coin 2,207275 0,002789
coinbase 3,218876 0,000581
coins 1,771957 0,000640
cointelegraph 3,912023 0,000706
coinye 2,813411 0,001524
collateral 2,659260 0,000480
collectable 3,218876 0,000581
collectibles 3,506558 0,001266
collection 0,527633 0,000095
collectors 3,506558 0,000633
colored 2,407946 0,000435
com 0,150823 0,000300
coming 1,203973 0,000217
comments 1,514128 0,000273
commercial 0,653926 0,000236
commission 1,427116 0,000773
commissioner 2,995732 0,000541
commodities 2,040221 0,000368
commodity 1,660731 0,001499
common 0,072571 0,000026
commons -0,009950 -0,000007
commonswikidata 1,171183 0,000211
community 0,616186 0,000222
companies 0,597837 0,000540
company 0,462035 0,000417
comparison 0,446287 0,000161
compatible 1,049822 0,000190
compiled 1,386294 0,000250
compiler 1,078810 0,000195
compiles 2,040221 0,000368
complementary 1,832581 0,000331
complete 0,713350 0,000258
complex 0,261365 0,000047
compliance 1,514128 0,000273
component 0,713350 0,000129
composed 1,771957 0,000640
comprehensive 0,941609 0,000170
compressed 2,207275 0,000398
computation 0,994252 0,000180
computers 0,562119 0,000101
computing 0,301105 0,000109
computinglicenseopen 3,912023 0,000706
concatenated 3,218876 0,000581
conceived 2,207275 0,000398
concept 0,415515 0,000075
concerns 1,021651 0,000184
conduct -0,009950 -0,000002
conference 0,301105 0,000326
confirmed 2,302585 0,000416
congestion 2,995732 0,001082
connect 1,427116 0,000258
connects 2,120264 0,000383
consensus 1,832581 0,001985
consensys 3,912023 0,002825
considered 0,400478 0,000145
conspiring 3,912023 0,001413
consumption 1,139434 0,000617
contact -0,009950 -0,000002
contacts -0,009950 -0,000002
contain 0,693147 0,000125
contained 1,309333 0,000236
containing 0,579818 0,000523
contains 0,634878 0,000229
content -0,009950 -0,000002
contentious 2,659260 0,000480
contents -0,009950 -0,000005
context 0,494296 0,000089
continued 1,427116 0,001288
contract 1,272966 0,003907
contracts 1,609438 0,004358
contradicting 3,506558 0,000633
contribute -0,009950 -0,000002
control 0,020203 0,000007
controllable 3,506558 0,000633
cookie -0,009950 -0,000002
cooley 3,912023 0,000706
copy 1,203973 0,000217
core 0,597837 0,000216
cornell 2,120264 0,000383
corporate 1,078810 0,000195
correctly 1,832581 0,000331
correlation 1,897120 0,000343
correspondent 2,813411 0,000508
cost 0,478036 0,000259
count 1,660731 0,000300
counterparty 2,302585 0,000416
course 1,139434 0,000206
crash 1,832581 0,000662
cratering 3,912023 0,000706
craze 2,813411 0,000508
create -0,009950 -0,000023
created 0,430783 0,000156
creating 0,562119 0,000101
creation 0,693147 0,000626
creative -0,009950 -0,000005
credit 1,139434 0,000206
cretu 3,912023 0,000706
crime 1,514128 0,000273
crisis 1,347074 0,000486
cross 0,562119 0,000101
crow 3,912023 0,000706
crowd 2,525729 0,000912
crowdfunded 3,912023 0,000706
crowdfunding 2,659260 0,000480
crypto 1,897120 0,004453
cryptocurrencies 2,659260 0,005761
cryptocurrency 2,120264 0,008421
cryptographic 1,897120 0,000685
cryptokitties 3,506558 0,007597
cryptopunks 3,912023 0,002119
cryptozoo 3,912023 0,000706
cult 2,995732 0,000541
cultivating 3,912023 0,000706
curio 3,912023 0,000706
currencies 2,120264 0,001148
currenciessha 2,813411 0,000508
currency 1,771957 0,002879
current 0,385662 0,000418
curve 1,347074 0,000243
customizable 3,218876 0,000581
cut 1,560648 0,000564
cybercurrency 3,912023 0,000706
dai 2,407946 0,000869
daily 1,427116 0,000258
daniel 0,776529 0,000280
danksharding 3,912023 0,000706
dannen 3,912023 0,000706
dao 2,813411 0,006095
daos 3,912023 0,001413
dapp 3,912023 0,000706
dapps 3,912023 0,001413
dash 2,407946 0,000435
data 0,030459 0,000055
database 0,579818 0,000105
dated 0,967584 0,000699
dates 0,430783 0,000078
david 0,385662 0,000070
days 1,049822 0,000190
dead 1,386294 0,001001
deal 1,171183 0,000423
debate 1,560648 0,000282
debited 3,912023 0,000706
december 0,061875 0,000581
decentraland 3,912023 0,000706
decentralized 1,832581 0,007610
dedicate 3,912023 0,000706
deep 1,078810 0,000195
defi 2,995732 0,005408
definition 0,342490 0,000062
deflation 3,218876 0,000581
defunct 2,407946 0,000435
degree 1,171183 0,000211
del 2,040221 0,000737
deleted 1,966113 0,000355
deloitte 3,218876 0,001162
demand 1,049822 0,000190
demonstrated 1,514128 0,000273
dencun 3,912023 0,002825
deneb 3,912023 0,000706
denominated 2,995732 0,001082
depending 0,673345 0,000122
deploy 2,302585 0,000416
deployed 1,469676 0,000531
deposit 1,966113 0,000355
derivatives 1,609438 0,000291
derived 0,891598 0,000161
dermatology 3,506558 0,000633
described 0,430783 0,000233
description -0,009950 -0,000002
descriptionshort 0,000000 0,000000
design 0,127833 0,000069
designed 0,261365 0,000142
destroyed 2,995732 0,000541
details 0,916291 0,000331
determined 1,347074 0,000243
deterministic 1,897120 0,000343
deutscheesti 2,040221 0,000368
devcon 3,912023 0,000706
develop 0,867501 0,000157
developed 0,127833 0,000069
developers -0,009950 -0,000004
developing 0,673345 0,000243
development 0,083382 0,000166
developments 1,347074 0,000486
dian 3,912023 0,000706
diem 2,813411 0,000508
differences 0,967584 0,000175
different 0,020203 0,000018
digital 0,400478 0,001446
digits 2,407946 0,000869
dino 3,912023 0,000706
directly 0,415515 0,000150
director 2,207275 0,000398
disclaimers -0,009950 -0,000002
discuss 1,660731 0,000300
distinct 0,916291 0,000165
distinguishing 2,040221 0,000368
distributed 0,478036 0,000345
dive 2,659260 0,000480
dmy 0,994252 0,000180
dodge 2,813411 0,000508
doesn 1,609438 0,000291
dogecoin 2,813411 0,001016
doi 0,162519 0,000352
doing 1,272966 0,000230
dollar 2,120264 0,000383
dollars 1,832581 0,000331
don 0,916291 0,000496
donate -0,009950 -0,000004
done 0,653926 0,000118
doors 3,506558 0,000633
double 0,916291 0,000165
down 0,597837 0,000216
download -0,009950 -0,000004
downloads 2,120264 0,000383
drafted 2,995732 0,000541
dramatically 1,966113 0,000355
drawbacks 2,407946 0,000435
drexel 3,912023 0,000706
dreyfuss 3,506558 0,000633
driven 0,867501 0,000157
driving 1,714798 0,000310
dtcc 3,912023 0,000706
dubbed 2,813411 0,000508
due 0,261365 0,000094
each 0,072571 0,000183
early 0,301105 0,000163
earn 2,525729 0,000456
ease 2,207275 0,000398
easier 1,049822 0,000190
ecdsa 2,813411 0,001016
echoes 3,912023 0,000706
economic 0,843970 0,000305
economics 0,867501 0,000157
ecosystem 1,171183 0,000634
edit -0,009950 -0,000004
editcommunity -0,009950 -0,000002
edited -0,009950 -0,000002
edition 0,579818 0,000105
edmond 3,506558 0,000633
eduardo 2,525729 0,000456
eea 3,218876 0,001743
effect 0,843970 0,000305
ehrlich 3,506558 0,000633
eip 3,912023 0,004944
either 0,248461 0,000045
electra 3,912023 0,000706
electrical 1,021651 0,000369
electronic 0,634878 0,000115
electronics 1,171183 0,000423
elements 0,415515 0,000075
elite 2,995732 0,000541
elixir 1,771957 0,000320
ember 2,525729 0,000456
embrace 2,813411 0,000508
emergency 2,120264 0,000383
emin 3,912023 0,001413
employee 2,040221 0,000368
enabled 0,994252 0,000180
enables 0,693147 0,000125
enabling 0,941609 0,000170
encyclopedia -0,009950 -0,000002
end 0,261365 0,000189
energy 0,891598 0,000805
engineering 0,198451 0,000036
engineers 1,171183 0,000423
english -0,009950 -0,000002
englishsloven 0,510826 0,000092
englishtypedistributed 3,912023 0,000706
enough 0,843970 0,000152
entails 2,407946 0,000435
enterprise 0,510826 0,001014
enthusiasts 2,813411 0,000508
entire 0,755023 0,000273
entrepreneur 2,995732 0,000541
entriken 3,912023 0,002119
environment 0,478036 0,000173
environmental 1,049822 0,000190
eoa 3,912023 0,000706
eoas 3,912023 0,000706
eos 2,813411 0,000508
epitomizing 3,506558 0,000633
epoch 3,218876 0,002906
equal 1,347074 0,000730
equihash 2,813411 0,000508
erc 2,813411 0,009651
eric 1,078810 0,000195
erlang 1,714798 0,000310
erroneously 3,912023 0,000706
escape 1,966113 0,000355
espa 0,210721 0,000038
estate 1,897120 0,000343
eth 3,218876 0,013947
ethash 2,813411 0,000508
ether 3,218876 0,016272
ethereum 2,659260 0,081617
ethereumbytecodeshidden 3,912023 0,000706
ethereumlogooriginal 3,912023 0,000706
etheria 3,912023 0,000706
ethernodes 3,912023 0,000706
etherrock 3,912023 0,000706
ethsuisse 3,912023 0,000706
etoro 3,506558 0,000633
europe 0,941609 0,000170
eva 3,912023 0,000706
evaluated 2,120264 0,000383
evaluation 0,843970 0,000152
evelyn 2,813411 0,000508
even 0,235722 0,000043
event 0,843970 0,000762
eventsrandom -0,009950 -0,000002
eventually 0,867501 0,000157
every 0,261365 0,000094
everydays 3,912023 0,000706
everyone 1,714798 0,000310
evm 3,912023 0,006356
evms 3,912023 0,000706
exactly 1,171183 0,000211
example 0,030459 0,000005
examples 0,328504 0,000119
excess 2,302585 0,000416
excessively 2,659260 0,000480
exchange 0,693147 0,000501
exchanges 2,040221 0,001105
executable 1,514128 0,000273
execute 1,514128 0,000273
executing 2,120264 0,000766
execution 0,891598 0,000644
executive 1,347074 0,000243
existence 1,469676 0,000265
expands 2,407946 0,000435
expend 3,218876 0,000581
experience 1,021651 0,000184
experienced 2,207275 0,000398
experimented 3,506558 0,000633
expert 1,347074 0,000243
exploited 1,897120 0,000343
explorer 1,771957 0,000320
export -0,009950 -0,000002
exposure 1,714798 0,000310
extends 1,771957 0,000320
extension 0,967584 0,000175
external 0,030459 0,000027
externally 2,995732 0,000541
fabian 2,659260 0,000480
faced 2,525729 0,000456
faces 2,302585 0,000416
facilitates 1,771957 0,000320
failing 2,813411 0,000508
fall 1,139434 0,000411
fan 1,897120 0,000343
farming 2,302585 0,000416
faster 0,994252 0,000359
featuring 2,120264 0,000383
february 0,061875 0,000313
fee 1,897120 0,002055
fees 2,120264 0,001148
ferdinand 3,218876 0,000581
fetches 3,506558 0,000633
fffba 3,912023 0,000706
fiction 2,302585 0,000416
fidelity 2,659260 0,000960
file 0,616186 0,000111
filecoin 2,813411 0,000508
filepermanent -0,009950 -0,000002
filespecial -0,009950 -0,000002
finalized 2,525729 0,000456
finance 0,843970 0,001371
financed 3,912023 0,000706
financial 0,776529 0,001402
financiers 3,506558 0,000633
finley 3,218876 0,000581
fintech 2,659260 0,000960
firm 1,560648 0,000282
firo 2,813411 0,000508
first 0,020203 0,000033
fitz 3,912023 0,000706
fixed 0,494296 0,000178
flaw 2,659260 0,000480
florida 2,207275 0,000797
flow 0,510826 0,000092
followed 0,733969 0,000133
following 0,210721 0,000038
forbes 1,427116 0,002061
foreign 1,139434 0,000206
fork 1,386294 0,002253
forks 2,407946 0,000435
form 0,162519 0,000029
formal 0,673345 0,000365
format 0,941609 0,000170
formatnum 3,218876 0,000581
former 1,049822 0,000190
formerly 1,309333 0,000236
forms 0,562119 0,000101
fortune 2,207275 0,003985
foundation -0,009950 -0,000014
foundations 0,967584 0,000175
founded 1,347074 0,000973
founder 1,897120 0,000685
founders 2,525729 0,002736
founding 2,120264 0,001148
fox 2,120264 0,000766
fphy 3,912023 0,000706
framework 0,342490 0,000062
fran 0,223144 0,000040
francisco 1,609438 0,000291
free -0,009950 -0,000004
frenzy 3,506558 0,000633
fried 2,813411 0,000508
friend 2,525729 0,000456
front 1,108663 0,000200
frontier 1,714798 0,000619
frontiers 2,525729 0,000456
frp 3,912023 0,000706
ftx 2,813411 0,000508
fuel 2,120264 0,000383
full 0,371064 0,000067
fuller 2,525729 0,000456
fully 0,616186 0,000111
function 0,210721 0,000038
functionality 0,843970 0,000457
functions 0,356675 0,000064
fund 1,514128 0,000547
fundamental 0,867501 0,000157
funded 2,302585 0,000831
funds 1,714798 0,000929
fungibility 3,506558 0,000633
fungible 2,525729 0,009576
fungibletokens 3,912023 0,000706
fusaka 3,912023 0,000706
futures 1,897120 0,001370
gain 1,386294 0,000250
gained 1,237874 0,000223
gains 1,514128 0,000273
gambling 2,407946 0,000435
game 0,713350 0,000902
games 1,078810 0,000390
gaming 1,966113 0,000355
gas 2,040221 0,009945
gather 2,525729 0,000456
gave 1,660731 0,000600
gavin 2,302585 0,002494
general -0,009950 -0,000005
generalised 3,506558 0,000633
generated 0,941609 0,000340
genesis 2,813411 0,001524
geographic 1,203973 0,000217
gerlis 3,912023 0,000706
gernot 3,218876 0,000581
gerring 3,912023 0,000706
gertrude 3,506558 0,000633
geth 3,912023 0,000706
gets 1,469676 0,000265
getting 1,237874 0,000894
gian 3,912023 0,000706
giant 2,120264 0,000383
giants 2,302585 0,000831
gigawei 3,912023 0,000706
given 0,261365 0,000236
global 0,478036 0,000173
gmbh 2,995732 0,001082
goes 1,237874 0,000447
goings 3,912023 0,000706
gold 1,609438 0,000581
goldman 2,207275 0,000797
got 1,897120 0,000343
government 0,755023 0,000136
governments 1,386294 0,000250
greatly 1,427116 0,000258
greek 1,966113 0,000355
grellet 3,506558 0,000633
grew 1,386294 0,000250
gridcoin 2,813411 0,000508
griffith 2,995732 0,001082
group 0,301105 0,000109
groups 0,891598 0,000161
growing 0,891598 0,000322
growth 0,755023 0,000136
guarantee 1,560648 0,000282
guarantees 2,040221 0,000368
guide 0,356675 0,000193
guilty 2,995732 0,001082
gupta 2,302585 0,000416
guy 1,966113 0,000355
gwei 3,912023 0,000706
hack 1,771957 0,000320
hacked 2,525729 0,000456
hacker 1,560648 0,001127
hackers 2,120264 0,000383
hackett 3,912023 0,001413
halim 3,506558 0,001266
halt 2,659260 0,000480
handle 0,994252 0,000180
hands 1,427116 0,000258
hannah 2,659260 0,000480
hard 1,078810 0,000974
hardcoded 3,912023 0,000706
hardfork 3,506558 0,000633
hardware 0,579818 0,000105
harper 2,302585 0,000416
harvard 1,386294 0,000250
hasan 2,302585 0,000416
hash 1,771957 0,000960
hashgraph 2,813411 0,000508
hashing 2,302585 0,000416
haskell 1,514128 0,000273
haya 3,912023 0,000706
hbar 2,813411 0,000508
head 1,021651 0,000369
health 0,994252 0,000359
heath 3,218876 0,000581
helium 2,813411 0,000508
help 0,248461 0,000045
helping 1,771957 0,000320
helplearn -0,009950 -0,000002
hererelated -0,009950 -0,000002
hexadecimal 2,659260 0,001440
hexagonal 3,912023 0,000706
hide -0,009950 -0,000007
high 0,223144 0,000121
higher 0,430783 0,000078
highest 1,514128 0,000273
highlighted 2,525729 0,000456
history -0,009950 -0,000016
hit 2,120264 0,000383
hold 1,021651 0,000184
holdings 2,302585 0,000416
holes 2,407946 0,000435
homes 2,407946 0,000435
hoskinson 3,912023 0,003531
hosseini 3,912023 0,002825
hosts 2,040221 0,000368
house 0,916291 0,000165
how 0,072571 0,000105
however 0,094311 0,000051
hrvatskibahasa 1,427116 0,000258
html 1,078810 0,000195
https -0,009950 -0,000004
hyperledger 2,813411 0,000508
hypothetical 2,813411 0,000508
ian 1,347074 0,000486
ibm 0,693147 0,000125
ibrar 3,506558 0,000633
icacnis 3,912023 0,002825
icis 3,218876 0,000581
ico 2,995732 0,000541
icon 2,207275 0,000398
idea 0,820981 0,000296
identification 1,139434 0,000206
identified 0,994252 0,000180
identifier 1,560648 0,000282
identifying 1,139434 0,000206
identities 2,302585 0,000416
ieee 0,634878 0,000688
ieeea 2,302585 0,000416
iluminada 3,912023 0,000706
image 0,544727 0,000098
immediately 1,309333 0,000236
immutable 2,407946 0,000435
impact 0,597837 0,000216
imperceptible 3,912023 0,000706
implement 0,755023 0,000136
implementation 0,328504 0,000059
implementations 0,733969 0,000265
implemented 0,544727 0,000295
implements 1,347074 0,000243
important 0,287682 0,000052
improve 0,274437 0,000099
improvement 1,203973 0,000869
imran 3,218876 0,000581
ina 0,356675 0,000064
inactive 2,120264 0,000766
inasloven 0,616186 0,000111
inc -0,009950 -0,000004
incentive 2,659260 0,001440
incentivizes 3,506558 0,000633
include 0,061875 0,000056
included 0,400478 0,000506
includes 0,274437 0,000099
including 0,040822 0,000037
incompatible 1,560648 0,000282
increase 0,544727 0,000098
increases 1,171183 0,000211
increasingly 0,776529 0,000140
indefinitely 1,347074 0,000243
independent 0,713350 0,000129
index -0,009950 -0,000002
individual 0,415515 0,000075
indivisible 3,506558 0,000633
indonesiaitaliano 1,237874 0,000223
infinite 1,771957 0,000320
infinity 2,659260 0,000480
inflation 2,207275 0,000398
informal 1,469676 0,000265
information 0,072571 0,000039
informationcite -0,009950 -0,000002
infrastructure 0,713350 0,000129
ing 2,995732 0,000541
ingo 3,218876 0,000581
inherits 3,218876 0,000581
initial 0,597837 0,000648
initially 0,693147 0,000125
initiative 1,078810 0,000195
injective 2,407946 0,000435
inmultilingual 3,912023 0,000706
innovate 3,506558 0,001266
innovations 1,966113 0,000355
input 0,733969 0,000133
insider 1,609438 0,000291
inspect 2,207275 0,000398
institute 0,579818 0,000314
instruction 1,560648 0,000845
instructions 1,469676 0,000265
instruments 1,609438 0,000581
intangible 3,218876 0,000581
integer 1,272966 0,000230
intel 1,609438 0,000291
intellectual 1,897120 0,001370
intelligent 1,203973 0,000435
intended 0,494296 0,000268
intensive 1,897120 0,000343
interact 1,514128 0,000273
interest 0,693147 0,000375
interested 1,832581 0,000331
interface 0,616186 0,000111
interfaces 0,713350 0,000129
intermediaries 2,525729 0,000456
international 0,139262 0,000151
internet 0,462035 0,000167
introduced 0,371064 0,000402
introducing 1,021651 0,000184
introduction 0,261365 0,000047
inu 2,813411 0,001016
invested 1,897120 0,000343
investigated 2,120264 0,000383
investing 1,771957 0,000320
investments 1,714798 0,000310
investors 1,714798 0,000619
invisible 2,040221 0,000368
invited 2,995732 0,001082
iohk 3,912023 0,000706
iorio 3,912023 0,003531
iota 2,659260 0,000480
isbn 0,051293 0,000074
iso 1,309333 0,000236
issn 0,478036 0,001036
issue 0,820981 0,000296
item -0,009950 -0,000005
items 1,108663 0,000200
itself 0,342490 0,000062
jack 1,897120 0,000685
jain 2,813411 0,000508
jammed 3,912023 0,000706
jamming 3,218876 0,000581
jan 1,386294 0,000250
january 0,083382 0,000256
jared 2,813411 0,000508
java 0,891598 0,000322
javascript 1,021651 0,000369
javier 2,813411 0,000508
jayaraman 3,912023 0,000706
jazeera 3,506558 0,000633
jeadv 3,912023 0,000706
jeff 1,560648 0,000282
jeffrey 1,514128 0,000273
jian 3,218876 0,000581
jiang 2,525729 0,000456
joined 1,966113 0,000355
joon 3,912023 0,001413
jos 2,407946 0,000435
joseph 0,820981 0,000593
journal 0,198451 0,000287
jpm 3,912023 0,000706
jpmorgan 2,659260 0,000960
july 0,127833 0,000508
jump -0,009950 -0,000002
june 0,094311 0,000460
jurisdiction 2,407946 0,000869
jurisdictions 2,120264 0,000383
just 0,328504 0,000178
jvc 3,912023 0,000706
kaczmarczyk 3,912023 0,000706
karadag 3,912023 0,001413
karen 2,040221 0,000368
kartikay 3,912023 0,000706
kauflin 3,912023 0,000706
keccak 3,506558 0,000633
keep 0,994252 0,000539
kelly 2,302585 0,000416
kevin 1,386294 0,000250
key 0,356675 0,000322
kgaa 3,912023 0,000706
khaled 3,218876 0,000581
kin 2,659260 0,000960
kiswahili 1,771957 0,000320
klint 3,218876 0,000581
knowledge 0,616186 0,000111
known 0,127833 0,000138
kodakcoin 2,813411 0,001016
konrad 3,912023 0,000706
korea 1,771957 0,000960
lacking 1,514128 0,000547
language 0,186330 0,000168
languages -0,009950 -0,000005
large 0,127833 0,000023
largely 1,272966 0,000230
largest 1,108663 0,000200
last -0,009950 -0,000005
lasting 2,407946 0,000435
late 0,755023 0,000136
later 0,223144 0,000081
latest 0,994252 0,000180
latvie 0,994252 0,000180
launch 1,514128 0,001914
launched 1,347074 0,001216
launches 1,609438 0,000291
law 0,755023 0,000545
layer 0,867501 0,002036
lbry 2,813411 0,000508
lead 0,673345 0,000243
leadership 2,207275 0,001195
leading 0,798508 0,000288
leap 2,659260 0,000480
learn 0,494296 0,000178
leary 3,506558 0,000633
led 0,446287 0,000081
ledger 2,040221 0,001473
ledgers 3,218876 0,001743
left 0,916291 0,000165
legal -0,009950 -0,000007
leising 3,912023 0,000706
lemieux 3,912023 0,000706
lending 2,207275 0,000398
lens 2,813411 0,000508
less 0,430783 0,000233
let 1,139434 0,000206
letter 1,237874 0,000223
level 0,116534 0,000042
lgbcoin 2,813411 0,000508
liberty 2,659260 0,000480
libra 2,813411 0,001016
library 0,478036 0,000086
license -0,009950 -0,000002
licensesactive 3,912023 0,000706
life 0,653926 0,000118
light 1,078810 0,000390
lightning 2,207275 0,000398
like 0,072571 0,000039
liked 2,813411 0,000508
limit 0,994252 0,000898
limited 0,510826 0,000369
line 0,356675 0,000064
link 0,162519 0,000059
linkpage -0,009950 -0,000002
links -0,009950 -0,000009
linksarticles 1,021651 0,000369
liquidity 1,966113 0,000355
list 0,083382 0,000060
listed 1,560648 0,000282
listing 2,207275 0,000398
litecoin 2,813411 0,000508
little 0,820981 0,000148
liu 1,427116 0,000258
live 1,203973 0,000652
living 1,897120 0,000343
llp 2,995732 0,000541
local 0,415515 0,000075
locked 2,525729 0,000456
log -0,009950 -0,000004
london 0,941609 0,000680
long 0,287682 0,000052
loses 2,995732 0,000541
lot 1,469676 0,000265
lower 0,776529 0,000140
ltd 1,203973 0,000217
lubin 3,912023 0,002825
lucinda 3,506558 0,000633
luna 2,813411 0,000508
machine 0,083382 0,000105
mackenzie 2,813411 0,000508
made 0,186330 0,000067
madine 3,912023 0,000706
magazine 0,776529 0,000280
magyar 1,049822 0,000190
main -0,009950 -0,000009
mainstream 1,832581 0,000993
maintained 1,078810 0,000195
maintaining 1,171183 0,000211
maintains 2,040221 0,000368
major 0,314711 0,000057
makerdao 3,912023 0,000706
makes 0,415515 0,000075
making 0,328504 0,000178
management 0,139262 0,000025
mania 2,813411 0,002540
many 0,061875 0,000022
map 1,171183 0,000211
march 0,116534 0,000505
mark 0,462035 0,000083
marked 1,139434 0,000206
market 0,616186 0,000667
markets 1,139434 0,000411
mashable 2,525729 0,000456
mask 2,659260 0,000480
mastercard 3,218876 0,001743
mastering 2,040221 0,000368
matthew 1,771957 0,000320
maximum 1,386294 0,000501
mazacoin 2,813411 0,000508
means 0,198451 0,000036
mechanism 0,733969 0,000398
mechanisms 1,171183 0,000211
media 0,139262 0,000075
medium 1,203973 0,000435
meet 0,867501 0,000313
mehrotra 3,506558 0,000633
melania 2,813411 0,000508
melanie 3,218876 0,000581
mellon 2,407946 0,000435
member 1,237874 0,000670
members 0,755023 0,000545
membership 1,832581 0,000331
meme 2,813411 0,000508
memecoins 3,506558 0,000633
memes 3,506558 0,000633
memorabilia 3,912023 0,001413
memory 0,579818 0,000209
mempool 3,912023 0,001413
menu -0,009950 -0,000004
merck 3,912023 0,000706
merge 1,897120 0,002740
merged 2,040221 0,000368
merkle 2,659260 0,000960
merkling 3,912023 0,000706
message 0,478036 0,000173
met 1,966113 0,000355
meta 1,386294 0,000250
metamask 2,813411 0,002032
miami 3,218876 0,001162
michael 0,400478 0,000217
microlending 3,912023 0,000706
microsoft 0,579818 0,000419
mihai 3,506558 0,000633
mike 1,237874 0,000223
milestones 2,525729 0,000912
million 0,916291 0,001820
millions 1,560648 0,000282
mind 1,560648 0,000282
minds 2,525729 0,000456
mine 2,813411 0,000508
mining 1,021651 0,000184
mist 3,506558 0,000633
mobile -0,009950 -0,000004
mobilecoin 2,813411 0,000508
mohammad 2,302585 0,000416
mojtaba 3,506558 0,002532
moment 1,609438 0,000291
monero 2,813411 0,000508
monetary 1,609438 0,000291
monetization 2,995732 0,000541
money 1,171183 0,001057
monika 3,912023 0,000706
monthly 1,609438 0,000291
months 0,891598 0,000483
moratorium 3,506558 0,001266
more 0,010050 0,000015
morgan 1,309333 0,001891
morgen 3,506558 0,000633
morris 1,832581 0,000331
most 0,040822 0,000037
move -0,009950 -0,000011
much 0,400478 0,000145
multi 0,342490 0,000062
multiple 0,116534 0,000021
murphy 2,207275 0,000398
myself 3,506558 0,000633
name 0,342490 0,000062
namecoin 2,813411 0,000508
nano 2,207275 0,000398
nasim 3,912023 0,002825
nathan 2,207275 0,000398
nathaniel 2,207275 0,001594
national 0,562119 0,000101
native 1,078810 0,000390
natsr 2,995732 0,002163
nature 0,597837 0,000108
navigation -0,009950 -0,000002
nederlands 0,415515 0,000075
need 0,248461 0,000045
needed 0,210721 0,000380
needing 0,597837 0,000108
neo 2,120264 0,000383
nervos 2,813411 0,000508
network 0,210721 0,001255
networking 1,171183 0,000211
networks 0,446287 0,000322
neureuter 3,912023 0,001413
new 0,010050 0,000044
news 0,446287 0,000322
next 0,400478 0,000289
nezhadsistani 3,912023 0,002825
nft 2,302585 0,005404
nfts 2,995732 0,005949
nice 3,506558 0,000633
nick 1,469676 0,000531
nigeria 2,525729 0,000456
nikolaos 3,912023 0,000706
nils 2,813411 0,000508
nim 2,813411 0,000508
nina 3,912023 0,000706
node 1,203973 0,001304
nodes 1,108663 0,000400
non -0,009950 -0,000040
nonce 2,813411 0,000508
nonfungible 3,912023 0,000706
nonprofit 2,995732 0,000541
nor 1,386294 0,000250
normal 1,139434 0,000206
norsk 0,342490 0,000062
north 1,309333 0,000946
not 0,000000 0,000000
notable 0,941609 0,000170
noted 1,171183 0,000211
notes 0,415515 0,000150
november 0,150823 0,000708
now 0,274437 0,000099
number 0,051293 0,000019
numeric 1,427116 0,000258
numerous 1,203973 0,000217
numismatics 3,506558 0,000633
nxt 2,659260 0,000480
observers 2,659260 0,000480
oclc 0,891598 0,000161
october 0,139262 0,000503
odinet 3,506558 0,001266
off 0,776529 0,000140
offer 0,820981 0,000148
offering 0,994252 0,000539
offerings 2,040221 0,000737
offers 0,755023 0,000136
officer 1,832581 0,000331
official 0,733969 0,000530
often 0,127833 0,000023
oil 2,040221 0,000368
oldid -0,009950 -0,000002
olesperantoeuskara 0,510826 0,000092
olympic 3,912023 0,001413
omid 3,912023 0,002825
one 0,010050 0,000018
onecoin 2,813411 0,000508
online 0,415515 0,000075
only 0,051293 0,000065
onto 1,660731 0,000300
open 0,235722 0,000170
opens 1,897120 0,001028
opensea 3,912023 0,000706
operating 0,462035 0,000083
operation 0,713350 0,000515
operations 0,301105 0,000217
optimistic 2,995732 0,000541
order 0,094311 0,000051
org -0,009950 -0,000023
organization -0,009950 -0,000007
organizations 0,798508 0,000144
origin 1,108663 0,000200
original 0,030459 0,000456
ostroff 3,506558 0,001266
other -0,009950 -0,000025
others 0,314711 0,000057
out 0,261365 0,000094
outlining 3,506558 0,000633
outperforming 3,218876 0,000581
outside 0,798508 0,000144
over 0,094311 0,000170
overview 0,616186 0,000334
overwhelms 3,912023 0,000706
own 0,371064 0,000067
owned 1,660731 0,000600
packt 2,120264 0,000383
page -0,009950 -0,000004
pagecontentscurrent -0,009950 -0,000002
pageget -0,009950 -0,000002
pages -0,009950 -0,000004
pagesuse 1,469676 0,000265
paid 1,560648 0,000564
pains 3,912023 0,000706
pak 3,506558 0,000633
pancakeswap 3,912023 0,000706
paper 0,713350 0,000773
papiamentupolskiportugu 3,912023 0,000706
paris 1,714798 0,000619
part 0,127833 0,000023
participant 2,813411 0,000508
participants 1,832581 0,000331
parties 1,021651 0,000369
parts 0,544727 0,000098
party 0,798508 0,000144
patents 1,714798 0,001238
patricia 2,659260 0,000480
paul 0,544727 0,000688
paumgarten 3,912023 0,001413
pawthereum 2,813411 0,001016
pax 2,525729 0,000456
pay 1,272966 0,000460
payment 1,427116 0,000515
payments 1,897120 0,001028
pdf 0,139262 0,000176
pdfprintable -0,009950 -0,000002
peck 2,995732 0,002704
pectra 3,912023 0,002119
peer 1,966113 0,000710
peercoin 2,813411 0,001016
peers 2,659260 0,001920
pending 2,120264 0,000383
penguins 3,506558 0,000633
people 0,356675 0,000193
peopleprincipals 3,912023 0,000706
per 0,616186 0,000556
perform 0,562119 0,000406
performance 0,261365 0,000094
performed 0,867501 0,000157
periods 1,660731 0,000300
permanent 1,609438 0,000291
permanently 1,714798 0,000310
permeates 3,912023 0,000706
permissioned 3,506558 0,002532
personal -0,009950 -0,000007
perspective 0,820981 0,000296
petro 2,813411 0,001016
petros 3,912023 0,000706
philly 3,912023 0,000706
php -0,009950 -0,000002
physics 0,994252 0,000180
pig 2,207275 0,000398
placement 2,120264 0,000383
plagiarism 2,207275 0,000398
planned 1,714798 0,000310
platform 0,527633 0,000857
platformplatformx 3,912023 0,000706
platforms 0,776529 0,000140
plead 3,912023 0,000706
pleads 3,506558 0,000633
please 0,776529 0,000140
pmc 1,272966 0,001149
pmid 0,994252 0,000898
point 0,301105 0,000054
poised 3,506558 0,000633
policy -0,009950 -0,000004
polkadot 2,659260 0,000480
polygon 2,525729 0,000456
popper 2,659260 0,001920
popular 0,579818 0,000209
popularity 1,171183 0,000211
portalrecent -0,009950 -0,000002
portals 2,120264 0,000383
portfolio 1,897120 0,000343
portion 1,832581 0,000993
pos 2,813411 0,000508
position 1,171183 0,000423
post 0,579818 0,000419
posting 2,995732 0,000541
potentially 0,755023 0,000682
pour 2,995732 0,000541
pow 2,995732 0,000541
power 0,400478 0,000072
powered 1,660731 0,000300
powers 1,714798 0,000619
practice 0,371064 0,000134
prague 2,813411 0,000508
praise 3,912023 0,000706
pre 0,941609 0,000340
precede 2,995732 0,000541
prediction 1,832581 0,000331
prefix 2,407946 0,000435
present 0,597837 0,000216
presenting 2,525729 0,000456
press 0,210721 0,000038
previously 0,843970 0,000152
price 1,021651 0,001660
prices 1,560648 0,000564
primarily 0,653926 0,000236
primary 0,527633 0,000095
primecoin 2,813411 0,000508
print -0,009950 -0,000002
privacy -0,009950 -0,000007
private 0,693147 0,000375
problems 0,430783 0,000078
proceed 2,525729 0,000912
proceedings 0,597837 0,000108
process 0,116534 0,000063
processed 1,609438 0,000291
processes 0,634878 0,000344
processing 0,356675 0,000193
produces 1,560648 0,000282
professionals 1,427116 0,000258
profit -0,009950 -0,000005
programmer 1,386294 0,000501
programming 0,446287 0,000322
project 0,314711 0,000511
projects -0,009950 -0,000005
proof 1,560648 0,005353
proofs 1,832581 0,000662
propagation 2,302585 0,000416
proper 1,171183 0,000211
properties 0,693147 0,000250
property 0,776529 0,001402
prophets 3,506558 0,001266
proportional 2,302585 0,000416
proposal 1,514128 0,000820
proposals 1,966113 0,001775
proposed 0,713350 0,000386
proposer 3,912023 0,004238
protected 0,776529 0,000140
protecting 1,966113 0,000355
proto 2,813411 0,000508
protocol 0,713350 0,001159
protocols 0,967584 0,000524
protocolsmarketplaces 3,912023 0,000706
prototype 1,609438 0,000581
prototypes 2,659260 0,000480
provide 0,174353 0,000063
provides 0,261365 0,000094
providing 0,673345 0,000122
pseudorandomly 3,912023 0,000706
public 0,248461 0,000314
published 0,328504 0,000178
publishing 0,446287 0,000081
pudgy 3,912023 0,000706
puerto 2,659260 0,000480
purpose 0,356675 0,000129
putting 2,040221 0,000368
pyethereum 3,912023 0,000706
python 0,916291 0,000496
qiang 3,218876 0,002325
quartz 1,966113 0,000355
query 1,427116 0,000258
question 0,941609 0,000510
questions 1,171183 0,000211
quicker 2,525729 0,000456
quickly 0,891598 0,000322
quicktake 3,506558 0,000633
quorum 2,813411 0,001016
raised 1,714798 0,000619
raja 3,218876 0,000581
rakes 3,912023 0,000706
rallies 3,218876 0,000581
randomx 2,813411 0,000508
ransom 2,525729 0,000456
rareskills 3,912023 0,000706
rate 0,755023 0,000136
rather 0,287682 0,000052
ravenscraft 3,912023 0,000706
rbaycanca 0,248461 0,000045
read 0,843970 0,000305
readview 1,309333 0,000473
real 0,210721 0,000114
realized 2,040221 0,000368
really 1,660731 0,000300
realm 2,207275 0,000398
reappropriate 3,912023 0,000706
reasons 0,891598 0,000161
receive 1,108663 0,000200
recent 0,693147 0,000125
recipient 2,407946 0,000435
recognized 1,469676 0,000265
record 0,916291 0,000331
records 0,994252 0,000180
reduce 0,673345 0,000122
reduced 1,078810 0,000195
reducing 1,021651 0,000369
references 0,020203 0,000015
referencesarticles 1,660731 0,000300
referred 0,446287 0,000081
referring 2,120264 0,000383
refunded 3,912023 0,001413
regains 3,912023 0,000706
regarded 1,966113 0,000355
register 1,309333 0,000236
registered -0,009950 -0,000002
regner 3,912023 0,000706
regulated 1,832581 0,000331
regulation 1,139434 0,000411
regulators 2,207275 0,000398
regulatory 1,427116 0,000515
related 0,051293 0,000037
relation 1,347074 0,000243
relative 1,108663 0,000200
relatively 1,049822 0,000190
release 0,579818 0,000314
releasefusaka 3,912023 0,000706
reliable 0,616186 0,000222
relies 1,272966 0,000230
rely 1,139434 0,000206
remaining 1,309333 0,000236
remains 1,237874 0,000223
remarks 3,218876 0,000581
remove 0,527633 0,000191
renaissance 2,813411 0,000508
rental 2,995732 0,000541
rented 2,995732 0,000541
repeatedly 2,659260 0,000480
report 0,462035 0,000083
reporter 3,506558 0,000633
reports 1,049822 0,000758
represent 0,733969 0,000530
represented 0,967584 0,000175
request 1,203973 0,000217
research 0,261365 0,000142
researchers 0,820981 0,000148
reserve 1,832581 0,000331
resources 0,314711 0,000057
responsible 1,078810 0,000195
restore 2,207275 0,000398
result 0,371064 0,000067
resulted 1,832581 0,000331
resulting 0,798508 0,000144
results 0,446287 0,000161
retrieved -0,009950 -0,000185
return 0,820981 0,000148
reuters 1,660731 0,000300
revamp 3,912023 0,000706
reveal 2,040221 0,000368
reversed 2,813411 0,001016
reverted 2,995732 0,000541
review 0,385662 0,000279
revolution 1,272966 0,000460
reward 2,302585 0,001247
rewarded 3,506558 0,000633
rewards 2,995732 0,000541
rico 2,407946 0,000435
ride 2,813411 0,000508
rightmost 3,218876 0,000581
rise 0,967584 0,000699
rival 2,659260 0,000480
rkmen 1,966113 0,000355
rob 1,832581 0,000331
robert 0,579818 0,000314
robust 1,272966 0,000460
rollups 3,506558 0,001899
rom 0,616186 0,000111
ronis 3,912023 0,000706
rosario 3,218876 0,000581
ross 1,560648 0,000282
roughly 1,660731 0,000300
ruby 1,347074 0,000243
running 0,713350 0,000258
runtime 1,347074 0,000243
rushing 3,912023 0,000706
russo 2,995732 0,001623
rust 1,427116 0,000515
ryan 1,560648 0,000282
safemoon 2,813411 0,000508
safer 2,302585 0,000416
safety -0,009950 -0,000002
salah 3,218876 0,000581
sale 2,040221 0,001105
salvador 2,525729 0,000456
salzer 3,912023 0,000706
sam 1,427116 0,000258
same 0,116534 0,000084
samsung 2,040221 0,000368
san 1,272966 0,000230
sanctions 2,525729 0,000456
sandbox 2,302585 0,000416
sandra 2,525729 0,000456
santander 3,506558 0,000633
sarkar 2,995732 0,000541
satisfy 2,040221 0,000368
savings 1,714798 0,000310
saz 2,995732 0,000541
sberbank 3,912023 0,000706
scalability 1,469676 0,001327
scale 0,494296 0,000089
scaling 1,609438 0,001162
scam 2,207275 0,000797
scams 2,525729 0,000456
scandal 1,897120 0,000685
scarbrough 3,912023 0,000706
schneider 2,813411 0,000508
schroeder 3,218876 0,000581
schweizer 3,912023 0,000706
science 0,287682 0,000156
scientific 0,693147 0,000501
scope 0,941609 0,000170
scotiabank 3,912023 0,000706
scripting 1,237874 0,000223
scrypt 2,659260 0,000480
sds 3,912023 0,000706
seamless 2,659260 0,000480
search -0,009950 -0,000007
sebastian 2,407946 0,000435
sebastien 3,218876 0,000581
second 0,342490 0,000433
secondary 1,386294 0,000250
seconds 2,207275 0,001195
secp 3,912023 0,000706
section 0,562119 0,000507
secure 1,108663 0,000200
securities 1,832581 0,000331
security 0,314711 0,000170
see -0,009950 -0,000007
seeks 1,966113 0,000355
seen 0,776529 0,000140
segwit 2,995732 0,000541
self 0,478036 0,000086
seller 2,659260 0,000480
semi 0,843970 0,000305
send 1,347074 0,000973
sender 2,302585 0,003741
sense 1,078810 0,000195
senso 2,659260 0,000480
sensors 1,897120 0,000343
sent 1,171183 0,000634
separate 0,693147 0,000250
september 0,150823 0,000245
series 0,328504 0,000178
service 0,314711 0,000057
services 0,400478 0,000072
set 0,083382 0,000135
settlement 1,660731 0,000300
settles 3,912023 0,000706
settling 3,506558 0,000633
several 0,094311 0,000017
seyed 3,218876 0,002325
sha 2,659260 0,000480
shadow 2,659260 0,000480
shanghai 2,813411 0,000508
shapella 3,912023 0,001413
sharealike -0,009950 -0,000002
shen 2,659260 0,000480
sherwood 3,912023 0,000706
shiba 2,813411 0,001016
short -0,009950 -0,000002
shortened -0,009950 -0,000002
shqip 1,966113 0,000355
shuffling 3,506558 0,000633
siddharth 3,912023 0,000706
sidebar -0,009950 -0,000007
sigalos 3,218876 0,000581
signaled 2,995732 0,000541
significant 0,328504 0,000059
similar 0,186330 0,000034
similarities 2,407946 0,000435
simple 0,150823 0,000027
simply 0,733969 0,000133
since 0,139262 0,000075
sirer 3,912023 0,001413
sitaru 3,912023 0,000706
site -0,009950 -0,000002
six 1,309333 0,000236
slashing 3,506558 0,000633
slot 3,218876 0,001743
slots 3,506558 0,001266
small 0,314711 0,000057
smart 1,078810 0,003116
soars 3,506558 0,000633
software 0,127833 0,000254
softwareblockchainscross 3,912023 0,000706
softwarecurrencies 3,912023 0,000706
solana 2,813411 0,000508
sold 1,347074 0,000243
solidity 2,813411 0,001524
soliditylang 3,912023 0,000706
some 0,040822 0,000029
sometimes 0,301105 0,000054
sonja 3,912023 0,000706
soon 1,427116 0,000773
sounded 3,912023 0,000706
source 0,186330 0,000269
sources 0,446287 0,000161
sourceview 1,309333 0,000473
sousa 3,218876 0,000581
space 0,478036 0,000086
sparked 2,407946 0,000869
specific 0,094311 0,000017
specifically 0,843970 0,000305
specified 0,733969 0,000663
specify 1,272966 0,000230
spectrum 1,386294 0,000501
spending 1,714798 0,000619
spent 2,040221 0,000368
splitting 1,897120 0,000343
sports 2,207275 0,000797
srpskisundasuomisvenskatagalog 3,218876 0,000581
ssrn 1,427116 0,001031
stable 0,867501 0,000157
stablecoin 2,995732 0,000541
stablecoins 2,813411 0,001524
stack 0,867501 0,000313
stake 2,207275 0,005977
staking 3,506558 0,001899
stan 2,813411 0,000508
standard 0,198451 0,000394
standardization 1,309333 0,000236
stanford 1,309333 0,000236
starring 3,912023 0,000706
start 0,843970 0,000152
starting 0,755023 0,000136
startup 1,897120 0,000343
startups 2,407946 0,000435
state 0,235722 0,000383
stated 1,171183 0,000211
statement -0,009950 -0,000002
statements 0,314711 0,000398
statementsarticles 0,544727 0,000197
states 0,385662 0,000418
stating 2,040221 0,000368
statistics -0,009950 -0,000002
status 0,693147 0,000375
statusactivesoftware 3,912023 0,000706
steem 2,813411 0,000508
stellar 2,659260 0,000480
steven 0,916291 0,000165
stiftung 3,912023 0,000706
still 0,342490 0,000124
stocks 2,040221 0,000368
stolen 2,207275 0,000398
stopped 2,207275 0,000398
storage 0,430783 0,000622
store 0,733969 0,000265
stored 0,733969 0,000133
story 1,514128 0,000273
strategic 1,171183 0,000211
street 1,203973 0,001304
stress 1,897120 0,000343
stronger 1,966113 0,000355
structures 0,673345 0,000122
studio 1,660731 0,000300
subject 0,527633 0,000191
subsection 0,020203 0,000011
subsequent 1,469676 0,000265
subsequently 1,514128 0,000547
subset 1,237874 0,000223
substantial 1,427116 0,000258
substantially 1,966113 0,000355
subtracting 2,995732 0,000541
subunit 3,912023 0,000706
successor 2,040221 0,000368
such 0,000000 0,000000
suisse 3,506558 0,000633
supply 1,171183 0,000423
support 0,198451 0,000036
suppose 2,302585 0,000416
surge 2,207275 0,000398
survey 0,579818 0,000209
swarm 2,207275 0,000398
swiss 2,040221 0,000737
switch 1,514128 0,000273
switzerland 1,897120 0,001713
sword 2,813411 0,000508
symbol 1,469676 0,000265
synchronization 2,040221 0,000368
synthetic 1,771957 0,000320
system 0,030459 0,000011
systemcross 3,912023 0,000706
systems 0,061875 0,000045
szalay 3,912023 0,000706
table -0,009950 -0,000004
taken 0,867501 0,000157
taking 0,967584 0,000349
talk 1,203973 0,000435
talking 2,813411 0,000508
tapscott 2,995732 0,003245
tarbert 3,912023 0,000706
tatar 1,272966 0,000230
taylor 1,203973 0,000217
teams 1,469676 0,000265
tech 0,967584 0,000175
techcrunch 1,660731 0,000899
technical 0,478036 0,000259
technologies 0,562119 0,000406
technologist 3,218876 0,000581
technology 0,186330 0,000235
teenage 3,912023 0,000706
temporarily 2,040221 0,000368
temporary 1,966113 0,001065
tepper 3,912023 0,000706
terms -0,009950 -0,000007
terra 2,813411 0,000508
tertiary 2,407946 0,000435
tested 1,897120 0,000343
testing 0,616186 0,000111
tether 2,525729 0,000456
text -0,009950 -0,000002
tezos 2,813411 0,000508
than 0,072571 0,000066
that 0,000000 0,000000
theft 1,966113 0,000355
then 0,116534 0,000084
theoretical 0,967584 0,000175
there 0,051293 0,000056
thereby 1,309333 0,000236
therefore 0,478036 0,000173
these 0,040822 0,000029
thief 3,912023 0,000706
things 0,843970 0,000305
think 1,309333 0,000473
third 0,356675 0,000129
this -0,009950 -0,000045
those 0,235722 0,000043
though 0,544727 0,000098
thousands 1,469676 0,000531
threatening 3,506558 0,000633
three 0,287682 0,000156
throughout 1,078810 0,000195
throughput 2,120264 0,000766
thus 0,328504 0,000119
ticketing 3,218876 0,000581
tiles 3,912023 0,000706
tim 0,867501 0,000157
time 0,010050 0,000016
times 0,314711 0,000511
timevague 2,040221 0,000368
tinadansk 3,506558 0,000633
tip 2,995732 0,002163
tips 2,813411 0,000508
titans 3,912023 0,000706
titcoin 2,813411 0,000508
title -0,009950 -0,000004
toe 3,506558 0,000633
together 0,579818 0,000209
toggle -0,009950 -0,000009
token 1,660731 0,003898
tokens 1,897120 0,008905
told 2,407946 0,000435
ton 2,659260 0,000480
took 1,237874 0,000223
tools -0,009950 -0,000005
top -0,009950 -0,000004
topic -0,009950 -0,000002
topics 0,653926 0,000118
tosato 3,506558 0,001266
total 0,673345 0,000122
toward 1,108663 0,000200
toyota 2,813411 0,000508
tps 3,506558 0,000633
track 1,049822 0,000190
tradable 3,506558 0,000633
tradeable 3,912023 0,000706
trademark -0,009950 -0,000002
traders 2,302585 0,000416
trading 1,609438 0,000872
traditional 0,544727 0,000098
trail 3,218876 0,000581
transaction 1,427116 0,009018
transactions 0,713350 0,002189
transfer 0,693147 0,000250
transferred 1,660731 0,000300
transfers 2,207275 0,000398
transforms 2,302585 0,000416
transition 1,427116 0,000515
transitioned 3,218876 0,001162
travel 1,832581 0,000331
treated 1,514128 0,000273
tree 0,843970 0,000152
trial 1,660731 0,000300
triantafyllidis 3,912023 0,000706
trie 2,659260 0,000480
tron 2,813411 0,000508
trump 2,525729 0,000456
trust 0,967584 0,000175
tulip 3,218876 0,000581
tumbler 2,813411 0,000508
turing 1,660731 0,000600
two 0,083382 0,000105
type 0,150823 0,000082
types 0,198451 0,000107
typescriptoperating 3,912023 0,000706
typically 0,223144 0,000081
ubs 2,407946 0,001304
ucc 3,506558 0,001266
ulietuvi 1,049822 0,000190
uncanny 2,659260 0,000480
uncertainty 1,237874 0,000223
unded 3,912023 0,000706
under -0,009950 -0,000007
undergone 2,995732 0,000541
underlying 0,755023 0,000409
understanding 0,562119 0,000101
uniform 1,347074 0,000243
unique 0,916291 0,000496
uniswap 3,912023 0,001413
unit 0,798508 0,000288
unite 3,506558 0,000633
united 0,527633 0,000572
universe 2,207275 0,000398
university 0,186330 0,000067
unknown 1,171183 0,000211
unless 1,237874 0,000223
unreliable 2,120264 0,000383
unsigned 2,525729 0,000456
unsourced 0,446287 0,000322
unused 2,407946 0,000869
unusually 2,995732 0,000541
unvalidated 3,912023 0,001413
update 0,527633 0,000572
updated 0,867501 0,000157
updates 1,203973 0,000869
upgrade 1,832581 0,000993
upgrades 2,525729 0,001824
uppercase 2,995732 0,000541
upson 3,912023 0,000706
urbach 3,912023 0,000706
urldownload -0,009950 -0,000002
usage 0,597837 0,000216
usd 2,120264 0,000766
usdc 3,912023 0,000706
usdt 3,506558 0,000633
use -0,009950 -0,000011
used -0,009950 -0,000025
usedevm 3,912023 0,000706
user 0,328504 0,000237
users 0,478036 0,000518
uses 0,094311 0,000051
using -0,009950 -0,000014
usually 0,223144 0,000081
utc -0,009950 -0,000002
utopia 3,506558 0,001266
uyghurcheti 2,302585 0,000416
vague 1,714798 0,000310
valid 1,272966 0,000689
validator 2,995732 0,004327
validators 2,813411 0,003048
valuable 2,207275 0,000797
value 0,301105 0,000217
values 0,597837 0,000108
vanessa 2,995732 0,000541
vanishes 3,506558 0,000633
vapor 3,506558 0,000633
variant 1,560648 0,000282
variants 1,427116 0,000258
varies 1,427116 0,000258
variety 0,653926 0,000354
various 0,223144 0,000242
venkataramakrishnan 3,912023 0,000706
verge 1,771957 0,000320
verify 1,660731 0,000300
version -0,009950 -0,000004
versions 0,579818 0,000209
vertcoin 2,813411 0,000508
very 0,314711 0,000057
vested 2,995732 0,000541
via 0,186330 0,000067
victoria 2,659260 0,000480
view -0,009950 -0,000005
vigna 2,995732 0,002163
vinay 3,506558 0,000633
violate 2,813411 0,000508
virgil 3,506558 0,001266
virtual 0,527633 0,000953
visa 3,218876 0,002325
visible 1,309333 0,000236
vision 0,891598 0,000161
vitalik 2,813411 0,003555
vlad 2,813411 0,000508
vogelsteller 3,912023 0,000706
voiceverse 2,302585 0,000416
volatility 1,966113 0,000710
volpicelli 3,912023 0,000706
vtecryptocurrenciestechnology 2,813411 0,000508
vteethereumtechnologies 3,912023 0,000706
vunerable 3,912023 0,000706
wall 1,309333 0,001418
wallet 2,525729 0,001824
wallets 2,995732 0,001082
wanted 1,714798 0,000310
washington 1,049822 0,000190
way 0,198451 0,000143
web 0,342490 0,000247
webassembly 1,660731 0,000300
website 0,634878 0,000229
websiteethereum 3,912023 0,000706
websites 1,203973 0,000217
wei 1,832581 0,000662
weight 1,386294 0,000501
well 0,051293 0,000009
went 1,714798 0,000619
what -0,009950 -0,000011
when 0,030459 0,000033
where 0,072571 0,000013
whether 0,400478 0,000072
which 0,000000 0,000000
whichever 2,995732 0,000541
while 0,051293 0,000019
white 1,108663 0,000400
whitepaper 3,218876 0,000581
who 0,301105 0,000163
whole 0,916291 0,000165
whoppercoin 2,813411 0,000508
why 0,494296 0,000357
wide 0,597837 0,000108
widely 0,342490 0,000062
wiki 1,427116 0,000258
wikidata 0,562119 0,000101
wikidatawikipedia 0,967584 0,000175
wikimedia -0,009950 -0,000005
wikipedia -0,009950 -0,000016
wikipediacontact -0,009950 -0,000002
wilcke 3,912023 0,000706
wiley 0,562119 0,000101
william 0,713350 0,000386
willing 2,207275 0,000398
wilson 1,469676 0,000265
winkelmann 3,912023 0,000706
wired 1,237874 0,001341
wish 2,407946 0,000435
wishes 2,659260 0,000480
withdrawals 3,506558 0,000633
within 0,116534 0,000126
without 0,094311 0,000034
witness 3,218876 0,000581
wong 2,407946 0,000869
wood 2,407946 0,002608
woodinitial 3,912023 0,000706
word 0,693147 0,000125
work 0,127833 0,000254
worked 1,609438 0,000291
world 0,139262 0,000151
worldwide 1,108663 0,000200
wrapping 2,813411 0,000508
write 0,941609 0,000170
written 0,287682 0,000156
wrote 1,078810 0,000390
www 0,356675 0,000129
xiao 3,218876 0,000581
xin 2,659260 0,000480
xrp 2,813411 0,000508
yahoo 1,832581 0,000662
yaqoob 3,506558 0,000633
year 0,579818 0,000105
years 0,274437 0,000050
yellow 2,407946 0,000869
yellowpaper 3,912023 0,000706
yet 0,891598 0,000161
yield 1,660731 0,000300
yoni 3,506558 0,000633
york 0,371064 0,000402
yorker 2,995732 0,001082
young 1,897120 0,000343
zaim 3,912023 0,001413
zamfir 3,912023 0,000706
zbekcha 0,462035 0,000083
zcash 2,813411 0,001016
zero 0,733969 0,000133
zink 3,912023 0,000706
zug 3,506558 0,000633
