aad 3,912023 0,002463
abdelillah 3,912023 0,001231
access 0,127833 0,000080
accident 1,771957 0,000558
accord 0,287682 0,000272
account -0,009950 -0,000022
acm 0,755023 0,000238
across 0,415515 0,000131
act 0,713350 0,000225
action -0,009950 -0,000006
ad 0,223144 0,000140
adapt 0,798508 0,000251
add -0,009950 -0,000003
addit -0,009950 -0,000006
address 0,342490 0,000108
adetokunbo 3,912023 0,001231
adjud 3,506558 0,001104
adopt 0,415515 0,000131
advanc 0,235722 0,000445
advis 1,771957 0,000558
africa 1,966113 0,000619
agre -0,009950 -0,000003
agreement 1,078810 0,001698
ai 1,272966 0,000401
airdrop 2,659260 0,000837
akkadian 3,506558 0,001104
al 3,506558 0,001104
alex 1,469676 0,000463
alexand 1,237874 0,000390
algorand 2,813411 0,000886
algorithm 0,462035 0,000727
alharbi 3,912023 0,002463
all 0,000000 0,000000
allow 0,061875 0,000058
along 0,462035 0,000145
also -0,009950 -0,000025
ambacoin 2,813411 0,000886
ambient 2,995732 0,000943
ambigu 1,386294 0,000436
amin 2,813411 0,000886
amir 2,525729 0,000795
amp -0,009950 -0,000019
amrit 3,912023 0,001231
analysi 0,186330 0,000117
analyt 0,798508 0,000251
anarchi 2,813411 0,000886
andrea 1,386294 0,000873
ani 0,083382 0,000026
anim 1,021651 0,000322
anoth 0,127833 0,000121
anton 2,207275 0,000695
appear -0,009950 -0,000006
appli -0,009950 -0,000006
applic 0,030459 0,000086
approach 0,174353 0,000110
approv 1,272966 0,000401
approxim 0,891598 0,000281
april 0,072571 0,000069
aquila 3,506558 0,001104
arabia 2,525729 0,000795
arai 3,912023 0,001231
arash 3,506558 0,001104
arbitr 3,912023 0,003694
arbitrari 1,049822 0,001322
archiv 0,040822 0,000514
archivierungskonzept 3,912023 0,001231
arena 1,966113 0,000619
argu 0,994252 0,000626
arizona 3,218876 0,002026
arrang 1,560648 0,000491
articl 0,000000 0,000000
articleabout -0,009950 -0,000003
articletalk -0,009950 -0,000003
artifici 0,994252 0,000626
arxiv 1,078810 0,002377
ashish 2,659260 0,000837
asia 1,560648 0,000982
askemo 3,912023 0,006157
asset 1,139434 0,001435
associ 0,127833 0,000040
atom 1,309333 0,000412
attack 0,867501 0,002184
attempt 0,478036 0,000301
attent 1,203973 0,000379
attribut -0,009950 -0,000003
atzei 3,912023 0,002463
audit 1,660731 0,001045
augment 1,237874 0,000390
augur 2,813411 0,000886
august 0,162519 0,000512
auroracoin 2,813411 0,000886
australia 1,309333 0,000412
authent 1,347074 0,000424
author 0,040822 0,000039
autom 0,597837 0,000753
automat 0,462035 0,000436
autonom 1,469676 0,000925
avail -0,009950 -0,000003
avalanch 2,659260 0,002511
aventu 2,813411 0,000886
avoid 0,579818 0,000183
ax 2,525729 0,000795
back 0,462035 0,000145
bahasa 0,186330 0,000059
bailment 3,218876 0,001013
baldonado 3,912023 0,001231
bamboo 3,218876 0,001013
bank 0,941609 0,001482
banker 2,207275 0,000695
bankman 2,813411 0,000886
banknot 2,995732 0,000943
bankruptci 2,525729 0,000795
barlei 3,218876 0,001013
barter 2,995732 0,000943
bartoletti 3,912023 0,002463
base 0,010050 0,000044
basic 0,198451 0,000125
bead 3,506558 0,001104
bean 2,813411 0,000886
begin 0,385662 0,000121
behav 1,427116 0,000449
behind 0,867501 0,000273
beloff 3,912023 0,001231
benefici 2,207275 0,000695
benefit 0,776529 0,000244
benjamin 1,386294 0,000436
berezun 3,912023 0,001231
betrachtung 3,912023 0,001231
betriebssystem 3,912023 0,001231
beweisw 3,912023 0,001231
beyond 0,713350 0,000225
bfb 3,912023 0,001231
bhatia 2,659260 0,000837
bhattacharya 3,506558 0,001104
big 0,673345 0,000212
bill 0,776529 0,000489
bimetal 3,506558 0,001104
bind 1,469676 0,000925
birth 1,897120 0,000597
bitcoin 2,407946 0,012127
bitconnect 2,813411 0,001771
bitfuri 3,912023 0,002463
bitlicens 2,813411 0,000886
biu 3,218876 0,001013
bje 3,912023 0,001231
block 0,597837 0,000565
blockchain 1,609438 0,030395
bloomberg 1,469676 0,000925
bokm 0,127833 0,000040
bond 1,832581 0,000577
bori 2,995732 0,000943
britain 2,207275 0,000695
broadband 2,995732 0,000943
btc 2,995732 0,003772
bubbl 1,560648 0,000491
buffalo 2,813411 0,000886
bug 1,171183 0,001475
build 0,274437 0,000173
built 0,462035 0,000145
bureau 1,609438 0,000507
busi 0,287682 0,000724
businessweek 2,207275 0,000695
butcher 2,659260 0,000837
buterin 2,813411 0,000886
bytecod 1,966113 0,000619
byzantin 2,659260 0,002511
california 1,021651 0,000322
call 0,030459 0,000038
camel 2,995732 0,000943
cannarsa 3,912023 0,001231
cannot 0,314711 0,000198
capabl 0,562119 0,000354
captur 0,916291 0,000288
car 1,309333 0,000412
cardano 2,525729 0,001590
cash 1,386294 0,000436
casino 3,506558 0,001104
catal 0,094311 0,000030
categori -0,009950 -0,000009
center 0,415515 0,000131
central 0,478036 0,000451
certif 1,078810 0,001019
chain 0,843970 0,000531
chainlink 2,813411 0,000886
chan 2,120264 0,000667
chang 0,051293 0,000081
changesupload -0,009950 -0,000006
channel 1,049822 0,000330
chapter 0,891598 0,000281
charli 2,302585 0,000725
chartal 2,659260 0,000837
chattel 3,506558 0,001104
chatterje 3,506558 0,001104
chauhan 2,995732 0,000943
chen 1,309333 0,000824
chequ 2,995732 0,001886
chia 2,525729 0,000795
chill 2,525729 0,000795
china 0,967584 0,000305
chri 0,994252 0,000939
chun 3,506558 0,001104
chung 2,813411 0,000886
cid 0,356675 0,001010
cieplak 3,912023 0,001231
cimoli 3,912023 0,002463
circumv 2,302585 0,000725
citat 0,248461 0,000313
cite 0,597837 0,000188
ckverfolgbar 3,912023 0,001231
clai 2,302585 0,000725
classic 0,544727 0,000514
claw 3,912023 0,001231
clear 1,049822 0,000661
clearinghous 3,218876 0,001013
client 0,713350 0,000225
cloth 2,407946 0,000758
cocoa 2,407946 0,000758
code -0,009950 -0,000031
codifi 2,813411 0,000886
coi 3,506558 0,001104
coin 0,941609 0,001482
coinag 2,659260 0,000837
coincid 2,207275 0,000695
coiny 2,813411 0,002657
collect 0,274437 0,000086
colombian 3,506558 0,002207
color 1,609438 0,000507
com 0,150823 0,000190
come 0,356675 0,000337
commiss 1,309333 0,000412
commit 1,108663 0,000349
committe 1,309333 0,000412
commod 1,469676 0,000463
common -0,009950 -0,000009
commonli 0,342490 0,000108
compani 0,342490 0,000216
compil 0,755023 0,001188
complementari 1,832581 0,001154
complet 0,223144 0,000421
comprehens 0,867501 0,000273
comput 0,020203 0,000114
concept 0,198451 0,000250
conduct -0,009950 -0,000006
confer 0,274437 0,000691
confus 0,693147 0,000218
connect 0,430783 0,000271
consensu 1,832581 0,001730
consid 0,274437 0,000173
constitut 1,272966 0,000401
construct 0,579818 0,000548
contact -0,009950 -0,000006
contain 0,162519 0,000153
content -0,009950 -0,000013
contract 0,994252 0,042562
contractu 2,120264 0,002670
contribut -0,009950 -0,000003
control 0,020203 0,000019
cooki -0,009950 -0,000003
coq 3,912023 0,001231
correa 3,912023 0,001231
cost 0,385662 0,000607
cotton 2,659260 0,000837
countermeasur 2,120264 0,000667
counterparti 2,302585 0,000725
court 1,427116 0,000449
cover 0,733969 0,000231
cow 3,506558 0,001104
craig 2,040221 0,000642
creat -0,009950 -0,000009
creation 0,653926 0,000206
creativ -0,009950 -0,000003
credit 0,867501 0,000273
crime 1,469676 0,000463
crisi 1,347074 0,000424
cross 0,562119 0,000177
crypto 1,897120 0,002986
cryptocurr 2,120264 0,010678
cryptograph 1,897120 0,002389
cryptographi 1,560648 0,000491
csit 3,912023 0,002463
ctvn 3,912023 0,001231
currenc 1,660731 0,009409
currenciessha 2,813411 0,000886
current 0,210721 0,000066
custom 0,544727 0,000171
cybersecur 1,966113 0,000619
cyberspac 2,813411 0,000886
dai 0,562119 0,000177
daili 1,427116 0,000449
daml 3,912023 0,001231
daniel 0,776529 0,000733
dao 2,813411 0,003542
dash 2,302585 0,000725
data 0,030459 0,000048
databas 0,072571 0,000137
date 0,210721 0,000133
datenbankschnittstel 3,912023 0,001231
datenbest 3,912023 0,001231
david 0,385662 0,000486
deal 0,843970 0,000266
death 1,897120 0,000597
debas 3,218876 0,001013
decemb 0,061875 0,000117
decentr 1,714798 0,006477
declar 1,108663 0,000698
defer 2,407946 0,000758
defi 2,659260 0,000837
defin 0,116534 0,000037
definit 0,186330 0,000059
delai 1,347074 0,000424
deliber 1,771957 0,000558
delotteri 3,912023 0,001231
dem 3,506558 0,003311
demurrag 3,506558 0,001104
deploi 1,108663 0,000698
deploy 1,049822 0,000661
deposit 1,771957 0,001115
depositori 2,995732 0,000943
deriv 0,494296 0,000156
describ 0,174353 0,000220
descript -0,009950 -0,000006
descriptionshort 0,000000 0,000000
design 0,040822 0,000026
determinist 1,771957 0,000558
develop -0,009950 -0,000013
die 2,040221 0,000642
diem 2,813411 0,000886
differ 0,010050 0,000013
difficult 0,597837 0,000188
digesti 3,912023 0,001231
digit 0,400478 0,001891
direct 0,261365 0,000082
dirk 2,659260 0,000837
disclaim -0,009950 -0,000003
disput 1,309333 0,002061
disrupt 1,609438 0,001013
distinct 0,544727 0,000171
distribut 0,198451 0,000437
doctrin 2,407946 0,000758
document 0,328504 0,000310
dogecoin 2,813411 0,001771
doi 0,162519 0,001228
dokument 3,912023 0,001231
domain 0,544727 0,000171
domest 1,514128 0,000477
dominik 2,995732 0,000943
don 0,916291 0,000288
donat -0,009950 -0,000006
done 0,653926 0,000206
dorothi 2,813411 0,000886
doss 3,912023 0,001231
doubl 0,843970 0,000266
download -0,009950 -0,000003
drain 3,506558 0,001104
drummer 3,912023 0,001231
due 0,261365 0,000082
dupont 3,506558 0,001104
eaaa 3,912023 0,001231
easi 1,021651 0,000322
econom 0,653926 0,000617
economi 1,309333 0,000824
ecosystem 1,108663 0,000349
ed 0,798508 0,000251
edit -0,009950 -0,000006
editcommun -0,009950 -0,000003
educ 0,494296 0,000311
effect 0,274437 0,000173
ein 3,218876 0,001013
einer 3,912023 0,001231
electr 0,891598 0,000281
electron 0,430783 0,000136
elektronisch 3,912023 0,001231
elektronischen 3,912023 0,001231
element 0,301105 0,000190
eliza 3,218876 0,002026
elsevi 1,203973 0,000379
emphas 1,347074 0,000424
employ 1,832581 0,002307
enabl 0,274437 0,000346
encyclopedia -0,009950 -0,000003
end 0,186330 0,000117
enforc 0,916291 0,002884
engin 0,061875 0,000039
england 1,469676 0,000463
english -0,009950 -0,000006
ensur 0,713350 0,000225
entwicklung 3,506558 0,001104
environ 0,385662 0,000243
environment 1,049822 0,000330
eo 2,813411 0,000886
equihash 2,813411 0,000886
equilibria 3,506558 0,001104
erc 2,659260 0,000837
erpl 3,912023 0,001231
erstellung 3,912023 0,001231
escrow 3,218876 0,001013
especi 0,415515 0,000262
establish 0,634878 0,000200
estat 1,832581 0,000577
ethash 2,813411 0,000886
ether 3,218876 0,001013
ethereum 2,659260 0,018415
ethnographi 3,912023 0,001231
etymolog 1,966113 0,001238
europ 0,941609 0,000296
european 0,733969 0,000924
event 0,356675 0,000112
eventsrandom -0,009950 -0,000003
everi 0,261365 0,000165
examin 0,867501 0,000273
exampl 0,020203 0,000013
except 0,733969 0,000462
exchang 0,579818 0,000365
exchangecommod 3,506558 0,001104
execut 0,356675 0,001235
exist 0,186330 0,000117
expand 0,776529 0,000244
experi 0,510826 0,000322
expir 2,120264 0,000667
explain 0,798508 0,000251
exploit 1,078810 0,000340
explor 0,820981 0,000258
export -0,009950 -0,000003
express 0,544727 0,000343
extend 0,385662 0,000121
extent 1,386294 0,000436
facilit 0,916291 0,000288
fact 0,579818 0,000183
fail 0,693147 0,000218
fard 3,912023 0,001231
farouk 3,506558 0,001104
fast 0,673345 0,000212
fault 1,237874 0,001169
februari 0,061875 0,000078
fiat 2,813411 0,000886
field 0,314711 0,000099
fifti 2,525729 0,000795
filatova 3,912023 0,001231
filecoin 2,813411 0,000886
fileperman -0,009950 -0,000003
filespeci -0,009950 -0,000003
financ 0,843970 0,000797
finit 1,560648 0,000491
firm 1,171183 0,000369
firo 2,813411 0,000886
first 0,020203 0,000013
firstli 2,659260 0,000837
fix 0,385662 0,000243
florian 2,813411 0,000886
follow 0,072571 0,000023
fork 1,203973 0,000758
form 0,072571 0,000023
formal 0,510826 0,000643
fortun 2,207275 0,000695
foundat -0,009950 -0,000003
framework 0,287682 0,000272
fran 0,223144 0,000070
fraud 1,560648 0,000491
free -0,009950 -0,000003
freehil 3,912023 0,001231
fri 2,813411 0,001771
ftx 2,813411 0,000886
fulli 0,616186 0,000194
function 0,030459 0,000019
fund 0,941609 0,000889
fundament 0,478036 0,000301
fungibl 2,525729 0,001590
futur 0,235722 0,000148
gain 0,616186 0,000194
game 0,478036 0,000150
gatewai 2,302585 0,000725
gayl 3,506558 0,001104
gener -0,009950 -0,000019
georgia 2,207275 0,001390
german 1,386294 0,000873
gig 3,912023 0,001231
giovanni 2,407946 0,000758
github 1,078810 0,000679
global 0,446287 0,000140
gnd 2,659260 0,000837
goharshadi 3,912023 0,001231
gold 1,514128 0,001906
gouiaa 3,912023 0,001231
govern 0,544727 0,000514
governatori 3,506558 0,001104
gravano 3,506558 0,001104
gresham 3,506558 0,001104
gridcoin 2,813411 0,000886
group 0,186330 0,000059
grundlag 3,912023 0,001231
guan 3,912023 0,001231
gui 1,309333 0,000412
guido 2,995732 0,000943
hacker 1,309333 0,000412
hafid 3,912023 0,002463
hal 2,040221 0,000642
halt 2,040221 0,001927
hammurabi 2,659260 0,000837
hand 0,494296 0,000311
handl 0,415515 0,000262
hao 2,659260 0,001674
haozh 3,912023 0,001231
hard 1,049822 0,000330
hardwar 0,579818 0,000183
harz 3,912023 0,001231
hasan 2,302585 0,000725
hash 1,560648 0,001474
hashgraph 2,813411 0,000886
hbar 2,813411 0,000886
hdhili 3,912023 0,001231
heinker 3,912023 0,001231
helium 2,813411 0,000886
helplearn -0,009950 -0,000003
herbert 2,120264 0,000667
hererel -0,009950 -0,000003
hide -0,009950 -0,000013
high 0,223144 0,000140
higher 0,430783 0,000136
hindu 2,659260 0,000837
histor 0,579818 0,000183
histori -0,009950 -0,000009
hoang 3,506558 0,001104
hochschul 3,506558 0,001104
hodson 3,912023 0,001231
hole 2,040221 0,000642
hoover 2,995732 0,000943
hous 0,820981 0,000258
how 0,072571 0,000069
howev 0,094311 0,000059
http -0,009950 -0,000003
huang 1,897120 0,000597
huckl 3,912023 0,001231
human 0,527633 0,000166
hyman 3,218876 0,001013
hyperledg 2,813411 0,000886
hypothet 2,659260 0,001674
ibba 3,912023 0,001231
icon 2,207275 0,000695
idelberg 3,506558 0,001104
ieee 0,634878 0,000400
iel 3,912023 0,001231
ifr 3,218876 0,001013
ijlit 3,912023 0,001231
ilya 2,302585 0,000725
immut 2,120264 0,000667
impact 0,544727 0,000343
imper 1,560648 0,000982
implement 0,105361 0,000232
impli 0,994252 0,000313
imposs 1,309333 0,000412
imprevisi 3,912023 0,001231
inact 1,966113 0,003713
inc -0,009950 -0,000009
includ 0,000000 0,000000
incomplet 1,966113 0,000619
increas 0,287682 0,000091
indefinit 1,237874 0,000390
index -0,009950 -0,000003
indonesiaitaliano 1,237874 0,000390
industri 0,356675 0,000112
infobu 3,912023 0,002463
inform 0,061875 0,000097
informationcit -0,009950 -0,000003
infrastructur 0,673345 0,000636
inherit 1,609438 0,000507
initi 0,235722 0,000297
inject 1,386294 0,000436
inov 3,912023 0,001231
input 0,634878 0,000200
insecur 1,714798 0,000540
instanc 0,478036 0,000150
instead 0,301105 0,000190
institut 0,446287 0,000702
instrument 1,049822 0,000330
integ 1,139434 0,000359
integr 0,174353 0,000055
intellig 0,510826 0,000965
intend 0,478036 0,000301
intent 1,171183 0,000369
interact 0,356675 0,000225
interag 3,912023 0,001231
intermedi 1,309333 0,000412
intern 0,040822 0,000141
internet 0,462035 0,000727
interpret 0,579818 0,000913
intervent 1,771957 0,000558
introduc 0,210721 0,000066
inu 2,813411 0,000886
investopedia 2,302585 0,000725
invok 1,714798 0,000540
iot 1,714798 0,000540
iota 2,659260 0,000837
iowa 3,218876 0,002026
irrevers 2,995732 0,000943
isbn 0,051293 0,000178
ispra 3,912023 0,001231
issn 0,478036 0,000752
issu 0,314711 0,000396
item -0,009950 -0,000003
itself 0,342490 0,000108
ivi 3,506558 0,001104
iwbos 3,912023 0,002463
jacob 1,832581 0,000577
jai 1,966113 0,000619
jain 2,813411 0,000886
jansen 2,995732 0,000943
januari 0,083382 0,000420
jcp 3,506558 0,001104
jia 2,659260 0,000837
jiangshan 3,912023 0,001231
jie 3,218876 0,001013
jo 2,407946 0,000758
johannsen 3,912023 0,001231
joint 1,171183 0,001106
joseph 0,820981 0,000517
journal 0,186330 0,000469
jstor 0,843970 0,000266
judici 3,506558 0,002207
juli 0,127833 0,000161
jump -0,009950 -0,000003
june 0,094311 0,000030
jurisdict 1,832581 0,002307
just 0,328504 0,000207
kafshdar 3,912023 0,001231
kanna 3,912023 0,001231
kapoor 3,506558 0,001104
kei 0,314711 0,000099
ken 1,966113 0,000619
ketchpel 3,912023 0,001231
kevin 1,386294 0,000873
kharif 2,995732 0,000943
kill 1,714798 0,001080
kin 2,659260 0,001674
kind 0,673345 0,000212
kirilenko 3,912023 0,001231
knottenbelt 3,912023 0,001231
known 0,127833 0,000040
kodakcoin 2,813411 0,001771
kohei 3,506558 0,001104
koku 3,506558 0,001104
krishnendu 3,912023 0,001231
kumar 1,966113 0,000619
kundu 3,912023 0,001231
kuo 2,995732 0,000943
laila 3,912023 0,001231
land 1,309333 0,000824
languag -0,009950 -0,000066
last -0,009950 -0,000003
later 0,223144 0,000070
latvi 0,994252 0,000313
launch 0,941609 0,000593
law 0,653926 0,004117
lawcontract 3,912023 0,001231
lawcryptocurrencieshidden 3,912023 0,001231
lawyer 2,407946 0,000758
layer 0,713350 0,000449
lbry 2,813411 0,000886
lead 0,287682 0,000091
lectur 1,139434 0,000359
ledger 2,040221 0,005137
leefatt 3,912023 0,001231
legal -0,009950 -0,000091
legiscan 3,912023 0,001231
legisl 1,897120 0,001194
legislatur 3,218876 0,002026
lei 3,506558 0,001104
level 0,083382 0,000079
lexolog 3,218876 0,002026
lgbcoin 2,813411 0,000886
libra 2,813411 0,001771
librari 0,356675 0,000225
licens -0,009950 -0,000003
lightn 2,207275 0,000695
like 0,051293 0,000081
limit 0,186330 0,000059
link -0,009950 -0,000013
linkpag -0,009950 -0,000003
linksc 1,272966 0,000401
liquid 1,771957 0,000558
list 0,051293 0,000048
litecoin 2,813411 0,000886
liu 1,427116 0,000449
live 0,733969 0,000231
livingston 3,506558 0,001104
livshit 3,912023 0,001231
liya 3,912023 0,002463
llp 2,995732 0,000943
loan 1,966113 0,000619
local 0,314711 0,000099
lock 1,309333 0,000412
log -0,009950 -0,000006
loop 1,347074 0,000424
loss 0,891598 0,000281
lotteri 3,218876 0,004053
low 0,478036 0,000301
lpolskiportugu 2,302585 0,000725
lui 2,659260 0,000837
luna 2,813411 0,000886
machin 0,040822 0,000103
maher 3,912023 0,002463
main -0,009950 -0,000009
maint 0,798508 0,000754
makanju 3,912023 0,001231
make 0,061875 0,000019
malici 1,660731 0,000523
maltsev 3,912023 0,001231
manag 0,105361 0,000133
manilla 3,506558 0,001104
manipul 0,673345 0,000212
map 0,616186 0,000388
marc 1,771957 0,000558
march 0,116534 0,000110
mark 0,261365 0,000165
market 0,446287 0,000140
marku 2,302585 0,000725
martin 0,843970 0,001063
massimo 2,995732 0,001886
matthew 1,560648 0,000491
maximilian 3,506558 0,001104
mazacoin 2,813411 0,000886
mbah 3,912023 0,001231
mean 0,083382 0,000052
measur 0,371064 0,000234
mechan 0,356675 0,000225
medicin 1,427116 0,000898
medoc 3,912023 0,001231
melania 2,813411 0,000886
meme 2,813411 0,000886
mention 1,237874 0,000390
menu -0,009950 -0,000006
mere 1,609438 0,000507
mesoamerica 3,506558 0,002207
metal 1,469676 0,000925
metamask 2,813411 0,000886
method 0,150823 0,000190
michel 1,560648 0,000982
michelson 3,506558 0,002207
mik 3,912023 0,002463
milani 3,912023 0,001231
million 0,843970 0,001063
milosev 3,506558 0,001104
mind 1,347074 0,000424
mint 2,659260 0,000837
miss 0,867501 0,000273
mittweida 3,912023 0,001231
mix 0,891598 0,000281
mobil -0,009950 -0,000003
mobilecoin 2,813411 0,000886
modifi 0,527633 0,000166
mohania 3,912023 0,001231
mohr 3,218876 0,001013
mondai 2,525729 0,001590
monei 1,171183 0,004424
monero 2,813411 0,000886
monetar 3,218876 0,002026
moorsel 3,912023 0,002463
more 0,010050 0,000003
morgan 1,309333 0,000412
morri 1,832581 0,000577
most 0,040822 0,000013
movabl 3,218876 0,001013
move -0,009950 -0,000016
mukesh 3,912023 0,001231
multi 0,342490 0,000108
multilay 2,995732 0,000943
multiparti 3,912023 0,001231
multisignatur 3,912023 0,002463
nach 3,912023 0,001231
nagaraj 3,912023 0,001231
naish 3,912023 0,001231
name 0,162519 0,000051
namecoin 2,813411 0,000886
nano 2,207275 0,000695
napster 3,912023 0,001231
nash 3,218876 0,001013
natalia 2,995732 0,000943
nataliia 3,506558 0,001104
nation 0,527633 0,000332
nativ 1,078810 0,000340
natur 0,356675 0,000225
navig -0,009950 -0,000003
nde 3,912023 0,001231
necessarili 1,049822 0,000330
need 0,030459 0,000048
neo 2,120264 0,000667
nervo 2,813411 0,000886
netherland 1,897120 0,000597
network 0,127833 0,000241
neumann 1,771957 0,000558
nevada 3,912023 0,003694
nevertheless 1,660731 0,000523
new 0,010050 0,000016
newer 1,309333 0,000412
newsweek 3,218876 0,001013
nft 2,302585 0,001450
nick 1,469676 0,001850
nicola 2,120264 0,001335
nigeria 2,525729 0,000795
ning 2,407946 0,000758
non -0,009950 -0,000009
norsk 0,342490 0,000108
not 0,000000 0,000000
notabl 0,616186 0,000194
notari 3,218876 0,001013
note 0,150823 0,000095
novel 1,771957 0,000558
novemb 0,150823 0,000142
number 0,040822 0,000013
nxt 2,659260 0,000837
oasi 3,218876 0,001013
object 0,174353 0,000110
oblig 1,832581 0,000577
occur 0,510826 0,000161
octob 0,139262 0,000395
offer 0,248461 0,000156
oldid -0,009950 -0,000003
oleuskara 1,514128 0,000477
olga 2,659260 0,000837
onc 0,527633 0,000166
onecoin 2,813411 0,000886
oner 3,506558 0,001104
onli 0,051293 0,000016
oopsla 3,506558 0,001104
open 0,150823 0,000047
openproceed 3,912023 0,001231
oper 0,010050 0,000003
oracl 1,078810 0,000679
oranburg 3,912023 0,002463
order 0,094311 0,000030
org -0,009950 -0,000003
organ -0,009950 -0,000009
orient 0,653926 0,000412
origin -0,009950 -0,000119
other -0,009950 -0,000031
outlin 0,562119 0,000177
output 0,597837 0,000188
over 0,094311 0,000030
overflow 1,771957 0,000558
overview 0,616186 0,000388
owner 1,171183 0,000369
paal 3,912023 0,001231
pact 3,912023 0,001231
paepck 3,912023 0,001231
page -0,009950 -0,000006
pagecontentscurr -0,009950 -0,000003
pageget -0,009950 -0,000003
pagesarticl 2,407946 0,000758
pai 1,021651 0,000322
palagashvili 3,912023 0,002463
pan 2,525729 0,000795
paper 0,527633 0,000498
pariti 2,659260 0,000837
parker 2,659260 0,000837
part 0,072571 0,000069
parti 0,616186 0,000776
particip 1,021651 0,000322
particular 0,301105 0,000095
pass 0,776529 0,000244
pattern 0,494296 0,000311
pawthereum 2,813411 0,000886
pax 2,525729 0,000795
payment 1,347074 0,001696
pdf 0,139262 0,000833
pdfprintabl -0,009950 -0,000003
peck 2,995732 0,000943
peercoin 2,813411 0,001771
penguin 2,040221 0,000642
per 0,616186 0,000194
perez 2,813411 0,000886
perform 0,040822 0,000013
permiss 1,469676 0,000463
person -0,009950 -0,000003
perspect 0,733969 0,000693
peter 0,446287 0,000140
petro 2,813411 0,001771
php -0,009950 -0,000003
phrase 1,469676 0,000463
phrasesarticl 2,407946 0,000758
physic 0,446287 0,000140
pig 2,040221 0,000642
pilot 2,120264 0,000667
pinna 3,912023 0,001231
place 0,356675 0,000225
plagiar 2,207275 0,000695
platform 0,400478 0,001387
point 0,186330 0,000059
polici -0,009950 -0,000006
polkadot 2,659260 0,000837
polygon 2,525729 0,000795
popular 0,400478 0,000126
portal 0,494296 0,000156
portalbusi 3,912023 0,001231
portalmonei 3,506558 0,001104
portalrec -0,009950 -0,000003
portfolio 1,771957 0,000558
possess 1,832581 0,000577
post 0,478036 0,000301
potenti 0,371064 0,000350
pourdamghani 3,912023 0,001231
power 0,261365 0,000082
practic 0,186330 0,000117
praitheeshan 3,912023 0,001231
prakash 3,218876 0,001013
prakrut 3,912023 0,001231
preciou 2,525729 0,000795
primecoin 2,813411 0,000886
principl 0,385662 0,000243
print -0,009950 -0,000003
privaci -0,009950 -0,000009
privat 0,634878 0,000600
probabilist 1,832581 0,000577
problem 0,186330 0,000176
problemat 2,407946 0,000758
proc 2,040221 0,000642
procedia 2,813411 0,000886
procedur 0,867501 0,001092
proceed 0,579818 0,001095
process 0,051293 0,000032
profil 1,021651 0,000322
profit -0,009950 -0,000003
program 0,116534 0,000550
project -0,009950 -0,000009
promin 1,237874 0,000390
promissori 2,813411 0,000886
proof 1,347074 0,002544
proper 1,171183 0,000369
properti 0,314711 0,000396
propos 0,510826 0,000804
protect 0,462035 0,000145
protocol 0,527633 0,000996
provid 0,061875 0,000039
public 0,127833 0,000121
publicli 1,309333 0,000412
publish 0,105361 0,000066
puerto 2,659260 0,000837
purathani 3,912023 0,001231
purpos 0,248461 0,000078
qasem 3,912023 0,001231
quachtli 3,506558 0,001104
qualifizierten 3,912023 0,001231
quanta 3,912023 0,001231
quantiti 1,049822 0,000661
quickli 0,891598 0,000561
quinn 2,995732 0,000943
ra 3,506558 0,001104
race 1,427116 0,000449
rahul 3,506558 0,001104
rai 1,832581 0,000577
rais 1,237874 0,000390
rami 3,912023 0,001231
randal 2,525729 0,000795
randao 3,912023 0,004925
random 0,693147 0,000873
randomx 2,813411 0,000886
rapid 1,203973 0,000379
rbaycanca 0,248461 0,000078
rdigung 3,912023 0,001231
readabl 1,309333 0,000412
readview 1,309333 0,000824
real 0,210721 0,000133
receiv 0,400478 0,000126
recogn 1,021651 0,000643
record 0,400478 0,000252
recurs 1,514128 0,000477
redempt 2,813411 0,000886
reduc 0,274437 0,000086
reduct 1,203973 0,000758
refer -0,009950 -0,000013
regard 0,776529 0,000244
regi 3,506558 0,001104
regist -0,009950 -0,000006
registr 2,407946 0,001516
registri 2,120264 0,000667
regul 0,916291 0,001442
regular 0,867501 0,000546
reilli 1,078810 0,000340
relat 0,030459 0,000019
relationship 0,653926 0,000206
releas 0,415515 0,000131
remedi 2,207275 0,001390
remov 0,301105 0,000095
replic 1,609438 0,002533
report 0,261365 0,000247
repres 0,235722 0,000074
republ 1,714798 0,000540
requiem 3,506558 0,002207
requir 0,051293 0,000016
research 0,223144 0,000140
reserv 1,272966 0,000401
resolut 1,560648 0,001474
result 0,139262 0,000044
retriev -0,009950 -0,000116
reuter 1,609438 0,000507
rev 2,995732 0,000943
revers 1,139434 0,000359
review 0,314711 0,000099
revolut 1,272966 0,000401
ricardian 3,912023 0,002463
rice 2,120264 0,000667
rico 2,407946 0,000758
right 0,314711 0,000099
rigid 2,120264 0,000667
risk 0,579818 0,000183
rituparna 3,912023 0,001231
riveret 3,506558 0,001104
roberto 1,897120 0,000597
rocq 3,912023 0,001231
rohit 3,912023 0,001231
roman 1,660731 0,000523
root 0,733969 0,000231
rori 2,995732 0,000943
ross 1,560648 0,000491
row 1,714798 0,000540
ruben 2,995732 0,000943
rui 2,525729 0,000795
rule 0,510826 0,000804
run 0,248461 0,000078
safe 0,916291 0,000288
safekeep 3,506558 0,001104
safemoon 2,813411 0,000886
safer 2,302585 0,001450
safeti -0,009950 -0,000006
sai 0,616186 0,000194
said 0,755023 0,000238
sale 1,049822 0,000330
salt 2,525729 0,000795
salvador 2,525729 0,000795
sam 1,347074 0,000424
sartor 3,506558 0,001104
sauc 3,506558 0,001104
save 0,994252 0,000313
savelyev 3,912023 0,001231
scam 2,207275 0,002084
scandal 1,771957 0,001115
scheisen 3,912023 0,001231
scheme 1,171183 0,001106
scholar 1,021651 0,000643
scholarship 3,506558 0,001104
schulpen 3,912023 0,001231
scienc 0,274437 0,000605
scientist 1,171183 0,000369
scilla 3,912023 0,003694
script 0,916291 0,000865
scrypt 2,659260 0,000837
scrypto 3,912023 0,001231
search -0,009950 -0,000013
secondli 2,813411 0,000886
secret 1,560648 0,000491
sector 1,171183 0,000369
secur 0,274437 0,001555
see -0,009950 -0,000013
select 0,371064 0,000117
self 0,478036 0,000150
semi 0,843970 0,000266
senat 2,813411 0,001771
send 1,108663 0,000698
septemb 0,150823 0,000332
sequenc 0,820981 0,000258
sergei 1,966113 0,000619
server 0,597837 0,000188
servic 0,210721 0,000199
seth 1,832581 0,001154
settlement 1,660731 0,000523
sever 0,072571 0,000023
share 0,301105 0,000190
sharealik -0,009950 -0,000003
shekel 3,218876 0,001013
shell 1,049822 0,000330
shiba 2,813411 0,000886
shop 1,771957 0,000558
short -0,009950 -0,000003
shorten -0,009950 -0,000003
show 0,400478 0,000126
side 0,579818 0,000183
sidebar -0,009950 -0,000013
siebeck 3,912023 0,001231
sign 0,916291 0,000288
signaturen 3,912023 0,001231
signaturgesetz 3,912023 0,001231
silver 1,771957 0,000558
similar 0,150823 0,000095
similarli 0,843970 0,000266
simona 3,506558 0,001104
simplic 1,897120 0,001194
sinc 0,139262 0,000088
site -0,009950 -0,000003
situat 0,776529 0,000244
small 0,314711 0,000099
smart 1,049822 0,038332
smith 1,139434 0,000359
snook 3,912023 0,002463
softwar 0,127833 0,000201
sok 3,912023 0,001231
sol 3,218876 0,001013
solana 2,813411 0,002657
solid 1,171183 0,001843
soloro 3,912023 0,001231
solut 0,478036 0,000150
some 0,040822 0,000090
sometim 0,301105 0,000095
sound 1,237874 0,000390
sourc 0,094311 0,000059
sourceview 1,309333 0,000824
space 0,415515 0,000131
special 0,235722 0,000148
specif 0,051293 0,000048
spectrum 1,386294 0,000436
speicherung 3,912023 0,001231
spend 1,347074 0,000424
springer 0,527633 0,000332
sqlite 2,813411 0,000886
srom 1,609438 0,000507
ssgrr 3,912023 0,001231
ssrn 1,427116 0,000898
stablecoin 2,813411 0,001771
stake 2,040221 0,001284
standard 0,094311 0,000178
standardis 2,525729 0,000795
stanford 1,309333 0,001236
state 0,083382 0,000210
statement -0,009950 -0,000009
statementsal 2,207275 0,000695
statementsarticl 0,544727 0,000171
statist -0,009950 -0,000003
statu 0,693147 0,000436
steem 2,813411 0,000886
stefano 2,525729 0,000795
stellar 2,659260 0,000837
steve 1,078810 0,000679
steven 0,867501 0,000273
store 0,356675 0,000561
strateg 1,171183 0,000369
strategi 0,733969 0,000462
stream 0,733969 0,000231
stronger 1,966113 0,000619
studi 0,314711 0,000297
successfulli 1,427116 0,000449
such 0,000000 0,000000
sudeep 3,912023 0,001231
suggest 0,820981 0,000258
suomitagalog 3,912023 0,001231
superven 3,912023 0,001231
support 0,150823 0,000190
supriya 3,506558 0,001104
surg 1,771957 0,000558
survei 0,462035 0,000436
swati 3,912023 0,001231
system 0,010050 0,000035
systemat 1,078810 0,000679
szabo 2,995732 0,005658
tabl -0,009950 -0,000006
tai 2,659260 0,000837
take 0,210721 0,000066
taltech 3,506558 0,001104
tam 3,506558 0,001104
tamper 2,407946 0,000758
tanwar 3,912023 0,001231
tapscott 2,995732 0,001886
taskforc 3,506558 0,002207
tech 0,843970 0,000531
technic 0,478036 0,000150
technolog 0,116534 0,000734
templat 0,301105 0,000095
temporari 1,966113 0,001238
tender 2,813411 0,000886
tennesse 2,813411 0,001771
teor 3,218876 0,001013
term -0,009950 -0,000025
terminolog 1,237874 0,000390
terra 2,813411 0,000886
tether 2,302585 0,000725
tevendal 3,912023 0,001231
text -0,009950 -0,000003
tezo 2,813411 0,002657
that 0,000000 0,000000
thegazett 3,912023 0,001231
then 0,116534 0,000073
theori 0,400478 0,000756
there 0,051293 0,000032
therefor 0,478036 0,000301
these 0,040822 0,000051
thesi 1,832581 0,000577
thi -0,009950 -0,000034
thing 0,798508 0,000251
third 0,342490 0,000108
tibet 3,506558 0,001104
tilburg 3,506558 0,001104
time 0,000000 0,000000
timestamp 2,040221 0,000642
tinadanskdeutscheestiespa 2,659260 0,000837
titcoin 2,813411 0,000886
titl -0,009950 -0,000016
tiziana 3,912023 0,002463
togeth 0,579818 0,000183
toggl -0,009950 -0,000006
token 1,386294 0,004364
toler 1,386294 0,001309
tom 1,203973 0,000758
ton 2,302585 0,000725
tool -0,009950 -0,000013
top -0,009950 -0,000006
topic -0,009950 -0,000006
total 0,673345 0,000636
toward 0,713350 0,000225
trade 0,916291 0,000577
trademark -0,009950 -0,000003
tradit 0,544727 0,000514
transact 0,673345 0,004027
transfer 0,544727 0,000514
transform 0,544727 0,000171
transpar 1,237874 0,000390
treat 0,967584 0,000305
trial 1,609438 0,000507
tribun 3,218876 0,001013
tron 2,813411 0,002657
trump 2,525729 0,000795
trunov 3,912023 0,001231
trust 0,820981 0,000775
tumbler 2,813411 0,000886
ture 1,660731 0,003659
twent 2,995732 0,000943
type 0,051293 0,000032
typic 0,186330 0,000117
tyuluandin 3,912023 0,001231
tyurin 3,912023 0,001231
ub 2,407946 0,000758
ukjt 3,912023 0,001231
ukrain 2,407946 0,000758
umagyarminangkabau 3,912023 0,001231
und 2,813411 0,000886
under -0,009950 -0,000006
underflow 3,506558 0,001104
unforese 3,912023 0,001231
unit 0,248461 0,000235
univers 0,139262 0,000088
unravel 3,218876 0,001013
unsourc 0,446287 0,000281
unter 3,912023 0,002463
untrust 2,659260 0,000837
updat 0,342490 0,000216
upon 0,673345 0,000212
urldownload -0,009950 -0,000003
usd 2,120264 0,000667
user 0,274437 0,000086
usual 0,198451 0,000062
utc -0,009950 -0,000003
uvt 3,912023 0,001231
uw 2,813411 0,000886
uyghurch 3,912023 0,001231
vaivaswatha 3,912023 0,001231
valid 0,616186 0,000388
valu 0,162519 0,000102
van 0,867501 0,000546
vanessa 2,995732 0,000943
variou 0,223144 0,000070
vend 3,506558 0,001104
verfahren 3,912023 0,001231
verg 1,771957 0,000558
vergleichend 3,912023 0,001231
verif 0,733969 0,000693
verifi 1,237874 0,000390
verma 2,813411 0,000886
version -0,009950 -0,000009
vertcoin 2,813411 0,000886
vertic 1,660731 0,001045
via 0,186330 0,000059
view -0,009950 -0,000009
virtual 0,462035 0,000582
visibl 1,021651 0,000643
vitalik 2,813411 0,000886
voicevers 2,302585 0,000725
vol 0,616186 0,000582
volum 0,616186 0,000582
von 1,469676 0,000463
vtecryptocurrenciestechnolog 2,813411 0,000886
vtemedium 3,506558 0,001104
vulner 0,994252 0,001565
vyper 3,912023 0,001231
wai 0,105361 0,000066
wale 2,813411 0,000886
wallet 2,525729 0,002385
want 0,820981 0,000258
water 1,386294 0,000436
watzk 3,912023 0,001231
wayback 0,478036 0,000752
weak 1,660731 0,000523
weasel 2,407946 0,001516
web 0,342490 0,000108
webarch 1,021651 0,000322
wei 1,832581 0,000577
well 0,051293 0,000048
what -0,009950 -0,000003
where 0,072571 0,000023
which 0,000000 0,000000
while 0,051293 0,000048
white 1,108663 0,001047
whitepap 3,218876 0,002026
whom 2,120264 0,000667
whoppercoin 2,813411 0,000886
why 0,494296 0,000156
wigan 3,912023 0,001231
wiki 1,427116 0,001348
wikidata 0,562119 0,000177
wikidatawikipedia 0,967584 0,000305
wikimedia -0,009950 -0,000003
wikipedia -0,009950 -0,000019
wikipediacontact -0,009950 -0,000003
william 0,616186 0,000194
win 1,469676 0,000463
wish 1,609438 0,000507
within 0,116534 0,000073
without 0,094311 0,000030
wittenberg 3,912023 0,001231
wohrer 3,912023 0,001231
word 0,446287 0,000281
work 0,030459 0,000058
workshop 1,347074 0,000424
world 0,139262 0,000132
worth 1,897120 0,000597
written 0,287682 0,000091
www 0,356675 0,000225
wyom 3,912023 0,003694
xiwei 3,506558 0,001104
xrp 2,813411 0,000886
yaga 3,912023 0,001231
yak 3,506558 0,001104
yet 0,891598 0,000281
yuan 2,659260 0,000837
zcash 2,813411 0,000886
zdnet 1,560648 0,000491
zdun 3,912023 0,001231
zhifeng 3,912023 0,001231
zhou 2,407946 0,000758
zivilprozess 3,912023 0,001231
ziyaad 3,912023 0,001231
zoran 3,218876 0,001013
zunino 3,912023 0,001231
