aalborg 3,912023 0,000269
aaron 1,714798 0,000118
abba 3,506558 0,000241
abbeel 3,506558 0,000241
abdelhak 3,912023 0,000269
abhik 3,912023 0,000269
abil 0,562119 0,000270
abiodun 3,912023 0,000269
abl 0,733969 0,000403
aboul 3,912023 0,000537
abreu 3,506558 0,000482
abudami 3,912023 0,000269
aburukba 3,912023 0,000269
academ 0,693147 0,000048
academia 2,120264 0,000146
acceler 1,021651 0,000140
access 0,127833 0,000167
accessori 2,659260 0,000183
accid 2,813411 0,000580
accommod 1,897120 0,000130
accord 0,287682 0,000099
account -0,009950 -0,000003
accumul 1,714798 0,000236
accur 1,203973 0,000165
accuraci 1,469676 0,000202
acharjya 3,912023 0,000806
achiev 0,510826 0,000070
ackerman 3,506558 0,000241
aclu 3,912023 0,000537
acm 0,755023 0,000052
acquir 1,203973 0,000248
acquisit 1,203973 0,000083
across 0,415515 0,000171
act 0,713350 0,000392
action -0,009950 -0,000007
activ 0,356675 0,000220
activist 2,813411 0,000193
actor 1,832581 0,000252
actual 0,597837 0,000205
actuat 2,813411 0,001353
ad 0,223144 0,000015
ada 1,609438 0,000111
adam 1,203973 0,000165
adapt 0,798508 0,000219
add -0,009950 -0,000002
addit -0,009950 -0,000004
addition 0,967584 0,000199
address 0,342490 0,000447
adeoy 3,912023 0,000269
adequ 1,660731 0,000228
adfm 3,912023 0,000269
adibi 3,912023 0,000269
adjust 1,078810 0,000074
administ 2,207275 0,000152
administr 0,867501 0,000119
adopt 0,415515 0,000542
adrc 3,912023 0,000269
adrian 2,813411 0,000386
adriano 3,912023 0,000269
adult 2,995732 0,000412
advanc 0,235722 0,000243
advantag 0,693147 0,000143
advertis 1,347074 0,000093
advfm 3,912023 0,000269
advoc 1,714798 0,000118
advocaci 2,525729 0,000173
aerospac 1,771957 0,000122
afar 3,912023 0,000269
affect 0,693147 0,000143
affix 3,912023 0,000269
afford 2,040221 0,000280
afnor 3,912023 0,000269
afrikaan 1,108663 0,000076
afzal 3,912023 0,000269
ag 0,941609 0,000388
against 0,462035 0,000063
agboma 3,912023 0,000269
agenc 1,108663 0,000228
agenda 2,407946 0,000165
agent 0,733969 0,000202
aggreg 1,514128 0,000312
agil 2,040221 0,000140
agre -0,009950 -0,000001
agricultur 1,347074 0,000555
ahm 2,040221 0,000420
ahmad 2,407946 0,000165
ahmadi 3,912023 0,000269
ahmadreza 3,912023 0,000537
aid 0,843970 0,000174
aim 0,634878 0,000262
air 1,660731 0,000342
airport 2,407946 0,000165
aisgalego 1,309333 0,000090
akash 3,912023 0,000269
akkari 3,912023 0,000269
ala 2,995732 0,000206
alahmad 3,912023 0,000269
alastair 3,218876 0,000221
alberto 2,525729 0,000520
alena 3,912023 0,000537
alert 1,897120 0,000521
alex 1,469676 0,000202
alexa 2,525729 0,000347
alexand 1,237874 0,000085
alfandi 3,912023 0,000269
algorithm 0,462035 0,000127
alhaizaei 3,912023 0,000269
alhakami 3,912023 0,000269
ali 1,609438 0,000553
align 1,272966 0,000087
alik 2,813411 0,000193
aliouat 3,912023 0,000269
alippi 3,912023 0,000269
all 0,000000 0,000000
allaoua 3,912023 0,000269
alleven 3,912023 0,000269
allianc 1,832581 0,001007
alloc 0,941609 0,000065
allow 0,061875 0,000055
almir 3,912023 0,000269
almquist 3,912023 0,000269
alon 1,272966 0,000087
along 0,462035 0,000063
alongsid 1,660731 0,000114
alphabet 1,469676 0,000101
alreadi 0,776529 0,000267
also -0,009950 -0,000027
alsulami 3,912023 0,000269
altair 3,506558 0,000241
altern 0,342490 0,000047
although 0,287682 0,000040
alumni 3,506558 0,000241
alwai 0,597837 0,000082
amar 3,218876 0,000221
amazon 1,309333 0,000540
ambient 2,995732 0,001852
ambiesens 3,912023 0,000269
ambigu 1,386294 0,000286
ambit 3,218876 0,000221
ambul 3,912023 0,000537
amend 1,609438 0,000111
american 0,415515 0,000200
ami 2,659260 0,000548
amiot 3,912023 0,000269
amira 3,912023 0,000537
amit 2,407946 0,000165
among 0,356675 0,000171
amongst 2,120264 0,000146
amorph 3,218876 0,000221
amount 0,579818 0,000080
amp -0,009950 -0,000018
analysi 0,186330 0,000077
analyt 0,798508 0,000823
analyz 0,843970 0,000522
anarch 2,995732 0,000617
anbuki 3,912023 0,000269
andcommun 3,218876 0,000221
ander 2,995732 0,000206
andhra 3,912023 0,000269
andi 1,714798 0,000118
andr 2,120264 0,000146
andrad 3,506558 0,000241
andrew 0,820981 0,000056
android 1,272966 0,000699
anh 3,912023 0,000269
ani 0,083382 0,000040
ann 1,514128 0,000104
anna 2,207275 0,000152
anni 3,506558 0,000241
annot 1,108663 0,000076
announc 0,733969 0,000101
annual 0,776529 0,000320
anoth 0,127833 0,000053
anselmo 3,912023 0,000269
answer 1,171183 0,000080
ant 2,302585 0,000158
antenat 3,912023 0,000269
antenna 2,995732 0,000206
anthoni 1,714798 0,000471
anti 1,560648 0,000322
antiviru 2,407946 0,000165
anton 2,207275 0,000152
antonakaki 3,912023 0,000269
antonio 2,120264 0,000146
anyth 2,207275 0,000152
apertur 3,218876 0,000221
api 0,798508 0,000110
app 1,021651 0,000772
appeal 2,040221 0,000280
appear -0,009950 -0,000003
appl 1,203973 0,001158
appli -0,009950 -0,000006
applianc 1,966113 0,001350
applic 0,030459 0,000195
approach 0,174353 0,000120
appropri 0,867501 0,000357
approv 1,272966 0,000087
approxim 0,891598 0,000061
april 0,072571 0,000150
arag 3,912023 0,000269
architectur 0,400478 0,000523
archiv 0,040822 0,000087
ardiri 3,912023 0,000269
arduino 2,995732 0,000206
area 0,478036 0,000689
aren 2,659260 0,000183
arena 1,966113 0,000135
argu 0,994252 0,000615
aris 1,469676 0,000101
arkian 3,912023 0,000269
arl 3,912023 0,000537
arlo 3,912023 0,000269
arm 1,469676 0,000101
armi 2,207275 0,000910
around 0,356675 0,000147
arpan 3,912023 0,000269
arpanet 2,813411 0,000193
arthur 1,427116 0,000098
articl 0,000000 0,000000
articleabout -0,009950 -0,000001
articletalk -0,009950 -0,000001
artifici 0,994252 0,000615
artm 3,912023 0,000269
arvin 3,506558 0,000241
arxiv 1,078810 0,001037
asadullah 3,912023 0,000269
ashish 2,659260 0,000183
ashour 3,912023 0,000537
ashton 2,995732 0,000617
asia 1,560648 0,000107
asic 2,995732 0,000206
ask 0,867501 0,000060
aspect 0,616186 0,000042
aspir 2,659260 0,000183
assembl 0,867501 0,000119
assemblymag 3,912023 0,000269
assert 1,514128 0,000208
assess 1,021651 0,000140
assessmentscomput 3,912023 0,000269
asset 1,139434 0,000704
assign 0,798508 0,000055
assist 1,139434 0,000861
associ 0,127833 0,000018
assumpt 1,171183 0,000080
ast 2,407946 0,000165
atlant 2,120264 0,000146
atmospher 2,659260 0,000183
atomtron 3,506558 0,000241
atri 3,912023 0,000269
atta 3,912023 0,000269
attack 0,867501 0,001072
attempt 0,478036 0,000131
attent 1,203973 0,000248
attentional 3,912023 0,000269
attentiontechnolog 3,912023 0,000269
attitud 2,302585 0,000158
attribut -0,009950 -0,000001
atzori 3,912023 0,000537
audio 0,891598 0,000061
augment 1,237874 0,000170
august 0,162519 0,000279
authent 1,347074 0,000278
author 0,040822 0,000028
authoris 2,995732 0,000412
authoritarian 3,218876 0,000221
auto 1,514128 0,000624
autobiographi 3,912023 0,000269
autocatalyt 3,912023 0,000269
autoconfigur 3,912023 0,000269
autodesk 3,912023 0,000269
autoencod 2,659260 0,000183
autom 0,597837 0,001437
automat 0,462035 0,000159
automobil 2,407946 0,000331
automot 1,897120 0,000651
autonom 1,469676 0,001716
autonomi 2,302585 0,000633
autopilot 2,995732 0,000206
avail -0,009950 -0,000007
avatar 3,912023 0,000537
avoid 0,579818 0,000119
avrid 3,912023 0,000269
awar 1,203973 0,000496
award 1,609438 0,000111
azhar 3,506558 0,000241
azur 1,771957 0,000243
babi 2,813411 0,000193
back 0,462035 0,000063
backend 2,120264 0,000146
background 1,237874 0,000170
bacon 2,659260 0,000183
bad 1,347074 0,000093
badr 3,506558 0,000241
bahareh 3,912023 0,000269
bahasa 0,186330 0,000013
bai 2,813411 0,000386
bailei 2,813411 0,000193
bajo 3,912023 0,000269
baker 2,302585 0,000158
balanc 1,139434 0,000313
balbahaith 3,912023 0,000269
band 2,040221 0,000140
bandwidth 1,832581 0,000378
bank 0,941609 0,000065
bao 3,506558 0,000241
baptist 3,506558 0,000241
barandun 3,912023 0,000269
barcod 3,218876 0,000221
barebox 3,912023 0,000269
barekatain 3,912023 0,000269
barnaghi 3,912023 0,000269
barrier 1,660731 0,000684
barrista 3,912023 0,000269
base 0,010050 0,000021
basic 0,198451 0,000055
basket 2,813411 0,000773
basto 3,912023 0,000269
batteri 2,207275 0,001061
battl 1,832581 0,000252
battlefield 2,995732 0,001646
bauer 3,218876 0,000221
bbc 1,514128 0,000312
beal 3,506558 0,000241
becaus 0,127833 0,000044
becom 0,274437 0,000113
bed 2,995732 0,000412
beer 2,525729 0,000173
began 0,634878 0,000044
begin 0,385662 0,000053
begun 1,966113 0,000270
behav 1,427116 0,000098
behavior 0,342490 0,000141
behind 0,867501 0,000060
beissweng 3,912023 0,000269
belief 1,714798 0,000118
believ 1,272966 0,000350
belmondo 3,912023 0,000269
belt 2,525729 0,000173
ben 1,309333 0,000180
benatallah 3,912023 0,000269
beneficiari 2,995732 0,000412
benefit 0,776529 0,000587
bentaleb 3,912023 0,000269
bentham 3,506558 0,000482
beo 3,912023 0,000269
beren 3,912023 0,000269
beresford 3,506558 0,000241
berg 2,407946 0,000165
berlin 1,386294 0,000095
bernhard 2,407946 0,000165
bertin 3,912023 0,000269
bertrand 2,659260 0,000183
bessi 3,912023 0,000269
best 0,462035 0,000190
better 0,494296 0,000204
bewar 3,218876 0,000221
beyond 0,713350 0,000098
bhatia 2,659260 0,000183
bhatt 3,912023 0,000537
bibcod 0,693147 0,001095
bibliographi 1,966113 0,000270
bicchierai 3,218876 0,000221
bid 2,407946 0,000331
big 0,673345 0,000555
biggest 1,897120 0,000130
bilal 3,506558 0,000241
bilg 3,912023 0,000269
bilingu 3,506558 0,000241
bill 0,776529 0,000533
billboard 3,912023 0,000269
billion 1,078810 0,001260
binari 0,916291 0,000063
bioethic 3,218876 0,000221
biologi 1,347074 0,000093
biometr 2,995732 0,000412
biosensor 3,912023 0,000537
biotechnolog 2,813411 0,000193
bipartisan 3,912023 0,000269
birth 1,897120 0,000130
bitbak 3,912023 0,000269
black 1,203973 0,000083
ble 3,912023 0,000269
blend 2,525729 0,000173
blind 2,120264 0,000146
block 0,597837 0,000041
blockchain 1,609438 0,000332
blog 0,713350 0,000343
blood 2,525729 0,000173
bluetooth 2,302585 0,001265
bo 2,813411 0,000386
board 0,843970 0,000464
boat 2,659260 0,000913
bob 1,832581 0,000126
boca 2,120264 0,000291
boga 3,912023 0,000269
boingbo 3,912023 0,000269
bokm 0,127833 0,000009
bond 1,832581 0,000126
book 0,210721 0,000072
boon 3,912023 0,000269
boot 1,966113 0,000270
bootload 3,218876 0,000221
border 1,771957 0,000243
born 1,966113 0,000135
borriello 3,912023 0,000269
bosanski 1,347074 0,000093
botnet 2,659260 0,000731
boundari 1,427116 0,000098
bourelo 3,912023 0,000269
bpm 3,912023 0,000269
bpmj 3,912023 0,000269
bradai 3,912023 0,000269
braid 3,506558 0,000241
brake 2,995732 0,000412
branch 1,021651 0,000070
brandon 2,120264 0,000146
brazil 2,207275 0,000152
breach 1,714798 0,000353
bresciani 3,912023 0,000269
brew 3,218876 0,000221
brick 2,525729 0,000173
bricklei 3,912023 0,000269
bridg 1,427116 0,000294
brief 1,237874 0,000085
bring 1,021651 0,000281
britain 2,207275 0,000152
british 1,203973 0,000248
broadband 2,995732 0,000412
broadcast 1,832581 0,000252
broaden 2,659260 0,000183
broader 1,309333 0,000090
broggi 3,912023 0,000269
brookman 3,912023 0,000269
brown 1,237874 0,000425
browser 1,021651 0,000070
bruce 1,514128 0,000312
bruch 3,506558 0,000241
bu 2,207275 0,000152
bug 1,171183 0,000080
buggi 3,912023 0,000269
build 0,274437 0,000207
buildroot 3,912023 0,000269
built 0,462035 0,000190
bukhari 3,506558 0,000241
bulk 2,040221 0,000140
bureau 1,609438 0,000111
burst 2,302585 0,000158
bursztein 3,912023 0,000269
buse 3,912023 0,000269
busi 0,287682 0,000652
busybox 3,506558 0,000241
butterworh 3,912023 0,000269
buyer 1,832581 0,000252
buyya 3,912023 0,000537
byzantin 2,659260 0,000183
cai 3,912023 0,000537
california 1,021651 0,000561
call 0,030459 0,000008
cambridg 0,755023 0,000104
camera 1,832581 0,001385
camero 3,912023 0,000269
cameron 2,407946 0,000165
campu 2,813411 0,000193
canadian 1,714798 0,000118
cannot 0,314711 0,000065
canteen 3,912023 0,000269
capabl 0,562119 0,000270
capac 1,237874 0,000255
capit 0,994252 0,000068
capl 3,912023 0,000269
captur 0,916291 0,000189
car 1,309333 0,000899
carbon 1,609438 0,000111
cardiovert 3,912023 0,000269
cardwel 3,912023 0,000269
care 1,237874 0,000425
caregiv 3,912023 0,000269
cargo 2,302585 0,000158
carli 3,218876 0,000221
carnegi 2,525729 0,000347
carrasco 3,506558 0,000241
carri 0,967584 0,000199
carrol 2,995732 0,000206
case 0,083382 0,000052
cash 1,386294 0,000095
cass 3,506558 0,000241
cassandra 3,218876 0,000221
cat 2,120264 0,000146
catal 0,094311 0,000006
categori -0,009950 -0,000002
catherin 2,525729 0,000173
caucu 3,912023 0,000269
caught 2,813411 0,000193
caus 0,430783 0,000118
caution 2,659260 0,000365
cavforth 3,912023 0,000269
cbram 3,506558 0,000241
cc 3,506558 0,000241
ccdc 3,912023 0,000269
cclm 3,912023 0,000269
celsiu 3,218876 0,000221
cens 3,912023 0,000269
center 0,415515 0,000143
centr 1,469676 0,000101
central 0,478036 0,000164
centralis 3,218876 0,000221
centric 1,966113 0,000405
centuri 0,843970 0,000232
ceo 1,714798 0,000236
cerberu 3,912023 0,000537
certain 0,274437 0,000038
certif 1,078810 0,000074
cfi 3,506558 0,000241
chain 0,843970 0,000290
challeng 0,400478 0,000963
cham 2,407946 0,000165
chanc 1,660731 0,000114
chandra 3,218876 0,000663
chang 0,051293 0,000053
changesupload -0,009950 -0,000001
changsheng 3,912023 0,000269
channel 1,049822 0,000072
chaotic 2,813411 0,000193
chapter 0,891598 0,000245
character 1,203973 0,000083
characterist 0,843970 0,000406
charl 0,941609 0,000065
charlier 3,912023 0,000537
chauhan 2,995732 0,000206
chauhuri 3,912023 0,000269
check 0,634878 0,000044
cheikhrouh 3,912023 0,000269
chelsea 3,218876 0,000221
chemic 1,660731 0,000114
chemistri 1,427116 0,000098
chen 1,309333 0,000360
cheng 2,040221 0,000280
chengyu 3,912023 0,000269
cherup 3,912023 0,000269
chia 2,525729 0,000347
chicago 1,609438 0,000332
chief 1,609438 0,000111
children 1,832581 0,000126
china 0,967584 0,000066
chintan 3,912023 0,000537
chip 1,309333 0,000090
chipless 3,506558 0,000241
cho 2,525729 0,000173
choic 0,755023 0,000104
chong 3,218876 0,000221
choo 3,912023 0,000269
chri 0,994252 0,000068
christian 1,560648 0,000214
christoph 1,078810 0,000074
chronic 2,995732 0,000412
chui 3,506558 0,000241
cia 2,525729 0,000173
cid 0,356675 0,001298
ciic 3,912023 0,000269
circuit 0,967584 0,000066
circumst 1,897120 0,000261
cisco 2,207275 0,001213
citat 0,248461 0,000102
cite 0,597837 0,000452
citi 1,272966 0,002623
citizen 1,966113 0,000540
citylab 3,912023 0,000269
civic 2,995732 0,000823
civil 1,309333 0,000180
civilian 2,525729 0,000173
claim 0,634878 0,000044
clais 3,912023 0,000269
clash 2,813411 0,000386
classifi 0,967584 0,000066
clau 3,912023 0,000269
clean 1,714798 0,000118
clear 1,049822 0,000216
clearfield 3,506558 0,000482
clearli 1,771957 0,000122
clinic 1,832581 0,000378
close 0,356675 0,000073
closer 1,660731 0,000114
cloud 0,733969 0,001059
cloudflar 2,659260 0,000365
cluster 1,272966 0,000087
cmu 2,659260 0,001278
cnet 1,609438 0,000221
coap 3,912023 0,000269
coca 3,912023 0,000269
cochlear 3,912023 0,000269
cochran 2,995732 0,000206
coconut 3,506558 0,000241
code -0,009950 -0,000005
coffeemak 3,912023 0,000269
cognit 1,427116 0,000098
cohes 2,995732 0,000206
coin 0,941609 0,000194
coke 3,218876 0,001326
cola 3,912023 0,000269
colbert 3,506558 0,000241
collabor 0,941609 0,000517
collect 0,274437 0,000415
collingridg 3,218876 0,000221
collis 1,966113 0,000135
colombia 3,218876 0,000221
com 0,150823 0,000207
combat 1,897120 0,000130
combin 0,261365 0,000054
comcast 3,912023 0,000269
come 0,356675 0,000024
command 0,891598 0,000061
commenc 2,995732 0,000206
commerc 1,021651 0,000140
commerci 0,527633 0,000217
commiss 1,309333 0,000719
common -0,009950 -0,000007
commonli 0,342490 0,000071
commonswikidata 1,171183 0,000080
commun 0,139262 0,000622
comnet 3,912023 0,000269
compani 0,342490 0,000800
compar 0,342490 0,000024
comparison 0,371064 0,000076
compat 0,693147 0,000048
compet 1,139434 0,000078
competitor 1,966113 0,000270
compil 0,755023 0,000052
complet 0,223144 0,000046
complex 0,186330 0,000102
complianc 1,514128 0,000104
complic 1,427116 0,000196
compon 0,261365 0,000126
composit 1,386294 0,000095
compr 2,813411 0,000193
comprehens 0,867501 0,000060
compress 1,108663 0,000076
compris 1,714798 0,000236
compromis 1,897120 0,000261
comput 0,020203 0,000111
computerworld 1,609438 0,000221
comst 3,506558 0,000241
concept 0,198451 0,000204
concern 0,597837 0,000985
concurr 0,994252 0,000068
condit 0,579818 0,000199
conduct -0,009950 -0,000001
conext 3,912023 0,000269
confectionerynew 3,912023 0,000269
confer 0,274437 0,000302
confidenti 2,040221 0,000280
configur 0,798508 0,000329
confus 0,693147 0,000190
cong 3,506558 0,000241
congress 1,771957 0,000122
congression 2,525729 0,000173
conjunct 1,714798 0,000118
connect 0,430783 0,002663
consent 2,302585 0,000316
consequ 0,891598 0,000122
consid 0,274437 0,000207
consider 0,713350 0,000343
consist 0,301105 0,000165
consortium 1,771957 0,000730
constantli 1,966113 0,000270
constitut 1,272966 0,000087
constrain 1,897120 0,000651
constraint 1,139434 0,000157
construct 0,579818 0,000199
consum 0,653926 0,001347
consumpt 1,139434 0,000313
contact -0,009950 -0,000003
contain 0,162519 0,000145
contemporari 1,347074 0,000093
content -0,009950 -0,000005
context 0,446287 0,000337
contiki 3,912023 0,000269
continu 0,174353 0,000048
contrast 0,891598 0,000061
contribut -0,009950 -0,000001
control 0,020203 0,000092
controversi 1,171183 0,000241
convent 0,891598 0,000245
converg 1,832581 0,000755
convers 0,776529 0,000053
conveyor 2,813411 0,000193
convolut 2,302585 0,000158
cooki -0,009950 -0,000001
cooper 1,021651 0,000211
coordin 1,309333 0,000360
copeland 2,813411 0,000193
copi 0,891598 0,000184
core 0,579818 0,000040
corneliu 3,506558 0,000241
corpor 0,562119 0,000116
corrupt 1,832581 0,000126
cost 0,385662 0,000265
costa 2,995732 0,000206
council 1,427116 0,000392
count 0,916291 0,000063
counter 1,660731 0,000114
counterfeit 3,218876 0,000221
countri 0,867501 0,000179
coupl 1,514128 0,000104
cover 0,733969 0,000151
coverag 1,897120 0,000391
covid 1,966113 0,000135
cp 3,912023 0,000269
cpscom 3,912023 0,000537
cra 3,912023 0,000269
crave 3,912023 0,000269
crc 1,171183 0,000322
creat -0,009950 -0,000014
creation 0,653926 0,000045
creativ -0,009950 -0,000002
credenti 2,120264 0,000291
credibl 2,407946 0,000165
credit 0,867501 0,000119
crespi 3,912023 0,000537
crimin 1,771957 0,000243
cripplewar 3,912023 0,000269
critic 0,385662 0,000265
crop 2,407946 0,000331
cross 0,562119 0,000154
crowd 2,525729 0,000173
crowdsens 3,912023 0,000269
crucial 1,386294 0,000190
cruis 2,813411 0,000386
crump 3,506558 0,000241
crypto 1,897120 0,000130
cryptosystem 2,813411 0,000193
csa 3,506558 0,000482
cui 3,912023 0,000269
cultur 1,049822 0,000072
current 0,210721 0,000058
custom 0,544727 0,000224
cyber 1,427116 0,000784
cybereth 3,218876 0,000221
cyberlex 3,912023 0,000269
cybermethodolog 3,506558 0,000241
cybernet 2,040221 0,000140
cyberobject 3,912023 0,000269
cybersecur 1,966113 0,000810
czech 2,040221 0,000140
da 2,659260 0,000183
dag 2,813411 0,000193
dahua 3,912023 0,000269
dai 0,562119 0,000154
daili 1,427116 0,000196
dalla 3,218876 0,000221
dan 0,916291 0,000063
dang 3,218876 0,000221
danger 1,514128 0,000312
daniel 0,776529 0,000107
danish 2,659260 0,000548
dario 2,995732 0,000206
darpa 2,407946 0,000496
darrel 3,218876 0,000221
dash 2,302585 0,000316
dashboard 2,407946 0,000165
data 0,030459 0,000249
databas 0,072571 0,000045
dataczech 1,171183 0,000080
datagram 2,659260 0,000183
datamatrix 3,912023 0,000269
datastor 3,218876 0,000221
date 0,210721 0,000072
dattatrai 3,912023 0,000269
daunt 3,912023 0,000269
dave 1,771957 0,000243
davi 1,347074 0,000185
david 0,385662 0,000053
davo 3,506558 0,000241
dcan 3,912023 0,000269
ddo 2,995732 0,000617
de 2,040221 0,000140
dead 1,386294 0,000286
deal 0,843970 0,000116
decemb 0,061875 0,000102
decentr 1,714798 0,000942
decid 0,867501 0,000179
decis 0,400478 0,000330
decreas 1,660731 0,000114
dedic 1,272966 0,000350
deduc 2,407946 0,000165
deep 1,078810 0,000370
deepak 3,912023 0,000269
deer 2,995732 0,000206
default 0,693147 0,000048
defect 2,302585 0,000158
defens 1,386294 0,000095
defibril 3,912023 0,000269
deficit 2,813411 0,000193
defin 0,116534 0,000112
degre 0,916291 0,000189
dei 2,995732 0,000412
deleuz 3,912023 0,000806
delicato 3,912023 0,000269
deloitt 3,218876 0,000442
demand 0,820981 0,000056
dementia 3,218876 0,000221
demiri 3,912023 0,000269
democraci 2,659260 0,000548
demograph 1,897120 0,000130
demonstr 0,994252 0,000205
deni 1,609438 0,000221
denial 2,040221 0,000420
denmark 2,525729 0,000173
depart 0,843970 0,000232
department 3,218876 0,000221
departur 2,813411 0,000193
depend 0,105361 0,000036
deploi 1,108663 0,000152
deploy 1,049822 0,000937
depth 1,427116 0,000098
der 1,609438 0,000111
derberg 3,506558 0,000241
describ 0,174353 0,000072
descript -0,009950 -0,000001
descriptionshort 0,000000 0,000000
design 0,040822 0,000073
desk 2,407946 0,000165
despit 1,021651 0,000281
destruct 1,714798 0,000353
detail 0,510826 0,000105
detect 0,755023 0,000570
detector 2,525729 0,000173
determinist 1,771957 0,000122
devanand 3,912023 0,000269
develop -0,009950 -0,000027
devic 0,634878 0,008459
dhelim 3,912023 0,000269
diagnost 2,040221 0,000140
diala 3,912023 0,000269
dian 3,218876 0,000221
diego 2,813411 0,000386
dietlibc 3,912023 0,000269
differ 0,010050 0,000021
differenti 0,916291 0,000063
difficult 0,597837 0,000041
diffus 1,966113 0,000135
diger 3,218876 0,000221
digest 2,207275 0,000152
digit 0,400478 0,000798
dilemma 2,525729 0,000173
dimens 1,347074 0,000185
dimension 1,560648 0,000214
dimostheni 3,912023 0,000269
dina 2,995732 0,000206
dincer 3,912023 0,000537
direct 0,261365 0,000126
directli 0,415515 0,000086
disabl 1,609438 0,000774
disadvantag 1,966113 0,000135
disambigu 1,049822 0,000072
disc 2,120264 0,000146
discharg 3,506558 0,000241
disciplin 1,203973 0,000413
disclaim -0,009950 -0,000001
disclosur 1,966113 0,000405
disconnect 2,813411 0,000193
discov 1,108663 0,000076
discoveri 1,139434 0,000157
diseas 1,966113 0,000270
dish 3,506558 0,000241
dishwash 3,506558 0,000241
displai 0,755023 0,000104
dispos 3,218876 0,000442
disproportion 3,218876 0,000221
disput 1,309333 0,000090
disrupt 1,609438 0,000995
distinct 0,544727 0,000112
distribut 0,198451 0,000150
distributor 2,407946 0,000165
district 2,040221 0,000140
dittrich 3,912023 0,000269
divers 1,469676 0,000101
diversifi 2,813411 0,000193
divid 1,049822 0,000144
divis 1,237874 0,000085
divulg 3,912023 0,000269
dmca 3,218876 0,000221
dmy 0,994252 0,000068
dn 1,897120 0,000130
dobr 3,912023 0,000269
doctor 1,832581 0,000126
doi 0,162519 0,000949
domain 0,544727 0,000187
domest 1,514128 0,000104
domin 1,021651 0,000140
domot 3,506558 0,000241
domoticz 3,912023 0,000269
don 0,916291 0,000126
donat -0,009950 -0,000001
done 0,653926 0,000090
door 2,040221 0,000420
doorbel 3,912023 0,000537
dope 3,912023 0,000269
doubt 2,525729 0,000173
down 0,597837 0,000082
downfal 3,912023 0,000269
download -0,009950 -0,000001
draft 1,427116 0,000098
dream 2,302585 0,000158
drew 2,407946 0,000165
drive 0,867501 0,001013
driven 0,867501 0,000238
driver 1,237874 0,000510
driverless 3,218876 0,000221
drown 3,506558 0,000241
drowsi 3,506558 0,000241
drug 1,609438 0,000111
duart 3,912023 0,000269
due 0,261365 0,000180
dung 3,506558 0,000241
dunkel 3,912023 0,000269
durumer 3,912023 0,000269
dusit 3,912023 0,000269
dutch 2,120264 0,000291
dvr 3,912023 0,000269
dyn 3,506558 0,000241
dynam 0,342490 0,000141
each 0,072571 0,000035
earli 0,301105 0,000124
earnest 3,218876 0,000221
earth 1,272966 0,000350
earthquak 2,302585 0,000158
easi 1,021651 0,000140
easier 1,049822 0,000144
east 1,714798 0,000118
ebbit 3,912023 0,000269
ec 2,813411 0,000193
echo 1,897120 0,000130
eclips 1,771957 0,000122
ecolog 1,560648 0,000107
econom 0,653926 0,000269
economi 1,309333 0,000090
ecosystem 1,108663 0,000533
ecram 2,813411 0,000193
ed 0,798508 0,000603
eddi 3,218876 0,000221
edg 0,820981 0,000846
edit -0,009950 -0,000049
editcommun -0,009950 -0,000001
editori 2,525729 0,000173
edu 1,108663 0,000381
educ 0,494296 0,000068
edward 1,139434 0,000078
eetim 3,912023 0,000537
eff 2,659260 0,000365
effect 0,274437 0,000132
effici 0,287682 0,000198
effort 0,653926 0,000135
eggimann 3,912023 0,000269
egyptian 2,525729 0,000173
either 0,248461 0,000051
ejaz 3,912023 0,000269
elast 2,407946 0,000331
elder 3,506558 0,000482
elderli 3,912023 0,000537
electr 0,891598 0,000490
electromagnet 2,040221 0,000280
electron 0,430783 0,000621
element 0,301105 0,000103
eli 3,218876 0,000221
elimin 0,867501 0,000060
ella 3,912023 0,000537
elsevi 1,203973 0,000165
emamdoost 3,912023 0,000269
emb 2,302585 0,000158
embb 3,912023 0,000269
embed 0,755023 0,000882
embrac 2,040221 0,000140
emerg 0,527633 0,000471
emmanuel 2,995732 0,000412
emphasi 1,771957 0,000122
empow 2,302585 0,000158
enabl 0,274437 0,000716
encompass 1,660731 0,000114
encourag 1,203973 0,000083
encrypt 1,139434 0,000235
encyclopedia -0,009950 -0,000001
end 0,186330 0,000128
endow 2,407946 0,000165
enemi 2,407946 0,000331
energi 0,843970 0,001333
enforc 0,916291 0,000063
engag 1,609438 0,000774
engin 0,061875 0,000076
english -0,009950 -0,000001
englisharticl 2,995732 0,000206
englishsloven 0,510826 0,000035
enhanc 0,510826 0,000140
enol 3,912023 0,000269
enorm 2,302585 0,000158
ensur 0,713350 0,000343
entail 2,120264 0,000146
enterpris 0,446287 0,000184
entir 0,597837 0,000041
entiti 0,843970 0,000058
entranc 3,506558 0,000241
environ 0,385662 0,000636
environment 1,049822 0,001009
envis 3,218876 0,000663
epc 3,912023 0,000269
epcglob 3,912023 0,000269
ephemer 2,813411 0,000193
epic 2,040221 0,000140
equip 1,078810 0,000963
era 1,386294 0,000190
eric 1,078810 0,000148
ericsson 2,995732 0,000617
erl 2,995732 0,000206
erod 3,506558 0,000241
error 0,430783 0,000059
ersu 3,912023 0,000269
ervin 3,506558 0,000241
eskofi 3,912023 0,000269
espa 0,210721 0,000014
especi 0,415515 0,000086
essenti 0,634878 0,000218
establish 0,634878 0,000262
estefania 3,912023 0,000269
estim 0,820981 0,000169
etc 0,562119 0,000154
eth 3,218876 0,000221
ethernet 2,407946 0,000496
ethic 1,309333 0,000360
eucnc 3,912023 0,000269
eui 3,912023 0,000269
eula 3,912023 0,000269
eureka 3,912023 0,000269
europ 0,941609 0,000065
europa 2,525729 0,000173
european 0,733969 0,000302
evalu 0,562119 0,000116
evan 2,120264 0,000146
even 0,235722 0,000210
event 0,356675 0,000147
eventsrandom -0,009950 -0,000001
eventu 0,798508 0,000165
ever 1,272966 0,000262
everi 0,261365 0,000036
everydai 1,832581 0,000126
everyth 1,309333 0,000719
everywher 2,120264 0,000146
evolut 0,820981 0,000113
evolv 1,078810 0,000296
evoth 3,912023 0,000269
exact 1,427116 0,000098
exactli 1,171183 0,000080
examin 0,867501 0,000060
exampl 0,020203 0,000026
exce 1,897120 0,000130
excess 1,386294 0,000095
exchang 0,579818 0,000119
exec 2,813411 0,000193
execut 0,356675 0,000122
exempt 2,995732 0,000206
exert 3,218876 0,000221
exist 0,186330 0,000102
expand 0,776529 0,000053
expect 0,494296 0,000034
expenditur 2,525729 0,000173
experi 0,510826 0,000035
expert 1,078810 0,000815
expertis 1,897120 0,000130
explain 0,798508 0,000110
explod 2,813411 0,000193
exploit 1,078810 0,000222
exploratori 1,966113 0,000135
export -0,009950 -0,000001
expos 1,272966 0,000087
express 0,544727 0,000112
extend 0,385662 0,000079
extens 0,342490 0,000071
extent 1,386294 0,000190
extern 0,030459 0,000006
extract 1,108663 0,000076
extrem 0,941609 0,000259
ey 1,714798 0,000353
eyer 3,506558 0,000241
fabio 2,813411 0,000193
fabric 2,302585 0,000633
face 1,021651 0,000211
facebook 1,560648 0,000107
facil 0,891598 0,000122
facilit 0,916291 0,000189
fact 0,579818 0,000080
factor 0,544727 0,000037
factori 1,514128 0,000208
fadel 3,506558 0,000241
fahl 3,912023 0,000269
fail 0,693147 0,000143
failur 1,021651 0,000281
fair 1,427116 0,000098
fake 2,302585 0,000158
fall 0,867501 0,000179
famili 0,994252 0,000068
fanian 3,912023 0,000269
fantasi 3,506558 0,000241
far 0,867501 0,000119
farahbakhsh 3,912023 0,000269
farlei 3,506558 0,000241
farm 1,966113 0,001215
farmbeat 3,912023 0,000806
farmer 2,659260 0,000548
fast 0,673345 0,000139
faster 0,994252 0,000068
fault 1,237874 0,000680
faz 3,912023 0,000269
fda 2,813411 0,000193
feamster 3,912023 0,000269
featur 0,210721 0,000159
februari 0,061875 0,000127
feder 1,021651 0,000421
feng 2,659260 0,000365
ferrari 3,912023 0,000269
ferreira 2,995732 0,000206
fertil 2,407946 0,000165
ffler 3,912023 0,000269
fiber 2,040221 0,000420
fiction 2,120264 0,000146
fidel 2,659260 0,000183
field 0,314711 0,000303
fierc 3,506558 0,000241
figur 1,272966 0,000087
fileperman -0,009950 -0,000001
filespeci -0,009950 -0,000001
film 1,386294 0,000190
final 0,494296 0,000136
financi 0,776529 0,000053
fing 3,912023 0,000269
finlei 3,218876 0,000221
finn 3,506558 0,000241
fire 1,560648 0,000214
firewal 2,120264 0,000146
firm 1,171183 0,000080
firmwar 2,207275 0,000606
first 0,020203 0,000017
fish 2,407946 0,000827
fit 1,203973 0,000248
fitbit 3,912023 0,000269
fitchard 3,912023 0,000269
five 0,776529 0,000053
flaw 1,469676 0,000303
fleet 2,659260 0,000913
flesh 3,506558 0,000241
float 1,347074 0,000185
floerkemei 3,912023 0,000537
flood 2,525729 0,000173
florenc 2,813411 0,000193
florida 2,207275 0,000303
flow 0,430783 0,000148
floyd 3,218876 0,000221
fluidmesh 3,912023 0,000269
focu 0,755023 0,000052
focus 0,653926 0,000180
fog 2,813411 0,001353
follow 0,072571 0,000020
food 1,469676 0,000101
foodnavig 3,912023 0,000269
foothold 3,506558 0,000241
footnot 2,813411 0,000193
footprint 2,207275 0,000152
forb 1,427116 0,000490
forc 0,597837 0,000328
forecast 1,078810 0,000296
forens 2,207275 0,000152
forest 1,832581 0,000252
forev 2,659260 0,000183
foreword 2,659260 0,000183
forget 2,659260 0,000183
form 0,072571 0,000020
formal 0,510826 0,000035
format 0,634878 0,000044
formerli 1,309333 0,000090
formul 1,714798 0,000118
fortifi 3,218876 0,000221
fortun 2,207275 0,000303
forum 1,203973 0,000331
forward 0,941609 0,000129
foucault 3,912023 0,001075
found 0,274437 0,000075
foundat -0,009950 -0,000008
founder 1,714798 0,000118
four 0,820981 0,000169
fourth 1,560648 0,000429
fpga 2,407946 0,000165
fragment 1,897120 0,001433
fram 3,506558 0,000241
framework 0,287682 0,000198
fran 0,223144 0,000015
franceschi 3,218876 0,000221
francisco 1,609438 0,000221
free -0,009950 -0,000003
freedom 1,609438 0,000221
freeman 2,659260 0,000183
freightlin 3,912023 0,000269
french 1,347074 0,000278
frequenc 1,078810 0,000370
fret 3,912023 0,000269
friedemann 3,912023 0,000537
friendli 1,386294 0,000095
friess 3,506558 0,000482
frontier 1,469676 0,000202
ftc 3,218876 0,001548
fulfil 1,771957 0,000243
full 0,371064 0,000025
fulli 0,616186 0,000085
function 0,030459 0,000019
fundament 0,478036 0,000164
fung 3,218876 0,000221
fuqaha 3,912023 0,000269
further 0,139262 0,000029
furthermor 1,272966 0,000262
fusion 1,514128 0,000104
futur 0,235722 0,000372
gadget 3,218876 0,000884
gaetano 3,912023 0,000269
gain 0,616186 0,000296
galileo 3,506558 0,000241
gambl 2,120264 0,000146
game 0,478036 0,000033
gap 1,347074 0,000093
garcia 2,525729 0,000173
gartner 2,302585 0,000791
gass 3,912023 0,000537
gatewai 2,302585 0,001265
gather 1,469676 0,000202
gatouillat 3,912023 0,000269
gautier 3,912023 0,000269
gdpr 2,813411 0,000386
gdr 3,912023 0,000537
gear 1,771957 0,000122
geetha 3,912023 0,000537
gegen 3,912023 0,000269
gener -0,009950 -0,000016
geneva 2,525729 0,000173
geo 2,407946 0,000165
geoff 2,525729 0,000173
geograph 1,078810 0,000296
georg 0,843970 0,000058
geospati 3,218876 0,000442
geoweb 3,912023 0,000269
gerald 2,407946 0,000165
german 1,386294 0,000190
germani 1,560648 0,000107
gerontolog 3,912023 0,000269
get 0,430783 0,000207
ghalib 3,912023 0,000269
giacomo 3,912023 0,000269
giandrin 3,912023 0,000269
gianei 3,912023 0,000269
gigahertz 3,506558 0,000482
gigaom 3,218876 0,000221
gilbert 2,302585 0,000158
gill 2,525729 0,000173
gilli 3,218876 0,000221
giot 3,912023 0,000537
github 1,078810 0,000074
give 0,446287 0,000031
given 0,261365 0,000054
glibc 3,218876 0,000221
glimps 3,218876 0,000221
global 0,446287 0,000307
globecom 3,912023 0,000269
glocom 3,912023 0,000269
glucos 3,912023 0,000269
go 1,237874 0,000255
goal 0,562119 0,000116
goddijn 3,912023 0,000269
goe 1,237874 0,000170
gogouv 3,912023 0,000269
goldman 2,207275 0,000303
gonzalez 2,995732 0,000206
good 0,616186 0,000169
goodby 3,218876 0,000442
goodman 2,659260 0,000365
googl 0,579818 0,000319
got 1,897120 0,000130
gotapi 3,912023 0,000269
gov 1,469676 0,000101
govern 0,544727 0,000823
government 2,207275 0,000152
gp 2,302585 0,000158
gpgpu 2,995732 0,000206
gradual 1,560648 0,000214
graduat 1,660731 0,000114
graham 2,040221 0,000140
grand 2,120264 0,000146
grant 1,139434 0,000078
greater 0,755023 0,000104
greec 2,302585 0,000158
green 0,916291 0,000189
greenberg 2,525729 0,000173
greencom 3,912023 0,000537
greenfield 3,218876 0,000221
greengard 3,506558 0,000241
grei 2,659260 0,000183
grell 3,912023 0,000269
grew 1,386294 0,000095
grid 1,660731 0,000342
group 0,186330 0,000192
grow 0,653926 0,000404
growth 0,733969 0,000202
guangzhou 3,912023 0,000537
guarante 1,078810 0,000074
guardian 1,560648 0,000214
gubbi 3,912023 0,000537
gudeman 3,912023 0,000269
guid 0,287682 0,000079
guidanc 1,714798 0,000236
guidelin 1,237874 0,000255
guidewai 3,912023 0,000269
guilin 3,912023 0,000269
guip 3,912023 0,000269
guizani 3,506558 0,000482
guo 2,813411 0,000193
haas 3,506558 0,000241
habib 3,506558 0,000241
habitat 2,995732 0,000206
hack 1,203973 0,000331
hacker 1,309333 0,000360
hadk 3,912023 0,000269
hajoon 3,506558 0,000241
halderman 3,912023 0,000269
haleem 3,218876 0,000221
hall 0,653926 0,000045
halow 3,912023 0,000269
hamam 3,912023 0,000269
hamid 3,912023 0,000269
hand 0,494296 0,000068
handbook 0,941609 0,000065
handl 0,415515 0,000171
hangzhou 3,506558 0,000241
hansson 3,506558 0,000241
happen 1,021651 0,000281
harald 3,218876 0,000221
harbi 3,912023 0,000269
hard 1,049822 0,000216
harden 2,407946 0,000331
harder 2,040221 0,000140
hardi 3,218876 0,000221
hardwar 0,579818 0,000159
harm 1,771957 0,000122
harmon 1,714798 0,000236
harold 2,120264 0,000146
harou 3,912023 0,000269
harpercollin 3,218876 0,000221
hart 2,813411 0,000193
harvard 1,386294 0,000381
harvest 1,897120 0,000130
harwood 3,912023 0,000269
hasan 2,302585 0,000158
hash 1,560648 0,000107
hashim 3,912023 0,000269
hassan 3,506558 0,000963
hassanien 3,912023 0,000537
haven 2,659260 0,000183
hdl 1,049822 0,000288
head 0,867501 0,000179
header 1,714798 0,000118
health 0,994252 0,001639
healthcar 1,347074 0,001018
healthi 2,813411 0,000386
hear 2,407946 0,000331
heart 2,207275 0,000303
heat 1,966113 0,000405
heater 3,506558 0,000241
heavi 1,609438 0,000221
heavili 1,203973 0,000083
heinemann 2,813411 0,000193
hell 2,995732 0,000206
hellstew 3,506558 0,000241
help 0,174353 0,000204
helplearn -0,009950 -0,000001
hemant 3,506558 0,000241
hendrick 3,912023 0,000269
henrik 3,506558 0,000241
hensel 3,912023 0,000269
heraklion 3,912023 0,000269
here 0,301105 0,000062
hererel -0,009950 -0,000001
hidden 0,843970 0,000174
hide -0,009950 -0,000003
higginbotham 3,912023 0,000269
high 0,223144 0,000123
higher 0,430783 0,000089
highli 0,867501 0,000060
highwai 2,302585 0,000316
hijack 2,040221 0,000140
hinden 3,506558 0,000241
hinder 2,302585 0,000316
hiran 3,912023 0,000269
hiroaki 3,912023 0,000269
histor 0,579818 0,000040
histori -0,009950 -0,000007
hoc 2,302585 0,000316
holist 3,506558 0,000241
holograph 2,995732 0,000206
home 0,616186 0,002624
homebrew 2,995732 0,000206
homekit 3,506558 0,001445
homeo 3,912023 0,000269
homepag 2,207275 0,000152
homeplug 3,912023 0,000269
homepod 3,506558 0,000241
honda 3,218876 0,000221
hong 2,040221 0,000140
hongzhi 3,912023 0,000269
honor 3,218876 0,000221
hood 2,525729 0,000173
hop 2,659260 0,000183
horizon 1,714798 0,000236
horn 2,407946 0,000165
hospit 2,407946 0,000827
hossain 3,506558 0,000241
hossein 2,659260 0,000365
host 0,755023 0,000052
hour 1,386294 0,000095
hous 0,820981 0,000056
household 2,120264 0,000146
how 0,072571 0,000100
howard 2,207275 0,000758
howev 0,094311 0,000065
hrvatskiidobahasa 1,203973 0,000083
hsu 3,506558 0,000241
http -0,009950 -0,000003
huang 1,897120 0,000261
huanlai 3,912023 0,000269
huansheng 3,912023 0,000269
huaqun 3,912023 0,000269
huawei 1,966113 0,000135
hub 2,040221 0,000841
hudson 2,659260 0,000183
huge 1,660731 0,000342
hugh 1,714798 0,000118
huh 3,912023 0,000269
huil 3,912023 0,000269
human 0,527633 0,000580
humid 3,912023 0,000269
hummu 3,912023 0,000269
hundr 1,237874 0,000170
husain 3,506558 0,000241
hussain 3,218876 0,000442
hussein 3,506558 0,000241
hutton 3,912023 0,000269
hvac 3,218876 0,000221
hype 2,120264 0,000146
hyperlink 2,040221 0,000140
hypervisor 2,407946 0,000165
hyuk 3,912023 0,000269
ian 1,347074 0,000185
ibp 3,912023 0,000269
icact 3,912023 0,000537
iccai 3,912023 0,000269
iccsii 3,912023 0,000269
icghit 3,912023 0,000537
icin 3,912023 0,000269
icoin 3,912023 0,000537
idea 0,527633 0,000109
ident 0,820981 0,000056
identif 1,139434 0,000783
identifi 0,356675 0,000318
idm 3,218876 0,000221
ieee 0,634878 0,002267
ieeen 3,912023 0,000537
ieeestd 3,912023 0,000806
iemb 3,506558 0,000241
iera 3,912023 0,000269
ietf 2,040221 0,001121
ignor 1,078810 0,000148
ignoredc 3,506558 0,000241
iiot 3,912023 0,002149
iitj 3,218876 0,001548
ileladewa 3,912023 0,000269
illinoi 1,966113 0,000135
imag 0,494296 0,000068
imia 3,912023 0,000269
immedi 0,967584 0,000066
immens 3,506558 0,000482
impact 0,544727 0,000299
impair 2,659260 0,000183
impetu 3,506558 0,000241
implant 2,995732 0,000617
implement 0,105361 0,000123
impli 0,994252 0,000068
import 0,162519 0,000056
importantli 2,302585 0,000158
improv 0,150823 0,000135
imran 3,218876 0,000221
ina 0,356675 0,000024
inaccess 2,659260 0,000183
inact 1,966113 0,000405
inasloven 0,616186 0,000042
inc -0,009950 -0,000003
incent 2,040221 0,000420
incid 2,120264 0,000146
inciner 3,912023 0,000269
includ 0,000000 0,000000
incompat 1,272966 0,000175
inconsist 2,302585 0,000316
incorpor 0,755023 0,000052
increas 0,287682 0,000237
increasingli 0,776529 0,000053
independ 0,527633 0,000109
index -0,009950 -0,000001
india 1,171183 0,000241
indian 1,771957 0,000122
indianapoli 2,813411 0,000193
indic 0,356675 0,000073
indin 3,912023 0,000537
individu 0,314711 0,000130
indonesiainterlinguaisizulu 2,995732 0,000206
indoor 3,218876 0,000221
industri 0,356675 0,001176
industryweek 3,218876 0,000221
infanc 3,506558 0,000241
infect 2,407946 0,000827
infest 3,912023 0,000269
influenc 0,579818 0,000080
infolab 3,506558 0,000241
inform 0,061875 0,000225
informat 1,966113 0,000540
informatik 3,506558 0,000241
informationcit -0,009950 -0,000001
informationweek 2,302585 0,000158
infrastructur 0,673345 0,000879
infsof 3,912023 0,000269
infsp 3,912023 0,000269
ingenu 3,218876 0,000663
inhabit 3,218876 0,000221
inher 1,469676 0,000202
initi 0,235722 0,000097
inject 1,386294 0,000381
injuri 2,525729 0,000173
ink 2,659260 0,000183
inlin 1,897120 0,000130
inn 2,995732 0,000206
innov 0,820981 0,000677
input 0,634878 0,000087
insecur 1,714798 0,000118
insid 0,579818 0,000279
insight 1,309333 0,000090
inspir 1,237874 0,000255
instal 0,994252 0,000273
instanc 0,478036 0,000131
instant 1,897120 0,000130
instead 0,301105 0,000062
institut 0,446287 0,000215
instrument 1,049822 0,000072
insuffici 1,966113 0,000135
insulin 3,506558 0,000241
insur 1,427116 0,000098
integr 0,174353 0,000323
intel 1,609438 0,000442
intellig 0,510826 0,001333
intelligenceconcept 3,506558 0,000241
intelligencetechnolog 3,912023 0,000269
intend 0,478036 0,000066
intent 1,171183 0,000241
intention 2,207275 0,000152
inter 1,966113 0,000270
interact 0,356675 0,000343
interconnect 1,966113 0,000675
intercontinent 2,995732 0,000206
interdisciplinari 2,302585 0,000158
interest 0,478036 0,000033
interfac 0,494296 0,000306
interior 2,120264 0,000146
intern 0,040822 0,000059
internationalgndnationalunit 1,108663 0,000076
internet 0,462035 0,009107
interoper 1,609438 0,000884
interpret 0,579818 0,000040
intersect 1,897120 0,000130
intervent 1,771957 0,000243
interview 1,427116 0,000098
intra 3,912023 0,000269
introduc 0,210721 0,000058
introduct 0,210721 0,000029
intuit 2,207275 0,000152
invas 2,407946 0,000331
inventionshidden 2,813411 0,000193
inventori 1,832581 0,000126
invernizzi 3,506558 0,000241
invest 0,967584 0,000133
investig 1,078810 0,000074
invis 1,897120 0,000130
involv 0,415515 0,000086
io 1,660731 0,000342
iobridg 3,912023 0,000269
iobt 3,912023 0,001343
ioe 3,912023 0,000269
iomt 3,912023 0,002149
iot 1,714798 0,038748
iotsan 3,912023 0,001075
iotsf 3,912023 0,000269
iphon 2,813411 0,000193
ipso 3,506558 0,000241
ipv 2,659260 0,001826
iqbal 3,912023 0,000269
irvin 3,218876 0,000221
isbn 0,051293 0,000225
ismcm 3,912023 0,000269
isn 2,302585 0,000158
israel 1,897120 0,000130
issn 0,478036 0,000788
issu 0,314711 0,000216
ist 3,506558 0,000241
istepanian 3,912023 0,000269
item -0,009950 -0,000002
ith 3,912023 0,000537
itif 3,912023 0,000269
itpro 3,506558 0,000241
itself 0,342490 0,000165
itu 2,659260 0,000548
jailbreak 3,218876 0,000442
jaim 3,218876 0,000221
jan 1,386294 0,000286
jane 2,407946 0,000165
janet 2,525729 0,000173
januari 0,083382 0,000155
japan 1,309333 0,000090
jargon 2,813411 0,000193
jason 1,771957 0,000243
jatind 3,218876 0,000221
java 0,891598 0,000061
javaid 3,218876 0,000221
javier 2,813411 0,000193
jayant 3,506558 0,000482
jayavardhana 3,912023 0,000537
jayawardena 3,912023 0,000269
jcot 3,912023 0,000269
jean 1,514128 0,000312
jeep 3,506558 0,000241
jelassi 3,912023 0,000269
jell 3,912023 0,000269
jenson 3,912023 0,000269
jeremi 2,120264 0,000291
jessica 2,525729 0,000173
jia 2,659260 0,000183
jiajia 3,912023 0,000269
jianhua 3,506558 0,000241
jin 2,813411 0,000193
jing 2,995732 0,000412
jini 3,218876 0,000221
jinmei 3,912023 0,000269
jiot 3,218876 0,001990
jiwu 3,912023 0,000269
jmpm 3,912023 0,000269
jnca 3,218876 0,000221
joao 3,912023 0,000269
joern 3,912023 0,000269
john 0,198451 0,000041
joi 2,525729 0,000347
join 1,386294 0,000190
jona 3,912023 0,000269
jong 3,912023 0,000269
jongho 3,912023 0,000269
jose 2,120264 0,000291
josef 3,506558 0,000241
joseph 0,820981 0,000113
journal 0,186330 0,000307
jsan 3,912023 0,000269
juan 2,207275 0,000152
juli 0,127833 0,000360
jumbl 3,506558 0,000482
jump -0,009950 -0,000001
junad 3,912023 0,000537
june 0,094311 0,000272
jurisdict 1,832581 0,000126
jussi 3,506558 0,000241
just 0,328504 0,000135
justin 1,897120 0,000130
kai 1,966113 0,000135
kamal 3,218876 0,000221
kamlesh 3,912023 0,000269
kandil 3,912023 0,000269
kang 2,995732 0,000206
kant 3,506558 0,000241
kapetanov 3,912023 0,000269
kaplan 2,407946 0,000165
kapoor 3,506558 0,000241
karl 1,966113 0,000135
karlgren 3,506558 0,000241
kasimati 3,912023 0,000269
kasperski 2,813411 0,000193
kat 3,506558 0,000241
kataoka 3,912023 0,000269
kaufmann 1,897120 0,000130
kbv 3,506558 0,000241
keep 0,733969 0,000302
kei 0,314711 0,000303
keller 2,995732 0,000412
ken 1,966113 0,000135
kesson 3,912023 0,000269
kevin 1,386294 0,000381
khale 3,218876 0,000221
khan 2,302585 0,000474
khelloufi 3,912023 0,000269
khizir 3,912023 0,000269
khuen 3,912023 0,000269
kiaei 3,912023 0,000269
kill 1,714798 0,000118
kim 1,832581 0,000378
kind 0,673345 0,000231
kindai 3,912023 0,000269
kingslei 3,218876 0,000221
kiosk 3,218876 0,000221
kirk 2,659260 0,000183
kirsten 3,912023 0,000269
kishor 3,912023 0,000269
kit 1,714798 0,000118
kitchen 3,218876 0,000221
klau 2,813411 0,000193
kling 2,995732 0,000206
klint 3,218876 0,000221
know 0,653926 0,000135
knowledg 0,597837 0,000246
known 0,127833 0,000018
kodak 3,506558 0,000963
kofi 3,506558 0,000241
konzern 3,912023 0,000269
korea 1,771957 0,000243
kortchmar 3,912023 0,000269
kotaro 3,912023 0,000269
kovach 3,506558 0,000241
kricka 3,912023 0,000269
kriminalit 3,912023 0,000269
krishnamurthi 3,506558 0,000241
ksr 3,912023 0,000269
kuan 2,995732 0,000206
kumar 1,966113 0,000135
kushalnagar 3,912023 0,000269
kwang 3,912023 0,000269
kyle 2,407946 0,000165
kyriazi 3,912023 0,000269
lab 1,171183 0,000724
labor 1,832581 0,000126
laboratori 1,309333 0,000719
lack 0,544727 0,000337
laizhong 3,912023 0,000269
lakhwani 3,912023 0,000269
lal 3,912023 0,000269
lamp 3,218876 0,000221
lan 2,407946 0,000165
land 1,309333 0,000090
landfil 2,995732 0,000206
landscap 1,771957 0,000122
lane 2,207275 0,000455
languag -0,009950 -0,000003
larg 0,127833 0,000140
largest 1,108663 0,000305
laser 2,302585 0,000158
last -0,009950 -0,000002
latenc 1,897120 0,000391
later 0,223144 0,000061
latest 0,994252 0,000068
latvi 0,994252 0,000068
launch 0,941609 0,000453
laurent 2,525729 0,000173
lauri 2,659260 0,000183
law 0,653926 0,000180
lawson 2,995732 0,000206
layer 0,713350 0,000735
le 2,525729 0,000173
lead 0,287682 0,000119
leader 1,714798 0,000353
leadership 2,207275 0,000455
learn 0,162519 0,000179
leav 1,078810 0,000222
lectur 1,139434 0,000235
led 0,446287 0,000153
ledger 2,040221 0,000280
left 0,916291 0,000063
legaci 1,309333 0,000090
legal -0,009950 -0,000003
legend 2,813411 0,000193
legisl 1,897120 0,000782
legislatur 3,218876 0,000221
leitao 3,506558 0,000241
lemon 3,912023 0,000269
lennart 3,218876 0,000221
lennox 3,506558 0,000241
lenovo 3,218876 0,000442
less 0,430783 0,000089
let 0,916291 0,000126
letter 0,843970 0,000058
leuven 3,506558 0,000241
levandowski 3,912023 0,000269
level 0,083382 0,000069
levelshuman 3,912023 0,000269
levin 2,813411 0,000193
lewi 2,407946 0,000331
lexolog 3,218876 0,000221
li 1,832581 0,000126
liabilityen 3,912023 0,000269
liabilityself 3,912023 0,000269
liam 2,813411 0,000193
liberti 2,407946 0,000165
librari 0,356675 0,000024
licens -0,009950 -0,000001
lidar 2,813411 0,000193
life 0,653926 0,000314
lifetim 2,120264 0,000291
light 1,049822 0,000793
lightweight 1,609438 0,000332
like 0,051293 0,000053
lilian 3,912023 0,000269
limit 0,186330 0,000141
lindner 3,218876 0,000221
line 0,261365 0,000108
linear 0,916291 0,000063
linearli 2,659260 0,000183
link -0,009950 -0,000010
linkpag -0,009950 -0,000001
linksarticl 1,021651 0,000070
linux 0,916291 0,000315
lipski 3,912023 0,000269
list 0,051293 0,000032
listc 2,302585 0,000316
literatur 1,272966 0,000087
lito 3,912023 0,000269
littl 0,820981 0,000056
littman 3,912023 0,000537
liu 1,427116 0,000392
live 0,733969 0,000907
livelihood 3,506558 0,000241
llc 1,714798 0,000236
load 0,891598 0,000184
loader 2,207275 0,000152
local 0,314711 0,000195
locat 0,527633 0,000326
lock 1,309333 0,000450
log -0,009950 -0,000001
logist 1,609438 0,000111
lombardmagyar 1,832581 0,000126
london 0,941609 0,000194
lonergan 3,912023 0,000537
long 0,287682 0,000178
longer 0,755023 0,000052
longest 2,525729 0,000173
longev 2,995732 0,000206
look 0,478036 0,000066
loop 1,347074 0,000185
lopez 2,995732 0,000206
lora 3,506558 0,000723
lorawan 3,912023 0,000269
lord 2,995732 0,000206
lorenzo 2,995732 0,000206
lori 3,218876 0,000221
lose 1,560648 0,000214
loss 0,891598 0,000122
lost 1,514128 0,000104
lot 1,386294 0,000190
loui 1,771957 0,000122
louka 3,912023 0,000269
lovejoi 3,912023 0,000269
low 0,478036 0,000492
lower 0,673345 0,000139
lowpan 3,912023 0,001343
lpwan 3,912023 0,000537
lstm 2,813411 0,000193
lte 2,995732 0,000617
luca 1,714798 0,000118
luigi 3,506558 0,000482
lukac 3,912023 0,000269
luong 3,912023 0,000269
lutz 3,218876 0,000221
lux 0,371064 0,000025
lwip 3,912023 0,000269
lwm 3,912023 0,000269
mac 1,237874 0,000340
machin 0,040822 0,000076
madani 3,218876 0,000442
made 0,186330 0,000077
madeingermani 3,912023 0,000269
madhusudhan 3,912023 0,000269
magazin 0,755023 0,000156
magrassi 3,912023 0,000537
mahdavinejad 3,912023 0,000269
mahmood 3,218876 0,000221
mahmoud 3,912023 0,000269
mahmud 3,218876 0,000221
mai 3,912023 0,000269
maia 3,912023 0,000269
maier 3,506558 0,000241
main -0,009950 -0,000007
mainli 1,021651 0,000070
maint 0,798508 0,000494
maintain 0,400478 0,000055
mainten 0,843970 0,000116
major 0,223144 0,000123
make 0,061875 0,000106
maker 1,771957 0,000122
malwar 1,897120 0,000130
man 0,843970 0,000174
manag 0,105361 0,000369
mangalam 3,912023 0,000269
mani 0,061875 0,000059
mania 2,813411 0,000193
manipul 0,673345 0,000139
manni 3,912023 0,000269
mano 3,912023 0,000269
manpow 3,218876 0,000221
manshaei 3,912023 0,000269
manual 0,994252 0,000137
manufactur 1,171183 0,002172
manuscript 2,525729 0,000173
map 0,616186 0,000042
march 0,116534 0,000216
marcio 3,912023 0,000269
marginean 3,912023 0,000269
marian 3,506558 0,000241
marimuthu 3,912023 0,000537
maritim 2,659260 0,000365
mark 0,261365 0,000126
market 0,446287 0,000521
marketplac 2,040221 0,000420
marku 2,302585 0,000158
martin 0,843970 0,000174
martinez 2,813411 0,000193
marus 3,912023 0,000537
marynowski 3,912023 0,000269
marzano 3,912023 0,000269
massachusett 1,514128 0,000104
massiv 1,609438 0,000442
massot 3,912023 0,000269
match 0,400478 0,000083
materi 0,616186 0,000085
matt 1,609438 0,000111
mattalo 3,912023 0,000269
matter 1,049822 0,000361
mattern 3,506558 0,000482
matthew 1,560648 0,000214
matthia 2,525729 0,000173
mauric 2,525729 0,000173
max 1,660731 0,000114
maxim 1,469676 0,000303
mcdaniel 3,912023 0,000269
mcewan 3,912023 0,000269
mckinsei 2,813411 0,000580
mean 0,083382 0,000040
meant 1,514128 0,000104
measur 0,371064 0,000127
mechan 0,356675 0,000147
media 0,139262 0,000057
mediat 2,302585 0,000316
medic 1,108663 0,001218
medicin 1,427116 0,000588
medium 1,171183 0,000241
meet 0,527633 0,000145
megan 2,813411 0,000193
mehdi 2,813411 0,000193
mehmet 3,912023 0,000269
melani 3,218876 0,000221
melayu 0,820981 0,000056
mellon 2,407946 0,000331
member 0,562119 0,000039
memori 0,562119 0,000154
mention 1,237874 0,000170
menu -0,009950 -0,000001
meola 3,912023 0,000269
merchant 2,407946 0,000165
mere 1,609438 0,000111
meritalk 3,912023 0,000537
merritt 3,912023 0,000269
mesh 2,407946 0,000662
mess 3,506558 0,000723
messag 0,400478 0,000193
messaoud 3,912023 0,000269
metal 1,469676 0,000404
metamorphosi 3,912023 0,000269
metaphor 2,407946 0,000165
meter 2,995732 0,001440
method 0,150823 0,000052
metric 1,309333 0,000090
metropolitan 3,218876 0,000663
mhealth 3,506558 0,000241
mhz 3,506558 0,000241
michael 0,385662 0,000212
michala 3,912023 0,000269
michel 1,560648 0,000322
micro 1,560648 0,000107
microcontrol 2,407946 0,000165
microelectron 3,218876 0,000221
micropython 3,506558 0,000241
microservic 2,302585 0,000158
microsoft 0,579818 0,000239
middl 1,203973 0,000165
mieux 3,912023 0,000269
mihalcik 3,912023 0,000269
mike 1,237874 0,000255
mikrotik 3,912023 0,000269
mile 2,659260 0,000365
militari 1,469676 0,000808
milk 3,218876 0,000221
millimet 3,218876 0,000221
million 0,843970 0,000232
milliped 3,506558 0,000241
min 2,120264 0,000146
mine 0,916291 0,000189
ming 3,506558 0,000241
mingwei 3,912023 0,000269
minhaj 3,912023 0,000269
minho 3,506558 0,000241
minim 0,579818 0,000080
minimalist 2,813411 0,000193
minimis 2,995732 0,000206
ministri 2,813411 0,000193
minteer 3,912023 0,000269
miori 3,912023 0,000269
mioti 3,912023 0,000269
mirai 3,912023 0,001075
mischief 3,912023 0,000269
misnom 3,506558 0,000241
misplac 3,218876 0,000442
misra 2,813411 0,000193
miss 0,867501 0,000298
missil 2,813411 0,000193
mission 1,714798 0,000118
mist 3,506558 0,000241
mit 0,776529 0,000160
mitig 1,347074 0,000370
mitp 3,912023 0,000269
mix 0,891598 0,000122
mizokami 3,912023 0,000269
mmtc 3,912023 0,000269
mmw 3,912023 0,000269
mnet 3,912023 0,000537
mobil -0,009950 -0,000019
modbu 3,912023 0,000269
model 0,116534 0,000104
modern 0,314711 0,000108
modif 1,386294 0,000286
modifi 0,527633 0,000036
modul 0,820981 0,000056
moham 2,207275 0,000152
mohammad 2,302585 0,000633
mohammadamin 3,912023 0,000269
mohammadi 3,506558 0,000241
mohammadreza 3,912023 0,000269
mohd 2,813411 0,000193
mohsen 2,995732 0,000412
moi 3,912023 0,000269
moistur 3,506558 0,000241
molluscan 3,912023 0,000269
momentum 2,040221 0,000280
monaco 3,912023 0,000269
mondai 2,525729 0,000347
monei 1,171183 0,000161
monica 3,218876 0,000221
monitor 1,021651 0,003368
montazerolghaem 3,912023 0,000537
montenegro 3,506558 0,000241
month 0,776529 0,000160
monthli 1,609438 0,000111
moon 2,040221 0,000140
moor 1,714798 0,000236
moorhead 3,912023 0,000269
morabito 3,506558 0,000241
moral 2,302585 0,000474
morchon 3,912023 0,000269
mordor 3,506558 0,000241
more 0,010050 0,000017
moreov 1,560648 0,000322
morgan 1,309333 0,000090
morrissei 3,912023 0,000269
morsalin 3,912023 0,000269
most 0,040822 0,000042
motherboard 2,659260 0,000365
motion 1,771957 0,000122
motor 2,040221 0,000420
moussa 3,912023 0,000269
move -0,009950 -0,000005
movement 1,108663 0,000076
mozilla 1,514128 0,000312
mqtt 2,995732 0,000206
mram 3,506558 0,000241
msc 3,912023 0,000269
msmc 3,912023 0,000269
mtconnect 3,912023 0,000537
mubashir 3,912023 0,000269
muhammad 2,407946 0,000662
mulder 3,218876 0,000221
mulin 3,912023 0,000269
multi 0,342490 0,000047
multifacet 3,506558 0,000482
multimedia 1,386294 0,000190
multin 2,813411 0,000193
multipl 0,094311 0,000065
multiplex 2,302585 0,000158
mulvenna 3,912023 0,000269
munish 3,912023 0,000269
munit 3,218876 0,000221
musaab 3,912023 0,000269
music 1,309333 0,000090
musl 3,506558 0,000241
mutat 2,302585 0,000158
mutual 1,386294 0,000190
muzzlei 3,912023 0,000269
nabaztag 3,912023 0,000269
nadra 3,506558 0,000241
najafi 3,912023 0,000269
nam 2,995732 0,000206
name 0,162519 0,000123
nanocomput 3,912023 0,000269
nanosecond 3,506558 0,000241
nanotub 3,218876 0,000221
narrow 2,207275 0,000152
narrowband 3,506558 0,000482
narten 3,912023 0,000269
nation 0,527633 0,000145
nationwid 2,813411 0,000580
nativ 1,078810 0,000296
natur 0,356675 0,000171
navia 3,912023 0,000269
navid 3,506558 0,000241
navig -0,009950 -0,000003
navlab 3,912023 0,000269
nden 3,912023 0,000269
ndss 3,506558 0,000241
near 1,171183 0,000080
nearbi 2,995732 0,000412
nearest 2,659260 0,000365
necess 2,407946 0,000165
necessari 0,616186 0,000169
necessarili 1,049822 0,000072
necessit 2,813411 0,000193
nederland 0,415515 0,000029
need 0,030459 0,000079
neighbour 3,912023 0,000269
neng 3,912023 0,000269
nest 1,609438 0,000663
net 0,385662 0,000106
netduino 3,912023 0,000269
netherland 1,897120 0,000130
netsilicon 3,912023 0,000269
network 0,127833 0,000948
neural 1,609438 0,000221
neuroeth 3,218876 0,000442
new 0,010050 0,000023
newark 3,506558 0,000241
newsroom 3,506558 0,000241
next 0,400478 0,000248
nfc 2,813411 0,000966
nfv 3,912023 0,000269
nguyen 2,525729 0,000520
nhtsa 3,506558 0,000241
nic 3,506558 0,000241
nick 1,469676 0,000101
nicki 3,506558 0,000241
nicola 2,120264 0,000146
night 2,813411 0,000193
nikhil 3,506558 0,000241
nilanjan 3,912023 0,000537
ning 2,407946 0,000165
nishi 3,912023 0,000269
nitti 3,912023 0,000269
niu 3,218876 0,000221
niyato 3,912023 0,000269
node 0,867501 0,000775
nodemcu 3,912023 0,000269
noel 3,218876 0,000442
nogueira 3,506558 0,000241
nois 1,427116 0,000196
non -0,009950 -0,000005
nordrum 3,912023 0,000269
norm 1,966113 0,000135
normal 0,673345 0,000046
norman 2,207275 0,000152
norsk 0,342490 0,000024
norwegian 2,407946 0,000165
nose 3,506558 0,000241
not 0,000000 0,000000
notabl 0,616186 0,000042
note 0,150823 0,000114
notif 2,207275 0,000303
notifi 2,120264 0,000146
notion 1,171183 0,000080
nourhan 3,912023 0,000269
novel 1,771957 0,000609
novemb 0,150823 0,000197
now 0,274437 0,000094
nram 3,506558 0,000241
number 0,040822 0,000039
numer 0,430783 0,000089
nunez 3,912023 0,000269
nurs 2,813411 0,000193
nutonomi 3,912023 0,000269
nyc 3,506558 0,000241
nyww 3,912023 0,000269
oauth 3,506558 0,000241
object 0,174353 0,000275
objet 3,912023 0,000269
observ 0,820981 0,000056
obsolesc 3,218876 0,000442
obstacl 2,407946 0,000165
occup 2,207275 0,000152
occupi 1,897120 0,000130
occur 0,510826 0,000105
ocean 2,407946 0,000827
ocf 3,506558 0,000482
oclc 0,891598 0,000184
octob 0,139262 0,000354
oecd 2,407946 0,000165
off 0,673345 0,000185
offer 0,248461 0,000085
offload 3,506558 0,000241
offshor 2,040221 0,000140
often 0,127833 0,000079
ogc 3,912023 0,001075
oic 3,912023 0,000269
older 1,237874 0,000255
oldid -0,009950 -0,000001
olesperantoeuskara 0,510826 0,000035
olfa 3,912023 0,000269
oliv 1,514128 0,000104
oliveira 3,506558 0,000241
olov 3,912023 0,000269
oma 3,912023 0,000806
omar 2,813411 0,000580
omkar 3,912023 0,000269
oneself 3,506558 0,000241
ongo 1,560648 0,000214
onli 0,051293 0,000056
onlin 0,415515 0,000171
onto 1,660731 0,000114
onu 3,912023 0,000269
opaqu 2,407946 0,000165
open 0,150823 0,000269
openembed 3,218876 0,000221
openhab 3,912023 0,000269
opensourc 2,659260 0,000183
openthread 3,912023 0,000269
openwsn 3,912023 0,000269
oper 0,010050 0,000016
opportun 1,139434 0,000470
optic 1,386294 0,000381
optim 0,415515 0,000228
option 0,527633 0,000036
order 0,094311 0,000039
oregon 2,813411 0,000386
orfef 3,912023 0,000269
org -0,009950 -0,000003
organ -0,009950 -0,000009
organis 1,560648 0,000322
organiz 1,609438 0,000332
orient 0,653926 0,000090
origin -0,009950 -0,000023
orlando 3,218876 0,000221
orthopaed 3,506558 0,000482
oscar 3,218876 0,000221
osi 2,995732 0,000206
other -0,009950 -0,000022
out 0,261365 0,000090
outcom 1,660731 0,000114
outdat 2,302585 0,000316
outer 2,302585 0,000158
outlet 3,218876 0,000221
oven 3,912023 0,000269
over 0,094311 0,000117
overal 0,967584 0,000199
overcom 1,714798 0,000236
overhead 1,469676 0,000101
overkil 3,506558 0,000241
overkillarticl 3,506558 0,000241
overlap 1,309333 0,000090
overview 0,616186 0,000085
ovidiu 3,506558 0,000482
own 0,314711 0,000259
owner 1,171183 0,000402
ownership 1,469676 0,000303
oxford 0,843970 0,000116
pace 2,525729 0,000173
pacemak 3,506558 0,000482
packag 0,776529 0,000480
packet 2,120264 0,000146
packt 2,120264 0,000582
padaki 3,912023 0,000269
page -0,009950 -0,000004
pagecontentscurr -0,009950 -0,000001
pageget -0,009950 -0,000001
pai 1,021651 0,000070
pair 1,309333 0,000090
pal 3,506558 0,000241
palaniswami 3,912023 0,000537
pan 2,525729 0,000173
panagioti 3,912023 0,000269
pandem 2,040221 0,000140
panoptic 3,912023 0,000537
panopticon 3,912023 0,001075
pantea 3,912023 0,000269
paper 0,527633 0,000145
paperless 3,912023 0,000537
paradigm 0,941609 0,000129
parallel 0,941609 0,000065
paramet 0,755023 0,000052
parello 3,912023 0,000269
parent 1,714798 0,000236
pari 1,660731 0,000114
park 1,771957 0,000609
parkshuttl 3,912023 0,000269
parliament 2,407946 0,000165
part 0,072571 0,000055
parti 0,616186 0,000127
partial 0,916291 0,000126
particip 1,021651 0,000140
particular 0,301105 0,000021
particularli 0,597837 0,000164
partnership 2,040221 0,000420
pasluosta 3,912023 0,000269
pasqual 3,912023 0,000269
pasquier 3,218876 0,000221
pass 0,776529 0,000107
passeng 1,966113 0,000135
passersbi 3,912023 0,000269
passiv 2,207275 0,000606
password 1,609438 0,000111
pastron 3,912023 0,000269
patch 1,560648 0,000322
patel 2,995732 0,000206
path 0,798508 0,000055
pathfind 3,912023 0,000269
pathwai 2,659260 0,000183
patient 1,832581 0,001007
patrick 1,714798 0,000118
pattern 0,494296 0,000204
paul 0,544727 0,000112
pave 3,506558 0,000241
pax 2,525729 0,000173
payam 3,912023 0,000269
pdf 0,139262 0,000411
pdfprintabl -0,009950 -0,000001
pedestrian 3,506558 0,000241
pedro 2,120264 0,000146
peer 1,771957 0,000122
pend 2,120264 0,000146
peng 2,995732 0,000412
peopl 0,356675 0,000416
peopleorgan 3,912023 0,000269
per 0,616186 0,000042
percent 1,514128 0,000416
percom 3,912023 0,000269
perera 3,912023 0,000269
perform 0,040822 0,000008
period 0,713350 0,000049
periodicalc 3,912023 0,000269
permit 1,203973 0,000083
perpetu 2,995732 0,000206
person -0,009950 -0,000008
perspect 0,733969 0,000202
pertain 2,995732 0,000412
pervas 3,218876 0,001105
pest 2,995732 0,000206
pete 3,218876 0,000221
peter 0,446287 0,000184
peterson 2,525729 0,000347
petra 3,912023 0,000269
petter 2,995732 0,000206
peyman 3,912023 0,000269
pfl 3,912023 0,000269
pham 3,218876 0,000221
phase 1,347074 0,000185
philip 1,469676 0,000505
philipp 2,407946 0,000165
philosoph 2,040221 0,000140
philosophi 0,994252 0,000068
phone 1,386294 0,000095
photo 1,832581 0,000378
photographi 2,659260 0,000183
php -0,009950 -0,000001
phrase 1,469676 0,000101
phy 3,506558 0,000482
physic 0,446287 0,000644
physiolog 2,995732 0,000206
pickup 3,912023 0,000269
piec 1,309333 0,000090
piedad 3,912023 0,000269
pieper 3,912023 0,000269
pieter 3,506558 0,000241
pilot 2,120264 0,000291
ping 2,407946 0,000165
pinpoint 2,995732 0,000206
pioneer 1,272966 0,000087
pittman 3,506558 0,000241
place 0,356675 0,000147
placement 2,040221 0,000140
plai 0,713350 0,000294
plan 0,430783 0,000178
planet 2,040221 0,000140
plant 1,771957 0,000243
plastic 2,525729 0,000173
platform 0,400478 0,000550
playstat 2,813411 0,000386
plc 2,302585 0,000474
pleasur 3,218876 0,000221
ploennig 3,912023 0,000269
pmc 1,272966 0,000350
pmid 0,994252 0,000615
podili 3,912023 0,000269
point 0,186330 0,000102
polic 2,120264 0,000146
polici -0,009950 -0,000008
policymak 2,813411 0,000193
polit 1,078810 0,000296
politico 3,506558 0,000241
pollut 1,832581 0,000126
polskiportugu 0,916291 0,000063
polyglot 3,218876 0,000221
poni 3,912023 0,000806
pontin 3,912023 0,000269
poon 3,506558 0,000241
poor 1,714798 0,000236
poorli 2,659260 0,000183
popul 1,309333 0,000090
popular 0,400478 0,000138
portabl 1,203973 0,000083
portalrec -0,009950 -0,000001
portion 1,560648 0,000214
pose 1,560648 0,000107
posit 0,616186 0,000042
possibl 0,186330 0,000154
post 0,478036 0,000098
postgresql 2,813411 0,000193
postscap 3,912023 0,000269
postscript 2,813411 0,000386
postul 3,506558 0,000241
postword 3,912023 0,000269
potenti 0,371064 0,000357
power 0,261365 0,000467
practic 0,186330 0,000154
practition 1,514128 0,000104
pradesh 3,912023 0,000269
pram 3,218876 0,000221
pranc 3,912023 0,000537
prasanna 3,912023 0,000269
prashant 3,912023 0,000269
prashanth 3,506558 0,000241
prasher 3,912023 0,000269
pratap 3,506558 0,000241
pre 0,941609 0,000065
precautionari 2,659260 0,000183
preced 1,427116 0,000196
precis 0,967584 0,000266
predetermin 2,525729 0,000173
predict 0,733969 0,000504
prefer 0,798508 0,000110
preishub 3,912023 0,000269
prepar 1,139434 0,000078
presenc 1,108663 0,000076
present 0,287682 0,000138
press 0,210721 0,000101
pressur 1,714798 0,000236
preval 2,040221 0,000140
prevent 0,634878 0,000174
previous 0,843970 0,000058
price 0,798508 0,000219
primari 0,527633 0,000036
primarili 0,653926 0,000045
primer 1,897120 0,000261
principl 0,385662 0,000159
print -0,009950 -0,000001
printer 2,525729 0,000173
priorit 1,609438 0,000111
prison 2,813411 0,000193
privaci -0,009950 -0,000031
privat 0,634878 0,000174
pro 1,237874 0,000085
proactionari 3,218876 0,000221
proactiv 2,659260 0,000183
problem 0,186330 0,000166
proc 2,040221 0,000140
proceed 0,579818 0,000080
process 0,051293 0,000095
procter 3,912023 0,000269
produc 0,342490 0,000071
product 0,174353 0,000359
professor 1,660731 0,000342
profil 1,021651 0,000070
profit -0,009950 -0,000001
profound 2,207275 0,000152
profoundli 3,506558 0,000241
program 0,116534 0,000096
programm 0,693147 0,000095
progress 1,171183 0,000080
project -0,009950 -0,000026
prometheu 3,218876 0,000221
promin 1,237874 0,000085
promis 1,078810 0,000074
promot 0,891598 0,000122
prompt 1,609438 0,000111
proof 1,347074 0,000185
proper 1,171183 0,000080
properli 1,309333 0,000090
properti 0,314711 0,000022
propos 0,510826 0,000246
proposit 2,120264 0,000437
proprietari 1,171183 0,000322
proquest 2,207275 0,000152
prospect 2,120264 0,000146
prospero 3,912023 0,000269
protect 0,462035 0,000349
protocol 0,527633 0,001015
prototyp 1,386294 0,000286
prove 1,171183 0,000161
proven 1,771957 0,000122
provid 0,061875 0,000153
provis 1,660731 0,000114
proxim 2,659260 0,000365
pst 3,506558 0,000241
public 0,127833 0,000132
publicli 1,309333 0,000090
publish 0,105361 0,000130
publisheral 3,912023 0,000269
pull 1,897120 0,000130
pump 2,995732 0,000617
pune 3,506558 0,000241
punish 2,659260 0,000183
purpos 0,248461 0,000154
purposefulli 3,218876 0,000221
pursu 1,966113 0,000135
purview 3,912023 0,000269
push 1,203973 0,000083
put 0,755023 0,000052
qian 2,407946 0,000165
qin 3,506558 0,000241
qiu 3,506558 0,000241
qo 3,506558 0,000241
qoe 3,912023 0,000269
qualcomm 2,995732 0,000206
qualiti 0,634878 0,000349
quang 3,506558 0,000241
quantifi 1,560648 0,000214
quantiti 1,049822 0,000072
quantum 1,171183 0,000080
quarter 1,897120 0,000130
quarterli 1,832581 0,000126
quentin 3,506558 0,000241
queri 1,139434 0,000078
question 0,597837 0,000123
queu 3,912023 0,000269
quick 1,609438 0,000111
quittek 3,912023 0,000269
qun 3,912023 0,000269
quot 1,049822 0,000144
qusai 3,912023 0,000269
raafat 3,912023 0,000269
racetrack 3,506558 0,000241
radar 1,897120 0,000391
radio 1,469676 0,000707
radiocommun 3,912023 0,000269
radiofrequ 3,506558 0,000241
raggett 3,218876 0,000221
railwai 2,407946 0,000165
rainfal 3,912023 0,000269
rais 1,237874 0,000085
raji 3,912023 0,000537
rajkumar 3,506558 0,000482
rald 3,912023 0,000537
ramp 3,506558 0,000241
random 0,693147 0,000095
rang 0,371064 0,000459
ranveer 3,912023 0,000269
rapid 1,203973 0,000331
rare 1,108663 0,000152
rasit 3,912023 0,000269
raspberri 2,525729 0,000347
rate 0,673345 0,000277
rather 0,287682 0,000020
ratio 1,386294 0,000095
raton 2,120264 0,000291
raymond 1,966113 0,000270
raza 3,506558 0,000241
rbaycanca 0,248461 0,000017
reach 0,755023 0,000259
read 0,162519 0,000022
readeditview 0,287682 0,000040
readi 1,309333 0,000090
readili 2,407946 0,000165
real 0,210721 0,000130
realiti 1,237874 0,000255
realiz 1,309333 0,000360
realli 1,660731 0,000114
reason 0,328504 0,000135
rebecca 2,525729 0,000173
receiv 0,400478 0,000055
recent 0,562119 0,000193
recogn 1,021651 0,000211
recognit 1,078810 0,000222
recommend 0,891598 0,000306
reconnaiss 3,218876 0,000221
record 0,400478 0,000028
recoveri 1,714798 0,000118
recruit 2,302585 0,000158
recur 2,995732 0,000206
recycl 2,407946 0,000165
reddi 2,659260 0,000183
reddip 3,912023 0,000269
redirect 0,673345 0,000046
reduc 0,274437 0,000170
reduct 1,203973 0,000083
refer -0,009950 -0,000004
referenc 1,609438 0,000221
reflect 0,562119 0,000039
refoufi 3,912023 0,000269
refriger 3,506558 0,000241
refus 2,040221 0,000140
reg 2,995732 0,000206
regain 3,218876 0,000221
regard 0,776529 0,000587
regim 2,120264 0,000291
regist -0,009950 -0,000002
regress 1,771957 0,000122
regul 0,916291 0,000944
regular 0,867501 0,000060
regulatori 1,427116 0,000588
rehmani 3,912023 0,000269
reilli 1,078810 0,000296
reinforc 1,660731 0,000228
reject 1,514128 0,000104
relat 0,030459 0,000029
relationship 0,653926 0,000090
releas 0,415515 0,000057
relev 0,798508 0,000165
reliabl 0,371064 0,000102
remain 0,400478 0,000138
remind 3,506558 0,000241
remot 0,776529 0,000960
render 0,994252 0,000068
renew 1,966113 0,000135
rent 2,659260 0,000365
repair 2,407946 0,000165
replac 0,494296 0,000068
replet 3,912023 0,000269
report 0,261365 0,000269
repres 0,235722 0,000016
republ 1,714798 0,000118
republicisraelotheryal 1,714798 0,000118
repudi 3,218876 0,000221
request 0,776529 0,000107
requir 0,051293 0,000092
research 0,223144 0,000460
researchg 2,813411 0,000193
resid 1,714798 0,000118
residenti 2,995732 0,000206
resili 2,120264 0,000146
resist 1,514128 0,000104
resolut 1,560648 0,000214
resolv 1,309333 0,000180
resourc 0,248461 0,000102
respect 0,544727 0,000037
respond 1,049822 0,000144
respons 0,415515 0,000257
reston 3,506558 0,000241
result 0,139262 0,000019
retail 1,386294 0,000095
retain 1,832581 0,000126
rethink 2,525729 0,000173
retriev -0,009950 -0,000095
return 0,510826 0,000035
reusabl 2,659260 0,000183
reveal 1,203973 0,000165
revenu 1,514128 0,000104
review 0,314711 0,000303
revis 1,021651 0,000211
revolut 1,272966 0,000262
revolution 2,525729 0,000347
revolv 2,525729 0,000520
reward 2,207275 0,000152
rewritten 1,966113 0,000135
reza 3,506558 0,000482
rezvan 3,912023 0,000269
rfc 1,714798 0,000471
rfid 2,813411 0,001932
rfidjourn 3,912023 0,000269
rfpro 3,912023 0,000269
rice 2,120264 0,000146
rich 1,309333 0,000180
richard 0,733969 0,000050
rick 2,407946 0,000165
rico 2,407946 0,000165
righi 3,912023 0,000269
right 0,314711 0,000022
ring 1,966113 0,000405
rio 2,995732 0,000206
rise 0,916291 0,000252
risk 0,579818 0,000518
river 1,309333 0,000360
riversid 3,218876 0,000221
rizhao 3,912023 0,000269
road 1,272966 0,000262
roadmap 2,302585 0,000316
robert 0,527633 0,000036
robot 1,347074 0,000648
robust 1,049822 0,000072
roel 3,506558 0,000241
roger 1,139434 0,000078
roi 1,832581 0,000252
role 0,527633 0,000435
rom 0,616186 0,000042
romascanu 3,912023 0,000269
roof 3,506558 0,000241
room 1,832581 0,000378
root 0,733969 0,000050
rosa 2,813411 0,000193
rossana 3,912023 0,000269
roughli 1,660731 0,000114
rout 1,108663 0,000076
router 1,714798 0,000118
routin 1,897120 0,000130
rowayda 3,506558 0,000241
rowland 3,912023 0,000806
royalti 2,525729 0,000173
rpma 3,912023 0,000537
rram 3,506558 0,000241
rser 3,218876 0,000221
rserv 3,218876 0,000221
ruben 2,995732 0,000206
ruh 3,912023 0,000269
run 0,248461 0,000085
runa 0,916291 0,000063
runh 3,912023 0,000269
rural 2,813411 0,000386
rush 2,659260 0,000183
russo 2,995732 0,000206
saad 2,995732 0,000206
sach 2,659260 0,000365
sadek 3,506558 0,000241
sadoghi 3,912023 0,000269
sae 3,912023 0,000269
saeid 3,912023 0,000269
safe 0,916291 0,000252
safeti -0,009950 -0,000010
saga 2,995732 0,000206
sagar 3,506558 0,000241
sahraoui 3,912023 0,000269
sai 0,616186 0,000423
sail 2,525729 0,000347
sajjad 3,506558 0,000482
salah 3,218876 0,000221
sale 1,049822 0,000072
saleem 3,506558 0,000482
same 0,116534 0,000048
sameh 3,912023 0,000269
samsung 2,040221 0,000420
samuel 1,714798 0,000236
san 1,203973 0,000496
sandeep 3,912023 0,000269
sandiegouniontribun 3,912023 0,000269
santand 3,506558 0,000241
santin 3,218876 0,000221
santucci 3,912023 0,000537
sar 3,506558 0,000241
satapathi 3,912023 0,000537
satellit 2,040221 0,000140
save 0,994252 0,000410
sayidul 3,912023 0,000269
sc 3,912023 0,000269
scalabl 1,203973 0,000662
scale 0,371064 0,000331
scan 1,660731 0,000456
scdiot 3,912023 0,000269
schedul 1,021651 0,000140
scheme 1,171183 0,000161
schilit 3,912023 0,000269
schneider 2,813411 0,000193
schneier 3,218876 0,000442
schoen 3,506558 0,000241
schoenwaeld 3,912023 0,000269
scholar 1,021651 0,000070
scholten 3,912023 0,000269
school 0,867501 0,000060
schumach 2,813411 0,000193
sciam 3,218876 0,000221
scienc 0,274437 0,000302
scientif 0,673345 0,000185
scientificamerican 3,218876 0,000221
scientist 1,171183 0,000241
scott 0,891598 0,000184
scout 2,813411 0,000193
screw 3,506558 0,000241
script 0,916291 0,000063
scuotto 3,912023 0,000269
sdn 3,912023 0,000806
sdomo 3,912023 0,000269
sean 1,609438 0,000111
search -0,009950 -0,000005
sec 2,207275 0,000152
section 0,446287 0,000092
sector 1,171183 0,000322
secur 0,274437 0,001715
securingindustri 3,912023 0,000269
securityinfowatch 3,912023 0,000269
see -0,009950 -0,000005
seek 1,021651 0,000140
seeli 3,912023 0,000269
seen 0,776529 0,000160
sehgal 3,912023 0,000269
seifeddin 3,912023 0,000269
seizur 2,525729 0,000173
sejdic 3,506558 0,000241
select 0,371064 0,000025
self 0,478036 0,000295
sell 1,139434 0,000313
semant 0,891598 0,000122
semi 0,843970 0,000058
semiconductor 2,302585 0,000316
senat 2,813411 0,000773
sender 2,302585 0,000158
senior 1,714798 0,000118
sens 1,049822 0,000793
sensit 1,078810 0,000296
sensor 1,347074 0,004533
sensori 2,995732 0,000206
sensorth 3,912023 0,000269
sent 1,171183 0,000241
seo 3,506558 0,000241
separ 0,400478 0,000028
septemb 0,150823 0,000445
sergei 1,966113 0,000135
seri 0,328504 0,000023
seriou 1,832581 0,000126
serv 0,713350 0,000245
server 0,597837 0,000246
servic 0,210721 0,000535
set 0,051293 0,000042
settl 2,207275 0,000152
setup 1,897120 0,000130
sever 0,072571 0,000055
severi 3,912023 0,000269
shackleton 3,912023 0,000269
shafiq 3,912023 0,000269
shah 2,207275 0,000152
shape 1,078810 0,000074
shard 2,813411 0,000386
share 0,301105 0,000331
sharealik -0,009950 -0,000001
shell 1,049822 0,000144
shen 2,659260 0,000183
sheng 3,506558 0,000241
sheth 3,506558 0,000241
shieh 3,912023 0,000269
shift 1,021651 0,000070
ship 1,272966 0,000175
shit 3,912023 0,000269
shiuhpyng 3,912023 0,000269
shix 3,912023 0,000269
short -0,009950 -0,000005
shorten -0,009950 -0,000001
shot 2,813411 0,000193
shown 1,237874 0,000170
shqip 1,966113 0,000135
shu 3,506558 0,000241
shut 2,207275 0,000152
shuttl 3,912023 0,000269
sich 3,912023 0,000269
side 0,579818 0,000040
sidebar -0,009950 -0,000003
sig 2,813411 0,000193
sigfox 3,912023 0,001343
sight 2,407946 0,000331
sign 0,916291 0,000252
signag 3,912023 0,000269
signal 0,755023 0,000052
signific 0,261365 0,000054
significantli 1,171183 0,000080
silo 2,995732 0,000206
silva 2,659260 0,000183
simi 0,755023 0,000052
similar 0,150823 0,000041
simpl 0,150823 0,000031
simpli 0,733969 0,000151
simplifi 0,820981 0,000169
simplist 3,506558 0,000241
sinc 0,139262 0,000019
singapor 1,897120 0,000782
singer 2,813411 0,000193
singh 1,714798 0,000236
singl 0,127833 0,000044
singular 2,207275 0,000152
sinha 3,218876 0,000221
sino 3,912023 0,000537
siot 3,912023 0,003762
siri 2,813411 0,000386
site -0,009950 -0,000002
situat 0,776529 0,000160
six 1,309333 0,000270
size 0,342490 0,000118
sizeabl 3,912023 0,000269
skill 1,427116 0,000098
slaven 3,912023 0,000537
sleep 2,407946 0,000165
sleepi 3,912023 0,000269
slenskaitaliano 0,562119 0,000039
small 0,314711 0,000086
smaller 0,994252 0,000068
smanchat 3,912023 0,000269
smart 1,049822 0,006489
smartdata 3,912023 0,000537
smartdust 3,912023 0,000269
smarter 2,525729 0,000694
smartest 3,912023 0,000269
smartli 3,506558 0,000241
smartphon 2,040221 0,000561
smartth 3,912023 0,001343
smoke 2,813411 0,000193
soa 2,813411 0,000193
soc 1,897120 0,000130
soca 3,912023 0,000269
sociabl 3,506558 0,000241
social 0,510826 0,000807
societ 2,995732 0,000412
societi 0,653926 0,000584
societydigit 3,912023 0,000269
sofien 3,912023 0,000269
softwar 0,127833 0,000149
soil 2,995732 0,000617
sold 1,347074 0,000278
soldier 2,813411 0,000193
solut 0,478036 0,000624
solv 0,820981 0,000113
some 0,040822 0,000039
somebodi 3,218876 0,000221
son 1,049822 0,000144
song 1,897120 0,000130
songdo 3,912023 0,000537
soni 2,525729 0,000173
sono 3,506558 0,000241
sood 3,912023 0,000269
sophist 1,203973 0,000083
sorour 3,912023 0,000269
sort 1,309333 0,000180
sottil 3,912023 0,000269
sourc 0,094311 0,000058
sousa 3,218876 0,000221
south 1,108663 0,000076
space 0,415515 0,000457
spain 2,207275 0,000152
span 1,771957 0,000122
spare 2,302585 0,000158
spark 1,714798 0,000118
spatial 1,660731 0,000684
speak 1,139434 0,000235
speaker 2,302585 0,000158
special 0,235722 0,000081
specif 0,051293 0,000067
specifi 0,446287 0,000092
spectral 1,966113 0,000135
spectrum 1,386294 0,000571
speech 1,469676 0,000202
speed 0,941609 0,000388
spektrum 3,506558 0,000241
spencer 2,659260 0,000183
spi 3,218876 0,000221
spime 3,912023 0,000269
spirit 2,995732 0,000206
spirito 3,912023 0,000269
spoil 3,912023 0,000269
spot 1,514128 0,000104
springer 0,527633 0,000399
sprinkler 2,995732 0,000206
spsm 3,912023 0,000269
spy 2,207275 0,000455
spyridon 3,912023 0,000269
sql 1,171183 0,000080
srikanth 3,912023 0,000537
sriniva 3,506558 0,000241
srpskisrpskohrvatski 0,510826 0,000035
ssh 2,407946 0,000165
ssrn 1,427116 0,000098
stacei 3,506558 0,000241
stack 0,843970 0,000058
stackpath 3,912023 0,000269
stage 1,139434 0,000235
stakehold 2,120264 0,000291
stall 2,040221 0,000280
stand 1,078810 0,000074
standalon 2,525729 0,000173
standard 0,094311 0,000330
stanford 1,309333 0,000540
start 0,261365 0,000036
startup 1,660731 0,000114
state 0,083382 0,000092
stateless 2,659260 0,000365
statement -0,009950 -0,000005
statementsal 2,207275 0,000152
statementsarticl 0,544727 0,000037
statesfrancebnf 0,510826 0,000035
station 2,120264 0,000291
statist -0,009950 -0,000003
statu 0,693147 0,000095
ste 3,912023 0,000269
steer 2,120264 0,000146
stefan 1,560648 0,000214
stefano 2,525729 0,000347
steinberg 3,912023 0,000269
stem 2,040221 0,000140
step 0,713350 0,000147
stephen 0,843970 0,000174
stephenson 3,506558 0,000241
stereo 2,995732 0,000206
sterl 3,218876 0,000221
sternberg 3,912023 0,000269
steve 1,078810 0,000148
stifl 2,995732 0,000412
still 0,342490 0,000212
stop 0,967584 0,000266
storag 0,430783 0,000296
store 0,356675 0,000343
strateg 1,171183 0,000080
strategi 0,733969 0,000302
stratman 3,912023 0,000269
stream 0,733969 0,000050
street 1,203973 0,000083
strictli 1,966113 0,000135
strong 0,776529 0,000107
structur 0,139262 0,000067
struggl 1,771957 0,000243
stuck 3,506558 0,000241
student 1,049822 0,000072
studi 0,314711 0,000130
style 0,941609 0,000065
sub 1,021651 0,000140
submit 1,427116 0,000098
subscrib 2,525729 0,000173
subscript 1,714798 0,000236
subsect 0,020203 0,000007
subsequ 0,916291 0,000063
subset 1,108663 0,000076
subsystem 2,207275 0,000152
subvert 3,506558 0,000241
success 0,494296 0,000170
successfulli 1,427116 0,000098
successor 1,897120 0,000130
such 0,000000 0,000000
sudarshan 2,813411 0,000193
sudipta 3,912023 0,000269
suffer 1,832581 0,000126
suffici 1,078810 0,000148
suggest 0,820981 0,000056
suit 0,891598 0,000245
suitabl 1,237874 0,000085
sumanth 3,912023 0,000269
summer 1,427116 0,000196
summit 2,040221 0,000140
sun 1,237874 0,000085
sungoor 3,912023 0,000269
suomisvenska 2,040221 0,000140
supersed 1,966113 0,000135
supervis 1,469676 0,000101
suppli 0,994252 0,000478
supplier 1,832581 0,000126
support 0,150823 0,000166
supriya 3,506558 0,000241
suranare 3,912023 0,000269
suresh 2,995732 0,000412
surg 1,771957 0,000122
surpass 1,897120 0,000130
surround 1,514128 0,000104
survei 0,462035 0,000222
surveil 1,560648 0,000322
surviv 1,609438 0,000111
sustain 1,171183 0,000402
suzann 3,218876 0,000221
sven 3,912023 0,000269
swan 2,659260 0,000183
swarm 2,207275 0,000303
switch 0,916291 0,000063
switzerland 1,897120 0,000261
sy 3,506558 0,000241
symposium 1,309333 0,000180
synchron 1,386294 0,000095
syngress 2,659260 0,000365
synthet 1,771957 0,000122
system 0,010050 0,000083
systemat 1,078810 0,000074
systemsgener 2,813411 0,000193
tabl -0,009950 -0,000001
tablet 1,832581 0,000126
tag 1,309333 0,000629
taiwan 2,407946 0,000165
take 0,210721 0,000159
taken 0,867501 0,000119
tale 3,218876 0,000221
talk 1,108663 0,000076
taltech 3,506558 0,000241
tame 3,218876 0,000221
tan 2,207275 0,000303
tao 2,407946 0,000165
target 0,462035 0,000095
task 0,415515 0,000257
tax 1,560648 0,000107
taxi 2,995732 0,000206
tcp 1,897120 0,000391
team 0,634878 0,000087
tech 0,843970 0,000406
techbeacon 3,912023 0,000269
techcrunch 1,660731 0,000114
techignit 3,506558 0,000241
technic 0,478036 0,000230
technica 1,347074 0,000093
techniqu 0,385662 0,000079
technolog 0,116534 0,000976
technologiesfieldsinform 3,506558 0,000241
technologiesoverview 3,912023 0,000269
teik 3,912023 0,000269
telecommun 1,347074 0,000278
teletyp 3,218876 0,000221
televis 1,514128 0,000104
temperatur 2,302585 0,000791
templat 0,301105 0,000021
tensorflow 2,407946 0,000165
term -0,009950 -0,000015
termin 0,941609 0,000129
terminolog 1,237874 0,000595
terribl 3,506558 0,000241
tesla 2,207275 0,000152
test 0,248461 0,000068
tetc 3,912023 0,000269
text -0,009950 -0,000001
textil 2,407946 0,000165
tgsm 3,912023 0,000269
than 0,072571 0,000045
thao 3,912023 0,000269
that 0,000000 0,000000
theft 1,966113 0,000270
themselv 0,843970 0,000232
theodora 3,912023 0,000269
theoret 0,776529 0,000107
theori 0,400478 0,000028
therapi 3,912023 0,000269
there 0,051293 0,000099
therebi 1,309333 0,000090
therefor 0,478036 0,000066
theregist 2,995732 0,000206
therein 3,912023 0,000537
thermostat 3,218876 0,000663
these 0,040822 0,000076
thi -0,009950 -0,000029
thing 0,798508 0,014369
thingsambi 3,912023 0,000269
think 1,049822 0,000144
third 0,342490 0,000047
thoma 0,527633 0,000181
thombar 3,912023 0,000269
thompson 1,714798 0,000118
thomson 2,525729 0,000173
those 0,235722 0,000130
though 0,544727 0,000112
thread 1,386294 0,000286
threat 1,309333 0,000450
three 0,287682 0,000198
throughout 1,078810 0,000074
throughput 2,120264 0,000582
throw 2,659260 0,000183
thu 0,314711 0,000086
tibtech 3,912023 0,000269
ticket 2,659260 0,000183
tie 2,813411 0,000193
tien 3,506558 0,000241
tier 1,660731 0,000912
tif 3,912023 0,000269
tim 0,867501 0,000238
time 0,000000 0,000000
timelin 0,733969 0,000050
timevagu 2,040221 0,000140
tinacymraegdanskdeutscheesti 2,302585 0,000158
tinker 2,995732 0,000412
tinyo 3,506558 0,000241
tip 2,407946 0,000165
titl -0,009950 -0,000001
todai 0,693147 0,000095
todd 2,407946 0,000165
togeth 0,579818 0,000119
toggl -0,009950 -0,000005
toler 1,386294 0,000095
tolkien 3,912023 0,000269
toll 3,506558 0,000241
tom 1,203973 0,000083
tomdispatch 3,912023 0,000269
tomorrow 2,525729 0,000173
toni 1,714798 0,000118
too 0,634878 0,000044
took 1,237874 0,000085
tool -0,009950 -0,000006
top -0,009950 -0,000001
topic -0,009950 -0,000003
topol 3,506558 0,000241
total 0,673345 0,000185
tough 2,813411 0,000193
toward 0,713350 0,000490
town 2,995732 0,000412
toxic 2,207275 0,000303
toybox 3,218876 0,000221
toyota 2,813411 0,000193
track 0,713350 0,000490
tractor 3,218876 0,000221
trade 0,916291 0,000189
trademark -0,009950 -0,000001
tradit 0,544727 0,000412
traffic 1,272966 0,000350
train 0,967584 0,000133
trak 3,912023 0,000269
tran 2,659260 0,000183
transact 0,673345 0,000231
transbord 3,912023 0,000269
transceiv 3,912023 0,000537
transfer 0,544727 0,000112
transform 0,544727 0,000150
transformainsight 3,912023 0,000269
transhuman 3,218876 0,000221
transistor 2,407946 0,000165
transit 1,171183 0,000161
translat 0,798508 0,000165
transmiss 1,347074 0,000278
transmit 1,347074 0,000740
transpar 1,237874 0,000340
transpir 3,912023 0,000269
transport 0,994252 0,001093
trash 3,912023 0,000269
traukina 3,912023 0,000537
trauma 2,995732 0,000206
travel 1,560648 0,000107
trb 3,912023 0,000269
treatment 1,660731 0,000114
tremend 2,813411 0,000193
trend 0,733969 0,000403
trevor 2,659260 0,000183
trial 1,609438 0,000111
trickier 3,506558 0,000241
trigger 1,514128 0,000208
trillion 1,897120 0,000130
troop 3,218876 0,000442
troubl 2,407946 0,000165
truck 2,525729 0,000173
true 0,776529 0,000053
truli 1,897120 0,000130
trunk 3,218876 0,000221
trust 0,820981 0,000169
trustworthi 2,813411 0,000193
tsang 3,912023 0,000269
tsunami 3,218876 0,000221
tsusho 3,912023 0,000269
tudorica 3,912023 0,000269
tune 2,207275 0,000152
tung 2,525729 0,000173
turn 0,776529 0,000427
tutori 1,347074 0,000093
twent 2,995732 0,000206
twenti 1,897120 0,000130
twin 2,995732 0,000206
twist 2,813411 0,000193
twitter 1,660731 0,000114
two 0,083382 0,000017
txt 2,813411 0,000580
tyagi 3,506558 0,000241
type 0,051293 0,000014
typic 0,186330 0,000051
uav 2,995732 0,000206
ubicomp 3,912023 0,000269
ubiquit 1,469676 0,000606
ucla 2,525729 0,000347
uclibc 3,218876 0,000221
udaw 3,912023 0,000269
udi 3,912023 0,000269
udp 2,659260 0,000183
uefi 3,506558 0,000241
uid 3,506558 0,000241
ujalei 3,912023 0,000269
ukrain 2,407946 0,000165
ulietuvi 1,049822 0,000072
ultim 1,139434 0,000313
ultra 2,302585 0,000474
ultraram 3,506558 0,000241
umair 3,912023 0,000269
unabl 2,302585 0,000316
unattend 3,912023 0,000269
unauthor 1,897120 0,000130
unauthoris 3,218876 0,000442
uncertain 2,407946 0,000165
uncertainti 1,237874 0,000170
uncit 3,912023 0,000269
unclassifi 3,218876 0,000221
unclear 2,207275 0,000606
uncommon 3,218876 0,000221
under -0,009950 -0,000003
underdevelop 3,506558 0,000241
undergo 2,995732 0,000206
underli 0,693147 0,000095
undermin 2,813411 0,000193
understand 0,342490 0,000094
understood 1,469676 0,000101
underwai 2,995732 0,000206
underwrit 2,813411 0,000193
unec 3,506558 0,000241
unemploy 2,207275 0,000152
unencrypt 2,302585 0,000158
unforeseen 3,218876 0,000221
unfortun 2,995732 0,000206
unifi 1,309333 0,000090
unintent 2,995732 0,000206
unintention 2,995732 0,000206
union 0,994252 0,000068
uniqu 0,867501 0,000477
unit 0,248461 0,000102
univers 0,139262 0,000143
unknown 1,108663 0,000076
unlicens 2,525729 0,000173
unlock 2,302585 0,000158
unplan 3,912023 0,000269
unreason 2,995732 0,000206
unsaf 2,120264 0,000291
unsourc 0,446287 0,000092
unswork 3,912023 0,000269
until 0,510826 0,000035
unveil 2,407946 0,000165
updat 0,342490 0,000235
upheav 3,506558 0,000241
upon 0,673345 0,000092
upper 1,660731 0,000228
urban 1,966113 0,000675
urg 2,302585 0,000316
uri 2,040221 0,000280
url 1,203973 0,000083
urldownload -0,009950 -0,000001
urllc 3,912023 0,000269
usa 1,427116 0,000294
usabl 1,714798 0,000118
usag 0,579818 0,000159
useless 2,813411 0,000193
usenix 1,966113 0,000135
user 0,274437 0,000490
usual 0,198451 0,000027
utc -0,009950 -0,000001
util 0,597837 0,000411
uyghurcheti 2,302585 0,000158
vacuum 2,813411 0,000193
vagu 1,660731 0,000114
vaishya 3,218876 0,000221
valu 0,162519 0,000067
valuabl 2,207275 0,000303
valuat 2,120264 0,000146
vamp 3,912023 0,000269
van 0,867501 0,000060
vangi 3,912023 0,000269
vari 0,478036 0,000098
variabl 0,494296 0,000068
variant 1,139434 0,000078
variat 0,994252 0,000137
varieti 0,616186 0,000212
variou 0,223144 0,000123
varvarig 3,912023 0,000269
vasisht 3,912023 0,000269
vast 1,514128 0,000104
vector 1,237874 0,000085
vehicl 1,309333 0,002068
vehiclescar 3,912023 0,000269
vehicular 3,506558 0,000723
veira 3,912023 0,000269
vend 3,506558 0,001204
vendor 1,139434 0,000313
venu 2,302585 0,000158
verb 2,813411 0,000193
verbeek 3,912023 0,000537
veri 0,314711 0,000065
verifi 1,237874 0,000085
verlag 1,832581 0,000126
vermesan 3,506558 0,000482
veronica 2,995732 0,000206
version -0,009950 -0,000004
vessel 2,659260 0,000548
via 0,186330 0,000128
viabl 2,813411 0,000193
viana 3,912023 0,000269
vice 1,660731 0,000114
video 0,597837 0,000123
vietnam 2,407946 0,000165
view -0,009950 -0,000009
vijayawada 3,912023 0,000537
vilmar 3,506558 0,000241
violat 1,386294 0,000286
virtu 3,506558 0,000241
virtual 0,462035 0,000063
visibl 1,021651 0,000070
vision 0,867501 0,000596
vislab 3,912023 0,000269
visuomotor 3,912023 0,000269
vital 2,120264 0,000437
vitess 3,912023 0,000269
vitri 3,912023 0,000269
vittorio 3,506558 0,000241
vldb 2,659260 0,000183
vocabulari 1,966113 0,000405
voic 1,514128 0,000104
vol 0,616186 0,000212
voll 3,912023 0,000269
volunt 2,813411 0,000193
voluntari 2,407946 0,000165
vongsingthong 3,912023 0,000269
voutyra 3,912023 0,000269
vsat 3,912023 0,000269
vte 0,967584 0,000066
vteambient 3,912023 0,000269
vteembed 3,912023 0,000269
vteemerg 3,218876 0,000221
vteself 3,912023 0,000269
vulner 0,994252 0,000683
waghol 3,912023 0,000269
wai 0,105361 0,000072
wait 1,771957 0,000122
wajdi 3,912023 0,000269
waldner 3,506558 0,000241
wall 1,237874 0,000255
wallac 2,525729 0,000173
wallberg 3,912023 0,000269
walsh 2,525729 0,000173
wang 1,427116 0,000980
wani 3,912023 0,000269
want 0,820981 0,000226
ward 2,995732 0,000617
warehous 2,302585 0,000158
warfar 2,207275 0,000152
warn 1,272966 0,000262
washington 1,049822 0,000288
wasn 2,813411 0,000193
wast 1,660731 0,000228
watch 1,237874 0,000255
water 1,386294 0,000666
watermark 3,218876 0,000221
waterwai 3,506558 0,000482
wave 1,560648 0,000750
waymo 3,506558 0,000241
weak 1,660731 0,000570
wearabl 2,407946 0,000992
web 0,342490 0,000517
webb 3,506558 0,000241
weber 2,813411 0,000386
webopedia 3,506558 0,000241
websit 0,527633 0,000072
websocket 2,207275 0,000152
week 1,171183 0,000080
weekend 3,218876 0,000221
wehrl 3,912023 0,000269
wei 1,832581 0,000378
weight 1,108663 0,000076
weightless 3,912023 0,000269
weim 3,912023 0,000269
weiser 3,912023 0,000806
well 0,051293 0,000049
weslei 1,078810 0,000074
western 1,108663 0,000152
what -0,009950 -0,000008
when 0,030459 0,000048
whenev 2,040221 0,000140
where 0,072571 0,000045
wherea 1,049822 0,000072
whether 0,400478 0,000055
which 0,000000 0,000000
while 0,051293 0,000035
white 1,108663 0,000152
who 0,301105 0,000124
whole 0,916291 0,000126
why 0,494296 0,000136
wick 3,912023 0,000269
wide 0,210721 0,000101
wider 1,714798 0,000118
widespread 0,994252 0,000068
wieland 3,218876 0,000221
wii 3,912023 0,000269
wikidata 0,562119 0,000039
wikidataus 1,108663 0,000076
wikimedia -0,009950 -0,000002
wikipedia -0,009950 -0,000005
wikipediacontact -0,009950 -0,000001
wikiproject 1,832581 0,000126
wildlif 3,506558 0,000482
wilei 0,562119 0,000116
william 0,616186 0,000085
wima 3,912023 0,000269
win 1,469676 0,000303
wind 1,966113 0,000270
window 0,891598 0,000061
windson 3,912023 0,000269
winter 2,040221 0,000140
wiomax 3,912023 0,000269
wire 0,941609 0,000841
wireko 3,912023 0,000269
wireless 1,078810 0,002816
wirelessli 3,218876 0,000442
wish 1,609438 0,000111
within 0,116534 0,000088
without 0,094311 0,000052
witkovski 3,912023 0,000269
wollerton 3,912023 0,000269
won 1,469676 0,000303
wood 1,897120 0,000130
woolf 3,506558 0,000241
woollei 3,912023 0,000269
work 0,030459 0,000033
workdai 2,995732 0,000206
workflow 2,120264 0,000146
workshop 1,347074 0,000185
workstat 1,771957 0,000243
world 0,139262 0,000249
worldwid 1,108663 0,000076
worn 3,912023 0,000269
wors 2,040221 0,000140
wot 3,218876 0,000221
wowmom 3,912023 0,000537
wristband 3,912023 0,000269
write 0,527633 0,000109
writer 1,514128 0,000104
written 0,287682 0,000040
wrong 1,560648 0,000214
wrote 1,078810 0,000222
wsn 3,912023 0,000269
wwu 3,912023 0,000269
www 0,356675 0,000196
wyman 3,912023 0,000269
xaver 3,912023 0,000806
xbee 3,912023 0,000269
xianbin 3,912023 0,000269
xiao 3,218876 0,000221
xie 2,813411 0,000193
ximeng 3,912023 0,000269
xing 3,912023 0,000269
xinxin 3,912023 0,000269
xiong 3,218876 0,000221
xive 3,912023 0,000269
xmpp 2,813411 0,000386
xpoct 3,912023 0,000269
xsf 3,912023 0,000269
yacht 3,912023 0,000537
yaghmae 3,912023 0,000269
yale 2,407946 0,000165
yan 2,525729 0,000173
yang 1,966113 0,000675
yao 3,506558 0,000241
yasir 3,912023 0,000537
yasmin 3,506558 0,000241
year 0,162519 0,000022
yearbook 2,813411 0,000193
yeon 3,912023 0,000269
yet 0,891598 0,000122
yocto 3,912023 0,000269
yogurt 3,506558 0,000241
york 0,371064 0,000178
youakim 3,912023 0,000269
yousef 3,912023 0,000269
yuce 3,912023 0,000269
yuqe 3,912023 0,000269
zai 3,912023 0,000269
zakir 3,912023 0,000269
zbekcha 0,462035 0,000032
zdnet 1,560648 0,000214
zee 3,912023 0,000269
zehui 3,912023 0,000269
zerina 3,912023 0,000269
zeroconf 3,912023 0,000269
zeromq 3,506558 0,000241
zhang 1,427116 0,000490
zhaoquan 3,912023 0,000269
zhi 3,506558 0,000241
zhiyun 3,912023 0,000269
zhong 2,813411 0,000193
zhou 2,407946 0,000331
zibouda 3,912023 0,000269
ziegeldorf 3,912023 0,000269
zigbe 3,506558 0,002168
ziteng 3,912023 0,000269
zoo 3,912023 0,000537
zte 3,506558 0,000241
zun 3,912023 0,000269
zurich 3,218876 0,000221
zyxel 3,912023 0,000269
