abb 3,506558 0,000697
abd 2,995732 0,000298
abdulrahim 3,912023 0,000389
abil 0,562119 0,000223
abl 0,733969 0,000656
absenc 2,040221 0,000203
absorb 3,218876 0,000320
absorpt 3,506558 0,000348
abstractli 3,506558 0,000348
academ 0,693147 0,000069
academi 1,966113 0,000195
academia 2,120264 0,000211
acceler 1,021651 0,000812
accent 2,995732 0,000298
accept 0,634878 0,000063
access 0,127833 0,000025
accord 0,287682 0,000143
account -0,009950 -0,000004
accur 1,203973 0,000120
accuraci 1,469676 0,000292
acetylen 3,912023 0,000389
achiev 0,510826 0,000507
acid 2,207275 0,000219
acm 0,755023 0,000225
acoust 2,407946 0,000478
acquir 1,203973 0,000120
across 0,415515 0,000083
act 0,713350 0,000283
action -0,009950 -0,000003
activ 0,356675 0,000106
actual 0,597837 0,000119
actuat 2,813411 0,010621
acura 3,912023 0,000389
adam 1,203973 0,000120
adapt 0,798508 0,000555
add -0,009950 -0,000001
addit -0,009950 -0,000006
aditi 3,912023 0,000389
adjust 1,078810 0,000429
adriel 3,912023 0,000389
advanc 0,235722 0,000304
advantag 0,693147 0,000413
aerial 2,659260 0,001057
aerobot 3,506558 0,000348
aerodynam 3,506558 0,001045
aerogel 3,912023 0,000389
aerospac 1,771957 0,000528
affect 0,693147 0,000207
afrikaan 1,108663 0,000110
agarw 3,912023 0,000389
agent 0,733969 0,000292
agre -0,009950 -0,000001
agricultur 1,347074 0,001071
aibo 3,912023 0,000389
aid 0,843970 0,000084
aim 0,634878 0,000063
air 1,660731 0,002640
aircraft 2,120264 0,000421
airlin 2,407946 0,000239
airplan 2,525729 0,000251
airship 3,506558 0,000348
aisgaeilgegalegog 3,506558 0,000348
ajedrecista 3,912023 0,000777
ajeeb 3,912023 0,000389
alan 1,049822 0,000104
alexandria 3,912023 0,000777
alfr 2,207275 0,000219
algorithm 0,462035 0,000367
alireza 3,506558 0,000348
all 0,000000 0,000000
allcock 3,912023 0,000389
allegedli 2,995732 0,000298
alloi 2,995732 0,000595
allow 0,061875 0,000098
almost 0,798508 0,000317
along 0,462035 0,000184
alreadi 0,776529 0,000309
also -0,009950 -0,000030
altern 0,342490 0,000170
amazon 1,309333 0,000130
amber 3,912023 0,000777
ambler 3,506558 0,000697
american 0,415515 0,000124
amin 2,813411 0,000279
amm 3,506558 0,000697
among 0,356675 0,000035
amorph 3,218876 0,000320
amount 0,579818 0,000173
amp -0,009950 -0,000018
amru 3,912023 0,000389
anaerob 3,912023 0,000389
analog 1,021651 0,000101
analysi 0,186330 0,000074
analyt 0,798508 0,000079
analyz 0,843970 0,000335
andi 1,714798 0,000170
andrea 1,386294 0,000138
andrew 0,820981 0,000245
android 1,272966 0,000379
androidworld 3,912023 0,000389
angl 2,040221 0,000405
angri 3,506558 0,000348
ani 0,083382 0,000050
anim 1,021651 0,000203
animatron 3,506558 0,000697
ann 1,514128 0,000150
annal 2,040221 0,000203
annot 1,108663 0,000110
annual 0,776529 0,000309
anoth 0,127833 0,000076
anthrobot 3,912023 0,000389
anthropomorph 2,995732 0,000595
anxieti 3,218876 0,000320
anybot 3,506558 0,001393
anyon 1,386294 0,000138
anyth 2,207275 0,000219
anytim 3,506558 0,000348
anywher 1,560648 0,000155
apek 3,506558 0,000348
aplicacion 3,506558 0,000348
appar 2,207275 0,000219
appear -0,009950 -0,000006
appetit 2,995732 0,000298
appli -0,009950 -0,000009
applic 0,030459 0,000036
appliqu 2,995732 0,000298
approach 0,174353 0,000277
appropri 0,867501 0,000259
approxim 0,891598 0,000089
april 0,072571 0,000072
aqua 3,506558 0,001045
aquapenguin 3,912023 0,000389
aquat 2,995732 0,000298
arab 1,560648 0,000155
archaeolog 2,040221 0,000203
architectur 0,400478 0,000517
archiv 0,040822 0,000462
archyta 3,912023 0,000389
arcontrol 3,912023 0,000389
area 0,478036 0,000665
argument 1,171183 0,000116
arm 1,469676 0,001460
armenia 2,659260 0,000264
armenian 3,506558 0,000697
around 0,356675 0,000071
arrai 0,994252 0,000494
arrang 1,560648 0,000155
arreguin 3,912023 0,000389
arrow 1,966113 0,000195
arru 3,912023 0,000389
art 0,673345 0,000268
articl 0,000000 0,000000
articleabout -0,009950 -0,000001
articlesus 3,506558 0,000348
articletalk -0,009950 -0,000001
articul 2,525729 0,000502
artific 3,912023 0,000389
artifici 0,994252 0,002074
artist 1,771957 0,000176
asanuma 3,912023 0,000389
asea 3,912023 0,000389
ashraf 3,912023 0,000389
asia 1,560648 0,000155
asimo 3,912023 0,002332
ask 0,867501 0,000086
aspect 0,616186 0,000245
assembl 0,867501 0,000689
assist 1,139434 0,000679
associ 0,127833 0,000051
assum 0,891598 0,000089
astrict 3,912023 0,000777
astronomi 2,120264 0,000211
asturianuaz 1,427116 0,000142
ati 3,506558 0,000348
atmospher 2,659260 0,000528
attack 0,867501 0,000086
attain 2,302585 0,000229
attempt 0,478036 0,000142
attitud 2,302585 0,000686
attribut -0,009950 -0,000003
attributedwikipedia 3,506558 0,000348
audio 0,891598 0,000266
august 0,162519 0,000097
austria 2,813411 0,000279
author 0,040822 0,000012
auto 1,514128 0,000150
autom 0,597837 0,001782
automat 0,462035 0,000321
automata 1,897120 0,000754
automatiqu 3,912023 0,000389
automaton 3,218876 0,001599
automot 1,897120 0,000377
autonom 1,469676 0,001752
autonomi 2,302585 0,001144
autopilot 2,995732 0,000595
autor 3,912023 0,000389
avail -0,009950 -0,000005
averag 0,967584 0,000096
avoid 0,579818 0,000288
awai 1,139434 0,000340
ax 2,525729 0,000251
bachelor 2,525729 0,000502
back 0,462035 0,000046
background 1,237874 0,000123
bahasa 0,186330 0,000019
bake 2,659260 0,000264
balanc 1,139434 0,001924
balashek 3,912023 0,000389
ball 2,120264 0,001264
ballbot 3,912023 0,000389
ballip 3,912023 0,000389
balta 3,912023 0,000389
band 2,040221 0,000405
bank 0,941609 0,000094
bar 1,386294 0,000138
barcelona 2,525729 0,000251
barrett 2,813411 0,000279
base 0,010050 0,000022
basic 0,198451 0,000059
bat 3,218876 0,001599
batteri 2,207275 0,001535
baua 3,912023 0,000389
baxter 3,506558 0,000348
bbc 1,514128 0,000150
beam 2,207275 0,000219
becaus 0,127833 0,000076
becom 0,274437 0,000164
beetl 3,506558 0,001045
begin 0,385662 0,000077
behav 1,427116 0,000142
behavior 0,342490 0,000374
behind 0,867501 0,000086
bello 3,912023 0,000389
ben 1,309333 0,000130
bend 2,995732 0,000298
benedikt 3,506558 0,000348
benefactor 3,912023 0,000389
benefit 0,776529 0,000077
benjamin 1,386294 0,000138
berlin 1,386294 0,000138
bertrand 2,659260 0,000264
best 0,462035 0,000230
better 0,494296 0,000540
beyond 0,713350 0,000213
bfr 3,912023 0,010105
bibcod 0,693147 0,001171
bibi 3,506558 0,001742
bicep 3,912023 0,000389
bicker 3,912023 0,000389
biddulph 3,912023 0,000389
bio 2,659260 0,001057
biochem 3,218876 0,000320
bioethic 3,218876 0,000320
bioinformat 1,660731 0,000165
bioinspir 3,506558 0,002787
biolog 1,427116 0,001560
biologi 1,347074 0,000937
biomateri 3,506558 0,000348
biomechan 3,506558 0,000348
biomed 2,302585 0,000229
biomimet 3,218876 0,004157
bionic 2,995732 0,001190
bionickangaroo 3,912023 0,000389
bioprocess 3,506558 0,000348
bioresourc 3,506558 0,000348
biorobot 3,506558 0,000348
biotac 3,912023 0,000389
bipe 3,912023 0,000389
biped 3,912023 0,001166
bird 2,525729 0,002007
black 1,203973 0,000120
blica 3,506558 0,000348
blow 3,218876 0,000320
blown 3,912023 0,000389
bluetooth 2,302585 0,000229
board 0,843970 0,000084
boat 2,659260 0,000264
bodi 0,867501 0,000689
boe 3,218876 0,000320
boekhorst 3,912023 0,000389
bokm 0,127833 0,000013
book 0,210721 0,000063
bore 2,995732 0,000298
bori 2,995732 0,000298
bosanski 1,347074 0,000134
boston 1,560648 0,000620
bot 1,832581 0,000728
botani 2,659260 0,000264
botjunki 3,912023 0,001166
bottl 2,813411 0,000838
boulder 3,912023 0,000389
bound 1,171183 0,000233
bowl 3,506558 0,001393
box 0,843970 0,000168
bozinovski 3,506558 0,000697
brain 2,120264 0,000211
bram 3,506558 0,000348
branch 1,021651 0,000203
break 0,733969 0,000073
brian 1,108663 0,000110
britannica 1,897120 0,000188
broadcast 1,832581 0,000182
brog 3,912023 0,000389
bronx 3,912023 0,000389
brook 1,660731 0,000165
brush 3,912023 0,000389
brushless 3,912023 0,000389
build 0,274437 0,000463
built 0,462035 0,000367
burger 2,995732 0,000595
burn 2,407946 0,000718
bush 2,407946 0,000239
byzantium 3,912023 0,000389
cabl 2,207275 0,000219
cadmium 3,912023 0,000389
cagr 3,218876 0,000320
calanca 3,912023 0,000389
calcul 0,916291 0,000728
calculu 1,560648 0,000155
caldwel 3,218876 0,000640
california 1,021651 0,000101
call 0,030459 0,000009
cambridg 0,755023 0,000150
camera 1,832581 0,000546
camp 2,813411 0,000279
cancel 2,207275 0,000219
cannot 0,314711 0,000031
capabl 0,562119 0,000503
capac 1,237874 0,000123
captur 0,916291 0,000182
capuchin 3,912023 0,001166
car 1,309333 0,000780
carangiform 3,912023 0,001555
carbon 1,609438 0,000640
care 1,237874 0,000123
career 2,120264 0,001264
carl 1,771957 0,000352
carnegi 2,525729 0,001255
carpet 3,218876 0,000320
carri 0,967584 0,000192
case 0,083382 0,000050
cast 1,832581 0,000182
catal 0,094311 0,000009
catch 1,966113 0,000586
categori -0,009950 -0,000004
caterpillar 3,506558 0,000348
caus 0,430783 0,000257
ceil 3,506558 0,000348
cell 1,469676 0,000146
cellular 1,714798 0,000170
center 0,415515 0,000041
centimet 3,912023 0,000389
centr 1,469676 0,000146
centuri 0,843970 0,000252
ceram 2,995732 0,000298
certain 0,274437 0,000109
certif 1,078810 0,000107
cesar 2,995732 0,000298
chain 0,843970 0,000168
challeng 0,400478 0,000278
champaign 3,506558 0,000348
championship 3,506558 0,000348
chang 0,051293 0,000056
changesupload -0,009950 -0,000002
channel 1,049822 0,000104
chapman 2,120264 0,000421
characterist 0,843970 0,000252
charl 0,941609 0,000094
charter 1,897120 0,000188
checkmat 3,912023 0,000389
cheer 3,912023 0,000389
chef 3,506558 0,000348
chemic 1,660731 0,000495
chemistri 1,427116 0,000142
chen 1,309333 0,000130
cheng 2,040221 0,000203
cheol 3,912023 0,000389
chess 2,813411 0,000838
chi 2,207275 0,000219
children 1,832581 0,000182
china 0,967584 0,000192
chines 1,309333 0,000260
christian 1,560648 0,000155
christoph 1,078810 0,000107
chuck 3,218876 0,000320
chung 2,813411 0,000279
cid 0,356675 0,001417
ciencia 3,506558 0,000348
circl 1,966113 0,000195
circuit 0,967584 0,000192
circumv 2,302585 0,000229
citat 0,248461 0,000049
citeseerx 1,347074 0,000535
civil 1,309333 0,000260
civilis 3,912023 0,000389
claim 0,634878 0,000063
clap 3,912023 0,000389
class 0,446287 0,000089
classif 1,021651 0,000406
claypool 3,218876 0,000320
claytron 3,506558 0,000697
clean 1,714798 0,000681
cleaner 2,659260 0,000264
cleanroom 3,218876 0,000320
cleanup 2,302585 0,000229
climat 1,386294 0,000138
climb 2,813411 0,002795
climber 3,912023 0,000389
clinic 1,832581 0,000910
cloak 3,506558 0,000348
clockwork 3,912023 0,000777
close 0,356675 0,000142
cloud 0,733969 0,000146
clutter 2,995732 0,000298
cnbc 2,207275 0,000219
co 2,813411 0,000279
coand 3,912023 0,000389
coastal 2,995732 0,000298
coat 3,218876 0,000640
cobot 3,912023 0,000389
cocktail 3,912023 0,000389
code -0,009950 -0,000002
coffe 2,207275 0,000219
cognit 1,427116 0,000709
coin 0,941609 0,000187
cold 2,407946 0,000239
colgat 3,912023 0,000389
collabor 0,941609 0,000561
collaps 2,207275 0,000219
collect 0,274437 0,000027
colleg 1,514128 0,000150
collin 2,525729 0,000502
collingridg 3,218876 0,000320
collis 1,966113 0,000781
colorado 2,995732 0,000595
com 0,150823 0,000180
combat 1,897120 0,000188
combin 0,261365 0,000260
combust 3,506558 0,000348
come 0,356675 0,000248
comfort 3,218876 0,000320
command 0,891598 0,000709
commentari 2,525729 0,000251
commerci 0,527633 0,000419
commiss 1,309333 0,000130
common -0,009950 -0,000010
commonli 0,342490 0,000034
commonstextbook 2,659260 0,000264
commonswikibookswikinewswikiversitywikidata 3,912023 0,000389
commun 0,139262 0,000194
compact 1,609438 0,000160
compani 0,342490 0,000136
companion 2,207275 0,000219
compar 0,342490 0,000170
comparison 0,371064 0,000037
compat 0,693147 0,000069
compet 1,139434 0,000113
competit 1,203973 0,000359
complemento 3,506558 0,000348
complet 0,223144 0,000177
complex 0,186330 0,000130
complianc 1,514128 0,000150
compliant 1,897120 0,000377
compon 0,261365 0,000208
compos 1,171183 0,000116
compound 1,897120 0,000188
compress 1,108663 0,000330
comput 0,020203 0,000090
computeris 3,218876 0,000320
concept 0,198451 0,000158
concern 0,597837 0,000059
condit 0,579818 0,000288
conduct -0,009950 -0,000005
confer 0,274437 0,000300
confin 2,525729 0,000753
confirm 1,514128 0,000150
conform 1,272966 0,000126
connect 0,430783 0,000171
conserv 1,897120 0,000188
consid 0,274437 0,000055
consider 0,713350 0,000071
consist 0,301105 0,000120
constantli 1,966113 0,000391
construct 0,579818 0,000634
consult 1,386294 0,000138
consumpt 1,139434 0,000113
contact -0,009950 -0,000004
contain 0,162519 0,000048
contamin 3,218876 0,000320
content -0,009950 -0,000006
context 0,446287 0,000044
continu 0,174353 0,000087
continuum 3,218876 0,000320
contract 0,994252 0,000198
contribut -0,009950 -0,000004
control 0,020203 0,000155
convei 2,525729 0,000251
converg 1,832581 0,000182
convers 0,776529 0,000154
convert 1,049822 0,000313
cooki -0,009950 -0,000001
cooper 1,021651 0,000304
coordin 1,309333 0,000390
copi 0,891598 0,000177
core 0,579818 0,000173
cork 3,912023 0,000389
corner 2,407946 0,000239
corpor 0,562119 0,000112
correspond 0,798508 0,000159
corros 3,506558 0,000348
cost 0,385662 0,000038
counterbal 3,912023 0,000389
counterclockwis 3,912023 0,000389
countri 0,867501 0,000172
courtesi 3,912023 0,000389
covert 2,813411 0,000279
cradl 3,506558 0,000348
crane 2,995732 0,000298
crazi 3,912023 0,000389
crc 1,171183 0,000349
creat -0,009950 -0,000012
creation 0,653926 0,000065
creativ -0,009950 -0,000003
crime 1,469676 0,000146
criteria 1,609438 0,000160
critic 0,385662 0,000077
critiqu 2,120264 0,000211
crucibl 3,912023 0,000389
cruis 2,813411 0,000279
ctesibiu 3,912023 0,000389
cultiv 2,995732 0,000298
curl 3,218876 0,000320
current 0,210721 0,000105
custom 0,544727 0,000054
cybereth 3,218876 0,000320
cyberflora 3,912023 0,000389
cybernet 2,040221 0,000608
cyberneticzoo 3,912023 0,000389
cybersecur 1,966113 0,000195
cyborg 3,218876 0,000320
cycl 0,867501 0,000086
dai 0,562119 0,000056
daili 1,427116 0,000284
daler 3,912023 0,000777
danger 1,514128 0,000451
daniel 0,776529 0,000154
danskdeutscheesti 3,218876 0,000320
dario 2,995732 0,000298
darpa 2,407946 0,000718
darwin 2,302585 0,000457
data 0,030459 0,000015
databas 0,072571 0,000014
dataczech 1,171183 0,000116
date 0,210721 0,000042
dautenhahn 3,912023 0,000389
davi 1,347074 0,000401
david 0,385662 0,000038
de 2,040221 0,000203
deb 3,912023 0,000389
deceler 3,912023 0,000777
decemb 0,061875 0,000043
decid 0,867501 0,000172
decim 1,660731 0,000165
decis 0,400478 0,000080
deep 1,078810 0,000107
defect 2,302585 0,000229
defens 1,386294 0,000138
defin 0,116534 0,000046
definicion 3,506558 0,000348
definit 0,186330 0,000111
deform 3,218876 0,002238
degre 0,916291 0,000910
delft 3,506558 0,002090
deliv 1,078810 0,000214
deliveri 1,309333 0,000130
della 3,218876 0,000320
delta 2,302585 0,000229
democraci 2,659260 0,000793
demonstr 0,994252 0,000494
deng 2,659260 0,000264
dens 2,995732 0,000298
densiti 1,660731 0,000165
depart 0,843970 0,000252
depend 0,105361 0,000021
deploi 1,108663 0,000110
depth 1,427116 0,000142
deq 3,912023 0,000389
deriv 0,494296 0,000049
descent 2,407946 0,000239
describ 0,174353 0,000052
descript -0,009950 -0,000004
descriptionshort 0,000000 0,000000
design 0,040822 0,000162
desir 0,941609 0,000094
desk 2,407946 0,000239
desktop 1,347074 0,000134
despit 1,021651 0,000101
destroi 2,040221 0,000203
destruct 1,714798 0,000170
detail 0,510826 0,000051
detect 0,755023 0,000300
determin 0,342490 0,000068
develop -0,009950 -0,000035
development 2,525729 0,000502
devic 0,634878 0,000442
devol 3,912023 0,001555
dexai 3,912023 0,000389
dexter 3,506558 0,001045
dia 2,407946 0,000239
dialog 2,813411 0,000279
diamet 3,218876 0,000320
diamond 2,302585 0,000229
dickmann 3,912023 0,000389
dictionari 0,616186 0,000061
die 2,040221 0,000203
differ 0,010050 0,000015
differenti 0,916291 0,000091
difficult 0,597837 0,000238
digest 2,207275 0,000439
digit 0,400478 0,000358
dilemma 2,525729 0,000251
dinosaur 3,218876 0,000640
diod 3,912023 0,000389
dipan 3,912023 0,000389
diphon 3,912023 0,000389
direct 0,261365 0,000389
directli 0,415515 0,000083
dirk 2,659260 0,000264
dirt 3,912023 0,000389
dirti 2,302585 0,000229
disabl 1,609438 0,000160
disc 2,120264 0,000211
disciplin 1,203973 0,000837
disclaim -0,009950 -0,000001
discont 3,912023 0,000389
discoveri 1,139434 0,000113
discuss 0,494296 0,000049
dish 3,506558 0,000348
dishwash 3,506558 0,000697
displai 0,755023 0,000075
disput 1,309333 0,000130
disputescoatrack 3,912023 0,000389
disrupt 1,609438 0,000160
dissip 3,912023 0,000389
distanc 1,514128 0,000451
distinct 0,544727 0,000054
distribut 0,198451 0,000020
disturb 2,813411 0,000279
diversifi 2,813411 0,000279
divid 1,049822 0,000104
dmy 0,994252 0,000099
doctor 1,832581 0,000182
document 0,328504 0,000033
dof 3,506558 0,000348
doi 0,162519 0,000888
domain 0,544727 0,000054
domest 1,514128 0,000301
domot 3,506558 0,000348
donat -0,009950 -0,000002
done 0,653926 0,000065
dong 2,659260 0,000264
doosan 3,506558 0,000348
dot 1,609438 0,000160
doubl 0,843970 0,000084
dougla 1,237874 0,000123
dowl 3,912023 0,000389
down 0,597837 0,000297
download -0,009950 -0,000001
draft 1,427116 0,000142
drag 2,525729 0,000502
dragani 3,912023 0,000389
dragon 3,218876 0,000320
dragonfli 2,659260 0,001057
draper 2,813411 0,000279
draw 0,994252 0,000099
drawback 1,966113 0,000195
drawn 2,120264 0,000211
drive 0,867501 0,000689
driven 0,867501 0,000259
driverless 3,218876 0,000320
drone 2,659260 0,000793
drunk 3,912023 0,000389
duck 2,659260 0,000528
due 0,261365 0,000078
duffi 3,218876 0,000640
dull 3,506558 0,000348
durat 2,040221 0,000203
dusti 3,912023 0,000389
duti 2,813411 0,000559
dynam 0,342490 0,000885
each 0,072571 0,000058
eap 3,912023 0,001943
ear 3,218876 0,000320
earli 0,301105 0,000120
earlier 1,139434 0,000566
earliest 1,021651 0,000203
earth 1,272966 0,000126
earthquak 2,302585 0,000229
easier 1,049822 0,000104
easili 0,843970 0,000084
eat 3,506558 0,000348
ecolog 1,560648 0,000310
econom 0,653926 0,000260
ed 0,798508 0,000159
edg 0,820981 0,000163
edit -0,009950 -0,000073
editcommun -0,009950 -0,000001
edl 3,912023 0,000389
edu 1,108663 0,000220
educ 0,494296 0,000442
edward 1,139434 0,000113
effect 0,274437 0,000191
effector 3,218876 0,006076
effici 0,287682 0,000343
ehud 3,506558 0,000348
either 0,248461 0,000099
elast 2,407946 0,004067
elastomer 3,912023 0,000389
elbow 3,506558 0,000697
electr 0,891598 0,001860
electroact 3,912023 0,001943
electrochem 2,525729 0,000251
electrod 3,506558 0,000697
electromagnet 2,040221 0,000405
electromechan 2,813411 0,000559
electron 0,430783 0,000385
elektro 3,912023 0,000389
element 0,301105 0,000179
elmer 3,218876 0,000320
elsewher 2,040221 0,000203
elsi 3,912023 0,000389
emait 1,560648 0,000155
embed 0,755023 0,000075
emerg 0,527633 0,000105
emili 2,407946 0,000239
emiss 2,120264 0,000211
emot 2,207275 0,003070
empa 3,912023 0,000777
emploi 0,673345 0,000134
employ 1,832581 0,001092
employe 1,386294 0,000138
empti 1,386294 0,000138
emr 2,995732 0,000298
emul 1,832581 0,000182
enabl 0,274437 0,000218
encod 1,203973 0,000120
encompass 1,660731 0,000330
encount 1,966113 0,000195
encyclop 2,525729 0,000251
encyclopedia -0,009950 -0,000001
end 0,186330 0,000352
endgam 3,912023 0,000389
endur 2,659260 0,000264
energi 0,843970 0,001090
energid 3,506558 0,000348
engelberg 3,506558 0,000697
engin 0,061875 0,000277
english -0,009950 -0,000003
englishsloven 0,510826 0,000051
englishus 1,966113 0,000195
enhanc 0,510826 0,000051
enough 0,843970 0,000168
enq 3,912023 0,000389
ensayo 3,506558 0,000348
ensur 0,713350 0,000142
entertain 2,120264 0,000421
enthusiast 2,659260 0,000264
entir 0,597837 0,000119
entomolog 2,659260 0,000264
entomopt 3,912023 0,001943
entri 1,203973 0,000120
environ 0,385662 0,001034
environment 1,049822 0,000521
epam 3,912023 0,000777
ephemer 2,813411 0,000279
episod 2,659260 0,000264
epsilon 3,218876 0,000320
epson 3,912023 0,000389
equal 0,843970 0,000084
equip 1,078810 0,000214
ergonom 2,995732 0,000595
erico 3,912023 0,000389
ernst 2,995732 0,000298
error 0,430783 0,000043
espa 0,210721 0,000021
especi 0,415515 0,000165
essai 2,207275 0,000877
essenti 0,634878 0,000252
essex 3,218876 0,000959
establish 0,634878 0,000189
estim 0,820981 0,000245
etc 0,562119 0,000112
etendu 3,912023 0,000389
ethic 1,309333 0,000390
eugen 1,966113 0,000195
europa 2,525729 0,000251
european 0,733969 0,000146
evalu 0,562119 0,000112
even 0,235722 0,000211
event 0,356675 0,000071
eventsrandom -0,009950 -0,000001
eventu 0,798508 0,000159
ever 1,272966 0,000126
everett 2,995732 0,000298
everyth 1,309333 0,000130
evolut 0,820981 0,000652
evolutionari 1,832581 0,001092
evolv 1,078810 0,000107
ewan 3,218876 0,000640
exacta 3,506558 0,000348
exactli 1,171183 0,000233
exampl 0,020203 0,000054
excel 1,714798 0,000170
except 0,733969 0,000073
excess 1,386294 0,000138
exchang 0,579818 0,000058
exclus 1,272966 0,000126
excret 3,912023 0,000389
exhibit 2,207275 0,000658
exist 0,186330 0,000093
exoskeleton 3,506558 0,001045
exospher 3,912023 0,000389
expand 0,776529 0,000154
expect 0,494296 0,000098
expens 1,108663 0,000110
experi 0,510826 0,000507
experiment 0,916291 0,000273
expert 1,078810 0,000214
explain 0,798508 0,000159
explor 0,820981 0,000326
exploratori 1,966113 0,000195
explos 2,302585 0,000457
export -0,009950 -0,000001
exposur 1,560648 0,000155
expper 3,912023 0,000389
express 0,544727 0,000704
extend 0,385662 0,000077
extens 0,342490 0,000068
extern 0,030459 0,000015
extract 1,108663 0,000110
extrem 0,941609 0,000187
ey 1,714798 0,000681
eyr 3,912023 0,000389
eyssel 3,912023 0,000389
fabric 2,302585 0,000229
face 1,021651 0,000203
facial 2,120264 0,003370
facil 0,891598 0,000089
facilit 0,916291 0,000091
factor 0,544727 0,000325
factori 1,514128 0,000903
fair 1,427116 0,000142
fall 0,867501 0,000603
fame 2,813411 0,000559
familiar 1,609438 0,000160
famulu 3,912023 0,000777
fang 3,506558 0,000348
fanuc 3,506558 0,000348
far 0,867501 0,000259
farm 1,966113 0,000195
farmwis 3,506558 0,000348
farzeen 3,912023 0,000389
fashion 1,832581 0,000182
fast 0,673345 0,000067
fatih 3,912023 0,000389
fear 1,966113 0,000195
feather 2,995732 0,000298
featur 0,210721 0,000063
februari 0,061875 0,000049
feder 1,021651 0,000203
feedback 1,309333 0,000260
feel 1,832581 0,000546
feet 3,218876 0,000959
feiyang 3,912023 0,000389
femtotechnolog 3,912023 0,000389
festo 3,912023 0,000389
few 0,653926 0,000065
fiction 2,120264 0,001474
field 0,314711 0,000156
figur 1,272966 0,000632
filament 3,912023 0,000389
fileperman -0,009950 -0,000001
filespeci -0,009950 -0,000001
filter 1,108663 0,000110
fin 3,218876 0,000320
final 0,494296 0,000049
find 0,371064 0,000074
fine 1,609438 0,000160
finger 2,813411 0,000838
fingertip 3,506558 0,001045
finit 1,560648 0,000155
fiorini 3,912023 0,000389
fire 1,560648 0,000775
firefight 3,506558 0,000348
first 0,020203 0,000058
fish 2,407946 0,003110
fissur 3,912023 0,000389
fit 1,203973 0,000120
fix 0,385662 0,000077
flame 3,506558 0,000348
flap 3,506558 0,003135
flat 2,207275 0,000439
flatbread 3,912023 0,000777
flexibl 1,139434 0,000453
flight 1,832581 0,001821
flipper 3,912023 0,000389
float 1,347074 0,000134
floor 2,120264 0,001053
floreano 3,506558 0,000348
flow 0,430783 0,000086
fluid 1,660731 0,000330
flutter 2,995732 0,000298
fly 2,120264 0,004213
flywheel 3,912023 0,000389
fm 3,506558 0,000348
foam 3,912023 0,000389
focal 3,218876 0,000320
focu 0,755023 0,000075
focus 0,653926 0,000130
fog 2,813411 0,000559
foldabl 3,506558 0,000348
follow 0,072571 0,000036
food 1,469676 0,000876
foot 3,218876 0,000640
forag 3,506558 0,000348
forc 0,597837 0,001188
forecast 1,078810 0,000214
forens 2,207275 0,000219
forev 2,659260 0,000264
form 0,072571 0,000079
format 0,634878 0,000063
formul 1,714798 0,000170
forum 1,203973 0,000120
forward 0,941609 0,000094
foster 2,207275 0,000219
found 0,274437 0,000082
foundat -0,009950 -0,000001
foundri 2,995732 0,000298
four 0,820981 0,000489
fournier 3,912023 0,000389
fourth 1,560648 0,000155
fowler 2,659260 0,000264
framework 0,287682 0,000057
fran 0,223144 0,000022
franca 1,609438 0,000160
frankfurt 3,218876 0,000320
fraun 3,912023 0,000389
freddi 3,912023 0,000389
free -0,009950 -0,000001
freedom 1,609438 0,000480
freeland 3,912023 0,000389
freeman 2,659260 0,000264
frei 3,506558 0,000348
frequenc 1,078810 0,000214
friction 2,813411 0,001118
friederik 3,912023 0,000389
friend 2,040221 0,000203
friendli 1,386294 0,000138
frighten 3,912023 0,000389
frobt 3,912023 0,000389
front 1,078810 0,000107
frontier 1,469676 0,000146
frozen 3,218876 0,000320
frubber 3,912023 0,000777
fuel 1,771957 0,000176
fukushima 2,813411 0,000279
full 0,371064 0,000258
fulleren 3,912023 0,000389
fulli 0,616186 0,000245
function 0,030459 0,000021
fund 0,941609 0,000094
fundament 0,478036 0,000047
funni 3,506558 0,000348
furn 3,912023 0,000389
further 0,139262 0,000194
furthermor 1,272966 0,000253
fusion 1,514128 0,000301
futur 0,235722 0,000281
futurist 3,218876 0,000320
fuzzi 1,966113 0,000391
ga 2,040221 0,000203
gage 3,506558 0,000348
gain 0,616186 0,000122
gait 3,912023 0,001166
gakuin 3,912023 0,000389
gal 2,813411 0,000279
game 0,478036 0,000047
garbag 1,832581 0,000182
gase 2,659260 0,000264
gate 1,660731 0,000165
gavin 2,302585 0,000229
gazeau 3,912023 0,000389
gear 1,771957 0,000176
gecko 2,407946 0,000957
geek 2,813411 0,000279
gel 3,912023 0,000777
gener -0,009950 -0,000026
genet 1,714798 0,000341
gentl 3,912023 0,000389
geoffrei 2,302585 0,000229
geographi 2,207275 0,000439
geolog 2,813411 0,000279
geologi 2,525729 0,000502
geomat 3,506558 0,000348
georg 0,843970 0,000252
georgia 2,207275 0,000219
geotechn 3,218876 0,000320
gerald 2,407946 0,000239
gerhart 3,506558 0,000348
german 1,386294 0,000413
germani 1,560648 0,000310
gestur 2,813411 0,004192
get 0,430783 0,000086
gianello 3,912023 0,000389
giant 1,660731 0,000165
give 0,446287 0,000133
given 0,261365 0,000078
glass 2,525729 0,000502
glenn 3,218876 0,000320
global 0,446287 0,000044
globaldata 3,506558 0,000697
globe 2,407946 0,000478
glossari 0,867501 0,000345
gmbh 2,995732 0,000298
gnd 2,659260 0,000264
go 1,237874 0,000123
goal 0,562119 0,000056
goe 1,237874 0,000123
goedkop 3,912023 0,000389
gonzalez 2,995732 0,000298
good 0,616186 0,000184
googl 0,579818 0,000115
gov 1,469676 0,000146
govern 0,544727 0,000108
gp 2,302585 0,000457
graduat 1,660731 0,000825
grand 2,120264 0,000211
grant 1,139434 0,000453
graphen 3,912023 0,000389
graphic 0,733969 0,000073
grass 3,218876 0,000320
graviti 3,218876 0,000640
great 0,941609 0,000374
greater 0,755023 0,000225
greatest 1,897120 0,000188
grei 2,659260 0,000264
grift 3,912023 0,000389
grip 3,506558 0,001045
gripper 3,912023 0,003886
ground 1,560648 0,000930
group 0,186330 0,000130
grow 0,653926 0,000260
grown 1,897120 0,000188
growth 0,733969 0,000073
guarante 1,078810 0,000107
guardian 1,560648 0,000310
guid 0,287682 0,000086
guidanc 1,714798 0,000341
guizzo 3,912023 0,000389
gull 3,506558 0,001045
gumstix 3,912023 0,000389
gynoid 3,506558 0,000348
gyroscop 2,525729 0,000251
hae 3,912023 0,000389
haithem 3,912023 0,000389
hal 2,040221 0,000203
half 1,108663 0,000110
hall 0,653926 0,000325
han 1,897120 0,000188
hand 0,494296 0,001277
handbook 0,941609 0,000187
handiwork 3,912023 0,000389
handl 0,415515 0,000124
hanson 2,813411 0,000279
happen 1,021651 0,000101
happi 2,302585 0,000229
haptic 3,218876 0,000320
harder 2,040221 0,000203
hardwar 0,579818 0,000346
harvest 1,897120 0,000188
hawk 2,813411 0,000838
hazard 1,966113 0,000391
hdl 1,049822 0,000417
head 0,867501 0,000172
health 0,994252 0,000593
healthcar 1,347074 0,000134
heat 1,966113 0,000195
heavi 1,609438 0,000640
hebrew 2,120264 0,000211
height 1,771957 0,000176
held 1,237874 0,000123
helicopt 2,813411 0,000279
help 0,174353 0,000052
helplearn -0,009950 -0,000001
herder 3,912023 0,000389
hererel -0,009950 -0,000001
heroi 3,912023 0,000389
heron 3,506558 0,000697
hess 2,995732 0,000298
hexapod 3,506558 0,000697
hibberd 3,912023 0,000389
hidden 0,843970 0,000084
hide -0,009950 -0,000004
high 0,223144 0,000200
higher 0,430783 0,000128
highli 0,867501 0,000345
highlight 1,309333 0,000130
hill 0,867501 0,000172
hirochika 3,912023 0,000389
hiros 3,912023 0,000389
hiroshi 3,218876 0,000320
histor 0,579818 0,000058
histori -0,009950 -0,000016
hit 1,469676 0,000146
hiu 3,912023 0,000389
hizook 3,912023 0,000389
hoang 3,506558 0,000348
hold 0,579818 0,000115
home 0,616186 0,000429
honda 3,218876 0,000959
honeybe 3,506558 0,000348
hoon 3,218876 0,000320
hop 2,659260 0,000793
hopper 3,912023 0,000389
horizon 1,714798 0,000170
hot 1,966113 0,000195
how 0,072571 0,000137
howev 0,094311 0,000075
hri 3,912023 0,000389
hrvatskiidobahasa 1,203973 0,000120
http -0,009950 -0,000001
hua 2,995732 0,000298
huang 1,897120 0,000188
hui 2,659260 0,000264
human 0,527633 0,004036
humanis 3,912023 0,000389
humanoid 3,218876 0,004477
hundr 1,237874 0,000369
hung 2,659260 0,000264
hunt 2,302585 0,000229
hurdl 2,659260 0,000264
hutchinson 3,506558 0,000348
hybrid 1,139434 0,000226
hydraul 2,659260 0,001057
hyphen 2,995732 0,000298
hyundai 2,813411 0,000279
iahc 2,813411 0,000279
ibiblio 3,912023 0,000389
ibm 0,693147 0,000138
icdc 3,506558 0,000348
ichthyolog 2,659260 0,000264
icorr 3,912023 0,000777
icra 3,912023 0,001166
identifi 0,356675 0,000106
ieee 0,634878 0,001135
ieeea 2,302585 0,000229
ifr 3,218876 0,000640
iftomm 3,912023 0,000389
ijo 3,506558 0,000348
illinoi 1,966113 0,000195
illumin 2,995732 0,000298
imag 0,494296 0,000295
imagesco 3,912023 0,000389
imagin 2,525729 0,000753
imit 2,302585 0,000457
immedi 0,967584 0,000096
impact 0,544727 0,000216
imped 2,302585 0,001144
imperfect 2,407946 0,000239
implement 0,105361 0,000094
implic 1,309333 0,000260
import 0,162519 0,000048
importantli 2,302585 0,000229
impos 2,040221 0,000203
improv 0,150823 0,000120
ina 0,356675 0,000035
inaba 3,912023 0,000389
inc -0,009950 -0,000003
incap 3,506558 0,000348
includ 0,000000 0,000000
incom 1,272966 0,000379
increas 0,287682 0,000400
increasingli 0,776529 0,000154
indefinit 1,237874 0,000123
independ 0,527633 0,000105
index -0,009950 -0,000003
indic 0,356675 0,000035
individu 0,314711 0,000063
indonesiainterlingueisizulu 3,912023 0,000389
indoor 3,218876 0,000320
induc 2,040221 0,000203
industri 0,356675 0,001276
inerti 3,506558 0,000697
inertia 2,995732 0,000298
infer 1,139434 0,000113
inform 0,061875 0,000184
informationcit -0,009950 -0,000001
infrar 3,506558 0,000348
initi 0,235722 0,000047
innov 0,820981 0,000082
inou 3,218876 0,000320
input 0,634878 0,000126
insect 2,659260 0,001585
insid 0,579818 0,000173
insight 1,309333 0,000260
inspect 1,514128 0,000150
inspir 1,237874 0,004304
instal 0,994252 0,000198
instanc 0,478036 0,000047
instead 0,301105 0,000090
institut 0,446287 0,000177
instruct 1,108663 0,000220
instrument 1,049822 0,000313
integr 0,174353 0,000069
intellectu 1,897120 0,000377
intellig 0,510826 0,000863
intend 0,478036 0,000095
intens 1,427116 0,000142
intent 1,171183 0,000116
inter 1,966113 0,000195
interact 0,356675 0,001276
interconnect 1,966113 0,000781
interdisciplinari 2,302585 0,000915
interest 0,478036 0,000190
interfac 0,494296 0,000295
intern 0,040822 0,000073
internationalgndnationalunit 1,108663 0,000110
internationalist 3,912023 0,000389
internet 0,462035 0,000046
interpret 0,579818 0,000115
interv 1,386294 0,000138
introduc 0,210721 0,000021
introduct 0,210721 0,000021
intuit 2,207275 0,000439
invent 1,021651 0,000101
inventor 2,120264 0,000211
inventori 1,832581 0,000182
invers 1,897120 0,000377
invert 2,302585 0,000229
invest 0,967584 0,000096
investig 1,078810 0,000429
involv 0,415515 0,000041
iot 1,714798 0,000341
iothub 3,912023 0,000389
irad 3,912023 0,000389
iral 3,912023 0,000777
irb 2,995732 0,000595
irex 3,912023 0,000389
iro 3,218876 0,000640
irobot 3,506558 0,000348
irrelev 2,659260 0,000264
isbn 0,051293 0,000122
ishikawa 3,506558 0,000348
islam 2,207275 0,000219
iso 1,309333 0,000130
isplash 3,912023 0,002332
israel 1,897120 0,000188
issn 0,478036 0,000760
item -0,009950 -0,000001
itrob 3,912023 0,000777
itself 0,342490 0,000136
jacqu 2,659260 0,000264
jaejun 3,912023 0,000389
jaim 3,218876 0,000320
januari 0,083382 0,000083
japanes 1,771957 0,000528
jason 1,771957 0,000176
jaulin 3,912023 0,000389
jaw 3,506558 0,001045
jawa 1,560648 0,000155
jazari 3,912023 0,000777
jean 1,514128 0,000150
jelli 2,995732 0,000595
jellyfish 3,912023 0,000389
jep 2,813411 0,000279
jerri 2,302585 0,000229
jim 1,514128 0,000301
jing 2,995732 0,000298
job 1,171183 0,001629
johansson 3,912023 0,000389
john 0,198451 0,000020
joi 2,525729 0,000251
join 1,386294 0,000138
joint 1,171183 0,000698
joost 3,912023 0,000389
joseph 0,820981 0,000326
journal 0,186330 0,000167
journei 2,120264 0,000211
jpl 3,506558 0,000697
jrm 3,912023 0,000389
jstor 0,843970 0,000084
juan 2,207275 0,000219
judg 1,897120 0,000188
judgment 2,040221 0,000405
juggl 3,506558 0,000348
juli 0,127833 0,000089
jump -0,009950 -0,000005
jun 2,407946 0,000239
june 0,094311 0,000084
just 0,328504 0,000065
juwarahawong 3,912023 0,000389
kagami 3,506558 0,000348
kagan 3,912023 0,000389
kangaroo 3,912023 0,000389
karel 3,506558 0,000348
keep 0,733969 0,000073
kevin 1,386294 0,000413
keyboard 2,302585 0,000457
kid 2,995732 0,000595
kilian 3,912023 0,000389
kinemat 3,912023 0,004664
king 1,771957 0,000704
kirsner 3,912023 0,000389
kismet 3,506558 0,001045
kit 1,714798 0,000170
kitamura 3,506558 0,000348
kitchen 3,218876 0,000959
knight 1,966113 0,000195
know 0,653926 0,000065
knowledg 0,597837 0,000178
known 0,127833 0,000076
koai 3,912023 0,000389
kohei 3,506558 0,000348
kohonen 3,912023 0,000389
kolodni 3,912023 0,000389
kroutil 3,912023 0,000389
krupp 3,912023 0,000389
kuan 2,995732 0,000298
kuka 3,506558 0,001393
la 3,218876 0,000320
lab 1,171183 0,000814
labor 1,832581 0,000182
laboratori 1,309333 0,000780
lajpah 3,912023 0,000389
lakshmi 3,912023 0,000389
land 1,309333 0,000520
lander 3,506558 0,000348
lane 2,207275 0,000219
languag -0,009950 -0,000011
larg 0,127833 0,000089
larger 0,941609 0,000094
laribi 3,912023 0,000389
laser 2,302585 0,000229
last -0,009950 -0,000001
latinalatvi 1,203973 0,000120
latter 0,916291 0,000091
lau 3,218876 0,000320
lavatori 3,912023 0,000389
law 0,653926 0,000130
lawarxiv 3,912023 0,000777
lawn 3,506558 0,000348
layer 0,713350 0,000142
leachim 3,912023 0,001166
lead 0,287682 0,000029
leadscrew 3,912023 0,000389
learn 0,162519 0,000129
least 0,527633 0,000052
leav 1,078810 0,000107
led 0,446287 0,000044
lee 0,994252 0,000099
lefeb 3,912023 0,000389
left 0,916291 0,000182
leg 3,218876 0,005436
legal -0,009950 -0,000002
length 1,237874 0,000246
leon 2,525729 0,000251
leonardo 2,525729 0,002007
less 0,430783 0,000128
let 0,916291 0,000091
letter 0,843970 0,000168
level 0,083382 0,000116
leverag 1,237874 0,000246
librari 0,356675 0,000106
licens -0,009950 -0,000002
lidar 2,813411 0,001118
lie 2,120264 0,000211
liefhebb 3,912023 0,000389
life 0,653926 0,000130
lifelik 3,912023 0,000389
lifetim 2,120264 0,000211
lift 2,407946 0,001196
light 1,049822 0,000730
lighter 3,506558 0,001045
like 0,051293 0,000087
likewis 2,407946 0,000239
limb 3,912023 0,001943
limit 0,186330 0,000037
lin 1,660731 0,000165
lind 3,506558 0,000348
line 0,261365 0,000052
linear 0,916291 0,000819
ling 2,813411 0,000279
lingua 2,040221 0,000203
link -0,009950 -0,000006
linkpag -0,009950 -0,000001
linksarticl 1,021651 0,000101
linux 0,916291 0,000091
lip 2,995732 0,000298
liquid 1,771957 0,000176
list 0,051293 0,000025
littl 0,820981 0,000163
liu 1,427116 0,000142
live 0,733969 0,000146
lizard 3,912023 0,000389
llc 1,714798 0,000170
ller 2,302585 0,000229
lnouormandoccitano 3,912023 0,000389
load 0,891598 0,000443
local 0,314711 0,000125
locomot 2,995732 0,002976
loeb 3,218876 0,000320
log -0,009950 -0,000002
logist 1,609438 0,000320
long 0,287682 0,000114
longer 0,755023 0,000075
loo 3,506558 0,000348
look 0,478036 0,000190
loosen 3,506558 0,000348
lora 3,506558 0,000348
lose 1,560648 0,000155
low 0,478036 0,000047
lower 0,673345 0,000201
lra 3,912023 0,000777
ltd 1,203973 0,000120
luc 2,813411 0,000279
ludgat 3,506558 0,000348
ludov 3,506558 0,000348
luka 3,218876 0,000320
lux 0,371064 0,000037
machin 0,040822 0,000089
machineri 1,203973 0,000239
madden 3,912023 0,000389
made 0,186330 0,000167
magazin 0,755023 0,000075
magnitud 1,897120 0,000188
mahc 2,995732 0,000298
main -0,009950 -0,000029
maintain 0,400478 0,000159
mainten 0,843970 0,000084
major 0,223144 0,000044
make 0,061875 0,000092
malfunct 3,912023 0,000389
mammal 3,912023 0,002720
man 0,843970 0,000335
manag 0,105361 0,000063
manduca 3,912023 0,000389
maneuv 3,218876 0,000640
maneuver 3,912023 0,000389
mani 0,061875 0,000104
manifest 2,525729 0,000251
manipul 0,673345 0,000870
manta 3,506558 0,000348
manti 3,912023 0,000389
manu 3,912023 0,000777
manual 0,994252 0,000099
manufactur 1,171183 0,001862
map 0,616186 0,000551
mar 2,120264 0,001264
marc 1,771957 0,000176
march 0,116534 0,000035
marin 2,302585 0,000229
mark 0,261365 0,000026
market 0,446287 0,000044
marlena 3,912023 0,000389
martijn 3,912023 0,000389
masayuki 3,912023 0,000389
mason 2,659260 0,000793
mass 1,309333 0,000130
massachusett 1,514128 0,000150
master 0,941609 0,000281
matcom 3,506558 0,000348
materi 0,616186 0,000796
mathemat 0,616186 0,000245
mathijssen 3,912023 0,000389
matt 1,609438 0,000160
matter 1,049822 0,000209
matthew 1,560648 0,000155
maxim 1,469676 0,000292
maximum 1,386294 0,000138
mayb 2,813411 0,000279
mbula 3,912023 0,000389
mccaulei 3,506558 0,000348
mcgaughei 3,218876 0,000640
mcgraw 1,108663 0,000110
mckibben 3,912023 0,000389
mean 0,083382 0,000008
meaning 1,966113 0,000195
meanwhil 2,207275 0,000219
measur 0,371064 0,000405
mechan 0,356675 0,001417
mechatron 3,218876 0,002558
med 2,659260 0,000264
media 0,139262 0,000028
medic 1,108663 0,000330
medicin 1,427116 0,000142
medium 1,171183 0,000233
meet 0,527633 0,000157
mein 3,912023 0,000389
melayunederland 2,040221 0,000203
mellon 2,407946 0,001196
member 0,562119 0,000112
memori 0,562119 0,000168
mental 2,525729 0,000251
mention 1,237874 0,000123
menu -0,009950 -0,000002
mep 3,218876 0,000320
merger 1,966113 0,000195
metal 1,469676 0,001168
metallurgi 2,995732 0,000298
metamateri 3,912023 0,000777
meteorolog 2,120264 0,000211
method 0,150823 0,000150
methodolog 0,994252 0,000099
miao 3,912023 0,000389
michael 0,385662 0,000153
michelson 3,506558 0,000348
micro 1,560648 0,000310
microbot 3,506558 0,000348
microcomput 2,813411 0,000279
microfabr 3,912023 0,000389
micromag 3,912023 0,000389
microphon 2,525729 0,000251
microtransat 3,912023 0,000389
microwav 2,813411 0,000279
mid 0,994252 0,000099
middl 1,203973 0,000359
mihail 3,912023 0,000389
mihoko 3,912023 0,000389
militari 1,469676 0,000730
miller 1,469676 0,000292
millimetr 3,912023 0,000389
mimic 2,525729 0,001756
mimick 3,912023 0,000389
mine 0,916291 0,000273
miniatur 3,506558 0,000348
minim 0,579818 0,000115
minist 2,407946 0,000239
mintchev 3,912023 0,000389
minut 1,469676 0,000146
miquel 3,912023 0,000389
missil 2,813411 0,000279
mission 1,714798 0,000341
mit 0,776529 0,000694
mitpress 3,912023 0,000389
mix 0,891598 0,000089
mobil -0,009950 -0,000011
mobilerobot 3,912023 0,000389
mobot 3,912023 0,000389
modal 2,407946 0,000478
mode 0,755023 0,000300
model 0,116534 0,000104
modern 0,314711 0,000125
modifi 0,527633 0,000052
modular 1,427116 0,000284
molecular 2,120264 0,001053
moment 1,560648 0,000620
momentum 2,040221 0,000203
monitor 1,021651 0,000203
monkei 2,995732 0,000298
monkman 3,912023 0,000389
monoton 2,302585 0,000229
mont 2,302585 0,000229
moor 1,714798 0,000170
moravec 3,506558 0,001742
more 0,010050 0,000021
moreov 1,560648 0,000155
morgan 1,309333 0,000130
morph 2,995732 0,000893
most 0,040822 0,000065
mostli 0,994252 0,000395
moth 3,912023 0,000389
motion 1,771957 0,002817
motor 2,040221 0,005878
mount 2,207275 0,000439
mous 2,207275 0,000219
mouth 3,218876 0,000320
move -0,009950 -0,000020
movement 1,108663 0,001322
mower 3,506558 0,000348
mtoussaint 3,912023 0,000389
much 0,400478 0,000358
mujahid 3,912023 0,000389
multi 0,342490 0,000204
multipl 0,094311 0,000047
multitask 2,120264 0,000211
municip 2,407946 0,000239
murador 3,912023 0,000389
muscl 3,912023 0,007384
museum 1,660731 0,000330
music 1,309333 0,000390
mutual 1,386294 0,000138
mycolog 2,659260 0,000264
myth 2,040221 0,000203
mythbust 3,912023 0,000777
nagoya 3,912023 0,000389
name 0,162519 0,000081
nanomateri 3,912023 0,000389
nanomet 3,912023 0,000389
nanorobot 3,506558 0,001045
nanotechnolog 2,407946 0,000957
nanotub 3,218876 0,002238
nasa 1,897120 0,001131
nation 0,527633 0,000157
natur 0,356675 0,000248
naval 3,218876 0,000320
navid 3,506558 0,000348
navig -0,009950 -0,000017
nayeri 3,912023 0,000389
nbot 3,912023 0,000389
near 1,171183 0,000233
nearli 1,139434 0,000113
necessari 0,616186 0,000245
necessarili 1,049822 0,000104
necrobot 3,506558 0,000348
need 0,030459 0,000067
needham 3,506558 0,000348
neg 0,967584 0,000288
neil 1,771957 0,000176
neral 3,912023 0,000389
net 0,385662 0,000038
netoti 1,771957 0,000176
network 0,127833 0,000051
neural 1,609438 0,000160
neuroeth 3,218876 0,000320
neutral 1,771957 0,000352
nevertheless 1,660731 0,000330
new 0,010050 0,000020
newspap 1,347074 0,000134
nexi 3,912023 0,000389
nichola 1,560648 0,000155
niko 2,995732 0,000595
nikola 2,659260 0,000528
ning 2,407946 0,000239
ninja 2,813411 0,000279
nishibori 3,912023 0,000389
nitinol 3,912023 0,000389
nois 1,427116 0,000284
noisi 2,995732 0,000298
non -0,009950 -0,000004
none 1,609438 0,000320
nonlinear 1,966113 0,000195
nonverb 3,506558 0,000697
norbert 2,995732 0,000298
norberto 3,506558 0,000348
normal 0,673345 0,000067
norsk 0,342490 0,000034
not 0,000000 0,000000
notabl 0,616186 0,000061
note 0,150823 0,000030
notion 1,171183 0,000116
nov 1,966113 0,000195
nova 2,813411 0,000838
novel 1,771957 0,000176
novemb 0,150823 0,000165
now 0,274437 0,000055
nowadai 2,302585 0,000229
npr 2,995732 0,000298
nuclear 2,120264 0,000843
number 0,040822 0,000032
numer 0,430783 0,000086
nut 2,525729 0,000251
object 0,174353 0,000277
obra 3,506558 0,000348
observ 0,820981 0,000245
obstacl 2,407946 0,001435
obviou 2,120264 0,000211
occasion 1,714798 0,000170
occup 2,207275 0,000877
occur 0,510826 0,000051
ocean 2,407946 0,000478
octob 0,139262 0,000111
odometri 3,506558 0,000348
off 0,673345 0,000201
offic 0,733969 0,000146
offshor 2,040221 0,000203
often 0,127833 0,000140
oftentim 3,912023 0,000389
ogden 3,912023 0,000389
oil 2,040221 0,000203
oldid -0,009950 -0,000001
olesperantoestrem 2,525729 0,000251
ollero 3,912023 0,000389
onboard 3,218876 0,000320
onc 0,527633 0,000157
onli 0,051293 0,000056
onlin 0,415515 0,000083
onto 1,660731 0,000165
ontolog 1,660731 0,000165
ontwikkelt 3,912023 0,000389
open 0,150823 0,000225
oper 0,010050 0,000026
oppon 2,659260 0,000264
opportun 1,139434 0,000113
oppos 1,237874 0,000369
opposit 1,714798 0,000341
optic 1,386294 0,000275
optim 0,415515 0,000124
optimis 2,407946 0,000239
optimu 3,506558 0,000348
orb 3,912023 0,001166
orbit 2,207275 0,000219
orbswarm 3,912023 0,000777
order 0,094311 0,000047
ordin 2,207275 0,000219
org -0,009950 -0,000003
organ -0,009950 -0,000006
orient 0,653926 0,000130
origami 3,912023 0,000777
origin -0,009950 -0,000110
oriqu 3,912023 0,000389
ornitholog 2,659260 0,000264
osborn 2,995732 0,000298
osf 2,813411 0,000559
osh 3,912023 0,000777
osha 3,912023 0,001166
otak 3,912023 0,000389
other -0,009950 -0,000029
otherwis 1,108663 0,000110
out 0,261365 0,000208
outdoor 2,813411 0,000559
outer 2,302585 0,000229
outjump 3,912023 0,000389
outlin 0,562119 0,000279
outlook 2,207275 0,000219
outperform 2,120264 0,000421
outrun 3,912023 0,000389
outsid 0,776529 0,000154
over 0,094311 0,000094
overcom 1,714798 0,000170
overlap 1,309333 0,000130
overview 0,616186 0,000061
pace 2,525729 0,000251
pachal 3,912023 0,000389
packag 0,776529 0,000154
pad 2,525729 0,000251
paddl 3,912023 0,000389
page -0,009950 -0,000007
pagecontentscurr -0,009950 -0,000001
pageget -0,009950 -0,000001
pageswikipedia 2,659260 0,000264
pallet 3,506558 0,000697
panel 2,120264 0,000632
paolo 2,207275 0,000219
paper 0,527633 0,000262
parabol 3,506558 0,000348
paradigm 0,941609 0,000281
parallel 0,941609 0,000281
paramet 0,755023 0,000075
pari 1,660731 0,000165
park 1,771957 0,000880
parkhurst 3,912023 0,000389
part 0,072571 0,000065
partha 3,912023 0,000389
particular 0,301105 0,000120
particularli 0,597837 0,000297
passeng 1,966113 0,000195
passiv 2,207275 0,002412
past 0,994252 0,000099
pastri 3,912023 0,000389
patent 1,203973 0,000359
path 0,798508 0,000159
patient 1,832581 0,000364
patoglu 3,912023 0,000389
patricia 2,659260 0,000264
patrick 1,714798 0,000170
pattern 0,494296 0,000246
pauletto 3,912023 0,000777
payload 2,525729 0,000251
pbt 3,912023 0,000389
pdf 0,139262 0,000318
pdfprintabl -0,009950 -0,000001
peacock 3,506558 0,000348
peer 1,771957 0,000352
pendulum 3,912023 0,000389
penguin 2,040221 0,000608
peopl 0,356675 0,000390
per 0,616186 0,000245
perceiv 1,771957 0,000176
percent 1,514128 0,000150
percentag 1,427116 0,000142
percept 1,832581 0,000364
perceptu 2,813411 0,000279
perez 2,813411 0,000279
perfect 1,832581 0,000182
perform 0,040822 0,000089
perhap 1,660731 0,000660
period 0,713350 0,000071
person -0,009950 -0,000013
personnel 1,966113 0,000195
perspect 0,733969 0,000146
peter 0,446287 0,000089
petrol 3,912023 0,000389
petroleum 2,659260 0,000264
phan 3,218876 0,000640
pharmaceut 2,207275 0,000219
phase 1,347074 0,000268
phd 2,040221 0,000203
philo 3,218876 0,000320
phonem 3,912023 0,000389
php -0,009950 -0,000001
phrase 1,469676 0,000292
physic 0,446287 0,000399
physicist 2,525729 0,000251
physiolog 2,995732 0,000298
piano 3,912023 0,000389
pic 3,218876 0,000320
pick 1,609438 0,000480
picotechnolog 3,912023 0,000389
piec 1,309333 0,000260
pierr 1,966113 0,000195
piezo 3,912023 0,002332
piezoceram 3,912023 0,000389
piezoelectr 3,912023 0,000389
pigeon 3,506558 0,000348
pilot 2,120264 0,000211
pimp 3,912023 0,000389
ping 2,407946 0,000478
pinion 3,912023 0,000389
pinto 2,995732 0,000298
pire 3,912023 0,000389
piscin 3,912023 0,000777
pitch 2,407946 0,000239
pizza 3,218876 0,000320
place 0,356675 0,000213
plai 0,713350 0,000496
plan 0,430783 0,000128
planar 3,218876 0,000320
plane 1,660731 0,000495
planet 2,040221 0,000203
planner 2,525729 0,000251
plant 1,771957 0,000176
plastic 2,525729 0,000251
platform 0,400478 0,000080
playtim 3,912023 0,000389
pleas 0,755023 0,000075
plen 3,912023 0,000777
pleo 3,912023 0,000777
pmc 1,272966 0,000126
pmid 0,994252 0,001087
pneumat 3,912023 0,001555
pneumatica 3,912023 0,000389
pogo 2,525729 0,000251
point 0,186330 0,000130
pole 3,912023 0,000389
polic 2,120264 0,000421
polici -0,009950 -0,000003
pollock 3,218876 0,000320
polskiportugu 0,916291 0,000091
polym 2,525729 0,002007
pong 3,218876 0,000640
pooter 3,912023 0,000389
poppleston 3,912023 0,000777
popul 1,309333 0,000390
popular 0,400478 0,000159
portabl 1,203973 0,000120
portal 0,494296 0,000049
portalrec -0,009950 -0,000001
posit 0,616186 0,000551
possibl 0,186330 0,000056
post 0,478036 0,000047
posterior 2,659260 0,000264
postur 3,506558 0,000348
potenti 0,371064 0,000258
power 0,261365 0,000701
practic 0,186330 0,000056
prateek 3,912023 0,000389
pratim 3,912023 0,000389
pratt 3,218876 0,000640
prayer 3,912023 0,000777
pre 0,941609 0,000374
precis 0,967584 0,000192
predict 0,733969 0,000365
predomin 2,995732 0,000298
preexist 3,912023 0,000389
prefer 0,798508 0,000079
prehens 3,912023 0,000389
prentic 0,994252 0,000099
prescrib 2,525729 0,000251
presenc 1,108663 0,000110
present 0,287682 0,000114
press 0,210721 0,000126
pressur 1,714798 0,000511
prevent 0,634878 0,000063
previou 0,843970 0,000084
primarili 0,653926 0,000065
prime 1,714798 0,000341
princeton 1,660731 0,000165
princip 1,237874 0,000123
principl 0,385662 0,000153
print -0,009950 -0,000003
prism 2,995732 0,000298
privaci -0,009950 -0,000003
proactionari 3,218876 0,000320
probabl 0,843970 0,000084
probe 2,207275 0,000439
problem 0,186330 0,000037
proceed 0,579818 0,000403
process 0,051293 0,000061
produc 0,342490 0,000170
product 0,174353 0,000104
prof 3,218876 0,000320
profess 2,207275 0,000219
professor 1,660731 0,000330
profit -0,009950 -0,000002
program 0,116534 0,000185
programm 0,693147 0,000413
progress 1,171183 0,000349
project -0,009950 -0,000008
promis 1,078810 0,000322
promot 0,891598 0,000089
propag 2,207275 0,000439
propel 2,813411 0,001397
proper 1,171183 0,000116
properti 0,314711 0,000031
proportion 2,995732 0,000298
propos 0,510826 0,000101
propuls 2,995732 0,001488
proquest 2,207275 0,000219
prostatectomi 3,912023 0,000389
prosthesi 3,912023 0,000389
prosthet 3,912023 0,000777
protect 0,462035 0,000092
prototyp 1,386294 0,001102
protrus 3,912023 0,000389
prove 1,171183 0,000116
provid 0,061875 0,000055
proxem 3,912023 0,001166
proxim 2,659260 0,000264
psychiatri 2,525729 0,000251
psychosoci 3,218876 0,000320
public 0,127833 0,000051
publish 0,105361 0,000042
puma 3,506558 0,000697
punctur 3,912023 0,000389
pure 1,203973 0,000239
purpos 0,248461 0,000123
push 1,203973 0,000120
quadrup 3,912023 0,001166
qualiti 0,634878 0,000063
quantum 1,171183 0,000931
question 0,597837 0,000059
quevedo 3,218876 0,003198
quicker 2,525729 0,000251
quickli 0,891598 0,000089
quina 3,506558 0,000348
quot 1,049822 0,000209
race 1,427116 0,000284
rachel 2,525729 0,000251
rack 2,302585 0,000229
radar 1,897120 0,000754
radiat 2,302585 0,000229
radio 1,469676 0,000876
radioact 2,995732 0,000298
rai 1,832581 0,000728
raibert 3,912023 0,000389
railwai 2,407946 0,000478
rainbow 2,995732 0,000298
rais 1,237874 0,000123
raj 3,218876 0,000320
ralph 2,407946 0,000239
ramezani 3,506558 0,000348
randel 3,218876 0,000640
randi 2,659260 0,000264
randolph 3,218876 0,000320
rang 0,371064 0,000332
rapha 3,912023 0,000389
rapid 1,203973 0,000239
rapidli 1,514128 0,000301
rapt 3,506558 0,000697
raptor 3,506558 0,000697
rastogi 3,912023 0,000389
rate 0,673345 0,000067
rather 0,287682 0,000114
raw 1,272966 0,000126
raymond 1,966113 0,000195
rbaycanca 0,248461 0,000025
rcim 3,912023 0,000389
rdh 3,912023 0,000389
reach 0,755023 0,000075
reaction 1,966113 0,000781
reactiv 2,659260 0,000264
read 0,162519 0,000048
readeditview 0,287682 0,000057
reader 1,560648 0,000155
readi 1,309333 0,000130
real 0,210721 0,000251
realiti 1,237874 0,000246
realiz 1,309333 0,000130
reason 0,328504 0,000065
receiv 0,400478 0,000199
recent 0,562119 0,000391
receptionist 3,912023 0,000389
receptor 3,912023 0,000777
recogn 1,021651 0,000406
recognit 1,078810 0,001072
reconfigur 2,995732 0,000595
record 0,400478 0,000040
recoveri 1,714798 0,000341
redefin 2,813411 0,000279
reduc 0,274437 0,000191
redund 1,714798 0,000170
refer -0,009950 -0,000018
referencesarticl 1,660731 0,000165
reflect 0,562119 0,000168
region 1,108663 0,000110
regist -0,009950 -0,000001
rehabilit 2,995732 0,000595
reinforc 1,660731 0,000165
rel 0,634878 0,000126
relat 0,030459 0,000021
relationship 0,653926 0,000065
releas 0,415515 0,000041
relev 0,798508 0,000238
reli 0,562119 0,000112
reliabl 0,371064 0,000037
reliant 2,659260 0,000264
reloc 2,207275 0,000219
remain 0,400478 0,000040
remark 2,525729 0,000251
remot 0,776529 0,000386
remov 0,301105 0,000090
renato 3,506558 0,000348
render 0,994252 0,000099
repeat 1,469676 0,000292
repetit 2,120264 0,000632
replac 0,494296 0,000344
report 0,261365 0,000130
repres 0,235722 0,000023
reproduc 2,040221 0,000203
reproduct 2,120264 0,000211
republicspainisraelothernarayal 3,506558 0,000348
requir 0,051293 0,000061
research 0,223144 0,000732
resembl 1,771957 0,000176
resist 1,514128 0,000301
resolut 1,560648 0,000155
respect 0,544727 0,000054
respons 0,415515 0,000124
result 0,139262 0,000042
retail 1,386294 0,000138
retrain 3,506558 0,000348
retriev -0,009950 -0,000104
revers 1,139434 0,000113
reverso 3,912023 0,000389
review 0,314711 0,000250
revis 1,021651 0,000101
revista 3,218876 0,000959
revolut 1,272966 0,000126
revu 3,218876 0,000320
reynold 2,659260 0,000264
rica 3,506558 0,000348
ricarda 3,912023 0,000389
riccardo 2,995732 0,000298
rich 1,309333 0,000130
richard 0,733969 0,000073
rick 2,407946 0,000239
right 0,314711 0,000094
rigid 2,120264 0,000843
rise 0,916291 0,000364
risk 0,579818 0,000230
riski 2,302585 0,000229
river 1,309333 0,000130
rme 3,912023 0,000389
rmp 3,912023 0,000389
road 1,272966 0,000253
roadmap 2,302585 0,000229
rob 1,832581 0,000182
robe 3,912023 0,000389
robert 0,527633 0,000052
robin 1,714798 0,000852
roboeth 3,912023 0,000389
robohub 3,912023 0,000389
robonaut 3,912023 0,001555
robot 1,347074 0,078153
robothand 3,912023 0,000389
roboticist 3,912023 0,001943
roboticshidden 3,912023 0,000389
robust 1,049822 0,000521
rocki 3,218876 0,000640
rodnei 2,995732 0,000298
roland 2,813411 0,000279
role 0,527633 0,000105
roll 1,560648 0,000620
roller 3,506558 0,000348
rom 0,616186 0,000061
roman 1,660731 0,000330
romero 3,506558 0,000348
rook 3,506558 0,000348
roomba 3,912023 0,000389
rooz 3,912023 0,000389
rose 2,120264 0,000211
rosheim 3,912023 0,000389
rossum 2,995732 0,000298
rotari 3,506558 0,000348
rotat 2,040221 0,001013
rotundu 3,912023 0,000777
rough 2,659260 0,000528
round 1,469676 0,000146
rover 3,218876 0,001599
rsj 3,506558 0,000348
rubber 2,407946 0,000239
rudder 3,912023 0,000389
rudimentari 2,659260 0,000264
ruin 2,407946 0,000239
ruina 3,912023 0,000777
ruixiang 3,912023 0,000389
run 0,248461 0,000222
runa 0,916291 0,000091
russ 3,506558 0,000348
russel 1,897120 0,000188
ryan 1,560648 0,000155
saad 2,995732 0,000298
sabanov 3,912023 0,000389
sabbatini 3,912023 0,000777
sad 3,506558 0,000348
safe 0,916291 0,000182
safeti -0,009950 -0,000016
sai 0,616186 0,000061
said 0,755023 0,000075
sail 2,525729 0,001004
sailboat 3,912023 0,002332
salad 3,912023 0,000777
sale 1,049822 0,000104
sam 1,347074 0,000134
same 0,116534 0,000081
sampl 1,171183 0,000116
sanchez 3,218876 0,000320
sandhana 3,912023 0,000389
sandra 2,525729 0,000502
sanitari 2,995732 0,000298
santo 2,302585 0,000229
satisfactori 3,218876 0,000320
satisfi 1,347074 0,000134
savastano 3,912023 0,000777
save 0,994252 0,000198
scale 0,371064 0,000111
scan 1,660731 0,000165
schaeffer 3,912023 0,000389
scheinman 3,912023 0,000389
scheme 1,171183 0,000116
schmidt 2,207275 0,000219
school 0,867501 0,000172
schunk 3,912023 0,000777
sci 2,120264 0,000843
scienc 0,274437 0,000709
scientif 0,673345 0,000268
scientist 1,171183 0,000465
scorbot 3,912023 0,000389
scott 0,891598 0,000177
scout 2,813411 0,000279
screw 3,506558 0,000348
se 2,813411 0,000279
sea 2,525729 0,001004
search -0,009950 -0,000007
sebastian 2,407946 0,000239
second 0,328504 0,000163
sector 1,171183 0,000116
secur 0,274437 0,000082
see -0,009950 -0,000006
seek 1,021651 0,000203
seen 0,776529 0,000077
segment 1,108663 0,000110
segwai 3,912023 0,001555
select 0,371064 0,000074
self 0,478036 0,000285
selma 3,912023 0,000389
semiconductor 2,302585 0,000229
seminar 3,218876 0,000320
sender 2,302585 0,000229
senior 1,714798 0,000170
sens 1,049822 0,001252
sensor 1,347074 0,003613
sensori 2,995732 0,000893
sentiment 2,407946 0,000239
separ 0,400478 0,000040
septemb 0,150823 0,000135
sequenc 0,820981 0,000163
seri 0,328504 0,000359
serv 0,713350 0,000142
servic 0,210721 0,000105
servo 3,218876 0,000640
sestakov 3,912023 0,000389
set 0,051293 0,000015
seth 1,832581 0,000182
sever 0,072571 0,000087
sexta 3,912023 0,000389
sfakiotaki 3,912023 0,000389
shadow 2,525729 0,000753
shaft 3,506558 0,000348
shahid 3,506558 0,000348
shan 3,912023 0,000389
shape 1,078810 0,000857
share 0,301105 0,000090
sharealik -0,009950 -0,000001
sharlin 3,912023 0,000389
shelf 2,659260 0,000528
shell 1,049822 0,000104
shelv 2,813411 0,000279
shi 2,813411 0,000838
shin 2,659260 0,000264
shipwreck 3,506558 0,000348
shock 2,813411 0,000559
shoemak 2,995732 0,000298
short -0,009950 -0,000003
shorten -0,009950 -0,000001
show 0,400478 0,000080
shown 1,237874 0,000246
shqip 1,966113 0,000195
shuffl 2,995732 0,000298
side 0,579818 0,000058
sidebar -0,009950 -0,000004
sight 2,407946 0,000239
signal 0,755023 0,000675
signific 0,261365 0,000052
significantli 1,171183 0,000116
silicen 3,912023 0,000389
silicon 2,120264 0,000211
silver 1,771957 0,000176
simi 0,755023 0,000075
similar 0,150823 0,000045
similarli 0,843970 0,000084
simpl 0,150823 0,000075
simplest 2,040221 0,000203
simpli 0,733969 0,000073
simplic 1,897120 0,000188
simplifi 0,820981 0,000082
simul 1,021651 0,000710
simultan 0,891598 0,000089
sinc 0,139262 0,000042
singl 0,127833 0,000013
singular 2,207275 0,000439
sister 1,386294 0,000275
site -0,009950 -0,000001
situat 0,776529 0,000077
six 1,309333 0,000650
size 0,342490 0,000068
skate 3,912023 0,002720
skateboard 3,912023 0,000389
skill 1,427116 0,000709
skin 2,302585 0,000457
skull 3,912023 0,000389
slenskaitaliano 0,562119 0,000056
slightli 1,771957 0,000352
slope 2,525729 0,000251
small 0,314711 0,000281
smaller 0,994252 0,000296
smart 1,049822 0,000417
smarthand 3,912023 0,001166
smell 3,506558 0,000348
smooth 1,966113 0,000977
smu 3,912023 0,000389
snake 2,995732 0,002381
snakerobot 3,912023 0,000389
sobr 3,506558 0,000348
social 0,510826 0,000507
societi 0,653926 0,000130
soft 2,040221 0,000811
softwar 0,127833 0,000140
sojourn 3,912023 0,000389
solar 2,813411 0,001118
solid 1,171183 0,000116
solut 0,478036 0,000095
solv 0,820981 0,000163
some 0,040822 0,000114
someon 1,832581 0,000182
somersault 3,912023 0,000389
someth 1,347074 0,000268
sometim 0,301105 0,000060
sonar 2,813411 0,000838
soon 1,427116 0,000425
sophist 1,203973 0,000239
sound 1,237874 0,000861
sourc 0,094311 0,000187
sourcesecur 3,912023 0,000389
south 1,108663 0,000110
southeast 3,218876 0,000320
southern 2,813411 0,000279
space 0,415515 0,000330
spacecraft 2,659260 0,000264
speak 1,139434 0,000113
speaker 2,302585 0,000457
special 0,235722 0,000094
specialist 1,660731 0,000330
specialtiesandinterdisciplinaritycivil 3,506558 0,000348
specif 0,051293 0,000025
specifi 0,446287 0,000133
spectrum 1,386294 0,000138
speech 1,469676 0,001460
speed 0,941609 0,000561
speedi 3,912023 0,000389
sphere 3,218876 0,000320
spheric 3,912023 0,001943
sphero 3,912023 0,000389
spider 2,813411 0,000279
spie 2,995732 0,000298
spin 2,120264 0,000421
spinoff 2,995732 0,000298
spoken 2,302585 0,000457
sport 2,040221 0,000405
spread 1,171183 0,000116
springer 0,527633 0,000105
spyce 3,506558 0,000348
sqaraqalpaqsha 1,386294 0,000138
squiggl 3,912023 0,000389
squirrel 3,506558 0,000348
srpskisrpskohrvatski 0,510826 0,000051
ssrn 1,427116 0,000284
stabil 1,469676 0,000584
stabl 0,867501 0,000172
stack 0,843970 0,000168
stage 1,139434 0,000226
stai 1,771957 0,000176
stair 3,912023 0,000389
stall 2,040221 0,000203
standard 0,094311 0,000047
stanford 1,309333 0,000260
starship 3,506558 0,000348
start 0,261365 0,000026
startup 1,660731 0,000165
state 0,083382 0,000075
statement -0,009950 -0,000002
statementsarticl 0,544727 0,000054
statesfrancebnf 0,510826 0,000051
static 1,272966 0,000253
stationari 2,407946 0,000239
statist -0,009950 -0,000003
statu 0,693147 0,000069
steadili 3,218876 0,000320
steam 2,407946 0,000478
steep 3,506558 0,000348
stefan 1,560648 0,000155
stefanini 3,912023 0,000389
stefano 2,525729 0,000251
steinmann 3,912023 0,000389
stellifi 3,912023 0,000389
stem 2,040221 0,000203
step 0,713350 0,000142
stephen 0,843970 0,000168
steve 1,078810 0,000214
stevo 3,218876 0,000320
stick 2,813411 0,000279
sticki 3,912023 0,000389
stickybot 3,912023 0,000777
still 0,342490 0,000068
stimuli 3,506558 0,000348
stock 1,309333 0,000260
stockholm 2,813411 0,000279
stop 0,967584 0,000096
storag 0,430783 0,000171
store 0,356675 0,000071
straight 2,813411 0,000279
strain 2,813411 0,000279
strategi 0,733969 0,000073
streamlin 2,525729 0,000251
stress 1,660731 0,000165
stride 3,506558 0,000348
stringent 3,912023 0,000389
strive 2,407946 0,000239
stroke 3,912023 0,000389
strong 0,776529 0,000077
structur 0,139262 0,000152
stuart 1,832581 0,000182
student 1,049822 0,000521
studi 0,314711 0,000375
style 0,941609 0,000187
su 2,120264 0,000211
subfield 1,832581 0,000182
subject 0,478036 0,000285
submarin 2,995732 0,000298
suboptim 3,912023 0,000389
subsect 0,020203 0,000010
subsequ 0,916291 0,000091
substanti 1,237874 0,000123
substitut 1,560648 0,000155
subsurfac 3,506558 0,000348
success 0,494296 0,000049
successfulli 1,427116 0,000567
such 0,000000 0,000000
suction 3,912023 0,002720
suffer 1,832581 0,000182
suffici 1,078810 0,000322
suit 0,891598 0,000177
suitabl 1,237874 0,000123
summar 1,469676 0,000146
summer 1,427116 0,000142
suomisvenskatagalog 1,171183 0,000116
superconduct 3,218876 0,000320
superfluid 3,912023 0,000389
supervisori 2,525729 0,000502
superwork 3,912023 0,000389
suppli 0,994252 0,000395
sur 2,407946 0,000239
surfac 1,469676 0,001898
surgeri 2,995732 0,000595
surgic 3,506558 0,000348
surround 1,514128 0,000150
survei 0,462035 0,000138
surveil 1,560648 0,000155
survivor 3,912023 0,000389
suscept 2,207275 0,000219
sustain 1,171183 0,000116
swarm 2,207275 0,001974
sweden 2,302585 0,000457
sweep 3,218876 0,000320
sweetgreen 3,912023 0,000389
swim 3,506558 0,003832
swing 2,813411 0,000279
sword 2,813411 0,000279
symbot 3,506558 0,000348
symposium 1,309333 0,000390
synonym 1,966113 0,000195
synthet 1,771957 0,000528
synthiam 3,912023 0,000389
syntouch 3,912023 0,000389
syrdal 3,912023 0,000389
system 0,010050 0,000046
szu 3,912023 0,000389
tabl -0,009950 -0,000002
tactil 2,995732 0,002381
taha 3,912023 0,000389
take 0,210721 0,000147
takeoff 3,218876 0,000320
talk 1,108663 0,000220
talkingelectron 3,912023 0,000389
tandon 3,912023 0,000389
tao 2,407946 0,000239
tape 1,897120 0,000188
tarentum 3,912023 0,000389
target 0,462035 0,000184
task 0,415515 0,000908
teach 1,469676 0,000292
team 0,634878 0,000126
tech 0,843970 0,000419
techfor 3,218876 0,000320
technic 0,478036 0,000095
technician 3,506558 0,000348
techniqu 0,385662 0,000536
technolog 0,116534 0,000405
technologiesfieldsmanufactur 3,912023 0,000389
tedrak 3,912023 0,000389
teleautomaton 3,912023 0,000389
telecommun 1,347074 0,000268
telekino 3,506558 0,001045
teleoper 3,912023 0,000777
telerobot 3,506558 0,000697
temperatur 2,302585 0,000915
templ 2,525729 0,000251
templat 0,301105 0,000030
ten 1,347074 0,000268
tend 1,108663 0,000110
teor 3,218876 0,000320
term -0,009950 -0,000006
termin 0,941609 0,000094
terrain 3,506558 0,002090
terrestri 3,506558 0,001045
territori 2,525729 0,000251
tesla 2,207275 0,000439
test 0,248461 0,000148
tether 2,302585 0,000229
texa 1,966113 0,000391
text -0,009950 -0,000003
textal 3,506558 0,000348
textil 2,407946 0,000239
than 0,072571 0,000137
that 0,000000 0,000000
themat 3,506558 0,000348
themselv 0,843970 0,000084
then 0,116534 0,000069
theoret 0,776529 0,000154
theori 0,400478 0,000119
there 0,051293 0,000051
therefor 0,478036 0,000190
thermal 2,407946 0,000239
these 0,040822 0,000085
thesi 1,832581 0,000182
thi -0,009950 -0,000039
thin 2,207275 0,000219
thing 0,798508 0,000159
think 1,049822 0,000104
third 0,342490 0,000102
thoma 0,527633 0,000052
those 0,235722 0,000141
though 0,544727 0,000054
thought 1,108663 0,000330
thousand 1,386294 0,000138
three 0,287682 0,000143
thrun 3,912023 0,000389
thrust 3,506558 0,000697
thu 0,314711 0,000094
thunniform 3,912023 0,000389
tian 2,995732 0,000298
tica 3,506558 0,000697
tien 3,506558 0,000348
tight 2,995732 0,000298
tijsma 3,912023 0,000389
time 0,000000 0,000000
tina 1,771957 0,000176
tini 2,407946 0,000239
tissu 2,813411 0,000279
titan 2,659260 0,000264
titl -0,009950 -0,000001
todai 0,693147 0,000138
toe 3,218876 0,000320
togeth 0,579818 0,000173
toggl -0,009950 -0,000007
tohoku 3,912023 0,000389
toi 2,207275 0,000658
tokyo 2,302585 0,000229
told 2,407946 0,000239
tom 1,203973 0,000120
tommi 3,218876 0,000320
tondu 3,912023 0,000389
toni 1,714798 0,000170
too 0,634878 0,000063
tool -0,009950 -0,000008
tooz 3,912023 0,000389
top -0,009950 -0,000002
topic -0,009950 -0,000005
topio 3,912023 0,000389
toponym 2,659260 0,000528
torgni 3,912023 0,000389
torqu 3,912023 0,000389
torr 2,995732 0,003571
tosun 3,912023 0,000389
total 0,673345 0,000201
touch 2,040221 0,001419
toward 0,713350 0,000283
track 0,713350 0,000567
tract 3,506558 0,000348
traction 3,218876 0,000640
trade 0,916291 0,000091
trademark -0,009950 -0,000001
tradit 0,544727 0,000271
traffic 1,272966 0,000126
train 0,967584 0,000577
transact 0,673345 0,000134
transcript 2,525729 0,000251
transhuman 3,218876 0,000320
transistor 2,407946 0,000239
translat 0,798508 0,000079
transmiss 1,347074 0,000268
transmit 1,347074 0,000134
transport 0,994252 0,000494
trap 1,966113 0,000195
travers 2,207275 0,000219
trend 0,733969 0,000073
tri 1,427116 0,000425
tribolog 3,506558 0,000348
tricycl 3,912023 0,000389
tristan 3,912023 0,000777
trn 3,506558 0,000348
tro 3,912023 0,000777
trot 3,912023 0,000389
truli 1,897120 0,000188
try 0,994252 0,000494
tsagaraki 3,912023 0,000777
tube 2,995732 0,000298
tuna 3,218876 0,000320
tune 2,207275 0,000219
tunnel 2,120264 0,000211
turk 3,506558 0,000348
turn 0,776529 0,000154
twinarai 2,302585 0,000229
two 0,083382 0,000141
type 0,051293 0,000102
typic 0,186330 0,000204
uav 2,995732 0,000595
ubiquit 1,469676 0,000146
ucla 2,525729 0,000251
udbj 3,912023 0,000777
ueuskara 2,525729 0,000251
ulietuvi 1,049822 0,000104
ultim 1,139434 0,000113
ultrason 3,506558 0,001045
uncertain 2,407946 0,000478
uncrew 2,995732 0,000298
under -0,009950 -0,000006
undergradu 2,302585 0,000457
understand 0,342490 0,000068
underwat 2,995732 0,000595
undu 3,912023 0,000389
unemploy 2,207275 0,000877
uneven 3,218876 0,000640
unforeseen 3,218876 0,000320
unhealthi 3,912023 0,000389
unicycl 3,506558 0,000697
unim 3,912023 0,001943
uninhabit 3,506558 0,000348
unit 0,248461 0,000049
univers 0,139262 0,000277
unknown 1,108663 0,000110
unman 2,813411 0,001677
unpleas 3,506558 0,000697
unpow 3,912023 0,000777
unsaf 2,120264 0,000211
unsourc 0,446287 0,000089
unspecifi 2,995732 0,000298
unstabl 2,525729 0,000251
unstructur 2,407946 0,000239
until 0,510826 0,000051
updat 0,342490 0,000068
updatingal 3,506558 0,000348
upon 0,673345 0,000334
upright 3,912023 0,000389
upsid 3,506558 0,000348
urban 1,966113 0,000586
urbana 3,506558 0,000348
urbi 3,912023 0,000389
urldownload -0,009950 -0,000001
usabl 1,714798 0,000341
usag 0,579818 0,000058
user 0,274437 0,000273
usual 0,198451 0,000059
utc -0,009950 -0,000001
util 0,597837 0,000238
vacuum 2,813411 0,001118
vaimo 3,912023 0,000777
vallei 2,040221 0,000203
valu 0,162519 0,000048
valuewebarch 3,912023 0,000389
van 0,867501 0,000086
vanderborght 3,912023 0,000389
vari 0,478036 0,000047
variabl 0,494296 0,000049
variat 0,994252 0,000198
varieti 0,616186 0,000122
variou 0,223144 0,000177
vast 1,514128 0,000150
vaucanson 3,912023 0,000389
vdma 3,912023 0,000389
vehicl 1,309333 0,001301
veloc 2,207275 0,001754
venu 2,302585 0,000229
verbal 2,995732 0,000893
veri 0,314711 0,000313
verizon 3,218876 0,000320
veronica 2,995732 0,000298
versatil 2,302585 0,000229
version -0,009950 -0,000001
verstraten 3,912023 0,000389
vertic 1,660731 0,000330
vessel 2,659260 0,000264
vest 2,525729 0,000251
vi 3,218876 0,000320
via 0,186330 0,000074
vibrat 2,659260 0,001057
victor 2,407946 0,000239
video 0,597837 0,000297
vienna 2,659260 0,000264
view -0,009950 -0,000004
vii 2,659260 0,000264
vincent 1,771957 0,000176
vinci 3,912023 0,000389
virolog 2,407946 0,000239
visibl 1,021651 0,000101
vision 0,867501 0,001379
visual 0,562119 0,000279
voic 1,514128 0,002407
vol 0,616186 0,000367
volkan 3,912023 0,000389
volum 0,616186 0,000245
voorzichtig 3,912023 0,000389
vtec 3,506558 0,000348
vteemerg 3,218876 0,000320
vteengin 3,506558 0,000348
vteglossari 2,659260 0,000264
vteroboticsmain 3,506558 0,000348
wabot 3,912023 0,000777
wai 0,105361 0,000115
wait 1,771957 0,000176
waldherr 3,912023 0,000389
walk 2,120264 0,007583
walker 2,525729 0,000502
wall 1,237874 0,000615
wallbot 3,912023 0,000777
walter 1,514128 0,000301
wang 1,427116 0,000142
want 0,820981 0,000082
war 1,078810 0,000107
warn 1,272966 0,000126
waseda 3,912023 0,000777
wash 2,995732 0,000298
wast 1,660731 0,000165
water 1,386294 0,000964
waurzyniak 3,912023 0,000389
wave 1,560648 0,000155
waveform 3,506558 0,000348
wayback 0,478036 0,000237
waypoint 3,506558 0,000697
wear 2,995732 0,000298
weight 1,108663 0,000441
welcom 1,966113 0,000195
weld 3,912023 0,000389
well 0,051293 0,000051
weslei 1,078810 0,000107
western 1,108663 0,000110
westinghous 3,506558 0,000348
wettel 3,912023 0,000389
what -0,009950 -0,000005
wheel 2,120264 0,005266
when 0,030459 0,000045
where 0,072571 0,000022
wherea 1,049822 0,000104
wherebi 1,897120 0,000188
whether 0,400478 0,000159
which 0,000000 0,000000
while 0,051293 0,000046
whirlwind 3,506558 0,000348
white 1,108663 0,000110
who 0,301105 0,000120
whole 0,916291 0,000091
wholli 3,218876 0,000320
whom 2,120264 0,000211
why 0,494296 0,000049
wide 0,210721 0,000042
wider 1,714798 0,000341
width 2,207275 0,000219
wiener 2,525729 0,000251
wikibooksresourc 1,660731 0,000165
wikidata 0,562119 0,000056
wikidatawikipedia 0,967584 0,000096
wikimedia -0,009950 -0,000002
wikipedia -0,009950 -0,000012
wikipediacontact -0,009950 -0,000001
wikiproject 1,832581 0,000182
wikivers 1,609438 0,000160
wiktionarymedia 1,660731 0,000165
wilei 0,562119 0,000112
william 0,616186 0,000122
williamson 2,525729 0,000251
wilson 1,469676 0,000146
wind 1,966113 0,000586
windscreen 3,912023 0,000389
wing 2,659260 0,004755
wingtip 3,912023 0,000777
winner 2,407946 0,000239
wire 0,941609 0,000935
wireless 1,078810 0,000107
wiss 3,506558 0,000348
within 0,116534 0,000069
without 0,094311 0,000084
witoon 3,912023 0,000389
wolf 2,813411 0,000279
won 1,469676 0,000292
wooden 3,912023 0,000389
word 0,446287 0,000222
work 0,030459 0,000061
worker 1,427116 0,000567
workpiec 3,912023 0,000389
workplac 2,525729 0,000753
workshop 1,347074 0,000134
workspac 2,525729 0,000251
world 0,139262 0,000152
worldwid 1,108663 0,000110
worst 2,120264 0,000211
worth 1,897120 0,000188
wow 3,506558 0,000348
wrist 3,218876 0,000640
write 0,527633 0,000052
written 0,287682 0,000029
wullenkord 3,912023 0,000389
www 0,356675 0,000177
xichen 3,912023 0,000389
xinyan 3,912023 0,000389
xlrobot 3,912023 0,000389
yan 2,525729 0,000502
yaskawa 3,506558 0,000348
year 0,162519 0,000016
yen 3,218876 0,000320
yet 0,891598 0,000089
yeung 3,506558 0,000697
yogurt 3,506558 0,000348
yong 2,995732 0,000298
york 0,371064 0,000111
yoshiharu 3,912023 0,000389
youth 3,912023 0,000389
youtub 1,272966 0,000632
yust 3,912023 0,000389
zazaki 1,966113 0,000195
zbekcha 0,462035 0,000046
zeghloul 3,912023 0,000389
zero 0,693147 0,000207
zhang 1,427116 0,000284
zhao 2,813411 0,000559
zheng 2,302585 0,000229
zhibin 3,912023 0,000777
zhou 2,407946 0,000239
zhuhai 3,912023 0,000389
zmp 3,912023 0,001555
