abstract 0,713350 0,000280
academ 0,693147 0,000272
acceler 1,021651 0,001204
access 0,127833 0,000050
account -0,009950 -0,000008
accumul 1,714798 0,000674
accuraci 1,469676 0,000577
acgeo 3,912023 0,003074
achiev 0,510826 0,000201
acm 0,755023 0,000297
acoust 2,407946 0,000946
acta 3,218876 0,001265
action -0,009950 -0,000004
adc 3,912023 0,003074
add -0,009950 -0,000004
addit -0,009950 -0,000012
adjust 1,078810 0,000848
adrian 2,813411 0,002211
advanc 0,235722 0,000370
advantag 0,693147 0,000545
agre -0,009950 -0,000004
ahm 2,040221 0,000802
aid 0,843970 0,000663
aisgalego 1,309333 0,000514
alan 1,049822 0,000413
algebra 1,347074 0,000529
algorithm 0,462035 0,002179
alias 2,302585 0,003619
all 0,000000 0,000000
allow 0,061875 0,000049
also -0,009950 -0,000016
alwai 0,597837 0,000235
american 0,415515 0,000490
among 0,356675 0,000140
amp -0,009950 -0,000020
amplitud 3,218876 0,006324
analog 1,021651 0,004014
analys 1,309333 0,000514
analysi 0,186330 0,001830
analyz 0,843970 0,000995
ani 0,083382 0,000131
anoth 0,127833 0,000100
anti 1,560648 0,001226
appear -0,009950 -0,000008
appli -0,009950 -0,000016
applic 0,030459 0,000323
approach 0,174353 0,000206
approxim 0,891598 0,001401
april 0,072571 0,000029
architectur 0,400478 0,000472
area 0,478036 0,000563
arithmet 1,272966 0,000500
around 0,356675 0,000140
arrai 0,994252 0,003125
articl 0,000000 0,000000
articleabout -0,009950 -0,000004
articletalk -0,009950 -0,000004
artifact 2,995732 0,001177
ashfaq 3,912023 0,001537
asic 2,995732 0,003531
assum 0,891598 0,000701
assumpt 1,171183 0,000460
asynchron 2,040221 0,000802
attribut -0,009950 -0,000004
audio 0,891598 0,003854
august 0,162519 0,000255
author 0,040822 0,000016
automat 0,462035 0,000182
autoregress 2,525729 0,003970
avail -0,009950 -0,000004
back 0,462035 0,000363
bahasa 0,186330 0,000073
band 2,040221 0,000802
bandwidth 1,832581 0,000720
bank 0,941609 0,000370
base 0,010050 0,000020
becaus 0,127833 0,000050
becom 0,274437 0,000108
bernard 1,966113 0,001545
bespechnyi 3,912023 0,001537
best 0,462035 0,000182
bibcod 0,693147 0,001362
bilinear 2,995732 0,002354
bill 0,776529 0,000305
biomed 2,302585 0,000905
biomedicin 3,506558 0,001378
blackledg 3,912023 0,001537
board 0,843970 0,000332
boaz 3,912023 0,001537
bokm 0,127833 0,000050
book 0,210721 0,000083
boolean 1,560648 0,001226
box 0,843970 0,000332
bradu 3,912023 0,001537
brian 1,108663 0,000436
brickwal 3,912023 0,001537
bright 2,525729 0,000992
broesch 3,912023 0,003074
brook 1,660731 0,000653
built 0,462035 0,000182
busi 0,287682 0,000113
butterworth 2,995732 0,001177
calcul 0,916291 0,000360
call 0,030459 0,000036
cand 3,912023 0,001537
capacitor 3,506558 0,001378
captur 0,916291 0,000720
card 0,994252 0,000391
care 1,237874 0,000486
carri 0,967584 0,000380
case 0,083382 0,000033
cat 2,120264 0,000833
catal 0,094311 0,000037
categori -0,009950 -0,000008
cell 1,469676 0,000577
cepstrum 3,912023 0,001537
chang 0,051293 0,000020
changesupload -0,009950 -0,000008
characterist 0,843970 0,000332
charl 0,941609 0,000740
check 0,634878 0,000249
china 0,967584 0,000380
chinacom 3,912023 0,001537
chip 1,309333 0,000514
choos 0,916291 0,000360
cicsd 3,912023 0,001537
cid 0,356675 0,001261
cinematographi 3,506558 0,001378
circuit 0,967584 0,004182
cite 0,597837 0,000235
cliff 2,407946 0,001892
close 0,356675 0,000140
code -0,009950 -0,000020
coeffici 2,040221 0,001603
combin 0,261365 0,000308
come 0,356675 0,000140
common -0,009950 -0,000016
commonli 0,342490 0,000135
commonswikibookswikiversitywikidata 2,302585 0,000905
commun 0,139262 0,000492
compar 0,342490 0,000135
complex 0,186330 0,000220
compli 1,897120 0,000745
compon 0,261365 0,000513
compress 1,108663 0,003049
comput 0,020203 0,000175
concept 0,198451 0,000078
condit 0,579818 0,000228
conduct -0,009950 -0,000004
confer 0,274437 0,000539
consider 0,713350 0,000280
consist 0,301105 0,000118
constant 1,660731 0,000653
contact -0,009950 -0,000008
contemporari 1,347074 0,000529
content -0,009950 -0,000016
continu 0,174353 0,000069
contribut -0,009950 -0,000004
control 0,020203 0,000048
convert 1,049822 0,003713
convolv 3,506558 0,001378
cooki -0,009950 -0,000004
core 0,579818 0,000911
correct 0,820981 0,000645
cosin 2,813411 0,002211
coupl 1,514128 0,000595
cours 0,967584 0,000380
cpld 3,912023 0,001537
cpu 1,347074 0,001059
crc 1,171183 0,001381
creat -0,009950 -0,000012
creativ -0,009950 -0,000004
crossov 3,506558 0,001378
cubas 3,912023 0,001537
current 0,210721 0,000083
dac 2,995732 0,001177
dag 2,813411 0,002211
damon 3,218876 0,001265
dani 3,912023 0,001537
danskdeutscheesti 3,218876 0,001265
data 0,030459 0,000168
databas 0,072571 0,000029
dataflow 3,218876 0,001265
date 0,210721 0,000166
dct 2,813411 0,002211
decai 3,506558 0,002756
decemb 0,061875 0,000024
decomposit 2,120264 0,004999
dedic 1,272966 0,000500
demand 0,820981 0,000645
demystifi 2,659260 0,001045
densiti 1,660731 0,000653
deriv 0,494296 0,000194
describ 0,174353 0,000069
descript -0,009950 -0,000008
descriptionshort 0,000000 0,000000
design 0,040822 0,000112
detail 0,510826 0,000401
detect 0,755023 0,000593
determin 0,342490 0,000135
develop -0,009950 -0,000012
devic 0,634878 0,000998
dft 3,218876 0,001265
differ 0,010050 0,000008
digit 0,400478 0,013061
dimension 1,560648 0,001226
dimitri 3,218876 0,002530
direct 0,261365 0,000103
disclaim -0,009950 -0,000004
discret 1,049822 0,006188
disord 2,995732 0,001177
distribut 0,198451 0,000078
divid 1,049822 0,000413
doi 0,162519 0,000894
domain 0,544727 0,006635
donat -0,009950 -0,000008
done 0,653926 0,000771
doug 2,302585 0,000905
dougla 1,237874 0,000486
download -0,009950 -0,000004
downsampl 3,218876 0,001265
downscal 3,912023 0,001537
dsp 3,218876 0,021501
dtft 3,218876 0,001265
dual 1,609438 0,000632
duan 2,995732 0,001177
dyer 3,218876 0,001265
each 0,072571 0,000143
ecl 3,506558 0,001378
econom 0,653926 0,000514
edit -0,009950 -0,000066
editcommun -0,009950 -0,000004
educ 0,494296 0,000194
effect 0,274437 0,000108
effici 0,287682 0,000339
either 0,248461 0,000098
electr 0,891598 0,000701
electron 0,430783 0,001185
electronicscompon 3,912023 0,001537
electronicscomput 3,912023 0,001537
elsevi 1,203973 0,000473
embre 3,912023 0,001537
emitt 3,506558 0,001378
emphas 1,347074 0,000529
empir 1,108663 0,001742
encyclopedia -0,009950 -0,000004
energi 0,843970 0,000332
engin 0,061875 0,000243
engineeringtelecommun 3,912023 0,001537
englewood 2,659260 0,002090
english -0,009950 -0,000012
englishsloven 0,510826 0,000201
enhanc 0,510826 0,000201
epld 3,912023 0,001537
equal 0,843970 0,000663
equival 0,820981 0,000645
eras 2,995732 0,001177
error 0,430783 0,000339
espa 0,210721 0,000083
essenti 0,634878 0,000998
estim 0,820981 0,001613
european 0,733969 0,000288
eventsrandom -0,009950 -0,000004
evolut 0,820981 0,000323
ewin 3,912023 0,001537
exactli 1,171183 0,000460
exampl 0,020203 0,000048
excel 1,714798 0,000674
except 0,733969 0,000288
exist 0,186330 0,000073
expon 3,506558 0,001378
export -0,009950 -0,000004
extend 0,385662 0,000152
extens 0,342490 0,000135
extern 0,030459 0,000012
extract 1,108663 0,000436
fast 0,673345 0,000529
februari 0,061875 0,000049
feedback 1,309333 0,000514
fft 2,813411 0,001105
field 0,314711 0,000742
file 0,446287 0,000175
fileperman -0,009950 -0,000004
filespeci -0,009950 -0,000004
filter 1,108663 0,011326
filterbank 3,506558 0,001378
final 0,494296 0,000194
financi 0,776529 0,000305
finit 1,560648 0,001840
fir 3,506558 0,002756
first 0,020203 0,000008
fix 0,385662 0,000303
flip 2,995732 0,001177
float 1,347074 0,000529
flop 3,218876 0,001265
follow 0,072571 0,000029
forecast 1,078810 0,000848
form 0,072571 0,000029
formal 0,510826 0,000201
format 0,634878 0,000249
formatarticl 3,912023 0,001537
formula 1,427116 0,000561
foundat -0,009950 -0,000008
fourier 2,040221 0,012025
fpga 2,407946 0,003785
fpoa 3,912023 0,001537
fran 0,223144 0,000088
frank 1,203973 0,000473
free -0,009950 -0,000004
frequenc 1,078810 0,015260
fuerst 3,912023 0,001537
function 0,030459 0,000036
fundament 0,478036 0,000751
further 0,139262 0,000109
gal 2,813411 0,001105
gan 2,407946 0,000946
garg 3,506558 0,001378
gate 1,660731 0,002610
gaydecki 3,506558 0,001378
gayrat 3,912023 0,001537
gener -0,009950 -0,000035
geologi 2,525729 0,000992
geophysica 3,912023 0,001537
georgi 3,506558 0,002756
give 0,446287 0,000175
given 0,261365 0,000103
goertzel 3,506558 0,001378
gold 1,514128 0,000595
gonzalez 2,995732 0,001177
gpu 2,407946 0,001892
grant 1,139434 0,000448
graphic 0,733969 0,000577
greater 0,755023 0,000297
guid 0,287682 0,000226
haar 3,506558 0,001378
hakimjon 3,912023 0,001537
hall 0,653926 0,002313
hand 0,494296 0,000194
handbook 0,941609 0,000740
hardwar 0,579818 0,001367
hari 3,912023 0,001537
harm 1,771957 0,000696
harmon 1,714798 0,001348
hay 2,813411 0,001105
hear 2,407946 0,001892
heinemann 2,813411 0,001105
helplearn -0,009950 -0,000004
here 0,301105 0,000118
hererel -0,009950 -0,000004
hic 3,912023 0,001537
hide -0,009950 -0,000016
hierarch 1,832581 0,000720
high 0,223144 0,000438
higher 0,430783 0,000508
highest 1,514128 0,000595
hilbert 2,302585 0,000905
hill 0,867501 0,000682
histori -0,009950 -0,000008
horwood 3,506558 0,001378
how 0,072571 0,000029
howev 0,094311 0,000037
http -0,009950 -0,000004
huang 1,897120 0,000745
hybrid 1,139434 0,000448
ibragimov 3,912023 0,001537
icassp 3,912023 0,003074
iccc 3,912023 0,003074
icspc 3,912023 0,003074
identif 1,139434 0,000895
identifi 0,356675 0,000140
idobahasa 2,813411 0,001105
ieee 0,634878 0,001247
iir 3,506558 0,005511
imag 0,494296 0,003302
imf 2,525729 0,001985
impact 0,544727 0,000214
imperfect 2,407946 0,000946
implement 0,105361 0,000373
improv 0,150823 0,000178
impuls 3,218876 0,005059
ina 0,356675 0,000140
inaccuraci 3,218876 0,001265
inc -0,009950 -0,000008
includ 0,000000 0,000000
index -0,009950 -0,000004
indonesiaisizuluitaliano 3,506558 0,001378
inductor 3,912023 0,001537
industri 0,356675 0,000280
infinit 1,609438 0,000632
inform 0,061875 0,000122
informationcit -0,009950 -0,000004
initi 0,235722 0,000093
input 0,634878 0,001497
instant 1,897120 0,000745
instead 0,301105 0,000118
institut 0,446287 0,000175
integ 1,139434 0,000448
integr 0,174353 0,000480
intern 0,040822 0,000064
internationalgndnationalunit 1,108663 0,000436
interv 1,386294 0,001089
intrins 1,714798 0,000674
introduct 0,210721 0,000083
introductori 2,302585 0,000905
invari 2,120264 0,000833
invers 1,897120 0,000745
involv 0,415515 0,000163
isbn 0,051293 0,000726
ispm 2,995732 0,001177
ispolskiportugu 1,771957 0,000696
issn 0,478036 0,001127
issu 0,314711 0,000371
itasl 3,912023 0,001537
item -0,009950 -0,000004
jame 0,634878 0,000748
januari 0,083382 0,000033
javohir 3,912023 0,001537
jennif 2,302585 0,000905
jessica 2,525729 0,000992
jiang 2,525729 0,000992
jksuci 3,912023 0,001537
john 0,198451 0,000468
joint 1,171183 0,000460
jonathan 1,347074 0,001059
joseph 0,820981 0,000323
journal 0,186330 0,000220
joyc 3,506558 0,001378
jpeg 3,506558 0,001378
jpfix 3,912023 0,001537
juli 0,127833 0,000050
jump -0,009950 -0,000004
june 0,094311 0,000037
kamisetti 3,912023 0,001537
kapinchev 3,912023 0,001537
kei 0,314711 0,000124
kerckhoff 3,506558 0,001378
khan 2,302585 0,000905
king 1,771957 0,000696
kizza 3,912023 0,001537
konstantin 3,912023 0,001537
krishna 3,218876 0,001265
kuldip 3,912023 0,001537
kuo 2,995732 0,001177
languag -0,009950 -0,000016
laplac 2,813411 0,002211
larg 0,127833 0,000050
last -0,009950 -0,000004
latenc 1,897120 0,000745
lawrenc 1,386294 0,001089
lccn 2,407946 0,001892
leagu 3,506558 0,001378
learn 0,162519 0,000128
least 0,527633 0,000207
left 0,916291 0,000360
legal -0,009950 -0,000004
level 0,083382 0,000164
licens -0,009950 -0,000004
limit 0,186330 0,000220
linear 0,916291 0,002520
link -0,009950 -0,000012
linkpag -0,009950 -0,000004
listenberg 3,912023 0,001537
literatur 1,272966 0,000500
liu 1,427116 0,000561
lnorsk 0,653926 0,000257
local 0,314711 0,000124
locat 0,527633 0,000622
log -0,009950 -0,000008
logarithm 2,659260 0,001045
logic 0,616186 0,004116
long 0,287682 0,000113
loop 1,347074 0,000529
low 0,478036 0,000376
ltd 1,203973 0,000473
lte 2,995732 0,001177
lti 3,912023 0,001537
lux 0,371064 0,000146
lyakhov 2,995732 0,001177
lynn 2,659260 0,001045
lyon 2,813411 0,001105
machin 0,040822 0,000048
macmillan 1,660731 0,000653
macrocel 3,912023 0,001537
madisetti 3,912023 0,001537
magazin 0,755023 0,000297
magnitud 1,897120 0,001491
magyar 1,049822 0,000413
main -0,009950 -0,000020
maint 0,798508 0,000628
major 0,223144 0,000088
make 0,061875 0,000024
mani 0,061875 0,000097
manipul 0,673345 0,000794
manner 1,469676 0,000577
manolaki 3,912023 0,003074
mark 0,261365 0,000103
marpl 3,912023 0,001537
marshal 2,040221 0,000802
martin 0,843970 0,000332
match 0,400478 0,000315
mathemat 0,616186 0,000968
matlab 1,660731 0,000653
mcclellan 3,912023 0,001537
mcgraw 1,108663 0,000871
mean 0,083382 0,000066
measur 0,371064 0,000437
mechan 0,356675 0,000140
media 0,139262 0,000109
medic 1,108663 0,001307
melayu 0,820981 0,000323
memori 0,562119 0,000221
menu -0,009950 -0,000008
metast 3,912023 0,001537
method 0,150823 0,000770
michael 0,385662 0,000152
microphon 2,525729 0,000992
microprocessor 2,407946 0,001892
migga 3,912023 0,001537
mike 1,237874 0,000486
miner 2,040221 0,000802
minim 0,579818 0,000228
minimum 1,469676 0,000577
miss 0,867501 0,000341
mitrofanov 3,912023 0,003074
mix 0,891598 0,000350
mobil -0,009950 -0,000008
mode 0,755023 0,001483
model 0,116534 0,000137
monson 3,912023 0,001537
more 0,010050 0,000012
most 0,040822 0,000048
mostli 0,994252 0,000391
motor 2,040221 0,000802
move -0,009950 -0,000016
mri 3,218876 0,001265
msp 2,813411 0,001105
mssp 3,506558 0,002756
mulgrew 3,912023 0,001537
multi 0,342490 0,000135
multidimension 2,302585 0,001809
multipl 0,094311 0,000074
multipli 1,560648 0,000613
nair 3,506558 0,001378
narmax 3,218876 0,001265
nasir 2,813411 0,001105
nativ 1,078810 0,000848
navig -0,009950 -0,000004
nederland 0,415515 0,000163
network 0,127833 0,000100
new 0,010050 0,000004
newn 3,506558 0,004133
ninth 2,995732 0,001177
nois 1,427116 0,002243
non -0,009950 -0,000027
nonlinear 1,966113 0,003863
norsk 0,342490 0,000135
not 0,000000 0,000000
number 0,040822 0,000064
numer 0,430783 0,000339
nurmurodov 3,912023 0,001537
nynorskpiemont 3,912023 0,001537
nyquist 3,218876 0,003794
object 0,174353 0,000069
occupi 1,897120 0,000745
oclc 0,891598 0,000701
octob 0,139262 0,000055
often 0,127833 0,000201
oldid -0,009950 -0,000004
onli 0,051293 0,000020
oper 0,010050 0,000008
oppenheim 2,995732 0,001177
optim 0,415515 0,000163
org -0,009950 -0,000004
organ -0,009950 -0,000004
origin -0,009950 -0,000020
orlov 3,912023 0,001537
orthogon 2,302585 0,000905
oscil 3,506558 0,002756
other -0,009950 -0,000023
out 0,261365 0,000103
outboard 3,912023 0,001537
output 0,597837 0,000705
over 0,094311 0,000074
oversampl 3,218876 0,001265
page -0,009950 -0,000008
pagecontentscurr -0,009950 -0,000004
pageget -0,009950 -0,000004
pal 3,506558 0,001378
palgrav 1,897120 0,000745
paliw 3,912023 0,001537
parallel 0,941609 0,001110
parti 0,616186 0,000242
particularli 0,597837 0,000235
pass 0,776529 0,001220
paul 0,544727 0,000428
pdf 0,139262 0,000109
pdfprintabl -0,009950 -0,000004
pearson 1,347074 0,001588
pefac 3,912023 0,003074
perceptu 2,813411 0,001105
perform 0,040822 0,000064
person -0,009950 -0,000004
perspect 0,733969 0,000288
peter 0,446287 0,000175
phase 1,347074 0,003176
phi 2,407946 0,000946
phone 1,386294 0,000545
photo 1,832581 0,000720
photograph 1,714798 0,000674
photographi 2,659260 0,001045
photoshop 3,912023 0,001537
php -0,009950 -0,000004
physic 0,446287 0,000175
pitch 2,407946 0,000946
pixel 2,659260 0,001045
pla 3,912023 0,001537
place 0,356675 0,000140
placement 2,040221 0,000802
plane 1,660731 0,002610
pld 3,912023 0,001537
plu 1,203973 0,000473
podoleanu 3,912023 0,001537
point 0,186330 0,000146
polici -0,009950 -0,000008
porat 3,912023 0,001537
portalrec -0,009950 -0,000004
posit 0,616186 0,000242
possibl 0,186330 0,000073
post 0,478036 0,000188
power 0,261365 0,000205
powercor 3,912023 0,001537
practic 0,186330 0,000146
prentic 0,994252 0,003516
present 0,287682 0,000113
press 0,210721 0,000331
previou 0,843970 0,000332
priimenko 3,912023 0,001537
principl 0,385662 0,000455
print -0,009950 -0,000012
privaci -0,009950 -0,000008
pro 1,237874 0,001459
proaki 3,912023 0,004611
problem 0,186330 0,000073
proceed 0,579818 0,000228
process 0,051293 0,001814
processingdigit 3,506558 0,001378
processinghidden 3,506558 0,001378
processingtheori 3,218876 0,001265
processor 1,021651 0,003211
produc 0,342490 0,000807
product 0,174353 0,000069
profit -0,009950 -0,000004
program 0,116534 0,000046
programm 0,693147 0,002179
project -0,009950 -0,000004
proni 3,912023 0,009223
properti 0,314711 0,000124
protocol 0,527633 0,000207
provid 0,061875 0,000049
publish 0,105361 0,000041
puls 2,995732 0,003531
purpos 0,248461 0,000586
pvt 2,659260 0,001045
qex 3,912023 0,001537
quantis 3,506558 0,001378
quantiz 3,218876 0,007589
quasi 1,966113 0,000773
rabin 2,995732 0,001177
rack 2,302585 0,000905
radar 1,897120 0,002236
radio 1,469676 0,001155
ramamohan 3,912023 0,001537
ran 1,966113 0,000773
rao 2,407946 0,000946
rapt 3,506558 0,001378
rate 0,673345 0,000529
rather 0,287682 0,000113
read 0,162519 0,000128
readeditview 0,287682 0,000226
real 0,210721 0,000414
realtim 3,912023 0,001537
recognit 1,078810 0,000848
reconstruct 1,832581 0,001440
redirect 0,673345 0,000265
reduct 1,203973 0,000473
refer -0,009950 -0,000016
regist -0,009950 -0,000008
reinforc 1,660731 0,000653
reject 1,514128 0,000595
relai 2,207275 0,000867
relat 0,030459 0,000036
repres 0,235722 0,000463
represent 0,634878 0,000998
republicisraelotheryal 1,714798 0,000674
requir 0,051293 0,000081
residu 2,040221 0,001603
resistor 3,912023 0,001537
resolut 1,560648 0,003066
resourc 0,248461 0,000098
respect 0,544727 0,000642
respons 0,415515 0,000816
result 0,139262 0,000055
retriev -0,009950 -0,000020
revolut 1,272966 0,000500
ribeiro 2,813411 0,001105
richard 0,733969 0,000288
river 1,309333 0,001029
robb 3,912023 0,001537
robust 1,049822 0,000825
ronald 1,714798 0,001348
room 1,832581 0,000720
round 1,469676 0,000577
rout 1,108663 0,000871
royal 1,714798 0,000674
rspa 3,912023 0,001537
rspsa 3,912023 0,001537
run 0,248461 0,000098
runt 3,912023 0,001537
saddl 2,120264 0,000833
safeti -0,009950 -0,000004
sampl 1,171183 0,010584
sanjarbek 3,912023 0,001537
saud 3,506558 0,001378
scan 1,660731 0,000653
schafer 3,506558 0,002756
schuler 3,912023 0,001537
scienc 0,274437 0,000755
scientist 1,171183 0,000460
script 0,916291 0,000360
search -0,009950 -0,000016
secur 0,274437 0,000108
see -0,009950 -0,000004
segment 1,108663 0,000871
seismic 3,218876 0,001265
seismolog 3,218876 0,002530
select 0,371064 0,000292
self 0,478036 0,000188
sen 2,302585 0,000905
seng 3,912023 0,001537
sensor 1,347074 0,000529
sep 2,813411 0,001105
sequenc 0,820981 0,000645
sequenti 1,771957 0,000696
seri 0,328504 0,000258
set 0,051293 0,000040
shannon 1,771957 0,001393
sharealik -0,009950 -0,000004
shen 2,659260 0,001045
shih 2,995732 0,001177
short -0,009950 -0,000008
shorten -0,009950 -0,000004
shorter 1,714798 0,000674
shqipsimpl 1,203973 0,000473
siberia 3,912023 0,001537
sidebar -0,009950 -0,000016
signal 0,755023 0,033227
signific 0,261365 0,000103
significantli 1,171183 0,000460
similarli 0,843970 0,000332
sinc 0,139262 0,000055
singl 0,127833 0,000050
sira 3,912023 0,001537
site -0,009950 -0,000004
smaller 0,994252 0,000391
smith 1,139434 0,000895
smolin 3,912023 0,001537
societi 0,653926 0,000514
softwar 0,127833 0,000100
solv 0,820981 0,000323
somanathan 3,912023 0,001537
some 0,040822 0,000048
sometim 0,301105 0,000118
son 1,049822 0,000825
sonar 2,813411 0,003316
sound 1,237874 0,000973
space 0,415515 0,001469
spatial 1,660731 0,001305
spatio 2,995732 0,002354
special 0,235722 0,000185
specif 0,051293 0,000081
spectral 1,966113 0,003863
spectrum 1,386294 0,003268
speech 1,469676 0,005197
springer 0,527633 0,000415
squar 1,203973 0,000946
srpskisuomisvenska 1,714798 0,000674
stabil 1,469676 0,000577
stabl 0,867501 0,000341
stage 1,139434 0,000448
star 1,609438 0,000632
state 0,083382 0,000098
statement -0,009950 -0,000004
statesczech 2,525729 0,000992
static 1,272966 0,000500
stationari 2,407946 0,002838
statist -0,009950 -0,000020
stein 2,525729 0,000992
stephen 0,843970 0,000995
stergio 3,912023 0,001537
stergiopoulo 3,912023 0,001537
steve 1,078810 0,000424
steven 0,867501 0,000341
stop 0,967584 0,000380
store 0,356675 0,000140
strannebi 3,912023 0,003074
stream 0,733969 0,000865
structur 0,139262 0,000109
studi 0,314711 0,000371
sub 1,021651 0,000401
subfield 1,832581 0,000720
subsect 0,020203 0,000008
such 0,000000 0,000000
surround 1,514128 0,001190
survei 0,462035 0,000182
switch 0,916291 0,000720
synchron 1,386294 0,000545
synthes 2,995732 0,001177
synthesi 1,714798 0,002021
system 0,010050 0,000036
tabl -0,009950 -0,000008
take 0,210721 0,000083
taslp 3,912023 0,001537
tata 2,813411 0,001105
techniqu 0,385662 0,000909
technolog 0,116534 0,000321
telecommun 1,347074 0,001588
telephon 2,040221 0,000802
televis 1,514128 0,000595
tempor 1,714798 0,004043
tensor 2,525729 0,000992
term -0,009950 -0,000012
text -0,009950 -0,000004
than 0,072571 0,000086
that 0,000000 0,000000
then 0,116534 0,000137
theorem 1,171183 0,001381
theoret 0,776529 0,000305
theori 0,400478 0,001416
theoryradar 3,912023 0,001537
there 0,051293 0,000020
these 0,040822 0,000032
thi -0,009950 -0,000043
third 0,342490 0,000135
thompson 1,714798 0,000674
those 0,235722 0,000093
three 0,287682 0,000339
time 0,000000 0,000000
titl -0,009950 -0,000004
toggl -0,009950 -0,000012
tojiboyev 3,912023 0,001537
tool -0,009950 -0,000023
top -0,009950 -0,000004
topic -0,009950 -0,000008
tpu 2,995732 0,001177
trademark -0,009950 -0,000004
tradeoff 2,407946 0,000946
train 0,967584 0,000380
transact 0,673345 0,000529
transfer 0,544727 0,000428
transform 0,544727 0,008776
transistor 2,407946 0,001892
transmiss 1,347074 0,001588
truncat 2,407946 0,000946
try 0,994252 0,000391
tung 2,525729 0,000992
turner 2,995732 0,001177
twice 1,714798 0,000674
two 0,083382 0,000066
type 0,051293 0,000020
typic 0,186330 0,000146
uad 3,912023 0,001537
uncertainti 1,237874 0,000973
under -0,009950 -0,000004
undersampl 3,218876 0,001265
understand 0,342490 0,000135
undesir 2,207275 0,000867
unfilt 3,506558 0,001378
uniformli 2,525729 0,000992
unimport 3,506558 0,001378
unit 0,248461 0,000391
univers 0,139262 0,000109
unstabl 2,525729 0,000992
upper 1,660731 0,001305
upsampl 3,218876 0,001265
urldownload -0,009950 -0,000004
usual 0,198451 0,000390
utc -0,009950 -0,000004
util 0,597837 0,000235
valent 3,912023 0,001537
valu 0,162519 0,000064
van 0,867501 0,000341
vari 0,478036 0,000188
variabl 0,494296 0,000194
varieti 0,616186 0,000242
vector 1,237874 0,000486
vegt 3,912023 0,001537
verlag 1,832581 0,000720
version -0,009950 -0,000004
via 0,186330 0,000073
viatcheslav 3,912023 0,001537
video 0,597837 0,000705
view -0,009950 -0,000004
vijai 3,218876 0,001265
vill 3,506558 0,001378
vision 0,867501 0,000341
vol 0,616186 0,000484
volum 0,616186 0,000242
vtedigit 3,218876 0,002530
wakin 3,912023 0,001537
walden 3,506558 0,001378
walker 2,525729 0,001985
wang 1,427116 0,000561
wavelet 2,813411 0,011055
weather 1,897120 0,000745
weight 1,108663 0,000436
weipeng 3,912023 0,001537
well 0,051293 0,000020
what -0,009950 -0,000004
when 0,030459 0,000012
where 0,072571 0,000029
wherea 1,049822 0,000825
which 0,000000 0,000000
wide 0,210721 0,000083
width 2,207275 0,001735
wigner 3,912023 0,001537
wikibook 1,386294 0,000545
wikidataus 1,108663 0,000436
wikimedia -0,009950 -0,000008
wikipedia -0,009950 -0,000027
wikipediacontact -0,009950 -0,000004
wilei 0,562119 0,001104
william 0,616186 0,000726
window 0,891598 0,000701
wireless 1,078810 0,000424
wolfgang 2,813411 0,001105
woon 3,912023 0,001537
work 0,030459 0,000012
workstat 1,771957 0,000696
written 0,287682 0,000113
xinglin 3,912023 0,001537
yaakov 3,912023 0,001537
yen 3,218876 0,001265
yield 1,139434 0,000895
yoder 3,912023 0,001537
york 0,371064 0,000146
yovit 3,912023 0,001537
zak 3,218876 0,001265
zaynidinov 3,912023 0,001537
zheng 2,302585 0,000905
zhiqiang 3,912023 0,001537
