abacu 3,218876 0,000569
abl 0,733969 0,000130
abstract 0,713350 0,000504
ac 2,813411 0,000497
academ 0,693147 0,000735
academi 1,966113 0,000347
academia 2,120264 0,000375
acceler 1,021651 0,000181
access 0,127833 0,000136
accomplish 1,771957 0,000313
accord 0,287682 0,000051
account -0,009950 -0,000004
accredit 3,218876 0,001138
accumul 1,714798 0,000303
achiev 0,510826 0,000271
acm 0,755023 0,002802
across 0,415515 0,000073
action -0,009950 -0,000005
activ 0,356675 0,000126
actual 0,597837 0,000106
ada 1,609438 0,001422
adapt 0,798508 0,000423
add -0,009950 -0,000004
addit -0,009950 -0,000004
address 0,342490 0,000242
adjunct 3,218876 0,000569
adopt 0,415515 0,000147
advanc 0,235722 0,000042
aerospac 1,771957 0,000626
affect 0,693147 0,000245
afford 2,040221 0,000361
afrikaansalemannisch 2,040221 0,000361
against 0,462035 0,000082
agil 2,040221 0,000721
agre -0,009950 -0,000002
agreement 1,078810 0,000191
agricultur 1,347074 0,000238
aid 0,843970 0,000298
aiken 3,218876 0,001707
aim 0,634878 0,000673
aircraft 2,120264 0,000375
airplan 2,525729 0,000446
aisfryskfurlangaeilgegaelggalego 3,912023 0,000691
alamito 3,912023 0,000691
alan 1,049822 0,000928
albeit 2,995732 0,000529
alexandra 2,659260 0,000470
algebra 1,347074 0,000476
algorithm 0,462035 0,002123
algorithmdata 3,912023 0,000691
alic 2,525729 0,000446
align 1,272966 0,000225
all 0,000000 0,000000
alla 3,506558 0,000620
allen 1,714798 0,000606
almost 0,798508 0,000141
along 0,462035 0,000163
alonzo 3,506558 0,000620
also -0,009950 -0,000037
altern 0,342490 0,000121
although 0,287682 0,000153
america 0,967584 0,000171
american 0,415515 0,000294
amnon 3,912023 0,000691
among 0,356675 0,000126
amount 0,579818 0,000307
amp -0,009950 -0,000014
analog 1,021651 0,000181
analysi 0,186330 0,000527
analyst 1,272966 0,000225
analyt 0,798508 0,001411
analyz 0,843970 0,000447
angiu 3,912023 0,000691
ani 0,083382 0,000059
anim 1,021651 0,000722
annal 2,040221 0,000721
anniversari 2,525729 0,000446
anoth 0,127833 0,000090
answer 1,171183 0,000828
anthoni 1,714798 0,000606
antiqu 2,813411 0,000994
anyth 2,207275 0,001560
aplicacion 3,506558 0,000620
appear -0,009950 -0,000005
appli -0,009950 -0,000019
applic 0,030459 0,000065
approach 0,174353 0,000185
appropri 0,867501 0,000153
april 0,072571 0,000064
arab 1,560648 0,000276
aragon 1,171183 0,000207
arbitrari 1,049822 0,000186
archaeolog 2,040221 0,000721
architectur 0,400478 0,000991
architectureartifici 3,912023 0,000691
archiv 0,040822 0,000289
area 0,478036 0,000845
argu 0,994252 0,001757
arithmet 1,272966 0,000225
arithmomet 3,912023 0,002074
around 0,356675 0,000189
arrang 1,560648 0,000276
art 0,673345 0,000238
articl 0,000000 0,000000
articleabout -0,009950 -0,000002
articletalk -0,009950 -0,000002
artifact 2,995732 0,000529
artifici 0,994252 0,002460
ascc 3,912023 0,000691
asia 1,560648 0,000552
aspect 0,616186 0,000218
assess 1,021651 0,000181
associ 0,127833 0,000158
assur 1,660731 0,000294
astronomi 2,120264 0,001124
asymmetr 2,407946 0,000426
atanasoff 3,912023 0,000691
attack 0,867501 0,000153
attribut -0,009950 -0,000005
augment 1,237874 0,000219
august 0,162519 0,000316
author 0,040822 0,000007
auto 1,514128 0,000268
autom 0,597837 0,001691
automat 0,462035 0,000327
automata 1,897120 0,001341
automatica 3,912023 0,000691
autonom 1,469676 0,000260
avail -0,009950 -0,000005
avoid 0,579818 0,000205
awar 1,203973 0,000213
award 1,609438 0,001138
axiomat 3,218876 0,000569
ayisyenkrii 2,659260 0,000470
babbag 2,813411 0,006961
backward 1,514128 0,000268
bahasa 0,186330 0,000033
base 0,010050 0,000011
basic 0,198451 0,000070
becam 0,579818 0,000307
becaus 0,127833 0,000113
becom 0,274437 0,000097
began 0,634878 0,000224
behavior 0,342490 0,000121
behind 0,867501 0,000307
berlin 1,386294 0,000490
bernard 1,966113 0,000695
bernoulli 2,659260 0,000470
berri 2,813411 0,000497
bertrand 2,659260 0,000470
best 0,462035 0,000082
betawi 2,813411 0,000497
better 0,494296 0,000087
betti 3,506558 0,000620
bibcod 0,693147 0,000368
bibliographi 1,966113 0,000347
bibri 3,912023 0,000691
big 0,673345 0,000238
bikol 2,525729 0,000446
bill 0,776529 0,000137
binari 0,916291 0,000324
bio 2,659260 0,000470
bioinformat 1,660731 0,000294
biolog 1,427116 0,000504
biologi 1,347074 0,001905
birthdai 2,659260 0,000470
bistabl 3,912023 0,000691
bit 1,078810 0,000191
blica 3,506558 0,000620
bloc 3,506558 0,000620
blockchain 1,609438 0,000284
board 0,843970 0,000447
boca 2,120264 0,000375
boehm 3,506558 0,000620
bokm 0,127833 0,000023
book 0,210721 0,000037
bool 2,407946 0,000426
botani 2,659260 0,000470
bound 1,171183 0,000207
brain 2,120264 0,001124
branch 1,021651 0,000903
brian 1,108663 0,000784
bridg 1,427116 0,000504
brief 1,237874 0,000219
broad 1,203973 0,000213
broaden 2,659260 0,000470
broadli 2,207275 0,000390
brook 1,660731 0,000294
bruce 1,514128 0,000803
bsczi 3,506558 0,000620
buffalo 2,813411 0,000497
build 0,274437 0,000146
built 0,462035 0,000082
bulgaria 3,218876 0,000569
bush 2,407946 0,000426
busi 0,287682 0,000254
byrn 3,506558 0,000620
cacm 3,218876 0,000569
calcul 0,916291 0,002267
calculi 3,506558 0,001240
calculu 1,560648 0,000276
california 1,021651 0,000181
call 0,030459 0,000027
cambridg 0,755023 0,000534
came 1,078810 0,000191
cannot 0,314711 0,000167
capabl 0,562119 0,000099
capac 1,237874 0,000219
card 0,994252 0,001054
carrier 1,966113 0,000347
case 0,083382 0,000029
catal 0,094311 0,000017
categori -0,009950 -0,000011
categoryvt 3,506558 0,000620
cbi 3,506558 0,000620
cbse 3,912023 0,000691
celebr 2,302585 0,000814
cell 1,469676 0,000520
cellular 1,714798 0,000606
cengag 2,207275 0,000390
centenari 3,912023 0,000691
center 0,415515 0,000220
central 0,478036 0,000338
centralboarischbosanskibrezhoneg 3,506558 0,000620
certain 0,274437 0,000049
certainli 3,218876 0,000569
challeng 0,400478 0,000071
chang 0,051293 0,000018
changesupload -0,009950 -0,000004
channel 1,049822 0,000186
chapman 2,120264 0,000749
character 1,203973 0,000213
characterist 0,843970 0,000149
charl 0,941609 0,001165
chart 1,309333 0,000231
chemic 1,660731 0,000294
chemistri 1,427116 0,000757
chicago 1,609438 0,000284
chip 1,309333 0,000231
church 3,218876 0,000569
cid 0,356675 0,000756
ciencia 3,506558 0,000620
circuit 0,967584 0,001368
citat 0,248461 0,000044
citeseerx 1,347074 0,000238
citi 1,272966 0,000450
civil 1,309333 0,000926
clai 2,302585 0,000407
claim 0,634878 0,000112
class 0,446287 0,000158
classif 1,021651 0,000361
classifi 0,967584 0,000513
claud 1,966113 0,001042
clear 1,049822 0,000186
clinic 1,832581 0,000324
close 0,356675 0,000126
closer 1,660731 0,000294
cloud 0,733969 0,000130
cmmi 3,506558 0,000620
code -0,009950 -0,000021
cognit 1,427116 0,000252
cohen 2,207275 0,000780
collect 0,274437 0,000049
collier 3,912023 0,001383
collin 2,525729 0,000446
colmar 3,912023 0,000691
columbia 2,302585 0,001221
com 0,150823 0,000133
combin 0,261365 0,000092
combinatori 2,407946 0,000426
come 0,356675 0,000063
comer 3,506558 0,001240
comm 3,218876 0,000569
command 0,891598 0,000473
commerc 1,021651 0,000181
commerci 0,527633 0,000093
committe 1,309333 0,000231
common -0,009950 -0,000007
commonli 0,342490 0,000061
commonsquot 2,302585 0,000407
commonswikiquotewikiversitywikidata 3,218876 0,000569
commun 0,139262 0,000418
compani 0,342490 0,000061
compat 0,693147 0,000613
compet 1,139434 0,000201
compil 0,755023 0,000400
complementari 1,832581 0,000324
complemento 3,506558 0,000620
complet 0,223144 0,000079
complex 0,186330 0,000362
compon 0,261365 0,000277
compr 2,813411 0,000994
compress 1,108663 0,000784
comptologist 3,912023 0,000691
comput 0,020203 0,001443
computerhistori 3,912023 0,000691
computerpioni 3,912023 0,000691
concept 0,198451 0,000140
conceptu 1,469676 0,000260
concern 0,597837 0,000634
concurr 0,994252 0,001406
conduct -0,009950 -0,000002
confer 0,274437 0,000340
configur 0,798508 0,000423
congress 1,771957 0,000313
connect 0,430783 0,000152
consequ 0,891598 0,000158
consid 0,274437 0,000388
consist 0,301105 0,000106
construct 0,579818 0,000717
consumpt 1,139434 0,000201
cont 3,912023 0,000691
contact -0,009950 -0,000004
contain 0,162519 0,000172
contemporari 1,347074 0,000238
content -0,009950 -0,000009
contenti 2,659260 0,000470
context 0,446287 0,000158
continu 0,174353 0,000031
contract 0,994252 0,000176
contribut -0,009950 -0,000005
control 0,020203 0,000021
conveni 1,609438 0,000284
convert 1,049822 0,000186
convinc 2,302585 0,000407
cooki -0,009950 -0,000002
copeland 2,813411 0,000497
copenhagen 2,525729 0,000446
corlei 3,912023 0,000691
corrado 3,912023 0,000691
correct 0,820981 0,000290
cost 0,385662 0,000204
council 1,427116 0,000252
countri 0,867501 0,000307
cours 0,967584 0,000171
cpu 1,347074 0,000238
crc 1,171183 0,001242
creat -0,009950 -0,000009
creation 0,653926 0,000347
creativ -0,009950 -0,000002
credit 0,867501 0,000153
critic 0,385662 0,000136
crnkovic 3,912023 0,000691
cross 0,562119 0,000199
crucial 1,386294 0,000490
cryptograph 1,897120 0,000335
cryptographi 1,560648 0,002758
crystal 2,813411 0,000497
csab 3,912023 0,002766
csli 3,912023 0,000691
cue 2,813411 0,000497
current 0,210721 0,000112
curricula 3,218876 0,000569
cyber 1,427116 0,000252
cybernet 2,040221 0,000361
cyberwarfar 1,897120 0,000335
dai 0,562119 0,000099
daili 1,427116 0,000252
danger 1,514128 0,000268
danish 2,659260 0,000470
dartmouth 2,995732 0,000529
data 0,030459 0,000221
databas 0,072571 0,000154
dataczech 1,171183 0,000207
datalog 2,995732 0,002118
date 0,210721 0,000037
davi 1,347074 0,000238
david 0,385662 0,000273
dblp 3,506558 0,000620
deal 0,843970 0,000597
debat 1,272966 0,000225
debt 1,966113 0,000347
decemb 0,061875 0,000087
deciph 2,995732 0,000529
decis 0,400478 0,000212
declar 1,108663 0,000392
dedic 1,272966 0,000225
deduct 2,525729 0,000893
defin 0,116534 0,000062
definicion 3,506558 0,000620
definit 0,186330 0,000066
degre 0,916291 0,000324
del 2,040221 0,000361
demonstr 0,994252 0,000351
den 2,525729 0,003125
denni 2,120264 0,000749
depart 0,843970 0,001342
depend 0,105361 0,000074
deploy 1,049822 0,000742
deriv 0,494296 0,000262
describ 0,174353 0,000185
descript -0,009950 -0,000002
descriptionshort 0,000000 0,000000
design 0,040822 0,000260
despit 1,021651 0,000361
detect 0,755023 0,000400
determin 0,342490 0,000061
deutscheesti 2,040221 0,000361
develop -0,009950 -0,000040
development 2,525729 0,000446
devop 2,525729 0,000446
devot 2,040221 0,000361
di 2,659260 0,000470
dictionari 0,616186 0,000436
differ 0,010050 0,000011
differenti 0,916291 0,000162
digit 0,400478 0,000991
dijkstra 2,995732 0,001059
diploma 3,912023 0,000691
disambigu 1,049822 0,000186
disciplin 1,203973 0,005320
disciplinari 3,218876 0,001138
disclaim -0,009950 -0,000002
discov 1,108663 0,000392
discoveri 1,139434 0,000403
discret 1,049822 0,000186
displaystyl 1,386294 0,000490
disput 1,309333 0,000231
disrupt 1,609438 0,000284
distinct 0,544727 0,000481
distinguish 0,733969 0,000130
distribut 0,198451 0,000351
divis 1,237874 0,000438
doc 1,139434 0,000201
document 0,328504 0,000116
dodig 3,912023 0,000691
doi 0,162519 0,000517
domain 0,544727 0,000385
donald 1,347074 0,000714
donat -0,009950 -0,000004
done 0,653926 0,000116
download -0,009950 -0,000002
draw 0,994252 0,000176
dream 2,302585 0,000814
driven 0,867501 0,000153
drum 2,813411 0,000497
dutch 2,120264 0,000375
dynam 0,342490 0,000121
each 0,072571 0,000026
earli 0,301105 0,000213
earlier 1,139434 0,000201
earliest 1,021651 0,000181
earth 1,272966 0,000225
easili 0,843970 0,000298
eastern 2,813411 0,000497
ecolog 1,560648 0,000276
econom 0,653926 0,000231
econometr 1,966113 0,000347
eden 3,912023 0,001383
edinburgh 2,659260 0,000470
edit -0,009950 -0,000005
editcommun -0,009950 -0,000002
editor 1,347074 0,000238
edsac 3,506558 0,000620
edsger 3,218876 0,001138
edu 1,108663 0,000588
educ 0,494296 0,000437
education 3,912023 0,000691
edward 1,139434 0,000201
edwin 2,407946 0,000851
effect 0,274437 0,000146
effici 0,287682 0,000305
effort 0,653926 0,000347
ein 3,218876 0,000569
electr 0,891598 0,001261
electromechan 2,813411 0,001492
electron 0,430783 0,000914
element 0,301105 0,000160
elementari 1,771957 0,000313
elia 2,995732 0,000529
els 1,469676 0,000260
emait 1,560648 0,000276
embed 0,755023 0,000801
emerg 0,527633 0,000093
emili 2,407946 0,000426
emot 2,207275 0,000390
emphas 1,347074 0,000238
emphasi 1,771957 0,000940
empir 1,108663 0,001176
emploi 0,673345 0,000119
enabl 0,274437 0,000049
enchantress 3,912023 0,000691
encrypt 1,139434 0,000201
encyclopedia -0,009950 -0,000011
energi 0,843970 0,000149
engin 0,061875 0,000864
engineeringfield 3,506558 0,000620
english -0,009950 -0,000005
englishus 1,966113 0,000347
eniac 3,912023 0,000691
enough 0,843970 0,000298
ensayo 3,506558 0,000620
ensur 0,713350 0,000126
enterpris 0,446287 0,000237
entiti 0,843970 0,000149
entomolog 2,659260 0,000470
entri 1,203973 0,000213
environ 0,385662 0,000136
environment 1,049822 0,000557
epistemolog 2,995732 0,001059
epistemologist 3,912023 0,000691
equip 1,078810 0,000572
eric 1,078810 0,000191
error 0,430783 0,000228
especi 0,415515 0,000073
essai 2,207275 0,000390
essenti 0,634878 0,000224
establish 0,634878 0,000112
etc 0,562119 0,000099
etymolog 1,966113 0,001042
eup 3,506558 0,000620
europ 0,941609 0,000166
european 0,733969 0,000130
evalu 0,562119 0,000596
evelio 3,912023 0,000691
even 0,235722 0,000042
event 0,356675 0,000063
eventsrandom -0,009950 -0,000002
eventu 0,798508 0,000423
ever 1,272966 0,000225
everi 0,261365 0,000046
everydai 1,832581 0,000324
evolutionari 1,832581 0,000648
exacta 3,506558 0,000620
examin 0,867501 0,000153
exampl 0,020203 0,000011
exchang 0,579818 0,000205
execut 0,356675 0,000126
exist 0,186330 0,000165
expect 0,494296 0,000087
experi 0,510826 0,000361
experiment 0,916291 0,000486
expert 1,078810 0,000191
expertis 1,897120 0,000335
explan 1,771957 0,000313
explor 0,820981 0,000145
export -0,009950 -0,000002
express 0,544727 0,000385
extens 0,342490 0,000061
extent 1,386294 0,000245
extern 0,030459 0,000011
faceti 3,912023 0,000691
facil 0,891598 0,000158
fact 0,579818 0,000205
fail 0,693147 0,000368
fairli 2,120264 0,000375
fall 0,867501 0,000153
famou 1,771957 0,000313
fast 0,673345 0,000238
fastest 2,120264 0,000375
father 2,525729 0,000893
fault 1,237874 0,000219
feasibl 1,771957 0,000313
featur 0,210721 0,000112
februari 0,061875 0,000120
feel 1,832581 0,000324
fein 3,912023 0,000691
fft 2,813411 0,000497
field 0,314711 0,001391
fileperman -0,009950 -0,000002
filespeci -0,009950 -0,000002
financ 0,843970 0,000447
find 0,371064 0,000066
fine 1,609438 0,000284
finish 1,560648 0,000552
fiona 3,912023 0,000691
first 0,020203 0,000061
fit 1,203973 0,000426
five 0,776529 0,000274
fix 0,385662 0,000068
flip 2,995732 0,000529
float 1,347074 0,000238
flop 3,218876 0,000569
flow 0,430783 0,000152
fluid 1,660731 0,000294
focu 0,755023 0,000400
focus 0,653926 0,000578
folklor 3,912023 0,000691
follow 0,072571 0,000038
forerunn 2,813411 0,000497
forev 2,659260 0,000470
form 0,072571 0,000128
formal 0,510826 0,001535
formerli 1,309333 0,000231
formul 1,714798 0,000303
forsyth 3,506558 0,002479
fortnow 3,912023 0,000691
forward 0,941609 0,000166
found 0,274437 0,000388
foundat -0,009950 -0,000005
founder 1,714798 0,000606
four 0,820981 0,000290
fourier 2,040221 0,000361
framework 0,287682 0,000102
franc 1,427116 0,000252
franci 1,347074 0,000476
francisco 1,609438 0,000284
fratern 3,218876 0,000569
frederick 2,659260 0,000470
free -0,009950 -0,000004
french 1,347074 0,000714
function 0,030459 0,000043
fund 0,941609 0,000166
fundament 0,478036 0,000760
further 0,139262 0,000148
futur 0,235722 0,000042
gabriel 2,302585 0,000407
game 0,478036 0,000422
gamma 2,995732 0,000529
garbl 3,912023 0,000691
garland 3,912023 0,000691
gave 1,660731 0,000294
gener -0,009950 -0,000016
genet 1,714798 0,000303
geograph 1,078810 0,000191
geographi 2,207275 0,000390
geologi 2,525729 0,000893
geometri 1,347074 0,000952
georg 0,843970 0,000746
german 1,386294 0,000980
giant 1,660731 0,000294
giovagnoli 3,912023 0,000691
giusepp 2,525729 0,000446
give 0,446287 0,000079
given 0,261365 0,000046
glossari 0,867501 0,000460
goal 0,562119 0,000397
gordana 3,912023 0,000691
goto 2,813411 0,000497
gottfri 2,813411 0,001492
graduat 1,660731 0,000294
graham 2,040221 0,000361
graphic 0,733969 0,001297
great 0,941609 0,000333
greater 0,755023 0,000133
greatest 1,897120 0,000335
greek 1,832581 0,000648
green 0,916291 0,000162
greenwood 3,218876 0,000569
gri 3,506558 0,001240
groth 3,912023 0,000691
group 0,186330 0,000066
grove 3,218876 0,000569
grow 0,653926 0,000116
guerr 3,506558 0,000620
gwiyannenkurd 2,659260 0,000470
habitat 2,995732 0,000529
hacker 1,309333 0,000231
hail 3,218876 0,000569
hak 1,897120 0,000335
hall 0,653926 0,000231
halt 2,040221 0,000361
hand 0,494296 0,000087
handbook 0,941609 0,000499
handl 0,415515 0,000073
hanson 2,813411 0,000497
harcourt 3,506558 0,000620
hardwar 0,579818 0,001332
harel 3,506558 0,000620
harvard 1,386294 0,000490
hash 1,560648 0,000276
hci 3,912023 0,001383
healthcar 1,347074 0,000238
heavili 1,203973 0,000213
hebrew 2,120264 0,000375
heidelberg 2,207275 0,000390
help 0,174353 0,000062
helplearn -0,009950 -0,000002
hemmending 3,912023 0,000691
henri 1,427116 0,000252
herbert 2,120264 0,000749
hererel -0,009950 -0,000002
herman 2,659260 0,000470
hidden 0,843970 0,000149
hide -0,009950 -0,000007
high 0,223144 0,000158
highest 1,514128 0,000268
histor 0,579818 0,000102
histori -0,009950 -0,000028
historyoutlineglossarycategori 3,912023 0,000691
hoar 3,218876 0,000569
hollerith 3,218876 0,000569
hous 0,820981 0,000145
how 0,072571 0,000038
howard 2,207275 0,000780
howev 0,094311 0,000050
hrvatskijaku 2,659260 0,000470
http -0,009950 -0,000002
human 0,527633 0,001585
hundr 1,237874 0,000219
hungarian 2,407946 0,000426
huynh 3,912023 0,000691
hyman 3,218876 0,000569
hypologist 3,912023 0,000691
iahc 2,813411 0,000497
ibanidobahasa 2,813411 0,000497
ibm 0,693147 0,001470
ichthyolog 2,659260 0,000470
idea 0,527633 0,000373
idef 2,995732 0,000529
identifi 0,356675 0,000189
idsia 3,912023 0,000691
ieee 0,634878 0,000561
ifip 3,218876 0,000569
imag 0,494296 0,001048
imagesal 3,218876 0,000569
imper 1,560648 0,001103
implement 0,105361 0,000168
import 0,162519 0,000201
imposs 1,309333 0,000231
ina 0,356675 0,000063
inasloven 0,616186 0,000109
inc -0,009950 -0,000004
includ 0,000000 0,000000
incompat 1,272966 0,000225
increasingli 0,776529 0,000137
increment 1,386294 0,000245
indefinit 1,237874 0,000219
independ 0,527633 0,000093
index -0,009950 -0,000002
individu 0,314711 0,000111
indonesiainterlinguainterlingu 3,218876 0,000569
industri 0,356675 0,000126
infinit 1,609438 0,000284
influenc 0,579818 0,000102
inform 0,061875 0,000448
informat 1,966113 0,003127
informatica 3,218876 0,000569
informatik 3,506558 0,000620
informatika 3,218876 0,000569
informationcit -0,009950 -0,000002
informatiqu 3,912023 0,001383
informazion 3,912023 0,000691
input 0,634878 0,000112
insight 1,309333 0,001388
inspir 1,237874 0,000656
instead 0,301105 0,000106
institut 0,446287 0,000316
instruct 1,108663 0,000588
instrument 1,049822 0,000186
int 1,514128 0,000535
integr 0,174353 0,000216
intellig 0,510826 0,001625
intelligencecomput 3,506558 0,000620
intend 0,478036 0,000253
interact 0,356675 0,000820
interchang 1,714798 0,000303
interdisciplinari 2,302585 0,000407
interfac 0,494296 0,000349
intern 0,040822 0,000022
internationalgndfastnationalunit 1,237874 0,000219
internet 0,462035 0,000082
interpret 0,579818 0,000307
intersect 1,897120 0,000335
intervent 1,771957 0,000313
introduc 0,210721 0,000074
introduct 0,210721 0,000112
intrus 1,832581 0,000324
inuktitutisizulu 3,506558 0,000620
invent 1,021651 0,000903
investig 1,078810 0,000572
involv 0,415515 0,000588
isbn 0,051293 0,000236
isbnc 2,995732 0,000529
issn 0,478036 0,000422
issu 0,314711 0,000111
istok 3,506558 0,000620
italian 2,040221 0,001082
item -0,009950 -0,000004
iter 1,272966 0,000225
itself 0,342490 0,000061
ittagalog 3,912023 0,000691
jack 1,897120 0,000335
jacopini 3,506558 0,001240
jacquard 3,218876 0,000569
januari 0,083382 0,000192
jiacun 3,912023 0,000691
john 0,198451 0,000070
johnson 1,714798 0,000303
jonathan 1,347074 0,000238
journal 0,186330 0,000165
jstor 0,843970 0,000149
juli 0,127833 0,000136
jump -0,009950 -0,000002
june 0,094311 0,000167
just 0,328504 0,000116
justifi 2,407946 0,000426
karim 2,813411 0,000497
kasz 2,995732 0,000529
katz 2,302585 0,000407
keat 3,912023 0,000691
kei 0,314711 0,000056
kind 0,673345 0,000238
kiswahili 1,771957 0,000313
kleen 3,506558 0,000620
kneusel 3,912023 0,000691
knowledg 0,597837 0,000211
known 0,127833 0,000090
knuth 2,525729 0,001786
kolmogorov 2,659260 0,000470
krei 3,218876 0,000569
kreinovich 3,506558 0,000620
kuhn 2,407946 0,000426
kurt 2,995732 0,000529
la 3,218876 0,000569
lab 1,171183 0,000414
laboratori 1,309333 0,000694
ladinolatga 3,912023 0,000691
lanc 2,659260 0,000470
languag -0,009950 -0,000065
languagesarticl 3,912023 0,000691
laplant 3,506558 0,000620
laptop 2,120264 0,000375
larg 0,127833 0,000090
larri 1,514128 0,000268
last -0,009950 -0,000002
late 0,733969 0,000130
later 0,223144 0,000039
latter 0,916291 0,000162
launch 0,941609 0,000166
law 0,653926 0,000347
layer 0,713350 0,000126
lead 0,287682 0,000051
learn 0,162519 0,000345
left 0,916291 0,000162
legal -0,009950 -0,000002
leibniz 2,525729 0,002232
leonardo 2,525729 0,000893
lespa 3,218876 0,000569
less 0,430783 0,000076
letter 0,843970 0,000149
lex 2,525729 0,000446
librari 0,356675 0,000378
licens -0,009950 -0,000002
life 0,653926 0,000116
ligurela 3,912023 0,000691
like 0,051293 0,000018
limit 0,186330 0,000066
lindel 3,218876 0,000569
linguist 2,040221 0,001082
link -0,009950 -0,000014
linkpag -0,009950 -0,000002
linksarticl 1,021651 0,000181
list 0,051293 0,000054
listen 1,966113 0,000347
listspag 3,912023 0,000691
literatur 1,272966 0,000225
littl 0,820981 0,000145
lnorsk 0,653926 0,000116
lo 2,207275 0,000390
locat 0,527633 0,000466
log -0,009950 -0,000004
logic 0,616186 0,000871
lojban 2,659260 0,000470
lombardmagyar 1,832581 0,000324
loom 2,659260 0,000470
loui 1,771957 0,000940
lovelac 3,218876 0,001707
low 0,478036 0,000084
lower 0,673345 0,000119
ltd 1,203973 0,000426
ludgat 3,506558 0,001240
luk 3,218876 0,000569
lux 0,371064 0,000066
lyle 3,218876 0,000569
machin 0,040822 0,000180
machineri 1,203973 0,000638
made 0,186330 0,000099
magnet 1,966113 0,000695
mahc 2,995732 0,000529
main -0,009950 -0,000042
mainli 1,021651 0,000542
maint 0,798508 0,000282
maintain 0,400478 0,000212
mainten 0,843970 0,000447
major 0,223144 0,000079
make 0,061875 0,000087
malagasi 2,040221 0,000361
man 0,843970 0,000149
manag 0,105361 0,000205
manhattan 3,912023 0,000691
mani 0,061875 0,000066
manipul 0,673345 0,000238
manufactur 1,171183 0,000207
marcella 3,912023 0,000691
march 0,116534 0,000062
mark 0,261365 0,000139
market 0,446287 0,000079
martin 0,843970 0,000149
match 0,400478 0,000071
mathemat 0,616186 0,003594
mathematician 1,966113 0,000695
matter 1,049822 0,000186
matti 3,506558 0,001859
mdn 2,302585 0,000407
mdy 1,514128 0,000268
mean 0,083382 0,000103
measur 0,371064 0,000066
mechan 0,356675 0,000567
media 0,139262 0,000049
medic 1,108663 0,000588
medicin 1,427116 0,000252
meet 0,527633 0,000093
melayu 0,820981 0,000145
member 0,562119 0,000099
memori 0,562119 0,000199
menu -0,009950 -0,000004
mergenc 3,912023 0,000691
messag 0,400478 0,000071
meta 1,386294 0,000245
metamodel 3,218876 0,000569
metaphys 3,218876 0,000569
meteorolog 2,120264 0,000375
method 0,150823 0,000453
methodolog 0,994252 0,000703
meyer 2,525729 0,000446
microarchitectur 3,912023 0,002766
microcontrol 2,407946 0,000426
middlewar 1,832581 0,000324
mileston 2,120264 0,000375
mill 2,207275 0,000390
millennium 2,407946 0,000426
minangkabaumirand 3,912023 0,000691
mind 1,347074 0,000952
mine 0,916291 0,000810
mismatchpag 2,525729 0,000446
miss 0,867501 0,000153
mission 1,714798 0,000303
mit 0,776529 0,000274
mix 0,891598 0,000158
mobil -0,009950 -0,000004
mode 0,755023 0,000133
model 0,116534 0,000618
modelsdevelopment 3,506558 0,000620
modern 0,314711 0,000501
modif 1,386294 0,000245
modifi 0,527633 0,000280
moham 2,207275 0,000390
molecular 2,120264 0,000375
mondial 3,912023 0,000691
monitor 1,021651 0,000181
month 0,776529 0,000137
monthli 1,609438 0,000284
mood 2,813411 0,000497
more 0,010050 0,000021
mors 2,995732 0,000529
most 0,040822 0,000022
motiv 1,272966 0,000450
mounier 3,912023 0,000691
move -0,009950 -0,000012
mozilla 1,514128 0,000268
much 0,400478 0,000212
muddi 3,912023 0,000691
muhammad 2,407946 0,000426
mulder 3,218876 0,001138
multi 0,342490 0,000182
multimedia 1,386294 0,000490
multipl 0,094311 0,000067
multiprocess 1,832581 0,000648
multithread 1,832581 0,000324
multitud 2,813411 0,000497
museum 1,660731 0,000587
musicolog 3,912023 0,000691
mutabl 2,207275 0,000390
mycolog 2,659260 0,000470
nam 2,995732 0,000529
name 0,162519 0,000144
namespac 1,560648 0,000276
nanotechnolog 2,407946 0,000426
napulitanonederlandsnedersaksi 3,506558 0,000620
narrow 2,207275 0,000390
nation 0,527633 0,000187
natur 0,356675 0,000693
naur 3,218876 0,002276
navig -0,009950 -0,000002
neashti 3,506558 0,000620
necessarili 1,049822 0,000371
need 0,030459 0,000016
net 0,385662 0,000068
netoti 1,771957 0,000313
network 0,127833 0,000429
neumann 1,771957 0,000313
neural 1,609438 0,000284
neuroinformat 3,506558 0,000620
neurophysiolog 3,912023 0,000691
never 1,021651 0,000181
new 0,010050 0,000018
newel 2,659260 0,000470
next 0,400478 0,000071
nicola 2,120264 0,000375
nof 3,912023 0,000691
non -0,009950 -0,000002
nonetheless 2,659260 0,000470
nordfriisknorsk 1,714798 0,000303
not 0,000000 0,000000
notabl 0,616186 0,000218
notat 0,941609 0,000166
note 0,150823 0,000240
notion 1,171183 0,000207
novemb 0,150823 0,000160
now 0,274437 0,000097
number 0,040822 0,000058
numer 0,430783 0,000685
nynorsknouormandnovialoccitan 3,912023 0,000691
object 0,174353 0,000339
obra 3,506558 0,000620
observ 0,820981 0,000871
oclc 0,891598 0,000315
octob 0,139262 0,000295
off 0,673345 0,000119
offer 0,248461 0,000088
offic 0,733969 0,000130
often 0,127833 0,000158
oldid -0,009950 -0,000002
olesperantoestrem 2,525729 0,000446
onli 0,051293 0,000091
ontolog 1,660731 0,000294
open 0,150823 0,000080
oper 0,010050 0,000021
opportun 1,139434 0,000201
optim 0,415515 0,000147
oral 2,995732 0,000529
order 0,094311 0,000067
org -0,009950 -0,000005
organ -0,009950 -0,000012
orient 0,653926 0,001156
origin -0,009950 -0,000074
ornitholog 2,659260 0,000470
oromooo 2,659260 0,000470
other -0,009950 -0,000026
oup 2,813411 0,000497
out 0,261365 0,000092
outlin 0,562119 0,000298
output 0,597837 0,000211
over 0,094311 0,000033
own 0,314711 0,000111
oxford 0,843970 0,000298
packt 2,120264 0,000749
padilla 3,912023 0,000691
page -0,009950 -0,000009
pagecontentscurr -0,009950 -0,000002
pageget -0,009950 -0,000002
pagesus 1,469676 0,000260
pair 1,309333 0,000231
paper 0,527633 0,000373
paradigm 0,941609 0,003495
parallel 0,941609 0,000832
paramet 0,755023 0,000267
pari 1,660731 0,000587
parna 3,218876 0,001138
part 0,072571 0,000026
particular 0,301105 0,000160
pattern 0,494296 0,000175
patterson 2,525729 0,000446
patton 3,218876 0,001138
pdf 0,139262 0,000320
pdfprintabl -0,009950 -0,000002
peopl 0,356675 0,000063
perci 3,506558 0,000620
perform 0,040822 0,000058
peripher 1,832581 0,000324
person -0,009950 -0,000005
perspect 0,733969 0,000389
peter 0,446287 0,000789
peterson 2,525729 0,000446
petri 3,218876 0,000569
phenomena 1,966113 0,000347
phillip 2,407946 0,000426
philosoph 2,040221 0,000721
philosophi 0,994252 0,002284
photograph 1,714798 0,000303
php -0,009950 -0,000002
physic 0,446287 0,000789
picardpiemont 2,813411 0,000497
pioneer 1,272966 0,001125
pisinplattd 3,506558 0,000620
plai 0,713350 0,000126
plan 0,430783 0,000305
platform 0,400478 0,000142
pliroforiki 3,912023 0,000691
point 0,186330 0,000066
poland 2,813411 0,000497
polici -0,009950 -0,000004
polit 1,078810 0,000191
popular 0,400478 0,000071
portalrec -0,009950 -0,000002
portrait 2,995732 0,000529
portugues 2,525729 0,000446
pose 1,560648 0,000276
possibl 0,186330 0,000033
potenti 0,371064 0,000131
power 0,261365 0,000139
practic 0,186330 0,000263
practition 1,514128 0,000268
precis 0,967584 0,000171
predat 2,525729 0,000446
predecessor 2,120264 0,000375
predict 0,733969 0,000130
prefer 0,798508 0,000141
present 0,287682 0,000254
press 0,210721 0,000410
prestig 3,506558 0,000620
preval 2,040221 0,000361
prevent 0,634878 0,000112
princeton 1,660731 0,000294
princip 1,237874 0,000438
principl 0,385662 0,000204
print -0,009950 -0,000011
privaci -0,009950 -0,000004
privat 0,634878 0,000224
prize 1,966113 0,000347
probabl 0,843970 0,000447
problem 0,186330 0,000527
procedur 0,867501 0,000307
proceed 0,579818 0,000205
process 0,051293 0,000290
processor 1,021651 0,000542
profess 2,207275 0,000390
professor 1,660731 0,000294
profit -0,009950 -0,000002
program 0,116534 0,001112
programm 0,693147 0,000613
project -0,009950 -0,000009
promin 1,237874 0,000438
promot 0,891598 0,000158
proof 1,347074 0,000238
proper 1,171183 0,000207
properti 0,314711 0,000167
propon 2,207275 0,000780
propos 0,510826 0,000361
protect 0,462035 0,000245
protocol 0,527633 0,000187
prototyp 1,386294 0,000490
prove 1,171183 0,000207
provid 0,061875 0,000022
provinc 3,506558 0,000620
psychiatri 2,525729 0,000446
psychoinformat 3,912023 0,000691
public 0,127833 0,000068
publish 0,105361 0,000168
punch 2,302585 0,002442
pup 3,912023 0,000691
purdu 2,813411 0,001492
pure 1,203973 0,000213
purpos 0,248461 0,000088
qualiti 0,634878 0,000449
quantif 2,525729 0,000446
quantit 1,469676 0,000260
quantum 1,171183 0,000828
queri 1,139434 0,000201
question 0,597837 0,001162
quevedo 3,218876 0,001707
quick 1,609438 0,000284
quina 3,506558 0,000620
quotat 1,469676 0,000779
rad 3,218876 0,000569
raffaela 3,912023 0,000691
ralston 3,506558 0,000620
randel 3,218876 0,002845
random 0,693147 0,000368
rang 0,371064 0,000066
rapaport 3,912023 0,001383
rapid 1,203973 0,000213
rashid 3,506558 0,000620
rather 0,287682 0,000102
rationalist 3,912023 0,000691
raton 2,120264 0,000375
raymond 1,966113 0,000347
rbaycanca 0,248461 0,000044
read 0,162519 0,000115
readview 1,309333 0,000463
real 0,210721 0,000149
realiti 1,237874 0,000875
realiz 1,309333 0,000463
realli 1,660731 0,000294
reason 0,328504 0,000290
recent 0,562119 0,000199
reckon 3,506558 0,000620
recogn 1,021651 0,000181
recognit 1,078810 0,000381
refer -0,009950 -0,000009
reflect 0,562119 0,000298
regard 0,776529 0,000137
regist -0,009950 -0,000004
reilli 1,078810 0,000381
reinforc 1,660731 0,000294
rel 0,634878 0,000112
relat 0,030459 0,000043
relationship 0,653926 0,000578
reliabl 0,371064 0,000459
remain 0,400478 0,000142
render 0,994252 0,000351
renov 3,506558 0,000620
repeat 1,469676 0,000260
repetit 2,120264 0,000375
repositori 0,994252 0,000527
repres 0,235722 0,000125
represent 0,634878 0,000224
reproduct 2,120264 0,000375
republicspainkoreaisraelotherhistor 3,912023 0,000691
requir 0,051293 0,000063
research 0,223144 0,000789
resili 2,120264 0,000375
resourc 0,248461 0,000176
result 0,139262 0,000049
retriev -0,009950 -0,000063
review 0,314711 0,000056
revista 3,218876 0,001138
revolv 2,525729 0,000446
rezaul 3,912023 0,000691
ribeiro 2,813411 0,000497
rica 3,506558 0,000620
richard 0,733969 0,000130
right 0,314711 0,000111
risk 0,579818 0,000102
robot 1,347074 0,000714
robust 1,049822 0,000186
role 0,527633 0,000187
rom 0,616186 0,000109
romania 2,995732 0,000529
ronald 1,714798 0,000606
roughli 1,660731 0,000294
round 1,469676 0,000260
rowalonwinaraywolof 3,218876 0,000569
royal 1,714798 0,000303
roysktfran 2,040221 0,000361
rule 0,510826 0,000181
rumagn 2,995732 0,000529
run 0,248461 0,000044
runa 0,916291 0,000162
safeti -0,009950 -0,000005
sai 0,616186 0,000109
salient 3,218876 0,000569
same 0,116534 0,000062
samuel 1,714798 0,000606
san 1,203973 0,000213
sarduscotsseelterskshqipsicilianu 3,218876 0,000569
sarm 3,912023 0,000691
satisfi 1,347074 0,000238
scala 2,040221 0,000361
scalabl 1,203973 0,000213
scale 0,371064 0,000197
scandinavian 3,506558 0,000620
schedul 1,021651 0,000542
schickard 3,912023 0,001383
school 0,867501 0,000460
scienc 0,274437 0,008100
scienceform 3,506558 0,000620
sciencenot 2,207275 0,000390
scienceprogram 3,912023 0,000691
scienceshidden 3,506558 0,000620
scientif 0,673345 0,001428
scientist 1,171183 0,001656
scoczynski 3,912023 0,000691
scope 0,891598 0,000315
scott 0,891598 0,000158
scrum 3,506558 0,000620
sdlc 3,506558 0,000620
search -0,009950 -0,000016
second 0,328504 0,000116
secret 1,560648 0,000276
sector 1,171183 0,000207
secur 0,274437 0,000825
see -0,009950 -0,000019
select 0,371064 0,000262
semant 0,891598 0,000630
semi 0,843970 0,000149
semiot 3,506558 0,000620
sens 1,049822 0,000186
sensor 1,347074 0,000238
sentenc 2,525729 0,000446
separ 0,400478 0,000142
septemb 0,150823 0,000213
sequenc 0,820981 0,000145
seri 0,328504 0,000058
serv 0,713350 0,000126
servic 0,210721 0,000223
set 0,051293 0,000045
sever 0,072571 0,000038
shannon 1,771957 0,000940
shape 1,078810 0,000381
sharealik -0,009950 -0,000002
sheehan 3,912023 0,000691
shimon 3,912023 0,000691
short -0,009950 -0,000002
shorten -0,009950 -0,000002
side 0,579818 0,000102
sidebar -0,009950 -0,000007
sigevolut 3,912023 0,000691
signal 0,755023 0,000400
signatur 1,560648 0,000276
signific 0,261365 0,000046
simi 0,755023 0,000133
similar 0,150823 0,000027
simon 1,021651 0,000361
simpl 0,150823 0,000027
simplifi 0,820981 0,000290
simul 1,021651 0,000181
simultan 0,891598 0,000158
sinc 0,139262 0,000148
singapor 1,897120 0,000335
sister 1,386294 0,000735
site -0,009950 -0,000004
situat 0,776529 0,000137
size 0,342490 0,000061
sketch 2,995732 0,000529
slavic 3,912023 0,001383
slenskaitaliano 0,562119 0,000099
sloven 1,514128 0,000268
smart 1,049822 0,000186
sobr 3,506558 0,000620
soc 1,897120 0,000335
social 0,510826 0,000722
societi 0,653926 0,000462
sociocultur 2,995732 0,000529
softwar 0,127833 0,001740
solid 1,171183 0,000414
solv 0,820981 0,000726
solvabl 2,995732 0,000529
some 0,040822 0,000043
someth 1,347074 0,000476
sometim 0,301105 0,000053
songsak 3,912023 0,000691
sophist 1,203973 0,000426
sound 1,237874 0,000656
sourc 0,094311 0,000067
sourceview 1,309333 0,000463
south 1,108663 0,000392
soviet 2,525729 0,000446
space 0,415515 0,000073
span 1,771957 0,000626
spanish 2,407946 0,001277
spark 1,714798 0,000303
special 0,235722 0,000083
specif 0,051293 0,000073
speech 1,469676 0,000779
spice 2,659260 0,001410
spiral 2,813411 0,000497
spirit 2,995732 0,001059
springer 0,527633 0,000839
sqaraqalpaqsha 1,386294 0,000245
sriboonchitta 3,912023 0,000691
sridhar 3,912023 0,000691
srpskisrpskohrvatski 0,510826 0,000090
standard 0,094311 0,000017
stanford 1,309333 0,001388
start 0,261365 0,000185
state 0,083382 0,000103
statement -0,009950 -0,000005
statesfrancebnf 0,510826 0,000090
statist -0,009950 -0,000014
step 0,713350 0,000252
stephen 0,843970 0,000149
stereotyp 3,506558 0,000620
still 0,342490 0,000061
stochast 1,347074 0,000238
storag 0,430783 0,000076
store 0,356675 0,000252
strawberri 3,506558 0,000620
stream 0,733969 0,000259
strong 0,776529 0,000137
strongli 1,560648 0,000276
structur 0,139262 0,000320
struggl 1,771957 0,000313
studi 0,314711 0,001446
style 0,941609 0,000333
su 2,120264 0,000375
subfield 1,832581 0,000648
subject 0,478036 0,000084
subsect 0,020203 0,000007
substat 3,912023 0,000691
substitut 1,560648 0,000276
success 0,494296 0,000175
such 0,000000 0,000000
suggest 0,820981 0,000580
sundasuomisvenskatacl 3,912023 0,000691
supercomput 1,897120 0,000335
supervis 1,469676 0,000260
support 0,150823 0,000080
survei 0,462035 0,000082
sustain 1,171183 0,000414
swarm 2,207275 0,000390
switzerlandencyclopedia 3,506558 0,000620
symbol 1,078810 0,000572
symmetr 1,897120 0,000335
symposium 1,309333 0,000231
synthes 2,995732 0,001059
synthesi 1,714798 0,000909
sysml 3,506558 0,000620
system 0,010050 0,000103
systemat 1,078810 0,000381
tabl -0,009950 -0,000004
tabul 3,506558 0,000620
tailor 1,966113 0,000347
take 0,210721 0,000074
taqbaylit 1,897120 0,000335
task 0,415515 0,000367
tatar 1,272966 0,000225
taylor 1,203973 0,000426
team 0,634878 0,000112
technic 0,478036 0,000253
techniqu 0,385662 0,000136
technocrat 3,912023 0,000691
technolog 0,116534 0,000144
tedr 3,912023 0,002766
telecommun 1,347074 0,000238
telescop 2,659260 0,000470
templat 0,301105 0,000106
tend 1,108663 0,000392
tenur 3,506558 0,000620
teor 3,218876 0,000569
ter 3,912023 0,000691
term -0,009950 -0,000025
test 0,248461 0,000307
tetun 2,813411 0,000497
text -0,009950 -0,000005
textarticl 2,995732 0,002118
textdynam 3,912023 0,000691
textual 1,897120 0,000335
than 0,072571 0,000167
that 0,000000 0,000000
themselv 0,843970 0,000149
then 0,116534 0,000041
theorem 1,171183 0,000621
theoret 0,776529 0,001784
theori 0,400478 0,003327
theorist 2,407946 0,000426
theorycomput 3,912023 0,000691
there 0,051293 0,000063
thermodynam 2,207275 0,000390
these 0,040822 0,000022
thi -0,009950 -0,000037
thing 0,798508 0,000141
think 1,049822 0,000186
thist 3,912023 0,000691
thoma 0,527633 0,000093
those 0,235722 0,000125
three 0,287682 0,000407
thu 0,314711 0,000056
tica 3,506558 0,001859
time 0,000000 0,000000
timelin 0,733969 0,000259
tinacorsucymraegdansk 3,506558 0,000620
titl -0,009950 -0,000002
todai 0,693147 0,000123
toggl -0,009950 -0,000007
toler 1,386294 0,000245
toni 1,714798 0,000303
tool -0,009950 -0,000011
top -0,009950 -0,000002
topic -0,009950 -0,000005
toponym 2,659260 0,000940
torr 2,995732 0,002647
trace 1,427116 0,000252
trademark -0,009950 -0,000002
transfer 0,544727 0,000096
transform 0,544727 0,000193
translat 0,798508 0,000282
transmiss 1,347074 0,000238
treat 0,967584 0,000684
treatment 1,660731 0,000294
trial 1,609438 0,000284
trip 3,218876 0,000569
true 0,776529 0,000137
tschpolskiportugu 1,832581 0,000324
tucker 2,302585 0,001221
ture 1,660731 0,003229
turingin 3,912023 0,000691
turner 2,995732 0,001588
turologist 3,912023 0,000691
two 0,083382 0,000088
type 0,051293 0,000054
typic 0,186330 0,000033
tzebuergeschlietuvi 1,514128 0,000268
ubiquit 1,469676 0,000520
ueuskara 2,525729 0,000446
ukraineyal 2,302585 0,000407
ulatinalatvi 2,995732 0,000529
ultim 1,139434 0,000201
umd 3,506558 0,001240
uml 3,506558 0,001240
umn 3,506558 0,000620
un 3,506558 0,000620
unansw 3,912023 0,000691
unauthor 1,897120 0,000335
unawar 3,218876 0,000569
uncertainti 1,237874 0,000219
under -0,009950 -0,000002
undergrad 3,912023 0,000691
undergradu 2,302585 0,000407
underli 0,693147 0,000245
underpin 2,407946 0,000426
understand 0,342490 0,000303
union 0,994252 0,000176
uniqu 0,867501 0,000153
unit 0,248461 0,000307
univers 0,139262 0,000443
unix 1,469676 0,000260
unlik 0,653926 0,000116
unlimit 2,302585 0,000407
unsolv 2,813411 0,000497
unsupervis 2,040221 0,000361
untap 3,912023 0,000691
urldownload -0,009950 -0,000002
usabl 1,714798 0,000303
usag 0,579818 0,000102
user 0,274437 0,000097
usl 2,995732 0,000529
usual 0,198451 0,000070
utc -0,009950 -0,000002
utmost 3,218876 0,000569
uw 2,813411 0,000497
uwaterloo 3,912023 0,000691
uyghurchev 2,813411 0,000497
valid 0,616186 0,000218
vallei 2,040221 0,000361
van 0,867501 0,000153
vandalismwikipedia 3,506558 0,000620
vanessa 2,995732 0,000529
varieti 0,616186 0,000218
variou 0,223144 0,000158
vdash 3,912023 0,000691
veri 0,314711 0,000056
verif 0,733969 0,000908
verificationarticl 2,407946 0,000426
verlag 1,832581 0,000324
version -0,009950 -0,000002
via 0,186330 0,000033
vicki 2,995732 0,000529
video 0,597837 0,000528
view -0,009950 -0,000005
viewpoint 1,966113 0,001042
virolog 2,407946 0,000426
virtual 0,462035 0,000245
vision 0,867501 0,000767
visual 0,562119 0,000397
vital 2,120264 0,000375
vladik 3,506558 0,000620
voltag 2,813411 0,000994
volum 0,616186 0,000109
volz 3,506558 0,000620
von 1,469676 0,000260
vote 1,514128 0,000268
vte 0,967584 0,000171
vtecomput 2,040221 0,000361
vteglossari 2,659260 0,000470
vtesoftwar 3,218876 0,000569
vulner 0,994252 0,000176
wai 0,105361 0,000130
wang 1,427116 0,000252
war 1,078810 0,000191
waterfal 3,506558 0,000620
watson 2,040221 0,000361
wayback 0,478036 0,000253
web 0,342490 0,000182
webarch 1,021651 0,000181
wegner 2,995732 0,001059
weiss 2,995732 0,000529
well 0,051293 0,000009
went 1,714798 0,000303
west 1,560648 0,000276
western 1,108663 0,000196
what -0,009950 -0,000033
whati 2,813411 0,000497
when 0,030459 0,000016
where 0,072571 0,000026
whether 0,400478 0,000212
which 0,000000 0,000000
while 0,051293 0,000091
who 0,301105 0,000053
whose 0,776529 0,000137
why 0,494296 0,000087
wide 0,210721 0,000074
wikibook 1,386294 0,000245
wikibooksresourc 1,660731 0,000294
wikidata 0,562119 0,000199
wikidatawikipedia 0,967584 0,000171
wikimedia -0,009950 -0,000004
wikipedia -0,009950 -0,000014
wikipediacontact -0,009950 -0,000002
wikiquot 1,966113 0,000347
wikiquotetextbook 2,525729 0,000446
wikivers 1,609438 0,000284
wiktionarymedia 1,660731 0,000294
wilei 0,562119 0,000199
wilhelm 2,302585 0,001628
william 0,616186 0,000109
wilson 1,469676 0,000260
wireless 1,078810 0,000191
within 0,116534 0,000062
without 0,094311 0,000017
word 0,446287 0,000316
wordnet 3,218876 0,001138
wordnetweb 3,912023 0,000691
work 0,030459 0,000048
world 0,139262 0,000148
write 0,527633 0,000093
written 0,287682 0,000102
wrote 1,078810 0,000191
www 0,356675 0,000126
yafrani 3,912023 0,000691
year 0,162519 0,000144
yehuda 2,995732 0,000529
yor 2,040221 0,000361
york 0,371064 0,000197
young 1,897120 0,000671
yugoslavia 3,218876 0,000569
zalta 3,506558 0,000620
zazak 3,218876 0,000569
zbekcha 0,462035 0,000082
zero 0,693147 0,000123
zsa 3,912023 0,000691
