aaron 1,714798 0,000388
ability 0,616186 0,000418
absolutely 2,659260 0,000602
abstract 1,108663 0,000753
acceptable 2,120264 0,000480
accepts 2,207275 0,000499
access 0,287682 0,000260
accommodated 3,912023 0,000885
accordance 2,207275 0,000999
according 0,301105 0,000068
account -0,009950 -0,000005
achieving 1,897120 0,000429
acm 0,776529 0,000176
across 0,415515 0,000094
acsc 3,912023 0,000885
actions -0,009950 -0,000002
acyclic 2,525729 0,001143
add -0,009950 -0,000005
added 0,415515 0,000094
adding 0,597837 0,000135
addison 1,203973 0,000817
additional -0,009950 -0,000007
address 0,713350 0,000161
addressed 1,272966 0,000288
addressing 1,469676 0,008980
advanced 0,430783 0,000097
advantage 0,941609 0,000213
affects 1,714798 0,000388
agree -0,009950 -0,000002
ahead 1,427116 0,000323
ais 1,272966 0,000288
akademia 3,912023 0,000885
alan 1,049822 0,000238
algorithm 0,776529 0,001757
algorithms 0,693147 0,003137
alistair 3,218876 0,000728
all 0,000000 0,000000
allocated 2,120264 0,001439
allocation 1,347074 0,000610
allow 0,287682 0,000065
allows 0,248461 0,000056
alongside 1,660731 0,000376
alpha 1,832581 0,006635
also -0,009950 -0,000034
alternatives 1,609438 0,000728
although 0,287682 0,000326
always 0,597837 0,000135
amdahl 3,218876 0,001457
amortized 3,912023 0,006197
amp -0,009950 -0,000007
analysing 2,659260 0,000602
analysis 0,186330 0,000169
anand 2,813411 0,000637
andrew 0,820981 0,000372
andrey 2,995732 0,000678
annual 0,776529 0,000351
another 0,127833 0,000058
any 0,083382 0,000113
appearance -0,009950 -0,000005
application 0,127833 0,000058
applications 0,094311 0,000128
apply -0,009950 -0,000002
approach 0,261365 0,000118
approaches 0,733969 0,000664
april 0,072571 0,000099
arbitrary 1,049822 0,000713
architecture 0,462035 0,000105
archive 1,514128 0,000343
archived 0,040822 0,000194
arisen 3,218876 0,000728
arnold 2,407946 0,000545
arose 2,407946 0,000545
around 0,356675 0,000242
array 1,021651 0,006011
arrayinvented 3,912023 0,000885
arrays 1,427116 0,002907
art 0,713350 0,000161
arthur 1,427116 0,000323
article 0,040822 0,000102
articleabout -0,009950 -0,000002
articletalk -0,009950 -0,000002
artificial 1,078810 0,000244
arxiv 1,078810 0,000244
aside 2,207275 0,000499
askitis 3,912023 0,002656
assembler 2,995732 0,000678
associated 0,400478 0,000091
association 0,634878 0,000144
associative 2,040221 0,006925
assumption 1,660731 0,001503
assumptions 1,560648 0,000353
atallah 3,912023 0,000885
attempting 1,660731 0,000376
attempts 0,916291 0,000207
attribution -0,009950 -0,000002
augenstein 3,912023 0,000885
augmented 1,560648 0,000353
august 0,162519 0,000037
australasian 3,912023 0,000885
authentication 1,386294 0,000314
authority 0,083382 0,000019
auxiliary 3,506558 0,000794
available -0,009950 -0,000009
average 1,139434 0,001547
avl 2,995732 0,000678
avoid 0,941609 0,001278
bad 1,347074 0,000610
baeza 2,995732 0,000678
baker 2,302585 0,000521
balaji 3,912023 0,000885
balancing 1,832581 0,001659
banachowski 3,912023 0,000885
based 0,010050 0,000020
because 0,127833 0,000029
becomes 0,916291 0,000415
behavior 0,462035 0,000105
belazzougui 3,912023 0,000885
bell 1,714798 0,000388
berlin 1,469676 0,000333
best 0,462035 0,000209
better 0,494296 0,000447
beyond 0,713350 0,000323
bibcode 0,693147 0,000471
big 0,673345 0,000152
bigl 3,506558 0,000794
bigr 3,506558 0,000794
binary 0,916291 0,001451
binomial 2,302585 0,000521
bit 1,272966 0,002016
bitmap 3,506558 0,001587
bits 1,966113 0,001335
bjarne 3,506558 0,000794
black 1,203973 0,000272
blip 3,912023 0,000885
block 0,798508 0,000181
blocks 1,272966 0,000288
bloom 2,813411 0,000637
bloomington 3,506558 0,000794
bmod 3,912023 0,001771
boas 3,218876 0,000728
bokm 0,127833 0,000029
bonomi 3,912023 0,000885
book 0,478036 0,000216
bosanski 1,347074 0,000305
bot 1,897120 0,001288
botelho 3,912023 0,000885
bottommley 3,912023 0,000885
bounds 1,966113 0,000890
brad 2,525729 0,000572
brought 1,832581 0,000415
bucket 2,995732 0,015592
buckets 3,912023 0,013279
buffer 2,207275 0,000999
building 0,415515 0,000188
built 0,462035 0,000523
byte 1,771957 0,000401
cache 1,714798 0,003881
caches 2,813411 0,002547
caching 2,120264 0,002879
called 0,040822 0,000046
canada 1,427116 0,000323
cannot 0,314711 0,000285
cao 3,218876 0,000728
carnegie 2,525729 0,000572
carter 2,995732 0,000678
case 0,139262 0,000441
cases 0,478036 0,000108
casesearch 3,912023 0,000885
catal 0,094311 0,000021
categories -0,009950 -0,000005
category 0,116534 0,000026
cause 0,916291 0,000415
caused 1,049822 0,000238
ccomm 3,912023 0,000885
celis 3,912023 0,001771
cellular 1,714798 0,000388
certain 0,274437 0,000124
chained 2,995732 0,002712
chaining 2,813411 0,015280
change 0,261365 0,000059
changesupload -0,009950 -0,000005
chapter 0,941609 0,001278
character 1,108663 0,000251
characteristic 1,560648 0,000353
charles 0,941609 0,001065
chen 1,309333 0,000296
chessprogramming 3,912023 0,001771
chi 2,207275 0,000999
chin 3,218876 0,000728
china 0,967584 0,000219
choice 0,967584 0,000219
choosing 1,832581 0,000829
chosen 1,469676 0,000333
cid 0,356675 0,000484
circular 2,120264 0,000960
cite 0,843970 0,000191
citeseerx 1,347074 0,000915
claimed 1,469676 0,000333
clarkson 3,506558 0,000794
class 0,616186 0,000279
clean 2,040221 0,000923
cleaning 2,525729 0,000572
clemson 3,912023 0,000885
clifford 2,207275 0,001998
close 0,941609 0,000213
cluster 1,514128 0,000343
clustering 2,040221 0,001847
clusters 2,040221 0,000462
cmu 2,659260 0,000602
coalesced 3,506558 0,004761
code -0,009950 -0,000009
codes 1,660731 0,000376
coerced 3,506558 0,000794
coined 1,514128 0,000343
collection 0,527633 0,000358
collections 1,771957 0,001604
collided 3,912023 0,003541
colliding 3,912023 0,003541
collision 2,207275 0,010989
collisions 2,659260 0,004212
colton 3,506558 0,000794
com 0,150823 0,000137
combinatorics 2,120264 0,000480
combines 1,714798 0,000388
command 1,021651 0,000925
common 0,072571 0,000099
commonly 0,342490 0,000310
commons -0,009950 -0,000007
commonswikidata 1,171183 0,000265
communications 0,733969 0,000332
compact 1,771957 0,000401
compaction 3,506558 0,000794
comparable 2,120264 0,000480
compared 0,634878 0,000287
comparison 0,446287 0,000101
completely 0,941609 0,000213
complex 0,261365 0,000059
complexities 2,525729 0,000572
complexity 0,616186 0,001116
complexityspace 3,912023 0,000885
compress 3,218876 0,000728
computation 0,994252 0,000450
computational 0,755023 0,000171
computationally 2,207275 0,000499
compute 1,309333 0,000593
computed 1,609438 0,000728
computer 0,139262 0,000725
computing 0,301105 0,000477
computinghidden 3,506558 0,000794
concepts 0,400478 0,000181
concurrent 1,272966 0,000576
condition 1,609438 0,000364
conduct -0,009950 -0,000002
conference 0,301105 0,000273
confined 2,995732 0,000678
confused 1,108663 0,000251
conscious 2,813411 0,001910
consecutive 2,659260 0,000602
consequently 1,514128 0,000343
consistent 1,108663 0,000251
consists 1,078810 0,000244
constant 1,660731 0,002631
constraint 2,040221 0,000462
construction 1,049822 0,000238
consumption 1,139434 0,000258
contact -0,009950 -0,000002
contacts -0,009950 -0,000002
container 1,660731 0,000376
contains 0,634878 0,000144
content -0,009950 -0,000002
contents -0,009950 -0,000007
contiguous 3,218876 0,000728
continue 1,139434 0,000258
continues 1,469676 0,000665
contribute -0,009950 -0,000002
control 0,020203 0,000005
conventional 1,237874 0,000280
cookie -0,009950 -0,000002
copenhagen 2,525729 0,000572
copied 2,120264 0,000480
cormen 2,995732 0,003390
cornell 2,120264 0,002879
correct 1,386294 0,000314
correlated 2,407946 0,000545
corresponding 1,171183 0,000265
cost 0,478036 0,000865
counter 1,714798 0,000388
course 1,139434 0,000258
cpu 1,560648 0,000706
crc 1,171183 0,000265
create -0,009950 -0,000005
created 0,430783 0,000097
creative -0,009950 -0,000002
credited 2,120264 0,000960
criterion 1,966113 0,000445
critical 0,653926 0,000444
cuckoo 3,218876 0,005827
culpepper 3,912023 0,000885
current 0,385662 0,000087
currently 0,755023 0,000171
dan 0,967584 0,000219
data 0,030459 0,000200
database 0,579818 0,000787
databases 0,127833 0,000058
dates 0,430783 0,000097
david 0,385662 0,000087
dbm 3,912023 0,000885
dealing 1,714798 0,000388
deallocation 3,218876 0,000728
dealt 2,659260 0,000602
december 0,061875 0,000084
decision 0,494296 0,000112
declining 2,995732 0,000678
dee 3,912023 0,000885
defined 0,248461 0,000112
definedarticles 3,912023 0,000885
delete 1,609438 0,001821
deleting 2,302585 0,000521
deletion 2,659260 0,001204
deletions 2,813411 0,001273
deliver 1,514128 0,000343
demaine 3,506558 0,001587
denmark 2,525729 0,000572
denotes 2,302585 0,000521
department 0,941609 0,001492
depend 1,171183 0,000265
dependent 1,021651 0,000231
depends 0,994252 0,000450
deployed 1,469676 0,000333
dept 2,995732 0,000678
describes 0,820981 0,000186
description -0,009950 -0,000002
descriptionshort 0,000000 0,000000
design 0,127833 0,000058
designed 0,261365 0,000059
designs 1,469676 0,000665
desired 1,347074 0,000610
deteriorates 3,912023 0,000885
dev 1,514128 0,000343
devadas 3,912023 0,000885
developer 0,820981 0,000372
developers -0,009950 -0,000002
deviations 2,302585 0,000521
device 0,891598 0,000404
diagram 1,832581 0,000415
dict 3,506558 0,000794
dictionaries 2,040221 0,000923
dictionary 0,673345 0,000457
dietzfelbinger 3,912023 0,000885
different 0,020203 0,000018
difficult 0,597837 0,000135
dijk 3,912023 0,000885
dimensioned 3,912023 0,000885
dinesh 3,218876 0,001457
directed 1,514128 0,000685
directly 0,415515 0,000188
discarding 2,995732 0,000678
disclaimers -0,009950 -0,000002
discrete 1,171183 0,000265
discussed 1,897120 0,000429
discusses 2,040221 0,000462
disjoint 3,506558 0,000794
disk 1,469676 0,000333
disperse 3,912023 0,000885
displace 3,912023 0,000885
displaced 2,659260 0,000602
displacement 3,912023 0,000885
displacing 3,506558 0,000794
displaystyle 1,386294 0,026979
distance 1,560648 0,000353
distinct 0,916291 0,000207
distribute 1,832581 0,000415
distributed 0,478036 0,000216
distributes 2,659260 0,000602
distribution 0,634878 0,000718
distributions 1,386294 0,000314
division 1,386294 0,001569
djamal 3,506558 0,000794
doc 2,120264 0,000480
docs 1,309333 0,000296
doesn 1,609438 0,000364
doi 0,162519 0,000846
donald 1,347074 0,000610
donate -0,009950 -0,000005
done 0,653926 0,000148
dot 1,966113 0,000445
dotnet 3,506558 0,000794
double 0,916291 0,001037
doubling 2,525729 0,001143
down 0,597837 0,000135
download -0,009950 -0,000002
drawn 2,120264 0,000480
drops 2,813411 0,000637
due 0,261365 0,000296
dumey 3,912023 0,000885
dynamic 0,562119 0,001272
dynamically 1,714798 0,000388
each 0,072571 0,000246
ecmascript 2,302585 0,000521
edit -0,009950 -0,000090
editcommunity -0,009950 -0,000002
edited -0,009950 -0,000002
edition 0,579818 0,000131
eds 0,798508 0,000181
edu 1,108663 0,001004
efficiency 0,673345 0,000152
efficient 0,494296 0,000336
eight 2,120264 0,000480
either 0,248461 0,000225
elaine 3,218876 0,000728
element 1,021651 0,002312
elements 0,415515 0,000940
embedded 0,867501 0,000196
emde 3,506558 0,000794
empirical 1,203973 0,000272
empirically 3,506558 0,000794
employ 1,347074 0,000305
empty 1,427116 0,002261
enables 0,693147 0,000157
encapsulating 3,506558 0,000794
encyclopedia -0,009950 -0,000002
ended 1,771957 0,000802
engineering 0,198451 0,000090
english -0,009950 -0,000002
englishsloven 0,510826 0,000116
enhanced 1,386294 0,000314
enlarging 3,912023 0,000885
ensure 0,994252 0,000225
ensures 1,832581 0,000829
entail 2,995732 0,000678
enters 2,813411 0,000637
entire 0,755023 0,000171
entries 2,302585 0,004169
entry 1,309333 0,001185
episode 2,995732 0,000678
equality 2,040221 0,000462
erasing 3,218876 0,000728
erik 1,832581 0,000829
ershov 3,912023 0,000885
esa 3,506558 0,002381
espa 0,210721 0,000048
european 0,755023 0,000171
evaluated 2,120264 0,000480
even 0,235722 0,000107
eventsrandom -0,009950 -0,000002
every 0,261365 0,000355
exact 1,427116 0,000323
exactly 1,171183 0,000265
examined 1,966113 0,000445
examining 1,832581 0,000415
example 0,030459 0,000028
excessive 1,897120 0,000429
executed 1,203973 0,000272
expectation 2,207275 0,000499
expected 0,693147 0,000471
expensive 1,560648 0,000353
experience 1,021651 0,000231
exploited 1,897120 0,000429
export -0,009950 -0,000002
extendible 3,912023 0,000885
extending 1,714798 0,000388
external 0,030459 0,000034
extra 1,609438 0,000364
fabiano 3,912023 0,000885
factor 0,867501 0,004908
factors 1,021651 0,000231
fall 1,139434 0,000258
farach 3,912023 0,000885
farthest 3,506558 0,000794
fast 0,673345 0,000305
faster 0,994252 0,000675
fastest 2,120264 0,000480
favouring 3,912023 0,000885
february 0,061875 0,000112
fibonacci 3,218876 0,000728
figures 1,832581 0,000415
file 0,616186 0,000139
filepermanent -0,009950 -0,000002
files 0,843970 0,000191
filespecial -0,009950 -0,000002
filled 2,525729 0,001143
filter 1,514128 0,000343
finding 1,021651 0,000925
first 0,020203 0,000023
fixed 0,494296 0,000336
flavio 3,912023 0,000885
flemming 3,912023 0,001771
focs 3,912023 0,001771
focus 0,755023 0,000171
followed 0,733969 0,000332
follows 0,891598 0,001211
form 0,162519 0,000110
formation 2,040221 0,000923
found 0,385662 0,000436
foundation -0,009950 -0,000002
foundations 0,967584 0,000219
frac 2,302585 0,002084
fragmentation 2,407946 0,000545
fran 0,223144 0,000050
free -0,009950 -0,000002
friche 3,912023 0,001771
friedman 1,771957 0,000401
friendly 1,386294 0,000314
function 0,210721 0,001812
functionality 0,843970 0,000191
functions 0,356675 0,000404
fundamental 0,867501 0,000196
further 0,139262 0,000063
fusion 1,514128 0,000685
gene 2,040221 0,000462
general -0,009950 -0,000002
generally 0,287682 0,000130
generate 0,798508 0,000181
generates 2,302585 0,001042
generating 1,427116 0,000323
generic 1,203973 0,000817
geometry 1,347074 0,000305
geq 2,813411 0,000637
get 0,733969 0,000332
gets 1,469676 0,002328
give 0,843970 0,000191
given 0,261365 0,000473
gives 1,171183 0,000265
gnd 2,659260 0,000602
goddard 2,995732 0,000678
goes 1,237874 0,000280
golden 2,525729 0,000572
goldwasser 2,813411 0,000637
good 0,733969 0,000166
goodrich 3,218876 0,001457
gradually 1,897120 0,000859
graph 0,994252 0,000450
graphs 1,660731 0,000376
greater 0,755023 0,000171
gries 3,506558 0,000794
grow 1,714798 0,000388
grows 2,040221 0,000923
growths 3,912023 0,000885
guarantee 1,560648 0,000353
guaranteed 1,966113 0,001335
guarantees 2,040221 0,000923
hall 0,653926 0,000148
halving 3,506558 0,000794
hand 0,733969 0,000332
handbook 0,941609 0,000426
handle 0,994252 0,000225
handled 1,609438 0,000364
hans 2,120264 0,000480
hardware 0,579818 0,000131
harries 3,912023 0,000885
hash 1,771957 0,064960
hashed 2,813411 0,004457
hashes 2,302585 0,000521
hashing 2,302585 0,040643
hashmap 3,218876 0,002185
hashset 3,912023 0,004426
hashtable 3,912023 0,000885
having 0,579818 0,000131
hdl 1,049822 0,000238
head 1,021651 0,000462
heap 2,040221 0,002308
heavy 1,609438 0,000364
helplearn -0,009950 -0,000002
helps 1,347074 0,000305
hence 1,347074 0,000305
here 0,301105 0,000136
hererelated -0,009950 -0,000002
herlihy 3,912023 0,000885
heroic 3,912023 0,000885
heroku 2,995732 0,000678
hide -0,009950 -0,000009
high 0,223144 0,000101
higher 0,430783 0,000097
hilbert 2,302585 0,000521
hill 0,867501 0,000589
history -0,009950 -0,000009
hit 2,120264 0,000480
hoboken 1,897120 0,000429
holds 1,660731 0,000376
home 0,653926 0,000148
hood 2,525729 0,005716
hop 2,995732 0,001356
hopscotch 3,912023 0,005312
however 0,094311 0,000064
hrvatskibahasa 1,427116 0,000323
https -0,009950 -0,000002
hybrid 1,171183 0,000265
ibm 0,693147 0,000471
idea 0,820981 0,000557
ideal 2,207275 0,000499
ideally 1,897120 0,000859
identified 0,994252 0,000225
identifying 1,139434 0,000258
ieee 0,634878 0,000287
imperfect 2,813411 0,000637
implement 0,755023 0,000683
implementation 0,328504 0,000372
implementations 0,733969 0,000997
implemented 0,544727 0,000370
implementing 0,994252 0,000450
implements 1,347074 0,000915
impossible 1,347074 0,000305
improving 1,171183 0,000265
ina 0,356675 0,000081
inc -0,009950 -0,000002
include 0,061875 0,000042
includes 0,274437 0,000311
increased 0,820981 0,000372
increases 1,171183 0,000795
incremental 1,897120 0,000429
incrementally 2,525729 0,000572
independence 1,897120 0,000859
independent 0,713350 0,000323
independently 1,347074 0,000610
index -0,009950 -0,000027
indexed 1,966113 0,000445
indexes 2,040221 0,000462
indexing 1,771957 0,001604
indiana 2,525729 0,001143
indicates 1,272966 0,000576
indicating 1,897120 0,000429
indices 2,120264 0,001919
indonesiaitaliano 1,237874 0,000280
inefficiencies 2,995732 0,000678
infeasible 2,525729 0,000572
infinite 1,771957 0,001604
info 1,832581 0,000415
information 0,072571 0,000099
informationcite -0,009950 -0,000002
infrequent 3,912023 0,000885
initially 0,693147 0,000157
injective 2,407946 0,000545
insert 2,207275 0,003496
inserted 2,407946 0,004359
insertion 2,525729 0,004001
insertions 3,506558 0,002381
institute 0,579818 0,000394
integer 1,272966 0,002881
integers 1,609438 0,000364
intelligence 0,693147 0,000157
internal 0,634878 0,000144
international 0,139262 0,000126
interrupt 2,525729 0,000572
interval 1,514128 0,001371
intro 2,813411 0,000637
introduces 1,832581 0,000415
introduction 0,261365 0,000473
invariant 2,659260 0,000602
involve 1,309333 0,000296
involved 0,916291 0,000415
involves 0,776529 0,000527
isbn 0,051293 0,000255
isit 3,912023 0,000885
item -0,009950 -0,000029
items 1,108663 0,001756
iteration 2,120264 0,000480
itself 0,342490 0,000155
james 0,634878 0,000287
january 0,083382 0,000132
japo 3,912023 0,000885
java 0,891598 0,001211
javahypertext 3,912023 0,000885
javascript 1,021651 0,001156
jcc 3,912023 0,000885
jcoss 3,912023 0,000885
jeff 1,560648 0,000353
jeffery 3,912023 0,000885
jia 2,659260 0,000602
jill 2,995732 0,000678
john 0,210721 0,000048
jonan 3,506558 0,000794
journal 0,198451 0,000225
jphcs 3,506558 0,000794
jstor 0,843970 0,000191
juan 2,207275 0,000499
july 0,127833 0,000174
jump -0,009950 -0,000002
june 0,094311 0,000128
justin 1,897120 0,000429
karl 1,966113 0,000890
karp 2,995732 0,000678
kevin 1,386294 0,000314
key 0,356675 0,002502
keys 1,514128 0,004112
keysets 3,912023 0,000885
kinds 1,171183 0,000265
known 0,127833 0,000087
knuth 2,525729 0,001143
komputerowych 3,912023 0,000885
konheim 3,912023 0,001771
korth 3,506558 0,000794
krapivin 3,912023 0,000885
krishnan 3,506558 0,000794
kurt 2,995732 0,000678
kuszmaul 3,912023 0,000885
laboratory 1,609438 0,000364
lambda 2,407946 0,000545
lang 1,966113 0,000445
langsam 3,912023 0,000885
language 0,186330 0,000211
languages -0,009950 -0,000011
large 0,127833 0,000116
largest 1,108663 0,000251
last -0,009950 -0,000002
latency 1,897120 0,000429
latvie 0,994252 0,000225
lawrence 1,386294 0,000314
lazy 2,813411 0,000637
lead 0,673345 0,000152
learn 0,494296 0,000224
learning 0,494296 0,000112
least 0,527633 0,000119
lech 3,912023 0,000885
lecture 1,427116 0,003552
left 0,916291 0,000829
leftmost 3,506558 0,000794
legal -0,009950 -0,000002
leidefrost 3,912023 0,000885
leiserson 3,218876 0,004371
length 1,237874 0,001401
leq 2,995732 0,000678
less 0,430783 0,000097
lesson 2,120264 0,000480
let 1,139434 0,001031
level 0,116534 0,000026
lewis 2,407946 0,000545
lexically 3,218876 0,000728
lfloor 3,506558 0,000794
liang 2,995732 0,000678
library 0,478036 0,000433
license -0,009950 -0,000002
limit 0,994252 0,000225
lind 3,506558 0,000794
linear 0,916291 0,003110
linh 3,912023 0,000885
link 0,162519 0,000110
linked 0,941609 0,003409
linkedhashmap 3,912023 0,000885
linkedhashset 3,912023 0,000885
linkpage -0,009950 -0,000002
links -0,009950 -0,000009
linux 0,916291 0,000207
list 0,083382 0,000396
lists 0,597837 0,000135
litwin 3,912023 0,000885
liu 1,427116 0,000323
lnorsk 0,653926 0,000148
load 1,347074 0,008231
locality 3,218876 0,005099
locally 1,609438 0,000364
locate 2,659260 0,000602
located 1,660731 0,000376
location 0,994252 0,000450
locations 1,078810 0,000244
log -0,009950 -0,000011
lombardmagyar 1,832581 0,000415
long 0,287682 0,000065
longest 2,525729 0,000572
look 0,967584 0,000219
lookaside 3,912023 0,000885
lookup 2,407946 0,004904
lookups 3,218876 0,000728
loop 1,609438 0,001093
louis 1,771957 0,000401
low 0,478036 0,000216
lower 0,776529 0,000176
luhn 3,506558 0,001587
machine 0,083382 0,000019
magazine 0,776529 0,000176
main -0,009950 -0,000027
maint 0,798508 0,000361
maintain 0,941609 0,000426
maintaining 1,171183 0,001060
manipulation 0,994252 0,000225
many 0,061875 0,000084
map 1,171183 0,002385
mapped 2,813411 0,000637
mapping 1,237874 0,000280
maps 1,469676 0,001330
march 0,116534 0,000185
mark 0,462035 0,000105
martin 0,891598 0,000404
massachusetts 1,514128 0,001371
mathrm 2,995732 0,008135
matrix 1,609438 0,000364
maurer 3,912023 0,000885
maurice 2,525729 0,000572
max 1,660731 0,004134
maximization 2,525729 0,000572
mayers 3,912023 0,000885
mcgraw 1,108663 0,001004
mckenzie 3,506558 0,000794
mdn 2,302585 0,001042
mdy 1,514128 0,000343
media 0,139262 0,000063
mehlhorn 3,912023 0,000885
mehta 2,995732 0,001356
mellon 2,407946 0,000545
membership 1,832581 0,000415
memorandum 2,995732 0,001356
memory 0,579818 0,001443
mengting 3,912023 0,000885
menu -0,009950 -0,000005
merely 2,207275 0,000499
method 0,210721 0,000143
methods 0,274437 0,000124
michael 0,400478 0,000181
microsoft 0,579818 0,000262
mit 0,776529 0,001757
mobile -0,009950 -0,000002
mod 2,120264 0,000960
model 0,162519 0,000074
modern 0,314711 0,000071
modules 1,347074 0,000305
modulo 3,506558 0,002381
moffat 3,912023 0,000885
moran 3,912023 0,000885
more 0,010050 0,000014
morin 3,218876 0,000728
morris 1,832581 0,000415
moshe 3,218876 0,000728
most 0,040822 0,000009
move -0,009950 -0,000009
moved 1,347074 0,000305
moving 0,776529 0,000351
mozilla 1,514128 0,000685
multimap 3,506558 0,000794
multiple 0,116534 0,000026
multiplication 2,040221 0,002308
multiplicative 3,218876 0,000728
multiset 3,218876 0,000728
mutable 2,207275 0,000499
mythical 3,506558 0,000794
named 0,820981 0,000186
nathaniel 2,207275 0,000499
navigation -0,009950 -0,000002
nederlands 0,415515 0,000094
needed 0,210721 0,000048
needs 0,415515 0,000188
neighbourhood 3,912023 0,006197
neq 3,912023 0,000885
net 0,415515 0,000376
netherlands 1,897120 0,000429
network 0,210721 0,000048
networks 0,446287 0,000101
nevertheless 1,660731 0,000376
new 0,010050 0,000030
newer 1,309333 0,000296
newly 1,560648 0,000353
next 0,400478 0,000272
nicholas 1,560648 0,000353
nikolas 3,912023 0,002656
nine 1,771957 0,000401
nir 3,218876 0,000728
nist 1,771957 0,000401
node 1,203973 0,000817
nodes 1,108663 0,000502
non -0,009950 -0,000007
norsk 0,342490 0,000078
northwestern 3,218876 0,000728
not 0,000000 0,000000
notably 1,309333 0,000296
notationoperation 3,912023 0,000885
note 0,776529 0,000176
notes 0,415515 0,000752
notion 1,237874 0,000280
november 0,150823 0,000341
number 0,051293 0,000116
numbers 0,544727 0,000123
numerically 2,813411 0,000637
nynorskpolskiportugu 2,302585 0,000521
object 0,544727 0,000247
obtained 1,171183 0,000265
occupied 2,525729 0,001143
occur 0,916291 0,000207
oclc 0,891598 0,000202
october 0,139262 0,000126
ocw 3,506558 0,001587
offers 0,755023 0,000171
often 0,127833 0,000029
old 0,994252 0,001575
oldid -0,009950 -0,000002
olesperantoeuskara 0,510826 0,000116
olumide 3,912023 0,000885
omitting 3,506558 0,000794
once 0,544727 0,000370
one 0,010050 0,000020
only 0,051293 0,000023
ontario 3,218876 0,000728
onwards 2,525729 0,000572
open 0,235722 0,001494
opencourseware 3,218876 0,000728
operation 0,713350 0,000969
operations 0,301105 0,000409
optimal 1,386294 0,000314
optimization 0,693147 0,000157
oracle 1,108663 0,000251
order 0,094311 0,000043
ordered 1,386294 0,000314
org -0,009950 -0,000014
organization -0,009950 -0,000005
organized 1,469676 0,000333
organizing 1,771957 0,000401
original 0,030459 0,000179
originally 0,820981 0,000372
other -0,009950 -0,000027
out 0,261365 0,000059
outlaw 3,912023 0,000885
outputs 1,660731 0,000376
over 0,094311 0,000021
overlaying 3,912023 0,000885
overview 0,616186 0,000418
overwriting 2,995732 0,000678
own 0,371064 0,000168
owolabi 3,912023 0,000885
oxford 0,843970 0,000382
page -0,009950 -0,000002
pagecontentscurrent -0,009950 -0,000002
pageget -0,009950 -0,000002
pages -0,009950 -0,000002
pagh 3,506558 0,001587
pair 1,714798 0,000388
pairs 1,832581 0,001659
park 1,832581 0,000829
part 0,127833 0,000087
partially 1,714798 0,000388
particular 0,301105 0,000136
particularly 0,597837 0,000271
parts 0,544727 0,000123
pat 2,813411 0,000637
patricio 3,912023 0,000885
pattern 0,891598 0,000404
pay 1,272966 0,000288
pdf 0,139262 0,000756
pdfprintable -0,009950 -0,000002
pearson 1,347074 0,001219
pedro 2,120264 0,000960
per 0,616186 0,000139
perfect 1,897120 0,003005
perform 0,562119 0,000127
performance 0,261365 0,000946
performant 3,506558 0,000794
performed 0,867501 0,000589
perls 3,912023 0,000885
personal -0,009950 -0,000002
perspective 0,820981 0,000186
peter 0,494296 0,000224
peterson 2,525729 0,000572
philosophical 2,207275 0,000499
phone 1,714798 0,000388
photodna 3,912023 0,000885
php -0,009950 -0,000002
physics 0,994252 0,000225
place 0,597837 0,000135
places 1,514128 0,000343
plackett 3,912023 0,000885
plank 3,912023 0,000885
poblete 3,912023 0,001771
point 0,301105 0,000068
pointer 1,897120 0,000429
poisson 2,302585 0,000521
policy -0,009950 -0,000005
polsko 3,912023 0,000885
polynomial 1,832581 0,000829
poor 1,714798 0,000776
popular 0,579818 0,000262
portalrecent -0,009950 -0,000002
possible 0,287682 0,000130
potential 0,653926 0,000148
power 0,400478 0,000091
prabhakar 3,218876 0,000728
practically 2,525729 0,000572
practice 0,371064 0,000084
prefer 1,832581 0,000415
prefetchers 3,912023 0,000885
prefix 2,407946 0,000545
prentice 0,994252 0,000225
preoccupied 3,912023 0,000885
presence 1,139434 0,000258
present 0,597837 0,000135
press 0,210721 0,000286
presupposed 3,912023 0,000885
previously 0,843970 0,000191
price 1,021651 0,000231
primarily 0,653926 0,000148
prime 1,714798 0,001164
primitive 1,832581 0,000415
princeton 1,660731 0,000376
print -0,009950 -0,000002
prior 0,891598 0,000202
priority 1,897120 0,000859
privacy -0,009950 -0,000005
privately 2,207275 0,000499
probability 1,078810 0,000488
probable 2,659260 0,000602
probe 2,302585 0,003126
probes 3,506558 0,002381
probing 3,506558 0,011109
problem 0,385662 0,000087
proc 2,302585 0,000521
procedure 1,386294 0,001882
proceeding 3,506558 0,000794
proceedings 0,597837 0,000406
process 0,116534 0,000079
processing 0,356675 0,000161
produces 1,560648 0,000353
professional 0,843970 0,000382
profit -0,009950 -0,000002
programmer 1,386294 0,000314
programming 0,446287 0,000808
projects -0,009950 -0,000002
properties 0,693147 0,000471
property 0,776529 0,000351
proportional 2,302585 0,000521
proposed 0,713350 0,000161
prove 1,832581 0,000829
provide 0,174353 0,000079
provides 0,261365 0,000059
providing 0,673345 0,000152
psl 3,912023 0,011509
published 0,328504 0,000149
python 0,916291 0,000415
quadratic 2,407946 0,001090
quasi 1,966113 0,000445
queue 1,771957 0,001604
rabin 3,218876 0,000728
random 0,843970 0,000955
range 0,446287 0,000303
ranjan 3,912023 0,000885
rasmus 3,506558 0,001587
rather 0,287682 0,000065
ratio 1,469676 0,000998
reaches 2,659260 0,001204
readeditview 0,287682 0,000130
reading 0,342490 0,000233
real 0,210721 0,000143
reason 1,049822 0,000238
reasonable 1,609438 0,000364
reasonably 2,995732 0,000678
record 0,916291 0,000415
records 0,994252 0,000225
red 1,237874 0,000280
redirects 1,078810 0,000244
redis 3,506558 0,000794
reduce 0,673345 0,000152
reduced 1,078810 0,000488
reema 3,912023 0,000885
reference 0,478036 0,000541
references 0,020203 0,000014
regard 1,609438 0,000364
registered -0,009950 -0,000002
rehash 3,506558 0,003174
rehashed 3,912023 0,003541
rehashing 3,912023 0,006197
related 0,051293 0,000012
relation 1,347074 0,000305
relative 1,108663 0,000251
released 0,693147 0,000157
remain 1,078810 0,000244
remainder 2,995732 0,000678
remains 1,237874 0,000280
reordering 3,506558 0,000794
repeat 2,659260 0,000602
repeated 2,120264 0,000480
repeatedly 2,659260 0,000602
replaced 1,237874 0,000280
report 0,462035 0,000105
requirement 1,427116 0,000323
research 0,261365 0,000118
resizable 3,506558 0,000794
resize 3,912023 0,000885
resized 3,506558 0,002381
resizing 3,506558 0,008729
resolution 1,560648 0,005651
resolved 2,302585 0,002605
resolving 2,995732 0,000678
respectively 0,967584 0,000438
restricted 1,427116 0,000323
result 0,371064 0,000168
resulting 0,798508 0,000542
results 0,446287 0,000505
retrieval 1,347074 0,001219
retrieve 1,771957 0,000802
retrieved -0,009950 -0,000061
review 0,385662 0,000087
rfloor 3,506558 0,000794
ricardo 2,120264 0,000480
rich 1,347074 0,000305
right 0,478036 0,000216
rightarrow 2,813411 0,000637
rivest 2,813411 0,003183
robert 0,579818 0,000262
roberto 1,897120 0,000429
robin 1,714798 0,004269
rochester 2,659260 0,000602
rodler 3,912023 0,001771
rolling 2,120264 0,000480
ronald 1,714798 0,001552
rope 2,813411 0,000637
rounding 2,995732 0,000678
ruby 1,347074 0,000915
rust 1,427116 0,000969
safety -0,009950 -0,000002
sahni 2,995732 0,000678
said 0,755023 0,000171
same 0,116534 0,000185
sampling 1,966113 0,000445
samuel 1,714798 0,000388
sanders 2,207275 0,000499
sandra 2,525729 0,000572
sartaj 3,218876 0,000728
scalable 1,832581 0,000415
scanned 2,813411 0,000637
scattered 3,218876 0,000728
scheffler 3,506558 0,000794
scheme 1,469676 0,000998
schemes 1,660731 0,001127
science 0,287682 0,001237
sciences 0,867501 0,000196
scott 0,891598 0,000202
seaman 3,506558 0,000794
search -0,009950 -0,000065
searched 2,407946 0,000545
searches 1,560648 0,000706
searching 1,832581 0,001244
second 0,342490 0,000078
secondary 1,386294 0,000314
section 0,562119 0,000127
sedgewick 3,912023 0,000885
see -0,009950 -0,000009
selecting 2,302585 0,000521
self 0,478036 0,000541
separate 0,693147 0,002823
september 0,150823 0,000068
sequence 0,994252 0,001125
sequences 1,514128 0,000343
series 0,328504 0,000149
set 0,083382 0,000189
sets 0,776529 0,000703
settings 1,609438 0,000364
seven 1,469676 0,000333
several 0,094311 0,000021
shane 2,659260 0,000602
sharealike -0,009950 -0,000002
shavit 3,506558 0,000794
shift 1,347074 0,000305
shifted 2,302585 0,000521
short -0,009950 -0,000002
shortened -0,009950 -0,000002
shows 1,139434 0,000258
shrinks 3,218876 0,000728
siam 2,525729 0,000572
sidebar -0,009950 -0,000009
sigma 2,302585 0,001563
significantly 1,171183 0,000265
silberschatz 3,218876 0,000728
similarly 0,843970 0,000191
simple 0,150823 0,000102
simply 0,733969 0,000166
since 0,139262 0,000189
single 0,127833 0,000058
sinha 3,218876 0,000728
site -0,009950 -0,000002
situations 1,237874 0,000280
size 0,462035 0,001046
sizes 1,514128 0,000685
ska 3,912023 0,000885
skip 2,659260 0,000602
skyrocket 3,912023 0,000885
slot 3,218876 0,010198
slots 3,506558 0,004761
slower 1,966113 0,000890
small 0,314711 0,000071
smith 1,203973 0,000272
software 0,127833 0,000145
solution 0,776529 0,000176
some 0,040822 0,000065
sometimes 0,301105 0,000068
sorting 2,407946 0,001090
south 1,108663 0,000502
space 0,478036 0,000325
sparse 2,525729 0,000572
spatial 1,660731 0,000376
spe 3,218876 0,000728
specific 0,094311 0,000021
specification 0,941609 0,000426
speed 1,049822 0,000238
spire 3,912023 0,000885
splay 3,218876 0,000728
spot 1,771957 0,000401
spring 1,660731 0,000376
springer 0,527633 0,000239
squared 2,525729 0,001143
srini 3,912023 0,000885
srpskisuomisvenskatagalog 3,912023 0,000885
stable 0,867501 0,000196
stack 0,867501 0,000196
standard 0,198451 0,000225
standardization 1,309333 0,000296
starting 0,755023 0,000171
state 0,235722 0,000053
statement -0,009950 -0,000002
states 0,385662 0,000087
static 1,272966 0,000288
statistic 2,813411 0,000637
statistical 0,776529 0,000351
statistically 2,407946 0,000545
statistics -0,009950 -0,000002
status 0,693147 0,000314
stein 2,525729 0,002858
stem 2,659260 0,000602
stole 2,995732 0,000678
storage 0,430783 0,000097
store 0,733969 0,000332
stored 0,733969 0,001661
stores 1,272966 0,001152
storing 1,171183 0,000795
strategies 1,078810 0,000244
string 1,171183 0,002915
strings 1,514128 0,000343
stroustrup 3,912023 0,001771
structure 0,314711 0,000570
structures 0,673345 0,002438
structurestypes 3,506558 0,000794
studies 0,673345 0,000152
study 0,510826 0,000116
submitted 1,714798 0,000388
subsection 0,020203 0,000023
subsequent 1,469676 0,000665
successful 0,843970 0,000191
successive 2,302585 0,001042
succinct 2,659260 0,000602
such 0,000000 0,000000
sudarshan 2,813411 0,000637
suffer 2,659260 0,000602
suggests 1,771957 0,000401
suited 1,514128 0,000685
supposed 2,525729 0,000572
surveys 1,714798 0,000388
swap 2,407946 0,001090
symbol 1,469676 0,000333
symposium 1,309333 0,000889
system 0,030459 0,000041
systems 0,061875 0,000042
table -0,009950 -0,000198
tables 1,660731 0,013154
tabletypeunordered 3,912023 0,000885
taken 0,867501 0,000196
tamassia 2,995732 0,001356
target 0,673345 0,000152
tasks 0,798508 0,000181
technical 0,478036 0,000216
technik 3,912023 0,000885
technique 0,994252 0,000675
techniques 0,544727 0,000493
technology 0,186330 0,000169
ted 2,040221 0,000462
tenenbaum 3,218876 0,000728
term 0,223144 0,000050
termed 2,120264 0,000480
termination 2,207275 0,000499
terms -0,009950 -0,000005
test 0,673345 0,000305
testing 0,616186 0,000139
tests 1,309333 0,000296
texas 1,966113 0,000445
text -0,009950 -0,000027
textstyle 2,659260 0,001204
than 0,072571 0,000082
thareja 3,912023 0,000885
that 0,000000 0,000000
then 0,116534 0,000158
theoretical 0,967584 0,000657
theory 0,400478 0,000181
there 0,051293 0,000012
therefore 0,478036 0,000433
these 0,040822 0,000009
theta 3,218876 0,001457
third 0,356675 0,000081
this -0,009950 -0,000027
thomas 0,527633 0,000597
threshold 2,302585 0,000521
throughout 1,078810 0,000244
throughput 2,120264 0,000480
thus 0,328504 0,000223
time 0,010050 0,000048
tinadanskdeutscheesti 1,309333 0,000296
title -0,009950 -0,000002
together 0,579818 0,000131
toggle -0,009950 -0,000016
tom 1,203973 0,000272
too 0,634878 0,000144
tool 0,653926 0,000148
tools -0,009950 -0,000007
top -0,009950 -0,000002
topic -0,009950 -0,000005
total 0,673345 0,000152
tracking 1,237874 0,000280
trademark -0,009950 -0,000002
tradeoff 2,407946 0,000545
transforms 2,302585 0,000521
translation 1,609438 0,000364
transposition 3,506558 0,003968
traversal 2,659260 0,000602
traversed 3,912023 0,000885
tree 0,843970 0,003247
trees 1,469676 0,001995
trie 2,659260 0,001204
tries 1,832581 0,000415
triggers 2,525729 0,000572
turn 1,108663 0,000251
tutorials 1,966113 0,000445
twente 2,995732 0,000678
two 0,083382 0,000170
type 0,150823 0,000171
types 0,198451 0,000180
typically 0,223144 0,000252
tzafrir 3,912023 0,000885
ulietuvi 1,049822 0,000238
unaltered 3,912023 0,000885
under -0,009950 -0,000009
understanding 0,562119 0,000127
unified 1,560648 0,000353
uniform 1,347074 0,001524
uniformaly 3,912023 0,000885
uniformity 3,912023 0,000885
uniformly 2,525729 0,000572
unique 0,916291 0,001244
united 0,527633 0,000119
universal 0,994252 0,000225
universe 2,207275 0,003996
university 0,186330 0,000590
unknown 1,171183 0,000265
unknownarticles 3,218876 0,000728
unoccupied 3,912023 0,000885
unordered 2,813411 0,001273
unrolled 3,506558 0,000794
unseen 2,995732 0,000678
unsigned 2,525729 0,001143
unsuccessful 3,218876 0,002185
until 0,510826 0,000462
unused 2,407946 0,000545
updated 0,867501 0,000393
url 1,237874 0,000560
urldownload -0,009950 -0,000002
usage 0,597837 0,000135
use -0,009950 -0,000007
used -0,009950 -0,000047
uses 0,094311 0,000128
using -0,009950 -0,000023
usually 0,223144 0,000151
utc -0,009950 -0,000002
utilization 2,407946 0,000545
value 0,301105 0,001772
valuecs 3,218876 0,000728
valued 1,897120 0,000429
values 0,597837 0,000947
van 0,891598 0,000404
vander 3,912023 0,000885
variables 0,891598 0,000202
variance 1,714798 0,000388
variants 1,427116 0,000323
variety 0,653926 0,000148
varying 1,309333 0,000296
verify 1,660731 0,000376
version -0,009950 -0,000002
very 0,314711 0,000214
via 0,186330 0,000337
video 0,616186 0,000279
view -0,009950 -0,000002
viola 3,506558 0,000794
virtual 0,527633 0,000239
vitter 3,912023 0,000885
vldb 2,659260 0,000602
vol 0,616186 0,001116
volume 0,616186 0,000279
vowed 3,506558 0,000794
vtedata 2,302585 0,000521
wang 1,427116 0,000646
washington 1,049822 0,000238
waterloo 3,218876 0,000728
way 0,198451 0,000135
wayne 2,995732 0,001356
ways 0,446287 0,000101
web 0,342490 0,000078
wegman 3,912023 0,000885
weiss 2,995732 0,000678
well 0,051293 0,000035
wen 3,912023 0,000885
wesley 1,078810 0,000977
what -0,009950 -0,000002
when 0,030459 0,000062
whenever 2,040221 0,000462
where 0,072571 0,000197
whether 0,400478 0,000091
which 0,000000 0,000000
who 0,301105 0,000136
widely 0,342490 0,000155
wiki 1,427116 0,000323
wikibooks 1,427116 0,000323
wikidatause 1,108663 0,000251
wikimedia -0,009950 -0,000007
wikipedia -0,009950 -0,000014
wikipediacontact -0,009950 -0,000002
wiley 0,562119 0,000254
willard 3,218876 0,000728
william 0,713350 0,000161
within 0,116534 0,000211
without 0,094311 0,000107
witold 3,912023 0,000885
word 0,693147 0,000471
work 0,127833 0,000029
works 0,693147 0,000157
worst 2,120264 0,002879
wrapper 2,659260 0,000602
wrote 1,078810 0,000244
xor 2,813411 0,001273
xueqian 3,912023 0,000885
xxv 3,912023 0,000885
yang 1,966113 0,000445
yates 2,659260 0,000602
yedidyah 3,912023 0,000885
yielding 2,659260 0,000602
yong 2,995732 0,000678
york 0,371064 0,000084
yunwei 3,912023 0,000885
zanden 3,912023 0,000885
zero 0,733969 0,000166
zhang 1,427116 0,000323
zheng 2,302585 0,000521
zhong 2,813411 0,000637
zobel 3,912023 0,000885
