aalto 3,912023 0,001124
aaron 1,714798 0,000493
ability 0,616186 0,000177
absent 3,218876 0,000925
accessed 0,916291 0,000263
accessing 1,386294 0,000398
accomplished 2,120264 0,000609
accomplishes 3,912023 0,001124
account -0,009950 -0,000006
actions -0,009950 -0,000003
add -0,009950 -0,000006
added 0,415515 0,000239
adding 0,597837 0,000515
addison 1,203973 0,000346
addition 0,371064 0,000107
additional -0,009950 -0,000009
adt 3,218876 0,000925
advanced 0,430783 0,000124
advantage 0,941609 0,000270
agree -0,009950 -0,000003
ahnentafel 3,912023 0,002248
ais 1,272966 0,000366
aleph 3,506558 0,002015
algorithm 0,776529 0,000446
algorithms 0,693147 0,000796
all 0,000000 0,000000
allow 0,287682 0,000165
allows 0,248461 0,000071
almost 0,798508 0,000688
already 0,776529 0,000669
also -0,009950 -0,000051
alternative 0,527633 0,000303
alternatively 1,427116 0,000410
always 0,597837 0,001374
america 0,994252 0,000286
among 0,356675 0,000102
amp -0,009950 -0,000017
analogous 1,609438 0,000462
analysis 0,186330 0,000054
anand 2,813411 0,000808
ancestry 3,218876 0,000925
another 0,127833 0,000073
any 0,083382 0,000359
appearance -0,009950 -0,000006
appearing 2,659260 0,000764
appears 1,427116 0,000410
append 3,218876 0,002774
applications 0,094311 0,000190
apply -0,009950 -0,000003
approach 0,261365 0,000075
april 0,072571 0,000021
arborescence 3,912023 0,002248
arborescences 3,912023 0,001124
archived 0,040822 0,000059
argument 1,347074 0,000387
around 0,356675 0,000205
arranged 2,407946 0,000692
arrangement 2,525729 0,002177
array 1,021651 0,002348
arrays 1,427116 0,001640
art 0,713350 0,000410
article 0,040822 0,000012
articleabout -0,009950 -0,000003
articles 0,020203 0,000006
articletalk -0,009950 -0,000003
ary 3,506558 0,006044
assigns 2,407946 0,004150
associated 0,400478 0,000230
association 0,634878 0,000182
associative 2,040221 0,000586
assuming 1,966113 0,001130
assumption 1,660731 0,000477
atom 1,897120 0,000545
attached 2,120264 0,000609
attempt 1,049822 0,000302
attempts 0,916291 0,000263
attribution -0,009950 -0,000003
author 1,386294 0,000796
authority 0,083382 0,000024
authors 1,021651 0,001174
available -0,009950 -0,000006
avl 2,995732 0,001721
away 1,139434 0,000327
back 0,527633 0,000152
balanced 2,407946 0,004842
balancing 1,832581 0,002632
ball 2,302585 0,000661
base 0,755023 0,000434
based 0,010050 0,000003
because 0,127833 0,000184
becoming 1,108663 0,000318
behave 1,609438 0,000462
belonging 2,302585 0,001323
benefits 1,237874 0,000356
better 0,494296 0,000142
bibliography 1,966113 0,001130
bifurcating 3,912023 0,002248
big 0,673345 0,000193
bijection 3,218876 0,001849
bijective 3,506558 0,001007
binary 0,916291 0,041590
binomial 2,302585 0,001323
bit 1,272966 0,002560
bits 1,966113 0,001694
bitstring 3,912023 0,002248
bitwise 2,995732 0,000861
black 1,203973 0,001383
blue 1,560648 0,000448
boas 3,218876 0,000925
book 0,478036 0,000275
books 0,544727 0,000156
bottom 2,040221 0,001172
bound 1,660731 0,000477
bounds 1,966113 0,000565
branches 1,427116 0,000820
breadth 2,659260 0,005348
brief 1,309333 0,000376
brodal 3,912023 0,001124
bsp 3,912023 0,001124
business 0,301105 0,000346
calendar 2,659260 0,000764
call 0,733969 0,000211
called 0,040822 0,000035
cambridge 0,755023 0,000217
cannot 0,314711 0,000181
cardinal 3,506558 0,002015
cardinality 2,995732 0,000861
cartesian 3,218876 0,000925
case 0,139262 0,000280
cases 0,478036 0,000137
catal 0,094311 0,000027
catalan 3,218876 0,002774
categories -0,009950 -0,000003
category 0,116534 0,000067
caveat 3,506558 0,001007
cdot 2,659260 0,000764
certain 0,274437 0,000158
challenged 1,309333 0,000376
change 0,261365 0,000075
changesupload -0,009950 -0,000006
changing 0,820981 0,000472
chapman 2,120264 0,000609
chapters 2,995732 0,000861
char 2,659260 0,000764
character 1,108663 0,000318
characterized 1,660731 0,000477
chart 1,771957 0,000509
checking 1,272966 0,000366
cheng 2,040221 0,000586
chengjiang 3,912023 0,001124
chiang 3,506558 0,001007
child 1,832581 0,021585
children 1,832581 0,014214
chr 3,912023 0,003371
circles 2,659260 0,000764
citations 0,916291 0,000790
cite 0,843970 0,000727
cladograms 3,912023 0,001124
classic 0,967584 0,000278
close 0,941609 0,000270
closest 2,813411 0,000808
closing 1,514128 0,000435
code -0,009950 -0,000014
coding 1,347074 0,000387
colourful 3,912023 0,001124
combinatorial 2,525729 0,001451
combinatorics 2,120264 0,003045
common 0,072571 0,000104
commonly 0,342490 0,000098
commons -0,009950 -0,000006
commonswikidata 1,171183 0,000336
compact 1,771957 0,001527
complete 0,713350 0,003689
completely 0,941609 0,000270
complex 0,261365 0,000075
complexity 0,616186 0,000531
compressed 2,207275 0,000634
computer 0,139262 0,000360
computing 0,301105 0,000173
concepts 0,400478 0,000230
conceptual 2,040221 0,000586
conduct -0,009950 -0,000003
confused 1,108663 0,000637
connected 1,108663 0,000318
consecutive 2,659260 0,000764
conservative 2,659260 0,000764
consider 1,078810 0,000620
considers 1,897120 0,000545
consist 1,560648 0,000448
consisting 1,469676 0,001267
constructed 1,609438 0,000925
construction 1,049822 0,000302
contact -0,009950 -0,000003
contacts -0,009950 -0,000003
contain 0,693147 0,000199
containing 0,579818 0,000167
contains 0,634878 0,000912
content -0,009950 -0,000003
contents -0,009950 -0,000009
continues 1,469676 0,000422
continuum 3,218876 0,000925
contrasting 3,506558 0,001007
contribute -0,009950 -0,000003
control 0,020203 0,000006
convert 1,966113 0,000565
converting 2,302585 0,000661
cookie -0,009950 -0,000003
cormen 2,995732 0,001721
correspond 2,207275 0,001902
correspondence 2,407946 0,002075
corresponding 1,171183 0,001009
corresponds 2,995732 0,000861
countably 3,506558 0,001007
counted 2,407946 0,000692
counting 1,714798 0,000985
courier 3,506558 0,001007
cover 1,203973 0,000346
covers 1,660731 0,000477
crc 1,171183 0,001009
create -0,009950 -0,000011
creative -0,009950 -0,000003
csail 3,506558 0,001007
ctrie 3,912023 0,001124
current 0,385662 0,000997
cut 1,560648 0,000448
cycles 1,771957 0,000509
dancing 3,506558 0,001007
data 0,030459 0,000254
database 0,579818 0,000167
databases 0,127833 0,000037
datapartitioning 3,912023 0,001124
david 0,385662 0,000222
december 0,061875 0,000036
decodesuccinct 3,912023 0,003371
define 0,798508 0,000229
defined 0,248461 0,000642
defines 0,776529 0,000223
defining 1,021651 0,000587
definition 0,342490 0,001377
definitions 0,891598 0,001537
degenerate 3,218876 0,000925
degree 1,171183 0,000336
delete 1,609438 0,000462
deleted 1,966113 0,001130
deleting 2,302585 0,000661
deletion 2,659260 0,003056
delhi 2,995732 0,000861
demaine 3,506558 0,001007
denote 2,302585 0,000661
depends 0,994252 0,000286
depth 1,427116 0,002870
describe 0,820981 0,000236
described 0,430783 0,000124
describing 1,203973 0,000346
description -0,009950 -0,000009
descriptions 1,771957 0,000509
descriptionshort 0,000000 0,000000
design 0,127833 0,000073
designation 2,302585 0,000661
desired 1,347074 0,000387
determine 0,733969 0,000211
determined 1,347074 0,000774
developers -0,009950 -0,000003
dialect 3,218876 0,000925
dictionary 0,673345 0,000193
differ 1,660731 0,000477
different 0,020203 0,000058
dimensional 1,560648 0,000448
dinesh 3,218876 0,000925
directed 1,514128 0,000435
directly 0,415515 0,000119
disallowed 3,506558 0,001007
disclaimers -0,009950 -0,000003
discrete 1,171183 0,001009
displaystyle 1,386294 0,021904
distance 1,560648 0,000897
distinct 0,916291 0,000263
distinction 1,272966 0,000731
distinguish 1,347074 0,000774
distinguished 1,897120 0,001090
division 1,386294 0,000398
documents 1,078810 0,000310
don 0,916291 0,000526
donald 1,347074 0,000387
donate -0,009950 -0,000006
done 0,653926 0,000188
dotted 3,506558 0,001007
dover 2,813411 0,000808
download -0,009950 -0,000003
drawing 1,469676 0,000422
due 0,261365 0,000075
dung 3,506558 0,001007
dyck 3,912023 0,011238
dynamic 0,562119 0,000161
each 0,072571 0,000250
early 0,301105 0,000086
easily 0,843970 0,000242
edge 0,941609 0,000270
edges 2,040221 0,004103
edit -0,009950 -0,000094
editcommunity -0,009950 -0,000003
edited -0,009950 -0,000003
edition 0,579818 0,000666
edu 1,108663 0,000318
education 0,579818 0,000167
efficient 0,494296 0,000142
efficiently 1,237874 0,000356
either 0,248461 0,000286
element 1,021651 0,000587
elements 0,415515 0,000119
else 1,469676 0,000844
emde 3,506558 0,001007
emphasize 2,207275 0,000634
empty 1,427116 0,005330
ems 2,659260 0,000764
enclose 3,506558 0,001007
enclosed 2,995732 0,000861
encode 2,407946 0,000692
encodesuccinct 3,912023 0,003371
encoding 1,609438 0,000925
encodings 2,525729 0,003628
encyclopaedia 2,813411 0,000808
encyclopedia -0,009950 -0,000009
end 0,261365 0,000075
english -0,009950 -0,000003
englishsloven 0,510826 0,000147
entirely 1,386294 0,000398
entry 1,309333 0,000752
enumerative 3,218876 0,000925
equal 1,347074 0,001161
equality 2,040221 0,000586
equivalently 2,407946 0,000692
erik 1,832581 0,000526
espa 0,210721 0,000061
especially 0,415515 0,000119
essentially 1,514128 0,000435
established 0,916291 0,000263
even 0,235722 0,000203
eventsrandom -0,009950 -0,000003
every 0,261365 0,000676
everyday 1,897120 0,000545
exactly 1,171183 0,000336
example 0,030459 0,000053
examples 0,328504 0,000377
exceed 2,207275 0,001268
except 1,171183 0,000673
existing 0,673345 0,000193
exists 1,049822 0,000302
expected 0,693147 0,000199
exponential 2,040221 0,000586
export -0,009950 -0,000003
expression 1,021651 0,002054
extended 0,755023 0,001518
external 0,030459 0,000018
extra 1,609438 0,000462
fact 0,755023 0,000434
factor 0,867501 0,000249
fair 1,771957 0,000509
far 0,867501 0,000249
farther 3,912023 0,002248
farthest 3,506558 0,003022
fast 0,673345 0,000387
fenwick 3,506558 0,001007
fewer 1,897120 0,000545
fibonacci 3,218876 0,000925
filepermanent -0,009950 -0,000003
filespecial -0,009950 -0,000003
filled 2,525729 0,001451
filling 2,813411 0,000808
final 0,916291 0,000263
findstat 3,912023 0,001124
finger 2,995732 0,000861
first 0,020203 0,000099
five 0,776529 0,000446
flores 3,218876 0,000925
flum 3,912023 0,001124
following 0,210721 0,000242
follows 0,891598 0,000768
form 0,162519 0,000093
formally 1,897120 0,000545
foulds 3,506558 0,001007
found 0,385662 0,000443
foundation -0,009950 -0,000003
foundations 0,967584 0,000278
frac 2,302585 0,000661
fractal 2,813411 0,000808
fran 0,223144 0,000064
free -0,009950 -0,000006
full 0,371064 0,002452
fully 0,616186 0,000531
function 0,210721 0,000182
functions 0,356675 0,000102
fundamental 0,867501 0,000249
fusion 1,514128 0,000435
garnier 3,912023 0,001124
general -0,009950 -0,000003
generating 1,427116 0,000410
geometric 1,771957 0,000509
geq 2,813411 0,001616
get 0,733969 0,000211
given 0,261365 0,000300
goodrich 3,218876 0,000925
graph 0,994252 0,002285
graphs 1,660731 0,000477
greater 0,755023 0,000217
grohe 3,912023 0,001124
gross 2,207275 0,000634
guided 2,407946 0,000692
half 1,108663 0,000318
hall 0,653926 0,000564
handbook 0,941609 0,000270
hash 1,771957 0,001018
having 0,579818 0,000666
hazewinkel 3,506558 0,001007
heap 2,040221 0,000586
heaps 3,218876 0,002774
height 1,966113 0,007343
help 0,248461 0,000071
helplearn -0,009950 -0,000003
here 0,301105 0,000173
hererelated -0,009950 -0,000003
hide -0,009950 -0,000011
hilbert 2,302585 0,000661
hill 0,867501 0,000498
history -0,009950 -0,000006
holds 1,660731 0,000954
how 0,072571 0,000042
however 0,094311 0,000081
hrvatskibahasa 1,427116 0,000410
hsing 3,218876 0,000925
hsu 3,506558 0,001007
htree 3,912023 0,001124
https -0,009950 -0,000003
huffman 3,506558 0,002015
identical 1,514128 0,000870
idistance 3,912023 0,001124
illustrations 2,813411 0,000808
image 0,544727 0,000156
imagining 3,506558 0,001007
imparts 3,912023 0,001124
implement 0,755023 0,000217
implementation 0,328504 0,000283
implicit 1,514128 0,000870
implies 1,560648 0,000897
improve 0,274437 0,000079
ina 0,356675 0,000102
inasloven 0,616186 0,000177
inc -0,009950 -0,000003
including 0,040822 0,000012
index -0,009950 -0,000023
indexed 1,966113 0,000565
india 1,171183 0,000336
indicates 1,272966 0,000366
indices 2,120264 0,000609
indonesia 1,272966 0,000366
induction 2,207275 0,001268
inequality 2,302585 0,000661
infinite 1,771957 0,001018
informal 1,469676 0,000844
informally 2,525729 0,000726
information 0,072571 0,000146
informationcite -0,009950 -0,000003
initial 0,597837 0,000172
insert 2,207275 0,000634
inserted 2,407946 0,001383
inserting 3,218876 0,000925
insertion 2,525729 0,003628
instance 0,510826 0,000293
instead 0,301105 0,000346
institute 0,579818 0,000167
instructions 1,469676 0,000422
integer 1,272966 0,000366
interchanging 3,506558 0,001007
interconnection 2,813411 0,000808
interior 2,207275 0,000634
internal 0,634878 0,003101
internationalgndotheryale 3,912023 0,001124
internet 0,462035 0,000133
interpret 1,832581 0,000526
interpreted 1,514128 0,000435
interval 1,514128 0,000435
introduction 0,261365 0,000075
isbn 0,051293 0,000295
item -0,009950 -0,000003
iterating 3,506558 0,001007
itself 0,342490 0,000197
january 0,083382 0,000024
javascript 1,021651 0,000293
john 0,210721 0,000061
jonathan 1,347074 0,000387
july 0,127833 0,000073
jump -0,009950 -0,000003
just 0,328504 0,000094
kaufmann 1,897120 0,000545
kenneth 1,966113 0,001130
knuth 2,525729 0,001451
kraft 3,912023 0,001124
kuan 2,995732 0,000861
laakso 3,912023 0,001124
label 1,714798 0,000985
labeled 2,525729 0,000726
labelled 3,218876 0,000925
language 0,186330 0,000268
languages -0,009950 -0,000009
large 0,127833 0,000037
last -0,009950 -0,000017
lastly 3,506558 0,001007
ldots 3,506558 0,001007
leaf 2,659260 0,016807
leaning 3,912023 0,001124
learn 0,494296 0,000142
learning 0,494296 0,000142
least 0,527633 0,000909
leaves 2,120264 0,004264
lecture 1,427116 0,001230
left 0,916291 0,008950
leftist 3,912023 0,001124
legal -0,009950 -0,000003
length 1,237874 0,001422
lengths 2,659260 0,000764
leq 2,995732 0,001721
let 1,139434 0,000655
letting 2,995732 0,000861
level 0,116534 0,000402
levels 0,755023 0,000651
lfloor 3,506558 0,003022
license -0,009950 -0,000003
lih 3,912023 0,001124
like 0,072571 0,000083
limitations 1,139434 0,000327
limited 0,510826 0,000147
lin 1,660731 0,000477
line 0,356675 0,000102
link 0,162519 0,000187
linked 0,941609 0,000811
linkpage -0,009950 -0,000003
links -0,009950 -0,000023
lisp 1,386294 0,000398
list 0,083382 0,000216
listcs 2,302585 0,000661
literature 1,272966 0,000366
little 0,820981 0,000236
locality 3,218876 0,000925
log -0,009950 -0,000043
logic 0,755023 0,000217
lombard 3,218876 0,000925
long 0,287682 0,000083
lost 1,514128 0,000435
lower 0,776529 0,000223
ltd 1,203973 0,000346
lux 0,371064 0,000107
machine 0,083382 0,000024
made 0,186330 0,000054
magma 3,506558 0,001007
main -0,009950 -0,000011
maint 0,798508 0,000918
make 0,235722 0,000135
makes 0,415515 0,000119
making 0,328504 0,000094
makinson 3,912023 0,001124
man 1,139434 0,000327
manual 1,237874 0,000356
mapped 2,813411 0,000808
masked 3,506558 0,001007
mass 1,427116 0,000410
matched 1,966113 0,000565
matching 1,171183 0,000336
material 0,867501 0,000249
mathematical 0,733969 0,000211
mathematics 0,916291 0,001843
mathrm 2,995732 0,000861
maths 3,506558 0,001007
matters 1,771957 0,000509
maximum 1,386294 0,000398
mazur 2,995732 0,000861
mcgraw 1,108663 0,000637
mean 0,755023 0,000217
meaning 0,544727 0,000313
means 0,198451 0,000171
media 0,139262 0,000200
medium 1,203973 0,000346
meets 1,966113 0,000565
mehta 2,995732 0,000861
memory 0,579818 0,000167
mentioned 1,560648 0,000448
menu -0,009950 -0,000006
merge 1,897120 0,000545
merkle 2,659260 0,001528
message 0,478036 0,000137
method 0,210721 0,000182
methods 0,274437 0,000394
metric 1,966113 0,000565
michael 0,400478 0,000230
michiel 3,218876 0,000925
mikko 3,506558 0,001007
min 2,120264 0,001218
minimum 1,469676 0,000844
mit 0,776529 0,000446
mobile -0,009950 -0,000003
modern 0,314711 0,000090
more 0,010050 0,000035
morgan 1,309333 0,000376
most 0,040822 0,000082
move -0,009950 -0,000011
much 0,400478 0,000345
multiple 0,116534 0,000067
multiply 3,218876 0,000925
mutator 3,506558 0,001007
mvp 3,506558 0,001007
names 0,673345 0,000387
national 0,562119 0,000161
natural 0,733969 0,000211
naturally 2,525729 0,000726
navigation -0,009950 -0,000003
nearly 1,139434 0,000655
necessarily 1,049822 0,000302
necessary 0,616186 0,000177
need 0,248461 0,000143
needing 0,597837 0,000343
neither 1,469676 0,000422
networks 0,446287 0,000128
new 0,010050 0,000029
next 0,400478 0,000805
nguyen 2,525729 0,000726
nil 2,813411 0,002425
nist 1,771957 0,001527
node 1,203973 0,037354
nodes 1,108663 0,021020
non -0,009950 -0,000017
normal 1,139434 0,000327
normally 1,514128 0,000435
not 0,000000 0,000000
notation 1,203973 0,000692
notion 1,237874 0,000711
november 0,150823 0,000043
now 0,274437 0,000079
null 1,347074 0,001935
number 0,051293 0,000575
obtained 1,171183 0,000673
obvious 2,120264 0,001218
ocaml 1,966113 0,000565
occupies 3,218876 0,000925
occupy 2,813411 0,000808
occur 0,916291 0,000263
occurring 1,832581 0,000526
oclc 0,891598 0,000256
october 0,139262 0,000040
octree 3,912023 0,001124
off 0,776529 0,000223
often 0,127833 0,000073
oldid -0,009950 -0,000003
olesperanto 3,506558 0,001007
one 0,010050 0,000081
ones 1,309333 0,000376
online 0,415515 0,000119
only 0,051293 0,000177
operations 0,301105 0,000605
operator 1,139434 0,000655
operators 1,237874 0,000356
optimal 1,386294 0,000796
order 0,094311 0,000704
ordered 1,386294 0,004381
ordering 1,897120 0,000545
org -0,009950 -0,000003
organization -0,009950 -0,000003
original 0,030459 0,000053
other -0,009950 -0,000026
others 0,314711 0,000271
othersarticles 3,912023 0,001124
output 0,713350 0,000205
outputting 3,912023 0,001124
page -0,009950 -0,000003
pagecontentscurrent -0,009950 -0,000003
pageget -0,009950 -0,000003
pages -0,009950 -0,000003
pair 1,714798 0,001970
pairing 3,506558 0,001007
pairs 1,832581 0,000526
palindrome 3,506558 0,001007
paragraphs 2,995732 0,000861
parameterized 3,218876 0,000925
parent 1,966113 0,007343
parentheses 2,302585 0,003307
parenthesis 3,506558 0,001007
parenthesize 3,912023 0,001124
parenthesized 3,506558 0,003022
parenthesizing 3,912023 0,001124
parmar 3,506558 0,001007
part 0,127833 0,000073
particular 0,301105 0,000259
particularly 0,597837 0,000172
partitioning 2,525729 0,001451
pathological 3,218876 0,000925
paths 1,897120 0,000545
paul 0,544727 0,000156
pdf 0,139262 0,000280
pdfprintable -0,009950 -0,000003
pearson 1,347074 0,000387
per 0,616186 0,000531
perfect 1,897120 0,009265
performed 0,867501 0,000249
personal -0,009950 -0,000003
perspective 0,820981 0,000236
phi 2,407946 0,000692
php -0,009950 -0,000003
pictured 3,506558 0,001007
placement 2,120264 0,000609
plane 1,771957 0,001527
please 0,776529 0,000223
point 0,301105 0,000173
pointer 1,897120 0,000545
pointers 2,302585 0,002646
policy -0,009950 -0,000006
polskiportugu 0,916291 0,000263
portalrecent -0,009950 -0,000003
positive 1,272966 0,000366
possibility 1,560648 0,000448
possible 0,287682 0,000579
possibly 1,386294 0,001195
post 0,579818 0,000833
postfix 3,506558 0,001007
pragmatics 2,995732 0,000861
pre 0,941609 0,001623
prentice 0,994252 0,000571
preorder 3,912023 0,003371
present 0,597837 0,000172
press 0,210721 0,000303
prevailed 3,506558 0,001007
primitive 1,832581 0,000526
primitives 2,120264 0,000609
print -0,009950 -0,000006
priority 1,897120 0,001090
privacy -0,009950 -0,000006
problem 0,385662 0,000111
process 0,116534 0,000134
processed 1,609438 0,000462
produce 0,916291 0,000263
producing 1,347074 0,000387
profit -0,009950 -0,000003
programming 0,446287 0,000769
projects -0,009950 -0,000003
proof 1,560648 0,000897
proofs 1,832581 0,000526
proper 1,171183 0,001009
properly 1,309333 0,000376
properties 0,693147 0,000398
property 0,776529 0,000223
publications 0,941609 0,000270
put 0,994252 0,000571
pvt 2,659260 0,000764
pythagorean 3,912023 0,001124
qquad 3,218876 0,003699
quad 2,659260 0,000764
question 0,941609 0,000270
queue 1,771957 0,000509
quoting 2,995732 0,000861
radix 3,506558 0,001007
random 0,843970 0,000242
range 0,446287 0,000128
rather 0,287682 0,000165
rbaycancabosanski 2,995732 0,000861
readeditview 0,287682 0,000165
reading 0,342490 0,000098
rearrangement 3,506558 0,001007
records 0,994252 0,000286
recursion 2,813411 0,000808
recursive 1,771957 0,006617
recursively 2,995732 0,006885
red 1,237874 0,000711
reduced 1,078810 0,000310
redundant 2,659260 0,000764
refer 0,867501 0,000249
reference 0,478036 0,000275
references 0,020203 0,000046
referencescommons 2,995732 0,000861
referred 0,446287 0,000256
registered -0,009950 -0,000003
regular 1,049822 0,000302
related 0,051293 0,000029
relation 1,347074 0,000387
relevant 0,916291 0,000263
reliable 0,616186 0,000177
remaining 1,309333 0,000376
remember 2,525729 0,000726
remove 0,527633 0,000455
removed 0,693147 0,002190
removing 1,714798 0,000493
represent 0,733969 0,000843
representation 0,776529 0,001115
representations 1,560648 0,000448
represented 0,967584 0,000556
representing 1,108663 0,000637
represents 0,891598 0,000512
requires 0,430783 0,000124
requiring 1,049822 0,000302
resolved 2,302585 0,000661
respective 1,966113 0,000565
respectively 0,967584 0,000556
result 0,371064 0,000213
results 0,446287 0,000128
retrieved -0,009950 -0,000020
return 0,820981 0,000708
rfloor 3,506558 0,003022
rice 2,120264 0,000609
richard 0,733969 0,000211
right 0,478036 0,004532
rightmost 3,218876 0,000925
roberto 1,897120 0,000545
root 0,994252 0,006855
rooted 2,407946 0,005534
rope 2,813411 0,000808
rosen 2,813411 0,001616
rotations 3,506558 0,001007
rowan 3,506558 0,001007
safety -0,009950 -0,000003
sahni 2,995732 0,000861
samanta 3,912023 0,001124
same 0,116534 0,000167
sartaj 3,218876 0,000925
satisfies 2,302585 0,000661
satisfy 2,040221 0,000586
say 1,078810 0,000620
scapegoat 3,912023 0,001124
schemes 1,660731 0,000477
science 0,287682 0,000909
scott 0,891598 0,000256
search -0,009950 -0,000054
searching 1,832581 0,000526
second 0,342490 0,000098
section 0,562119 0,000484
sections 1,714798 0,000493
see -0,009950 -0,000011
segment 2,040221 0,000586
self 0,478036 0,000412
sentinel 3,506558 0,002015
separated 1,514128 0,000435
series 0,328504 0,000094
set 0,083382 0,000335
sets 0,776529 0,000669
setting 1,171183 0,000336
several 0,094311 0,000027
share 0,616186 0,000354
sharealike -0,009950 -0,000003
shing 3,218876 0,000925
short -0,009950 -0,000003
shortened -0,009950 -0,000003
show 0,867501 0,000249
shqipsimple 1,203973 0,000346
sibling 3,912023 0,008991
sidebar -0,009950 -0,000011
significant 0,328504 0,000094
significantly 1,171183 0,000673
similarly 0,843970 0,000242
simple 0,150823 0,000087
simplified 1,609438 0,000462
simply 0,733969 0,000422
simultaneously 1,309333 0,000376
single 0,127833 0,000220
singleton 2,813411 0,001616
site -0,009950 -0,000003
size 0,462035 0,001062
sizes 1,514128 0,000435
skew 3,218876 0,002774
skiena 3,912023 0,001124
slenskaitaliano 0,562119 0,000161
slightly 1,771957 0,000509
small 0,314711 0,000090
some 0,040822 0,000106
sometimes 0,301105 0,000173
sophisticated 1,237874 0,000356
sorted 3,506558 0,002015
sorting 2,407946 0,000692
source 0,186330 0,000054
sources 0,446287 0,000256
space 0,478036 0,000687
spatial 1,660731 0,000477
speak 2,525729 0,000726
special 0,494296 0,000426
specified 0,733969 0,000211
specify 1,272966 0,000366
splay 3,218876 0,001849
spqr 3,912023 0,001124
spring 1,660731 0,000477
springer 0,527633 0,000758
square 1,609438 0,000462
srom 1,609438 0,000462
srpskisrpskohrvatski 0,510826 0,000147
standardized 1,203973 0,000346
standards 0,462035 0,000133
stanley 2,407946 0,000692
starting 0,755023 0,000217
starts 1,609438 0,000462
statement -0,009950 -0,000003
statistic 2,813411 0,000808
statistics -0,009950 -0,000003
step 0,967584 0,000834
steven 0,916291 0,000263
still 0,342490 0,000197
storage 0,430783 0,000248
store 0,733969 0,000422
stored 0,733969 0,000422
stores 1,272966 0,000366
storing 1,171183 0,001346
strahler 3,912023 0,001124
strict 1,609438 0,000462
string 1,171183 0,001346
strings 1,514128 0,001305
structural 1,386294 0,000398
structure 0,314711 0,002079
structured 0,653926 0,000188
structures 0,673345 0,001161
structuressearch 3,912023 0,001124
subexpressions 3,912023 0,001124
subsection 0,020203 0,000029
subsections 3,912023 0,001124
subtree 3,912023 0,010114
subtrees 3,506558 0,004029
subword 3,506558 0,002015
successively 3,506558 0,001007
succinct 2,659260 0,004584
such 0,000000 0,000000
suffix 2,813411 0,000808
sum 1,347074 0,000774
suomisvenska 2,040221 0,000586
supplement 3,218876 0,000925
suppose 2,302585 0,000661
symbol 1,469676 0,000422
symbols 1,560648 0,000897
system 0,030459 0,000009
table -0,009950 -0,000006
tagged 2,207275 0,001268
tak 3,912023 0,001124
taken 0,867501 0,000249
tamassia 2,995732 0,000861
taylor 1,203973 0,000346
technology 0,186330 0,000054
template 0,328504 0,000094
tenenbaum 3,218876 0,000925
term 0,223144 0,000128
termed 2,120264 0,000609
terminology 1,309333 0,001128
terms -0,009950 -0,000009
ternary 3,218876 0,000925
text -0,009950 -0,000003
textstyle 2,659260 0,000764
than 0,072571 0,000188
that 0,000000 0,000000
themselves 0,843970 0,000242
then 0,116534 0,000469
theoretical 0,967584 0,000278
theory 0,400478 0,000805
there 0,051293 0,000147
therefore 0,478036 0,000687
these 0,040822 0,000070
third 0,356675 0,000205
this -0,009950 -0,000089
thomas 0,527633 0,000303
those 0,235722 0,000135
though 0,544727 0,000156
threaded 2,659260 0,000764
thus 0,328504 0,000472
time 0,010050 0,000009
tinadeutscheesti 2,659260 0,000764
title -0,009950 -0,000003
todd 2,407946 0,000692
together 0,579818 0,000167
toggle -0,009950 -0,000020
tools -0,009950 -0,000009
top -0,009950 -0,000014
topic -0,009950 -0,000003
topologically 3,506558 0,001007
total 0,673345 0,000580
tour 2,407946 0,000692
trade 1,139434 0,000327
trademark -0,009950 -0,000003
traversal 2,659260 0,007639
traversals 3,912023 0,002248
traverse 3,506558 0,006044
treap 3,912023 0,001124
tree 0,843970 0,045096
trees 1,469676 0,024488
treeshidden 3,912023 0,001124
trie 2,659260 0,000764
tries 1,832581 0,000526
triple 2,525729 0,002177
triples 2,659260 0,000764
triplet 3,912023 0,001124
tuple 2,525729 0,000726
turn 1,108663 0,000318
two 0,083382 0,000551
type 0,150823 0,000130
types 0,198451 0,000228
typically 0,223144 0,000064
unambiguously 3,912023 0,002248
unbalanced 3,506558 0,001007
uncountable 3,506558 0,001007
under -0,009950 -0,000006
understanding 0,562119 0,000161
undirected 3,218876 0,000925
union 1,021651 0,000293
unions 2,207275 0,000634
unique 0,916291 0,000526
uniquely 2,525729 0,000726
university 0,186330 0,000054
unlike 0,798508 0,000229
unrooted 3,912023 0,001124
unsourced 0,446287 0,000128
until 0,510826 0,000147
urldownload -0,009950 -0,000003
use -0,009950 -0,000011
used -0,009950 -0,000017
useful 0,634878 0,000547
using -0,009950 -0,000023
utc -0,009950 -0,000003
value 0,301105 0,000346
values 0,597837 0,000343
van 0,891598 0,000256
variety 0,653926 0,000188
vary 1,049822 0,000603
versa 2,302585 0,000661
version -0,009950 -0,000006
versus 1,347074 0,000387
vertex 2,995732 0,000861
very 0,314711 0,000181
vice 1,660731 0,000477
view -0,009950 -0,000017
visit 2,525729 0,005079
visited 2,659260 0,002292
visiting 2,659260 0,000764
visualizer 3,912023 0,001124
vol 0,616186 0,000177
volume 0,616186 0,000354
vtetree 3,912023 0,001124
wastes 3,506558 0,002015
way 0,198451 0,000399
wayback 0,478036 0,000275
ways 0,446287 0,000513
weak 1,832581 0,000526
weight 1,386294 0,000398
well 0,051293 0,000015
wesley 1,078810 0,000310
what -0,009950 -0,000006
when 0,030459 0,000026
where 0,072571 0,000292
whereby 1,897120 0,000545
which 0,000000 0,000000
while 0,051293 0,000088
whose 0,776529 0,000892
wikidataarticles 1,171183 0,000336
wikidatawebarchive 2,813411 0,000808
wikimedia -0,009950 -0,000009
wikipedia -0,009950 -0,000017
wikipediacontact -0,009950 -0,000003
wiley 0,562119 0,000161
without 0,094311 0,000054
wittman 3,912023 0,001124
word 0,693147 0,000796
words 0,916291 0,001316
working 0,478036 0,000137
written 0,287682 0,000165
zero 0,733969 0,000633
