aalen 3,218876 0,000453
absolut 1,660731 0,000468
abstract 0,713350 0,000100
abund 3,912023 0,000551
academ 0,693147 0,000391
academia 2,120264 0,000597
acceler 1,021651 0,000144
accept 0,634878 0,000268
accord 0,287682 0,000041
account -0,009950 -0,000013
accur 1,203973 0,000509
acf 3,218876 0,000453
achenwal 3,912023 0,001102
action -0,009950 -0,000001
activ 0,356675 0,000100
actual 0,597837 0,000253
actuari 2,302585 0,000973
ad 0,223144 0,000031
adapt 0,798508 0,000337
add -0,009950 -0,000001
addison 1,203973 0,000339
addit -0,009950 -0,000010
address 0,342490 0,000145
adequ 1,660731 0,000234
adjust 1,078810 0,000152
adlan 3,912023 0,000551
adolph 3,218876 0,000453
adopt 0,415515 0,000059
adrien 3,218876 0,000453
aerospac 1,771957 0,000250
affect 0,693147 0,000098
affluent 3,912023 0,000551
afrikaansalemannisch 2,040221 0,000287
aft 2,995732 0,000422
ag 0,941609 0,000265
against 0,462035 0,000065
agre -0,009950 -0,000003
agresti 3,912023 0,000551
agricultur 1,347074 0,000190
aic 3,218876 0,000453
aid 0,843970 0,000238
aim 0,634878 0,000179
aisfryskfurlangaeilgegaelgg 3,506558 0,000494
aka 2,525729 0,000356
akademi 3,506558 0,000494
alan 1,049822 0,000148
algebra 1,347074 0,001328
algorithm 0,462035 0,000130
all 0,000000 0,000000
allan 2,407946 0,000339
allow 0,061875 0,000052
almost 0,798508 0,000112
alreadi 0,776529 0,000219
also -0,009950 -0,000036
altern 0,342490 0,000579
although 0,287682 0,000284
alwai 0,597837 0,000084
america 0,967584 0,000409
american 0,415515 0,000410
among 0,356675 0,000352
amount 0,579818 0,000245
amp -0,009950 -0,000024
analys 1,309333 0,000369
analysi 0,186330 0,001680
analysiscategor 3,218876 0,000453
analysiscorrel 3,218876 0,000453
analyst 1,272966 0,000359
analyt 0,798508 0,000337
analyz 0,843970 0,000475
anat 3,912023 0,000551
ancient 1,660731 0,000234
ancillari 3,912023 0,000551
anderson 1,609438 0,000453
andersson 2,995732 0,000844
anecdot 3,218876 0,000453
ani 0,083382 0,000094
annual 0,776529 0,000109
anoth 0,127833 0,000090
anova 2,995732 0,002532
answer 1,171183 0,000660
anyth 2,207275 0,000311
appear -0,009950 -0,000003
appli -0,009950 -0,000031
applic 0,030459 0,000064
applicationsbiostatist 3,218876 0,000453
approach 0,174353 0,000196
appropri 0,867501 0,000122
approxim 0,891598 0,000502
ar 1,309333 0,000369
arab 1,560648 0,000659
aragon 1,171183 0,000165
arbitrari 1,049822 0,000148
arbitrarili 2,407946 0,000339
arch 1,897120 0,000267
archaeolog 2,040221 0,000862
architectur 0,400478 0,000056
archiv 0,040822 0,000098
area 0,478036 0,000471
arguabl 3,218876 0,000453
argument 1,171183 0,000495
arima 2,813411 0,000396
aris 1,469676 0,000414
arisen 3,218876 0,000453
arithmet 1,272966 0,000896
arma 2,813411 0,000396
arno 3,218876 0,000453
arnold 2,407946 0,000339
aros 2,407946 0,000339
around 0,356675 0,000151
arrang 1,560648 0,000220
art 0,673345 0,000190
articl 0,000000 0,000000
articleabout -0,009950 -0,000001
articletalk -0,009950 -0,000001
artifici 0,994252 0,000280
asia 1,560648 0,000220
ask 0,867501 0,000122
aspect 0,616186 0,000260
assembl 0,867501 0,000122
assert 1,514128 0,000427
assess 1,021651 0,000144
assign 0,798508 0,000337
assist 1,139434 0,000160
associ 0,127833 0,000144
assum 0,891598 0,000377
assumpt 1,171183 0,000330
assur 1,660731 0,000468
astronom 2,525729 0,000356
astronomi 2,120264 0,000299
astrostatist 3,912023 0,000551
asturianuava 2,525729 0,000356
asymmetr 2,407946 0,001017
asymptot 2,302585 0,000973
atom 1,309333 0,000184
attempt 0,478036 0,000202
attribut -0,009950 -0,000001
audit 1,660731 0,000468
august 0,162519 0,000023
author 0,040822 0,000006
autocorrel 3,218876 0,000453
automat 0,462035 0,000065
autoregress 2,525729 0,001067
avail -0,009950 -0,000007
averag 0,967584 0,000409
avoid 0,579818 0,000163
awai 1,139434 0,000160
ax 2,525729 0,000356
axi 2,120264 0,000597
ayisyenkrii 2,659260 0,000375
back 0,462035 0,000130
bahasa 0,186330 0,000026
balanc 1,139434 0,000160
baltimor 2,813411 0,000396
bar 1,386294 0,000391
barbara 2,120264 0,000299
barr 2,659260 0,000375
base 0,010050 0,000011
basebal 3,506558 0,000494
basi 0,820981 0,000116
basic 0,198451 0,000112
bay 2,120264 0,000597
bayesian 1,966113 0,003877
becam 0,579818 0,000082
becaus 0,127833 0,000162
begin 0,385662 0,000054
behavior 0,342490 0,000096
belgian 3,912023 0,000551
believ 1,272966 0,000359
belong 1,347074 0,000379
benefici 2,207275 0,000311
bera 3,218876 0,000453
berg 2,407946 0,000678
berlin 1,386294 0,000195
bernoulli 2,659260 0,001498
best 0,462035 0,000130
betawibikol 3,912023 0,000551
beth 2,995732 0,000422
better 0,494296 0,000139
beyond 0,713350 0,000301
bia 1,660731 0,001871
bias 2,407946 0,000678
bibcod 0,693147 0,000391
bic 2,995732 0,000422
big 0,673345 0,000285
bill 0,776529 0,000109
binomi 2,302585 0,000973
bioinformat 1,660731 0,000234
biolog 1,427116 0,000402
biologi 1,347074 0,002277
biologist 3,912023 0,000551
biometr 2,995732 0,000422
biometri 3,912023 0,000551
biometrika 3,506558 0,000494
biostatist 3,218876 0,001360
biplot 3,218876 0,000453
black 1,203973 0,000170
blackwel 2,120264 0,000299
blais 3,506558 0,000494
blind 2,120264 0,000299
block 0,597837 0,000168
blue 1,560648 0,000440
blunder 3,506558 0,000988
bmc 3,218876 0,000453
bodi 0,867501 0,000244
bokm 0,127833 0,000018
book 0,210721 0,000119
boolean 1,560648 0,000220
bootstrap 2,040221 0,001149
boston 1,560648 0,000220
botani 2,659260 0,000375
bound 1,171183 0,000495
box 0,843970 0,000475
branch 1,021651 0,000432
brandenburgischen 3,912023 0,000551
break 0,733969 0,000103
breusch 3,218876 0,000453
brian 1,108663 0,000156
bridg 1,427116 0,000402
britannica 1,897120 0,000534
british 1,203973 0,000170
broad 1,203973 0,000170
broaden 2,659260 0,000375
broemel 3,506558 0,000494
bruneau 3,912023 0,000551
brussel 3,218876 0,000453
bruxel 3,912023 0,000551
built 0,462035 0,000065
burnett 3,506558 0,000494
busi 0,287682 0,000891
calcul 0,916291 0,000258
calculu 1,560648 0,000659
call 0,030459 0,000056
cambridg 0,755023 0,000638
cancer 2,525729 0,001067
cannot 0,314711 0,000133
canon 1,714798 0,000242
capabl 0,562119 0,000158
capit 0,994252 0,000140
captur 0,916291 0,000129
caramuel 3,912023 0,000551
cardano 2,525729 0,000356
carl 1,771957 0,000499
carlo 1,714798 0,000242
carri 0,967584 0,000136
cartographi 3,218876 0,001360
case 0,083382 0,000106
catal 0,094311 0,000013
categor 1,171183 0,001320
categori -0,009950 -0,000010
caus 0,430783 0,000303
causal 2,120264 0,001493
causat 3,218876 0,000453
celebr 2,302585 0,000324
cell 1,469676 0,000207
cellular 1,714798 0,000242
celsiu 3,218876 0,000453
censor 2,995732 0,000844
censu 2,407946 0,001017
center 0,415515 0,000117
central 0,478036 0,000269
centralbislamabosanskibrezhoneg 3,912023 0,000551
centuri 0,843970 0,001308
certain 0,274437 0,000039
certainti 2,995732 0,000422
certif 1,078810 0,000152
cetinkaya 3,912023 0,000551
cfa 2,659260 0,000375
cgisi 3,912023 0,000551
chain 0,843970 0,000119
challeng 0,400478 0,000056
chanc 1,660731 0,000702
chang 0,051293 0,000065
changesupload -0,009950 -0,000003
channel 1,049822 0,000591
chapter 0,891598 0,000126
character 1,203973 0,000339
characterist 0,843970 0,000238
chart 1,309333 0,001291
check 0,634878 0,000089
chemistri 1,427116 0,000804
chemometr 3,218876 0,000907
chi 2,207275 0,001244
child 1,771957 0,000499
choic 0,755023 0,000106
choos 0,916291 0,000129
chosen 1,469676 0,000207
chrisman 3,912023 0,001102
christiaan 3,506558 0,000494
cid 0,356675 0,000301
citat 0,248461 0,000070
civil 1,309333 0,000184
claim 0,634878 0,000179
clarif 1,832581 0,000516
class 0,446287 0,000126
classic 0,544727 0,000153
classif 1,021651 0,000719
classifi 0,967584 0,000273
clear 1,049822 0,000148
clinic 1,832581 0,000774
close 0,356675 0,000100
cluster 1,272966 0,000538
cnx 3,218876 0,000453
cochran 2,995732 0,000422
code -0,009950 -0,000003
coeffici 2,040221 0,002011
cohen 2,207275 0,001244
cohort 3,218876 0,000907
coin 0,941609 0,000265
cointegr 2,995732 0,000422
collabor 0,941609 0,000133
collat 3,218876 0,000453
collect 0,274437 0,000773
collectionstudi 3,218876 0,000453
colleg 1,514128 0,000427
columbia 2,302585 0,000324
column 1,660731 0,000234
com 0,150823 0,000064
combin 0,261365 0,000074
combinator 2,120264 0,000299
come 0,356675 0,000352
commentari 2,525729 0,000356
commit 1,108663 0,000156
common -0,009950 -0,000008
commonli 0,342490 0,000048
commonsnew 2,659260 0,000375
commonswikibookswikiquotewikiversitywikidata 2,302585 0,000324
commut 2,302585 0,000324
compani 0,342490 0,000145
compar 0,342490 0,000048
comparison 0,371064 0,000052
complet 0,223144 0,000063
complex 0,186330 0,000157
complic 1,427116 0,000201
compon 0,261365 0,000110
compos 1,171183 0,000165
compris 1,714798 0,000483
compt 3,506558 0,000988
comput 0,020203 0,000091
computation 2,207275 0,000311
computeris 3,218876 0,000453
concept 0,198451 0,000307
conceptu 1,469676 0,000207
concern 0,597837 0,000758
concis 1,966113 0,000277
conclus 1,660731 0,001403
condit 0,579818 0,000408
conduct -0,009950 -0,000004
confid 1,771957 0,003494
conform 1,272966 0,000179
confound 2,813411 0,001981
confus 0,693147 0,000098
congr 3,912023 0,000551
congress 1,771957 0,000499
conjectandi 3,506558 0,000988
conjectur 2,813411 0,000793
conjoint 3,912023 0,000551
connect 0,430783 0,000121
consecut 2,659260 0,000375
consid 0,274437 0,000155
consider 0,713350 0,000502
consist 0,301105 0,000127
construct 0,579818 0,000082
consult 1,386294 0,000391
contact -0,009950 -0,000006
contain 0,162519 0,000092
contempl 3,218876 0,000453
content -0,009950 -0,000007
context 0,446287 0,000063
conting 2,120264 0,000597
continu 0,174353 0,000123
contradict 2,407946 0,000339
contraharmon 3,218876 0,000453
contrast 0,891598 0,000502
contribut -0,009950 -0,000007
control 0,020203 0,000037
convent 0,891598 0,000126
converg 1,832581 0,000516
convict 2,995732 0,000422
cook 1,771957 0,000250
cooki -0,009950 -0,000001
cope 2,995732 0,000422
correct 0,820981 0,000231
correctli 1,832581 0,000516
correl 1,347074 0,005123
correlationregress 3,218876 0,000453
correlogram 3,218876 0,000453
corsucymraegdanskdeutsch 3,912023 0,000551
count 0,916291 0,000903
countri 0,867501 0,000367
coupl 1,514128 0,000213
cours 0,967584 0,001090
court 1,427116 0,000201
covari 2,525729 0,000711
cover 0,733969 0,000414
creat -0,009950 -0,000003
creation 0,653926 0,000092
creativ -0,009950 -0,000001
credibl 2,407946 0,000678
credo 3,912023 0,000551
cricket 3,912023 0,000551
crime 1,469676 0,000414
crimin 1,771957 0,000250
crise 2,995732 0,000422
criterion 1,966113 0,000277
critic 0,385662 0,000435
cross 0,562119 0,000238
cryptograph 1,897120 0,000802
cryptolog 2,525729 0,000356
crystal 2,813411 0,000396
cubic 3,218876 0,000453
culmin 2,525729 0,000356
current 0,210721 0,000030
curv 1,309333 0,000184
dai 0,562119 0,000158
damn 2,995732 0,000422
darl 2,659260 0,000375
darrel 3,218876 0,001360
darwinian 3,506558 0,000494
data 0,030459 0,000455
databas 0,072571 0,000010
datacent 2,525729 0,000356
datajapanczech 1,469676 0,000207
dataset 1,714798 0,000242
date 0,210721 0,000059
david 0,385662 0,000272
de 2,040221 0,000287
deal 0,843970 0,000594
dealt 2,659260 0,000375
dean 2,525729 0,000711
death 1,897120 0,000267
debat 1,272966 0,000179
deborah 2,995732 0,000422
decad 1,078810 0,000152
decemb 0,061875 0,000035
deciph 2,995732 0,000844
decis 0,400478 0,000508
decod 2,302585 0,000324
decomposit 2,120264 0,000299
deduc 2,407946 0,001017
default 0,693147 0,000098
defend 1,966113 0,000554
defin 0,116534 0,000115
definit 0,186330 0,000052
degre 0,916291 0,000387
deliber 1,771957 0,000250
demograph 1,897120 0,000267
demographi 2,995732 0,000844
den 2,525729 0,000711
densiti 1,660731 0,000702
denworth 3,912023 0,000551
depart 0,843970 0,000357
depend 0,105361 0,000178
der 1,609438 0,000680
deriv 0,494296 0,000278
describ 0,174353 0,000196
descript -0,009950 -0,000034
descriptionshort 0,000000 0,000000
design 0,040822 0,000098
desir 0,941609 0,000133
destroi 2,040221 0,000575
detail 0,510826 0,000072
determin 0,342490 0,000386
determinist 1,771957 0,000250
deutschen 3,506558 0,000494
devast 2,995732 0,000422
develop -0,009950 -0,000020
development 2,525729 0,000356
deviat 1,771957 0,002246
diagnost 2,040221 0,000287
diagram 1,560648 0,000440
dichotom 3,912023 0,000551
dickei 3,218876 0,000453
dictionari 0,616186 0,000608
diez 3,912023 0,000551
differ 0,010050 0,000034
differenti 0,916291 0,000645
difficult 0,597837 0,000084
digit 0,400478 0,000056
digital 3,912023 0,000551
diophantin 2,525729 0,000356
direct 0,261365 0,000037
disambigu 1,049822 0,000148
discern 3,506558 0,000494
disciplin 1,203973 0,002204
disclaim -0,009950 -0,000001
discov 1,108663 0,000156
discret 1,049822 0,000591
discrimin 2,525729 0,000711
discuss 0,494296 0,000139
diseas 1,966113 0,000277
dispers 2,302585 0,001297
displai 0,755023 0,000106
displaystyl 1,386294 0,000195
disprov 3,912023 0,001653
distanc 1,514128 0,000853
distinct 0,544727 0,000230
distinguish 0,733969 0,000207
distribut 0,198451 0,000783
disturb 2,813411 0,000793
diverg 1,966113 0,000277
divers 1,469676 0,000414
document 0,328504 0,000046
dodg 2,813411 0,000396
doi 0,162519 0,000481
domain 0,544727 0,000153
donald 1,347074 0,000190
donat -0,009950 -0,000003
done 0,653926 0,000092
doubt 2,525729 0,000356
down 0,597837 0,000168
download -0,009950 -0,000001
draw 0,994252 0,000280
drawn 2,120264 0,000299
drennan 3,912023 0,000551
driven 0,867501 0,000122
drug 1,609438 0,000680
dswo 3,912023 0,000551
due 0,261365 0,000074
durbin 2,813411 0,000396
duxburi 3,506558 0,000494
each 0,072571 0,000051
earli 0,301105 0,000297
earlier 1,139434 0,000481
earliest 1,021651 0,000144
earth 1,272966 0,000179
easier 1,049822 0,000148
easiest 3,912023 0,000551
ecolog 1,560648 0,000440
econom 0,653926 0,001474
econometr 1,966113 0,001108
ed 0,798508 0,000225
eda 3,506558 0,000988
edit -0,009950 -0,000053
editcommun -0,009950 -0,000001
edu 1,108663 0,000156
educ 0,494296 0,000487
edward 1,139434 0,000642
eesti 3,506558 0,000494
effect 0,274437 0,000541
effici 0,287682 0,000162
egon 3,912023 0,000551
either 0,248461 0,000140
electr 0,891598 0,000251
electron 0,430783 0,000121
elementari 1,771957 0,000749
elio 3,912023 0,000551
ellipt 2,407946 0,000339
elsevi 1,203973 0,000339
emait 1,560648 0,000220
emerg 0,527633 0,000223
emphasi 1,771957 0,000250
empir 1,108663 0,000468
emploi 0,673345 0,000190
encompass 1,660731 0,000234
encount 1,966113 0,000277
encrypt 1,139434 0,000160
encyclopedia -0,009950 -0,000013
end 0,186330 0,000026
energi 0,843970 0,000119
engin 0,061875 0,000105
english -0,009950 -0,000007
enter 1,049822 0,000148
entir 0,597837 0,000084
entomolog 2,659260 0,000375
environ 0,385662 0,000054
environment 1,049822 0,000296
epidemiolog 2,659260 0,001124
equal 0,843970 0,000238
equat 1,386294 0,001562
equival 0,820981 0,000116
erol 3,912023 0,001102
error 0,430783 0,002366
esculapio 3,912023 0,000551
espa 0,210721 0,000030
establish 0,634878 0,000268
estim 0,820981 0,006360
ethic 1,309333 0,000184
etymolog 1,966113 0,000554
euclidean 2,302585 0,000324
eugen 1,966113 0,000277
europ 0,941609 0,000265
evalu 0,562119 0,000158
even 0,235722 0,000133
event 0,356675 0,000050
eventsrandom -0,009950 -0,000001
everi 0,261365 0,000110
everitt 3,912023 0,000551
everydai 1,832581 0,000258
everyth 1,309333 0,000184
evid 1,272966 0,000717
evolut 0,820981 0,000347
evolutionari 1,832581 0,000516
exagger 3,218876 0,000453
examin 0,867501 0,000489
exampl 0,020203 0,000040
excel 1,714798 0,000242
exist 0,186330 0,000052
expans 1,309333 0,000184
expect 0,494296 0,000278
expedit 2,659260 0,000375
experi 0,510826 0,001871
experienc 1,966113 0,000277
experiment 0,916291 0,002968
expert 1,078810 0,000152
expertis 1,897120 0,000534
explain 0,798508 0,000112
explan 1,771957 0,000250
explor 0,820981 0,000116
exploratori 1,966113 0,001108
exponenti 1,560648 0,000659
export -0,009950 -0,000001
exposur 1,560648 0,000220
express 0,544727 0,000153
extend 0,385662 0,000109
extens 0,342490 0,000096
extent 1,386294 0,000781
extern 0,030459 0,000009
extract 1,108663 0,000156
extrem 0,941609 0,000133
eyelash 3,912023 0,000551
face 1,021651 0,000288
fact 0,579818 0,000572
factor 0,544727 0,000307
factori 1,514128 0,000213
fahrenheit 3,912023 0,000551
fail 0,693147 0,000293
failur 1,021651 0,000288
fallaci 3,218876 0,000907
fals 1,237874 0,001743
famili 0,994252 0,000560
famou 1,771957 0,000250
fan 1,832581 0,000258
far 0,867501 0,000122
fat 1,966113 0,000277
favor 1,139434 0,000321
feasibl 1,771957 0,000250
featur 0,210721 0,000059
februari 0,061875 0,000009
feedback 1,309333 0,000184
fermat 2,995732 0,000422
field 0,314711 0,000310
figur 1,272966 0,000179
fiji 1,897120 0,000267
file 0,446287 0,000063
fileperman -0,009950 -0,000001
filespeci -0,009950 -0,000001
film 1,386294 0,000195
final 0,494296 0,000070
financ 0,843970 0,000238
financi 0,776529 0,000109
find 0,371064 0,000314
finit 1,560648 0,000220
fire 1,560648 0,000220
first 0,020203 0,000034
fisher 2,040221 0,004023
fisherian 3,506558 0,000494
fit 1,203973 0,001017
float 1,347074 0,000190
flower 2,659260 0,000375
focu 0,755023 0,000106
follow 0,072571 0,000041
forc 0,597837 0,000084
forecast 1,078810 0,000304
forest 1,832581 0,000258
form 0,072571 0,000041
formal 0,510826 0,000288
former 1,049822 0,000296
formul 1,714798 0,000242
found 0,274437 0,000193
foundat -0,009950 -0,000008
founder 1,714798 0,000725
fourier 2,040221 0,000287
fraction 1,514128 0,000213
framework 0,287682 0,000122
franca 1,609438 0,000227
franci 1,347074 0,001138
franklin 2,407946 0,000339
free -0,009950 -0,000003
freedman 3,506558 0,000494
freedom 1,609438 0,000227
frequenc 1,078810 0,000608
frequent 0,916291 0,000258
frequentist 2,813411 0,001189
freund 2,995732 0,000422
friedman 1,771957 0,000250
friedrich 2,407946 0,000678
friend 2,040221 0,000287
full 0,371064 0,000052
fuller 2,525729 0,000356
fulli 0,616186 0,000087
function 0,030459 0,000051
fundament 0,478036 0,000135
further 0,139262 0,000059
furthermor 1,272966 0,000179
futur 0,235722 0,000100
gain 0,616186 0,000087
galton 3,218876 0,002267
game 0,478036 0,000202
gap 1,347074 0,000190
gather 1,469676 0,000621
gauss 2,407946 0,001017
gave 1,660731 0,000234
gayon 3,912023 0,000551
gei 3,912023 0,000551
gener -0,009950 -0,000024
genet 1,714798 0,001208
geograph 1,078810 0,000456
geographi 2,207275 0,000622
geologi 2,525729 0,000356
geometr 1,771957 0,000749
geometri 1,347074 0,000569
geoscienc 2,995732 0,000422
geostatist 3,218876 0,000453
german 1,386294 0,001562
gerolamo 3,506558 0,000494
ghilini 3,912023 0,000551
gibb 2,995732 0,000422
gift 3,218876 0,000907
gigerenz 3,912023 0,000551
girolamo 3,912023 0,000551
give 0,446287 0,000566
given 0,261365 0,000552
glossari 0,867501 0,000367
go 1,237874 0,000174
goal 0,562119 0,000079
godfrei 3,218876 0,000453
golden 2,525729 0,000356
gonz 2,995732 0,000422
good 0,616186 0,000087
gordon 1,966113 0,000554
gosset 3,912023 0,000551
gottfri 2,813411 0,000793
govern 0,544727 0,000153
grade 3,218876 0,000453
granger 2,813411 0,000396
graph 0,967584 0,000409
graphic 0,733969 0,000207
grattan 3,506558 0,000494
graunt 3,912023 0,000551
green 0,916291 0,000129
greenland 3,506558 0,000494
gretl 3,506558 0,000494
griffin 2,995732 0,000422
grind 2,813411 0,000396
group 0,186330 0,000210
grow 0,653926 0,000184
guid 0,287682 0,000122
guilt 3,912023 0,000551
guilti 2,995732 0,000422
guin 3,218876 0,000453
gwiyannenkurd 2,659260 0,000375
haenszel 3,218876 0,000453
hagu 3,912023 0,001102
hai 2,813411 0,000396
half 1,108663 0,000156
hand 0,494296 0,000209
handbook 0,941609 0,000133
handi 3,912023 0,000551
hardwar 0,579818 0,000082
harmon 1,714798 0,000483
haselen 3,912023 0,000551
hawai 3,506558 0,000494
hawthorn 3,912023 0,002755
hay 2,813411 0,000396
hazard 1,966113 0,000554
hdl 1,049822 0,000148
heavili 1,203973 0,000339
hebrew 2,120264 0,000299
height 1,771957 0,000250
heinz 2,525729 0,000356
helen 2,659260 0,000375
help 0,174353 0,000074
helplearn -0,009950 -0,000001
henc 1,347074 0,000190
here 0,301105 0,000042
hered 3,506558 0,000494
hererel -0,009950 -0,000001
heronian 3,218876 0,000453
heteroscedast 3,218876 0,000453
heteroskedast 3,218876 0,000453
hichcock 3,912023 0,000551
hide -0,009950 -0,000006
hierarch 1,832581 0,000258
higham 3,912023 0,000551
highli 0,867501 0,000122
hindif 2,659260 0,000375
histogram 2,813411 0,000396
histor 0,579818 0,000082
histori -0,009950 -0,000017
hit 1,469676 0,000207
hoad 3,912023 0,000551
hodg 2,407946 0,000339
holm 3,218876 0,000453
holt 3,218876 0,000453
homm 3,912023 0,000551
homolog 2,525729 0,000356
homoscedast 3,218876 0,000453
homotopi 2,525729 0,000356
hopkin 1,966113 0,000277
hous 0,820981 0,000116
houston 2,813411 0,000396
how 0,072571 0,000133
howev 0,094311 0,000080
hrvatskijaku 2,659260 0,000375
http -0,009950 -0,000001
huff 3,912023 0,002755
human 0,527633 0,000149
huygen 3,506558 0,000494
hypercomplex 2,525729 0,000356
hypothes 2,207275 0,002176
hypothesi 1,897120 0,012558
ibanidobahasa 2,813411 0,000396
ibn 2,813411 0,000396
ichthyolog 2,659260 0,000375
idea 0,527633 0,000149
ideal 1,514128 0,000427
ident 0,820981 0,000116
identif 1,139434 0,000160
idhliggalego 2,525729 0,000356
iid 3,506558 0,000988
iliff 3,912023 0,000551
illowski 3,912023 0,001102
illumin 2,995732 0,001266
illus 2,407946 0,000339
illustr 1,203973 0,000339
imag 0,494296 0,000070
immedi 0,967584 0,000136
impact 0,544727 0,000077
implement 0,105361 0,000015
impli 0,994252 0,000420
implic 1,309333 0,000184
import 0,162519 0,000183
impract 2,813411 0,000396
imprecis 2,813411 0,000396
improv 0,150823 0,000064
ina 0,356675 0,000050
inadvert 2,995732 0,000422
inasloven 0,616186 0,000087
inc -0,009950 -0,000006
includ 0,000000 0,000000
incom 1,272966 0,000179
incorrect 2,207275 0,000622
increas 0,287682 0,000243
increasingli 0,776529 0,000109
inde 1,714798 0,000242
independ 0,527633 0,000297
index -0,009950 -0,000010
indic 0,356675 0,000050
indict 3,912023 0,000551
individu 0,314711 0,000044
indonesiainterlingua 1,660731 0,000234
induc 2,040221 0,000575
induct 1,832581 0,000516
industri 0,356675 0,000201
infer 1,139434 0,003210
inferencepoint 3,218876 0,000453
inferencestatist 3,218876 0,000453
inferenti 3,506558 0,006914
influenc 0,579818 0,000163
inform 0,061875 0,000157
informationcit -0,009950 -0,000001
inherit 1,609438 0,000227
initi 0,235722 0,000033
inject 1,386294 0,000195
innoc 3,218876 0,000907
inquiri 2,659260 0,000375
insight 1,309333 0,000184
instanc 0,478036 0,000067
instead 0,301105 0,000042
institut 0,446287 0,000440
instrument 1,049822 0,000148
insuffici 1,966113 0,000277
insur 1,427116 0,000201
integ 1,139434 0,000160
integr 0,174353 0,000025
intellig 0,510826 0,000144
intend 0,478036 0,000067
intens 1,427116 0,000201
intent 1,171183 0,000165
intention 2,207275 0,000311
interact 0,356675 0,000100
interest 0,478036 0,000269
intern 0,040822 0,000063
internationalgndnationalunit 1,108663 0,000156
interpret 0,579818 0,001062
interquartil 3,218876 0,000453
interv 1,386294 0,006834
introduc 0,210721 0,000119
introduct 0,210721 0,000089
introductori 2,302585 0,001297
intuit 2,207275 0,000311
inuktitutisizulu 3,506558 0,000494
invari 2,120264 0,000299
invent 1,021651 0,000144
inventionsdataform 3,912023 0,000551
investig 1,078810 0,000608
invit 2,407946 0,000339
involv 0,415515 0,000527
ioannidi 3,506558 0,000988
iri 2,040221 0,000287
irv 3,506558 0,000494
isabel 3,218876 0,000453
isbn 0,051293 0,000246
islam 2,207275 0,000311
isoton 3,218876 0,000453
isplattd 2,120264 0,000299
issn 0,478036 0,000135
issu 0,314711 0,000133
italian 2,040221 0,000287
item -0,009950 -0,000001
itself 0,342490 0,000096
jackknif 3,218876 0,000907
jacob 1,832581 0,000516
jame 0,634878 0,000179
jan 1,386294 0,000195
januari 0,083382 0,000012
jarqu 3,218876 0,000453
jawakab 3,506558 0,000494
jenkin 2,813411 0,000396
jera 3,912023 0,000551
jerom 2,659260 0,000375
jerzi 3,506558 0,000988
johansen 3,218876 0,000453
john 0,198451 0,000112
jonckheer 3,218876 0,000453
jone 1,386294 0,000195
journal 0,186330 0,000420
jrssd 3,912023 0,000551
jstor 0,843970 0,000832
juan 2,207275 0,000311
juli 0,127833 0,000072
julian 2,813411 0,000396
jump -0,009950 -0,000001
june 0,094311 0,000027
juri 2,525729 0,000356
jurimetr 3,218876 0,000907
just 0,328504 0,000046
justif 2,525729 0,000356
juta 3,912023 0,000551
kaplan 2,407946 0,000339
kappa 3,218876 0,000453
karl 1,966113 0,000831
kei 0,314711 0,000044
kel 2,813411 0,000396
kendal 2,813411 0,000396
kenneth 1,966113 0,000277
kernowekkiswahilikrei 3,506558 0,000494
khalil 3,218876 0,000453
kind 0,673345 0,000474
kindi 2,995732 0,000422
knot 2,407946 0,000339
know 0,653926 0,000276
knowledg 0,597837 0,000253
known 0,127833 0,000036
kolmogorov 2,659260 0,000375
krige 3,218876 0,000453
kruskal 2,813411 0,000793
kurtosi 2,995732 0,000422
label 1,049822 0,000148
lack 0,544727 0,000153
ladi 3,506558 0,000494
ladino 3,912023 0,000551
laerd 3,912023 0,000551
lagrang 2,813411 0,000396
lake 2,659260 0,000375
landmark 2,659260 0,000375
languag -0,009950 -0,000007
larg 0,127833 0,000108
larger 0,941609 0,000398
largest 1,108663 0,000156
lash 3,912023 0,000551
last -0,009950 -0,000001
late 0,733969 0,000207
later 0,223144 0,000063
latin 1,660731 0,000702
latinalatvi 1,203973 0,000170
latter 0,916291 0,000387
law 0,653926 0,000276
lazo 3,912023 0,001102
lead 0,287682 0,000203
leaf 2,659260 0,000375
learn 0,162519 0,000160
least 0,527633 0,001263
leav 1,078810 0,000152
led 0,446287 0,000126
lee 0,994252 0,000140
left 0,916291 0,000129
legal -0,009950 -0,000001
legendr 2,995732 0,000422
lehmann 3,218876 0,000907
lehmer 3,218876 0,000453
leiden 3,912023 0,000551
lend 1,966113 0,000277
length 1,237874 0,000174
lessen 2,813411 0,000396
letter 0,843970 0,000119
level 0,083382 0,000117
lez 2,995732 0,000422
li 1,832581 0,001291
librari 0,356675 0,000201
licens -0,009950 -0,000001
lie 2,120264 0,000896
light 1,049822 0,000296
ligurelimburgslingua 3,912023 0,000551
like 0,051293 0,000022
likelihood 1,897120 0,002405
lilliefor 3,218876 0,000453
lim 2,659260 0,000375
limit 0,186330 0,000105
lincoln 2,995732 0,000422
line 0,261365 0,000221
linear 0,916291 0,002581
linguist 2,040221 0,000287
link -0,009950 -0,000007
linkpag -0,009950 -0,000001
linksarticl 1,021651 0,000144
lippincott 3,912023 0,000551
list 0,051293 0,000094
literaci 2,813411 0,000396
littl 0,820981 0,000116
live 0,733969 0,000310
ljung 3,218876 0,000453
lnorsk 0,653926 0,000092
loaiza 3,912023 0,000551
locat 0,527633 0,000223
log -0,009950 -0,000006
logic 0,616186 0,000434
logist 1,609438 0,000227
london 0,941609 0,000530
longitud 3,912023 0,000551
look 0,478036 0,000202
loos 1,609438 0,000227
loss 0,891598 0,000126
lovric 3,912023 0,001653
lower 0,673345 0,000285
lowest 1,897120 0,000267
ltd 1,203973 0,000170
lund 3,218876 0,000453
lung 3,218876 0,001360
lurk 3,912023 0,000551
lutz 3,218876 0,000453
lux 0,371064 0,000052
lydia 3,912023 0,000551
lyle 3,218876 0,000453
machin 0,040822 0,000040
macmillan 1,660731 0,000234
made 0,186330 0,000210
magazin 0,755023 0,000106
magyar 1,049822 0,000148
main -0,009950 -0,000027
mainli 1,021651 0,000288
maintain 0,400478 0,000056
major 0,223144 0,000157
make 0,061875 0,000096
malagasi 2,040221 0,000287
malt 3,218876 0,000453
man 0,843970 0,000238
manag 0,105361 0,000104
mani 0,061875 0,000061
manipul 0,673345 0,000664
mann 2,302585 0,001297
manova 3,218876 0,000453
mantel 2,995732 0,000422
manual 0,994252 0,000140
manufactur 1,171183 0,000165
manuscript 2,525729 0,000356
map 0,616186 0,000087
mar 2,120264 0,000597
march 0,116534 0,000066
mari 1,347074 0,000379
market 0,446287 0,000126
markov 1,771957 0,000250
marriag 3,218876 0,000453
mass 1,309333 0,000184
master 0,941609 0,000133
match 0,400478 0,000056
mate 2,995732 0,000422
materi 0,616186 0,000087
mathcal 3,506558 0,000494
mathemat 0,616186 0,005294
mathematica 2,407946 0,000339
mathematician 1,966113 0,001108
matter 1,049822 0,000148
maximum 1,386294 0,000586
mccarnei 3,912023 0,000551
mcnemar 3,218876 0,000453
mdp 2,995732 0,000422
mean 0,083382 0,000247
meaning 1,966113 0,001385
meant 1,514128 0,000213
meanwhil 2,207275 0,000311
measur 0,371064 0,001620
mechan 0,356675 0,000100
med 2,659260 0,000375
median 2,407946 0,001017
medic 1,108663 0,000625
medicin 1,427116 0,000603
mediev 2,302585 0,000324
meier 2,813411 0,000396
melayumirand 2,995732 0,000422
member 0,562119 0,000158
membership 1,771957 0,000250
mendelian 3,912023 0,000551
menu -0,009950 -0,000003
mere 1,609438 0,000453
messag 0,400478 0,000226
meteorolog 2,120264 0,000299
method 0,150823 0,000998
methodol 3,912023 0,000551
methodolog 0,994252 0,000560
methodshidden 3,912023 0,000551
mi 2,659260 0,000375
mid 0,994252 0,000140
mindless 3,912023 0,000551
mine 0,916291 0,000387
minim 0,579818 0,000082
minimum 1,469676 0,000414
minor 1,309333 0,000184
miodrag 3,912023 0,001653
misinterpret 3,506558 0,000988
miss 0,867501 0,000855
missouri 3,506558 0,000494
mistrust 3,912023 0,000551
misunderstand 3,912023 0,000551
misus 1,897120 0,002939
mix 0,891598 0,000126
mobil -0,009950 -0,000001
mode 0,755023 0,000213
model 0,116534 0,000640
modern 0,314711 0,000355
modifi 0,527633 0,000297
molecular 2,120264 0,000299
moment 1,560648 0,002198
mong 3,912023 0,000551
monoton 2,302585 0,000324
mont 2,302585 0,000324
monthli 1,609438 0,000227
moor 1,714798 0,000242
more 0,010050 0,000014
mortal 2,995732 0,000422
mose 3,506558 0,000494
most 0,040822 0,000052
mostel 3,912023 0,001102
move -0,009950 -0,000007
moyen 3,506558 0,000494
mswd 3,912023 0,000551
multilevel 2,659260 0,000375
multilinear 2,120264 0,000299
multimedia 1,386294 0,000195
multipl 0,094311 0,000040
multipli 1,560648 0,000220
multivari 1,966113 0,001938
mycolog 2,659260 0,000375
name 0,162519 0,000092
nanotechnolog 2,407946 0,000339
natalia 2,995732 0,000422
nation 0,527633 0,000520
natur 0,356675 0,000553
naturalist 3,912023 0,000551
navig -0,009950 -0,000001
nearli 1,139434 0,000160
necessari 0,616186 0,000174
necessarili 1,049822 0,000444
nederland 0,415515 0,000059
need 0,030459 0,000039
neg 0,967584 0,000273
nelder 3,506558 0,001482
nelson 2,040221 0,000287
netovep 2,813411 0,000396
network 0,127833 0,000036
neural 1,609438 0,000227
never 1,021651 0,000288
new 0,010050 0,000014
neyman 3,912023 0,001653
nica 3,218876 0,000453
nichola 1,560648 0,000440
nikoletsea 3,912023 0,000551
nixon 2,813411 0,000793
nois 1,427116 0,000804
nomin 2,302585 0,000973
non -0,009950 -0,000008
nonlinear 1,966113 0,000831
nonparametr 3,218876 0,000907
nordfriisknorsk 1,714798 0,000242
normal 0,673345 0,000759
norton 2,302585 0,000649
not 0,000000 0,000000
notat 0,941609 0,000265
note 0,150823 0,000021
noteworthi 3,218876 0,000453
notic 1,427116 0,000402
notion 1,171183 0,000165
noun 2,813411 0,000793
novalombardmadhur 2,813411 0,000396
novemb 0,150823 0,000021
novic 2,407946 0,000339
now 0,274437 0,000077
null 1,309333 0,005901
number 0,040822 0,000040
numer 0,430783 0,000425
nynorskoccitan 1,897120 0,000267
o 3,506558 0,000494
object 0,174353 0,000025
observ 0,820981 0,003585
obtain 0,733969 0,000620
occur 0,510826 0,000288
octob 0,139262 0,000039
odd 2,659260 0,000375
offer 0,248461 0,000105
offic 0,733969 0,000103
offici 0,653926 0,000184
often 0,127833 0,000216
old 0,994252 0,000140
oldid -0,009950 -0,000001
olesperantoestrem 2,525729 0,000356
onc 0,527633 0,000074
onli 0,051293 0,000051
onlin 0,415515 0,000117
onmathemat 2,995732 0,000422
open 0,150823 0,000064
openintro 3,912023 0,000551
openstax 2,995732 0,000422
oper 0,010050 0,000004
opinion 1,347074 0,000379
opportun 1,139434 0,000160
opposit 1,714798 0,000483
optim 0,415515 0,000176
order 0,094311 0,000106
ordin 2,207275 0,000933
ordinari 1,272966 0,000359
org -0,009950 -0,000004
organ -0,009950 -0,000006
organis 1,560648 0,000220
orig 3,912023 0,000551
origin -0,009950 -0,000020
ornitholog 2,659260 0,000375
oromooo 2,659260 0,000375
oscar 3,218876 0,000453
ostasiewicz 3,912023 0,000551
other -0,009950 -0,000020
oup 2,813411 0,000396
out 0,261365 0,000037
outcom 1,660731 0,000468
outlin 0,562119 0,000475
outset 3,218876 0,000453
over 0,094311 0,000013
overal 0,967584 0,000273
overgener 3,912023 0,000551
overlook 2,813411 0,000396
overview 0,616186 0,000087
owl 2,525729 0,000711
own 0,314711 0,000044
oxford 0,843970 0,001189
pacf 3,218876 0,000453
packag 0,776529 0,000109
page -0,009950 -0,000003
pagecontentscurr -0,009950 -0,000001
pageget -0,009950 -0,000001
pair 1,309333 0,000184
palgrav 1,897120 0,000267
paper 0,527633 0,000074
paradigm 0,941609 0,000265
paramet 0,755023 0,001595
parameterarticl 3,218876 0,000453
parametr 1,771957 0,000499
part 0,072571 0,000041
partial 0,916291 0,000387
particip 1,021651 0,000288
particular 0,301105 0,000170
particularli 0,597837 0,000337
partit 1,347074 0,000190
pascal 1,347074 0,000190
patient 1,832581 0,000258
patoi 3,218876 0,000453
pattern 0,494296 0,000139
pdf 0,139262 0,000157
pdfprintabl -0,009950 -0,000001
pearsal 3,912023 0,000551
pearson 1,347074 0,002656
pekoz 3,912023 0,001102
peopl 0,356675 0,000402
per 0,616186 0,000087
percentil 3,218876 0,000453
percept 1,832581 0,000258
perform 0,040822 0,000023
perhap 1,660731 0,000234
permit 1,203973 0,000678
permut 2,407946 0,001017
person -0,009950 -0,000001
perspect 0,733969 0,000207
pertain 2,995732 0,000422
petti 3,218876 0,000453
phenomena 1,966113 0,000831
phenomenon 2,040221 0,000287
philosoph 2,040221 0,000287
philosophi 0,994252 0,001120
php -0,009950 -0,000001
physic 0,446287 0,000251
piazza 3,912023 0,000551
pictur 1,771957 0,000250
pie 2,813411 0,000396
piemont 1,427116 0,000201
pierr 1,966113 0,000277
pivot 2,040221 0,001724
plan 0,430783 0,000182
planet 2,040221 0,000287
plant 1,771957 0,000749
pleas 0,755023 0,000106
plo 2,813411 0,000793
plot 2,302585 0,002270
plug 2,040221 0,000287
pmc 1,272966 0,000538
pmed 3,506558 0,000988
pmid 0,994252 0,000700
point 0,186330 0,000131
poisson 2,302585 0,000324
polici -0,009950 -0,000006
polit 1,078810 0,000760
poll 2,040221 0,000287
polynomi 1,832581 0,000258
polytom 3,912023 0,000551
poor 1,714798 0,000242
popul 1,309333 0,006086
popular 0,400478 0,000169
portal 0,494296 0,000278
portalrec -0,009950 -0,000001
portalvt 2,040221 0,000287
posit 0,616186 0,000260
possibl 0,186330 0,000184
posterior 2,659260 0,001498
posthum 3,506558 0,000494
potenti 0,371064 0,000052
power 0,261365 0,000405
practic 0,186330 0,000131
precis 0,967584 0,000136
predica 3,912023 0,000551
predict 0,733969 0,000517
predictor 2,525729 0,001067
prefac 2,407946 0,000678
prefer 0,798508 0,000112
preliminari 2,302585 0,000324
prem 3,218876 0,000453
presenc 1,108663 0,000312
present 0,287682 0,000162
preserv 1,309333 0,000184
press 0,210721 0,000386
presum 2,659260 0,000375
previous 0,843970 0,000119
primari 0,527633 0,000074
primarili 0,653926 0,000092
princeton 1,660731 0,000234
princip 1,237874 0,000349
principl 0,385662 0,000272
print -0,009950 -0,000001
prior 0,891598 0,000377
privaci -0,009950 -0,000003
probabilist 1,832581 0,000774
probabilit 3,506558 0,000494
probabl 0,843970 0,006894
problem 0,186330 0,000262
procedur 0,867501 0,000977
process 0,051293 0,000072
produc 0,342490 0,000193
product 0,174353 0,000344
profession 0,673345 0,000190
profit -0,009950 -0,000001
program 0,116534 0,000049
project -0,009950 -0,000006
promin 1,237874 0,000174
prone 2,120264 0,000299
proper 1,171183 0,000330
properli 1,309333 0,000369
properti 0,314711 0,000399
proport 1,771957 0,000250
propos 0,510826 0,000288
prosecutor 3,506558 0,000494
protocol 0,527633 0,000223
prove 1,171183 0,000660
proven 1,771957 0,000250
provid 0,061875 0,000026
przegl 3,912023 0,000551
psychiatri 2,525729 0,000356
psycho 3,912023 0,000551
psycholog 1,469676 0,000621
psychologist 3,218876 0,000453
psychometr 2,995732 0,000422
psychophysicist 3,912023 0,000551
public 0,127833 0,000054
publish 0,105361 0,000030
purdu 2,813411 0,001189
purpos 0,248461 0,000140
qualit 2,813411 0,000396
qualiti 0,634878 0,000089
quantif 2,525729 0,000356
quantifi 1,560648 0,000220
quantit 1,469676 0,001035
quantiti 1,049822 0,000444
quantum 1,171183 0,000165
quarterli 1,832581 0,000258
quasi 1,966113 0,000277
quentin 3,506558 0,000494
question 0,597837 0,000505
questionnair 2,995732 0,000422
quetelet 3,506558 0,001482
quo 3,218876 0,000453
quot 1,049822 0,000148
quota 3,506558 0,000494
quotat 1,469676 0,000207
radar 1,897120 0,000267
ral 3,506558 0,000494
ramo 2,995732 0,000844
random 0,693147 0,002343
randomis 3,912023 0,000551
rang 0,371064 0,000418
rank 1,272966 0,001614
rao 2,407946 0,000339
rapid 1,203973 0,000170
rare 1,108663 0,000156
rate 0,673345 0,000285
rather 0,287682 0,000081
ratio 1,386294 0,001757
rbaycanca 0,248461 0,000035
re 2,813411 0,000396
reach 0,755023 0,000319
read 0,162519 0,000046
readeditview 0,287682 0,000081
real 0,210721 0,000089
realiz 1,309333 0,000184
realli 1,660731 0,000234
realm 2,120264 0,000597
reason 0,328504 0,000231
recent 0,562119 0,000079
recogn 1,021651 0,000288
recognit 1,078810 0,000152
recommend 0,891598 0,000126
recreat 1,832581 0,000258
red 1,237874 0,000349
reduc 0,274437 0,000039
refer -0,009950 -0,000022
referenceswikipedia 2,813411 0,000396
refin 1,386294 0,000195
reflect 0,562119 0,000158
reform 2,040221 0,000287
refut 3,218876 0,000453
regard 0,776529 0,000437
region 1,108663 0,000625
regist -0,009950 -0,000001
regress 1,771957 0,005740
reject 1,514128 0,002559
rel 0,634878 0,000179
relat 0,030459 0,000009
relationship 0,653926 0,000921
relev 0,798508 0,000112
reli 0,562119 0,000158
reliabl 0,371064 0,000209
remov 0,301105 0,000085
rendu 3,506558 0,000988
repeat 1,469676 0,000207
replic 1,609438 0,000453
report 0,261365 0,000221
repres 0,235722 0,000465
reproduc 2,040221 0,000287
reproduct 2,120264 0,000299
republiclatviakoreaisraelotherhistor 3,912023 0,000551
requir 0,051293 0,000014
resampl 3,218876 0,001360
rescal 3,912023 0,000551
research 0,223144 0,000754
researchconnect 3,912023 0,000551
residu 2,040221 0,001149
resourc 0,248461 0,000175
respect 0,544727 0,000077
respons 0,415515 0,000117
rest 1,049822 0,000148
result 0,139262 0,000275
rethink 2,525729 0,000356
retriev -0,009950 -0,000024
return 0,510826 0,000072
reveal 1,203973 0,000170
review 0,314711 0,000133
revista 3,218876 0,000453
revolut 1,272966 0,000179
revolv 2,525729 0,000356
rice 2,120264 0,000299
right 0,314711 0,000133
rigor 2,040221 0,000575
rinehart 3,506558 0,000494
risk 0,579818 0,000082
ritter 3,506558 0,000988
rkmen 1,966113 0,000277
robert 0,527633 0,000074
robot 1,347074 0,000190
robust 1,049822 0,000444
roderick 3,506558 0,000494
rom 0,616186 0,000087
romijn 3,912023 0,000551
ronald 1,714798 0,000483
root 0,733969 0,000207
rossman 3,912023 0,000551
rothman 2,995732 0,000422
roughli 1,660731 0,000234
round 1,469676 0,000207
rowinarai 3,506558 0,000494
royal 1,714798 0,000483
roysktfran 2,040221 0,000287
rterbuch 3,912023 0,000551
rubin 2,995732 0,000422
ruda 3,912023 0,000551
run 0,248461 0,000035
runa 0,916291 0,000129
runawai 3,218876 0,000907
rundel 3,912023 0,000551
sa 1,771957 0,000250
sabermetr 3,912023 0,000551
safe 0,916291 0,000129
safeti -0,009950 -0,000001
sai 0,616186 0,000174
said 0,755023 0,000319
same 0,116534 0,000082
sampl 1,171183 0,009897
sander 2,040221 0,000287
santa 2,659260 0,000375
satisfi 1,347074 0,000190
saw 1,832581 0,000258
scale 0,371064 0,000209
scan 1,660731 0,000234
scatter 2,525729 0,001067
scheff 3,218876 0,000453
scholar 1,021651 0,000144
scienc 0,274437 0,001623
sciencesinformationmathemat 3,912023 0,000551
scientif 0,673345 0,000759
scientist 1,171183 0,000330
scope 0,891598 0,000377
score 1,609438 0,000453
scotsseelterskshqipsicilianu 3,912023 0,000551
seali 3,912023 0,000551
search -0,009950 -0,000008
season 2,302585 0,000324
second 0,328504 0,000093
secondari 1,309333 0,000184
section 0,446287 0,000251
see -0,009950 -0,000013
seek 1,021651 0,000288
seem 1,560648 0,000220
seen 0,776529 0,000109
select 0,371064 0,000575
semin 2,407946 0,000339
semiparametr 3,218876 0,000453
sens 1,049822 0,001183
sensibl 2,813411 0,000396
seri 0,328504 0,000324
seriesgener 3,218876 0,000453
seriou 1,832581 0,000516
serious 2,813411 0,000396
serv 0,713350 0,000100
servic 0,210721 0,000089
set 0,051293 0,000116
sever 0,072571 0,000010
sex 2,659260 0,000375
sexual 2,995732 0,002110
shannon 1,771957 0,000250
shape 1,078810 0,000456
shapiro 2,407946 0,000339
sharealik -0,009950 -0,000001
sharp 1,966113 0,000277
shed 2,995732 0,000422
sheynin 3,912023 0,000551
short -0,009950 -0,000001
shorten -0,009950 -0,000001
shorter 1,714798 0,000242
show 0,400478 0,000113
shown 1,237874 0,000174
side 0,579818 0,000245
sidebar -0,009950 -0,000007
sigma 2,302585 0,000324
sign 0,916291 0,000258
signific 0,261365 0,000699
simi 0,755023 0,000106
simmon 2,995732 0,000422
simpl 0,150823 0,000085
simpli 0,733969 0,000207
simultan 0,891598 0,000126
sinc 0,139262 0,000039
sinclair 3,218876 0,000453
singl 0,127833 0,000018
singular 2,207275 0,000311
singularli 3,912023 0,000551
sir 2,525729 0,000356
sister 1,386294 0,000391
site -0,009950 -0,000001
situat 0,776529 0,000328
size 0,342490 0,000386
skeptic 2,525729 0,001067
skew 2,302585 0,000324
ski 2,659260 0,000375
skill 1,427116 0,000201
slenskaitaliano 0,562119 0,000079
sloven 1,514128 0,000213
small 0,314711 0,000089
smaller 0,994252 0,000140
smirnov 3,218876 0,000453
smith 1,139434 0,000160
smoke 2,813411 0,000396
smoker 3,912023 0,001102
smooth 1,966113 0,000277
socec 3,912023 0,000551
social 0,510826 0,000791
societi 0,653926 0,000553
socio 2,813411 0,000396
sociolog 1,660731 0,000702
softwar 0,127833 0,000090
sole 1,609438 0,000227
some 0,040822 0,000052
someon 1,832581 0,000258
someth 1,347074 0,000190
sometim 0,301105 0,000170
sourc 0,094311 0,000053
south 1,108663 0,000156
sovereign 2,525729 0,000356
sp 3,912023 0,000551
space 0,415515 0,000059
spatial 1,660731 0,000468
spc 3,506558 0,000494
speak 1,139434 0,000160
spearman 2,995732 0,001266
special 0,235722 0,000166
specialis 2,813411 0,000396
specif 0,051293 0,000072
specifi 0,446287 0,000126
spectral 1,966113 0,000554
spektrum 3,506558 0,000494
spline 3,218876 0,000453
sport 2,040221 0,000287
sprach 3,912023 0,000551
springer 0,527633 0,000223
spss 2,659260 0,000375
squar 1,203973 0,004239
squez 3,912023 0,000551
srpskisrpskohrvatski 0,510826 0,000072
stage 1,139434 0,000321
stand 1,078810 0,000304
standard 0,094311 0,000159
stanford 1,309333 0,000369
stanlei 2,407946 0,000678
start 0,261365 0,000110
stat 1,771957 0,000250
state 0,083382 0,000082
statement -0,009950 -0,000006
statesfrancebnf 0,510826 0,000072
stationar 3,218876 0,000453
statist -0,009950 -0,000493
statistica 2,659260 0,000375
statistician 2,525729 0,004625
statisticsarab 3,912023 0,000551
statisticscontinu 3,218876 0,000453
statistik 3,912023 0,002755
statistiqu 3,912023 0,000551
statu 0,693147 0,000195
statystyczni 3,912023 0,000551
stem 2,040221 0,000287
step 0,713350 0,000100
stephen 0,843970 0,000119
steven 0,867501 0,000122
stigler 3,912023 0,000551
still 0,342490 0,000096
stochast 1,347074 0,000569
stockburg 3,912023 0,000551
stratifi 3,218876 0,001360
strengthen 2,120264 0,000299
structur 0,139262 0,000137
student 1,049822 0,000739
studi 0,314711 0,002128
subclass 2,525729 0,000711
subject 0,478036 0,000606
submit 1,427116 0,000201
subscript 1,714798 0,000242
subsect 0,020203 0,000011
substanti 1,237874 0,000174
subtl 3,506558 0,000988
such 0,000000 0,000000
suffici 1,078810 0,000456
suggest 0,820981 0,000231
suicid 3,506558 0,000494
suitabl 1,237874 0,000174
sum 1,203973 0,000509
summar 1,469676 0,001035
summari 1,469676 0,001035
summaris 3,912023 0,000551
sundasuomisvenskatagalog 1,897120 0,000267
support 0,150823 0,000042
suppos 1,771957 0,000250
supposit 3,912023 0,000551
surround 1,514128 0,000213
survei 0,462035 0,000390
surviv 1,609438 0,000453
survivalsurviv 3,218876 0,000453
susan 2,120264 0,000299
suspicion 2,995732 0,000422
sustain 1,171183 0,000165
sweenei 3,912023 0,000551
switzerlandnara 3,912023 0,000551
sylla 3,506558 0,000494
symmetr 1,897120 0,000267
symmetri 2,995732 0,000422
synonym 1,966113 0,000277
synthet 1,771957 0,000250
system 0,010050 0,000020
systemat 1,078810 0,000304
ta 3,506558 0,000494
tabl -0,009950 -0,000007
tail 1,966113 0,000554
take 0,210721 0,000119
taken 0,867501 0,000122
tama 3,506558 0,000494
tanton 3,912023 0,000551
taqbaylit 1,897120 0,000267
target 0,462035 0,000065
task 0,415515 0,000059
tast 3,506558 0,000494
tatar 1,272966 0,000179
taxonomi 2,525729 0,000356
taylor 1,203973 0,000678
tea 2,659260 0,000375
teach 1,469676 0,000207
techniqu 0,385662 0,000435
technolog 0,116534 0,000016
tell 1,660731 0,000234
temperatur 2,302585 0,000324
templat 0,301105 0,000085
tend 1,108663 0,000468
tendenc 2,120264 0,000299
tenni 3,506558 0,000494
term -0,009950 -0,000020
terminolog 1,237874 0,000697
terpstra 3,218876 0,000453
test 0,248461 0,001750
tetun 2,813411 0,000396
text -0,009950 -0,000003
textbook 1,714798 0,000725
textpag 3,912023 0,000551
than 0,072571 0,000061
that 0,000000 0,000000
themselv 0,843970 0,000119
then 0,116534 0,000098
theorem 1,171183 0,000495
theoret 0,776529 0,000437
theori 0,400478 0,002087
there 0,051293 0,000058
therefor 0,478036 0,000269
these 0,040822 0,000063
thi -0,009950 -0,000045
thing 0,798508 0,000337
think 1,049822 0,000296
third 0,342490 0,000096
thirti 3,506558 0,000494
those 0,235722 0,000232
though 0,544727 0,000153
thought 1,108663 0,000156
threat 1,309333 0,000184
three 0,287682 0,000081
threshold 2,207275 0,000311
thu 0,314711 0,000044
tibco 3,218876 0,000453
time 0,000000 0,000000
timelin 0,733969 0,000103
timothi 1,714798 0,000242
tinachavacano 2,995732 0,000422
titl -0,009950 -0,000001
todai 0,693147 0,000293
togeth 0,579818 0,000408
toggl -0,009950 -0,000008
toler 1,386294 0,000195
too 0,634878 0,000089
took 1,237874 0,000174
tool -0,009950 -0,000010
top -0,009950 -0,000001
topic -0,009950 -0,000007
topolog 1,514128 0,000213
toponym 2,659260 0,000749
total 0,673345 0,000190
trademark -0,009950 -0,000001
transform 0,544727 0,000614
translat 0,798508 0,000112
transpos 3,506558 0,000494
travaux 3,912023 0,000551
treatment 1,660731 0,001403
tree 0,693147 0,000098
trend 0,733969 0,000414
trial 1,609438 0,001133
tropic 2,995732 0,001266
true 0,776529 0,002078
truli 1,897120 0,000267
truth 1,714798 0,000483
try 0,994252 0,000140
tschpolskiportugu 1,832581 0,000258
tuft 3,506558 0,000494
tukei 3,912023 0,001653
turn 0,776529 0,000219
twenti 1,897120 0,000267
two 0,083382 0,000223
tylor 3,912023 0,000551
type 0,051293 0,000224
typic 0,186330 0,000157
tzebuergeschlietuvi 1,514128 0,000213
ucla 2,525729 0,000356
ueuskara 2,525729 0,000356
ultim 1,139434 0,000160
umvu 3,912023 0,000551
unbias 2,525729 0,002846
uncertainti 1,237874 0,001046
uncertanti 3,912023 0,000551
unconsci 2,995732 0,000422
unconsid 3,912023 0,000551
under -0,009950 -0,000015
undergradu 2,302585 0,000324
underli 0,693147 0,000195
understand 0,342490 0,000193
understood 1,469676 0,000207
unifi 1,309333 0,000184
uniform 1,347074 0,000190
uniformli 2,525729 0,000356
unit 0,248461 0,000070
univers 0,139262 0,000451
unknown 1,108663 0,001093
unless 1,237874 0,000174
unlik 0,653926 0,000092
unsourc 0,446287 0,000063
updat 0,342490 0,000048
upon 0,673345 0,000095
upper 1,660731 0,000234
upton 3,506558 0,000494
urldownload -0,009950 -0,000001
usual 0,198451 0,000084
utc -0,009950 -0,000001
valid 0,616186 0,000260
valu 0,162519 0,001076
van 0,867501 0,000489
var 1,966113 0,000277
vari 0,478036 0,000067
variabl 0,494296 0,002506
varianc 1,660731 0,003041
variat 0,994252 0,000560
varieti 0,616186 0,000174
variou 0,223144 0,000126
vector 1,237874 0,000523
vel 3,912023 0,000551
veri 0,314711 0,000177
verif 0,733969 0,000103
verifi 1,237874 0,000174
version -0,009950 -0,000003
via 0,186330 0,000026
video 0,597837 0,000168
view -0,009950 -0,000006
violat 1,386294 0,000195
violin 3,218876 0,000453
virolog 2,407946 0,000339
vision 0,867501 0,000122
visual 0,562119 0,000079
vol 0,616186 0,000174
vowel 2,995732 0,000422
vte 0,967584 0,000136
vteglossari 2,659260 0,000375
vtemajor 2,302585 0,000324
vtestatist 2,995732 0,000422
waerden 3,218876 0,000453
wai 0,105361 0,000104
wald 3,218876 0,000453
walenti 3,912023 0,000551
walker 2,525729 0,000356
walli 2,995732 0,000844
walter 1,514128 0,000213
warn 1,272966 0,000359
warner 3,218876 0,000453
washington 1,049822 0,000148
watson 2,040221 0,000287
wave 1,560648 0,000659
wavelet 2,813411 0,000396
wayback 0,478036 0,000269
web 0,342490 0,000048
webarch 1,021651 0,000144
wegner 2,995732 0,000422
weigh 2,525729 0,000356
weight 1,108663 0,000625
well 0,051293 0,000051
weslei 1,078810 0,000304
west 1,560648 0,000220
western 1,108663 0,000468
what -0,009950 -0,000010
when 0,030459 0,000051
where 0,072571 0,000051
wherea 1,049822 0,000591
whether 0,400478 0,000226
which 0,000000 0,000000
while 0,051293 0,000065
whitnei 2,525729 0,001067
whittl 3,218876 0,000453
who 0,301105 0,000170
whole 0,916291 0,000645
whose 0,776529 0,000109
why 0,494296 0,000139
wide 0,210721 0,000178
wikibooksresourc 1,660731 0,000234
wikidatapag 2,525729 0,000356
wikimedia -0,009950 -0,000003
wikinewsquot 2,659260 0,000375
wikipedia -0,009950 -0,000010
wikipediacontact -0,009950 -0,000001
wikiproject 1,832581 0,000516
wikiquotetext 2,525729 0,000356
wikisourc 2,525729 0,000356
wikisourcetextbook 2,525729 0,000356
wikivers 1,609438 0,000227
wiktionarymedia 1,660731 0,000234
wilcoxon 3,218876 0,000453
wilei 0,562119 0,000158
wilk 2,813411 0,000396
wilkin 3,506558 0,000494
willcox 3,912023 0,000551
willem 3,912023 0,000551
william 0,616186 0,000521
winston 2,813411 0,000396
wissenschaften 3,912023 0,000551
within 0,116534 0,000033
without 0,094311 0,000040
word 0,446287 0,000251
work 0,030459 0,000051
worker 1,427116 0,000603
world 0,139262 0,000137
write 0,527633 0,000372
wrong 1,560648 0,000220
wrote 1,078810 0,000304
www 0,356675 0,000151
xcf 3,218876 0,000453
xii 2,995732 0,000422
xvii 3,506558 0,000494
yadolah 3,912023 0,000551
yale 2,407946 0,000339
yate 2,525729 0,000356
ye 2,120264 0,000299
year 0,162519 0,000023
yet 0,891598 0,000251
yield 1,139434 0,000321
yor 2,040221 0,000287
york 0,371064 0,000209
yourself 2,659260 0,000749
yourstatsguru 3,912023 0,000551
youtub 1,272966 0,000179
zamboanga 3,506558 0,000494
zazaki 1,966113 0,000277
zbekcha 0,462035 0,000065
zbmath 3,912023 0,001102
zero 0,693147 0,000195
