abduct 3,218876 0,000906
abil 0,562119 0,000158
abraham 2,525729 0,000711
abram 3,218876 0,000906
accord 0,287682 0,000162
accordingli 2,120264 0,000597
account -0,009950 -0,000008
across 0,415515 0,000117
acta 3,218876 0,000906
action -0,009950 -0,000008
actual 0,597837 0,000168
actuari 2,302585 0,000648
add -0,009950 -0,000003
addit -0,009950 -0,000006
adher 1,660731 0,000467
adolph 3,218876 0,000906
adrain 3,912023 0,002201
adrien 3,218876 0,001811
advanc 0,235722 0,000066
aerospac 1,771957 0,000499
affair 1,966113 0,000553
afrikaansalemannisch 2,040221 0,000574
again 1,078810 0,000304
agent 0,733969 0,000413
agre -0,009950 -0,000006
agreement 1,078810 0,000304
agricultur 1,347074 0,000379
aisgaeilgegalego 1,427116 0,000402
ala 2,995732 0,000843
alan 1,049822 0,000591
albert 2,659260 0,000748
algebra 1,347074 0,001516
align 1,272966 0,002149
all 0,000000 0,000000
allen 1,714798 0,000482
almost 0,798508 0,000674
also -0,009950 -0,000036
alt 2,407946 0,000678
although 0,287682 0,000162
america 0,967584 0,000272
american 0,415515 0,000234
among 0,356675 0,000100
amp -0,009950 -0,000031
analys 1,309333 0,000368
analysi 0,186330 0,000105
analyst 1,272966 0,000358
analyt 0,798508 0,000225
analyz 0,843970 0,000712
andrei 2,525729 0,002132
ani 0,083382 0,000117
anoth 0,127833 0,000072
anteced 2,995732 0,000843
anthoni 1,714798 0,000482
anticip 1,897120 0,000534
antinomi 3,912023 0,001101
appear -0,009950 -0,000011
appli -0,009950 -0,000020
applic 0,030459 0,000069
approv 1,272966 0,000716
approxim 0,891598 0,000251
april 0,072571 0,000041
ar 1,309333 0,000368
arab 1,560648 0,000439
aragon 1,171183 0,000330
arbitrarili 2,407946 0,000678
archaeolog 2,040221 0,000574
architectur 0,400478 0,000113
archiv 0,040822 0,000046
area 0,478036 0,000404
argument 1,171183 0,000659
aris 1,469676 0,000414
arithmet 1,272966 0,000358
aros 2,407946 0,000678
arrang 1,560648 0,000439
arriv 1,469676 0,000414
art 0,673345 0,000189
artema 3,912023 0,001101
arthur 1,427116 0,000402
articl 0,000000 0,000000
articleabout -0,009950 -0,000003
articletalk -0,009950 -0,000003
artifici 0,994252 0,000560
aruaz 3,912023 0,001101
arxiv 1,078810 0,000304
asia 1,560648 0,000439
asid 2,207275 0,000621
assess 1,021651 0,001437
assign 0,798508 0,001573
assist 1,139434 0,000321
associ 0,127833 0,000036
assum 0,891598 0,000251
astronomi 2,120264 0,000597
asturianuaymar 3,912023 0,001101
atom 1,309333 0,000368
attempt 0,478036 0,000135
attribut -0,009950 -0,000006
augustu 3,506558 0,000987
aumann 3,912023 0,001101
author 0,040822 0,000034
automobil 2,407946 0,000678
avail -0,009950 -0,000003
avogadro 3,912023 0,001101
avoid 0,579818 0,000163
axiom 2,302585 0,001944
axiomat 3,218876 0,000906
ayisyenkrii 2,659260 0,000748
back 0,462035 0,000390
bag 2,525729 0,000711
balfour 3,912023 0,001101
ball 2,120264 0,008949
base 0,010050 0,000006
basic 0,198451 0,000056
bass 3,218876 0,000906
bateson 3,506558 0,002960
bay 2,120264 0,001790
bayesian 1,966113 0,001106
bbc 1,514128 0,000426
begin 0,385662 0,000326
behavior 0,342490 0,000193
behind 0,867501 0,000244
belief 1,714798 0,001930
believ 1,272966 0,000358
bernoulli 2,659260 0,003741
bertsch 3,912023 0,001101
berzeugt 3,912023 0,001101
bessel 3,912023 0,001101
bet 2,120264 0,000597
bibliographi 1,966113 0,001106
bin 2,525729 0,000711
binomi 2,302585 0,000648
biolog 1,427116 0,000402
biologi 1,347074 0,002653
blais 3,506558 0,000987
blue 1,560648 0,001756
boarischbosanski 3,218876 0,000906
bodi 0,867501 0,000244
bokm 0,127833 0,000036
bologna 3,912023 0,001101
book 0,210721 0,000178
bool 2,407946 0,001355
boolean 1,560648 0,000439
born 1,966113 0,001660
botani 2,659260 0,000748
bradlei 2,407946 0,000678
branch 1,021651 0,000862
bretthorst 3,912023 0,002201
brief 1,237874 0,000348
briefwechsel 3,912023 0,001101
britannica 1,897120 0,000534
bruno 2,525729 0,001421
bui 1,237874 0,000348
burgin 3,506558 0,000987
cach 1,386294 0,000390
caiu 3,912023 0,001101
calcul 0,916291 0,000516
calculu 1,560648 0,000878
call 0,030459 0,000051
cambridg 0,755023 0,001912
cap 1,560648 0,011856
card 0,994252 0,001679
cardano 2,525729 0,002843
carl 1,771957 0,000499
case 0,083382 0,000141
casino 3,506558 0,002960
catal 0,094311 0,000027
catalog 2,302585 0,000648
categori -0,009950 -0,000017
cell 1,469676 0,000414
cellular 1,714798 0,000482
centuri 0,843970 0,001425
certain 0,274437 0,000154
certainli 3,218876 0,000906
certainti 2,995732 0,000843
chain 0,843970 0,000712
chanc 1,660731 0,004673
chang 0,051293 0,000014
changesupload -0,009950 -0,000006
chapter 0,891598 0,000251
charact 0,843970 0,000237
charl 0,941609 0,000265
chemistri 1,427116 0,000803
chessboard 3,506558 0,000987
child 1,771957 0,000499
chitumbukacymraegdanskdeutscheesti 3,912023 0,001101
christiaan 3,506558 0,001973
cid 0,356675 0,000100
circumst 1,897120 0,001068
citat 0,248461 0,000140
cite 0,597837 0,000168
civil 1,309333 0,000368
claim 0,634878 0,000179
clarif 1,832581 0,001031
class 0,446287 0,000126
classic 0,544727 0,000460
clinic 1,832581 0,000516
closur 1,771957 0,000499
clueb 3,912023 0,001101
code -0,009950 -0,000006
coin 0,941609 0,001325
collaps 2,207275 0,000621
collect 0,274437 0,000463
colleg 1,514128 0,000426
com 0,150823 0,000127
come 0,356675 0,000100
comet 2,407946 0,000678
committe 1,309333 0,000368
commod 1,469676 0,000827
common -0,009950 -0,000011
commonswikibookswikiquotewikidata 3,218876 0,000906
compar 0,342490 0,000096
compat 0,693147 0,000195
compet 1,139434 0,000321
complement 1,966113 0,001660
complementari 1,832581 0,001031
complex 0,186330 0,000105
comprehens 0,867501 0,000244
comput 0,020203 0,000034
concept 0,198451 0,000279
concern 0,597837 0,000336
conclus 1,660731 0,000467
concurr 0,994252 0,000280
condit 0,579818 0,001795
conduct -0,009950 -0,000003
conflict 1,309333 0,000737
confus 0,693147 0,000195
conjectandi 3,506558 0,000987
conjectur 2,813411 0,002375
consequ 0,891598 0,000251
consid 0,274437 0,000309
consist 0,301105 0,000085
constant 1,660731 0,001402
construct 0,579818 0,000326
consum 0,653926 0,000368
contact -0,009950 -0,000006
contain 0,162519 0,000091
content -0,009950 -0,000011
context 0,446287 0,000377
conting 2,120264 0,000597
continu 0,174353 0,000245
contradict 2,407946 0,000678
contrast 0,891598 0,000502
contribut -0,009950 -0,000006
contributor 1,832581 0,001031
control 0,020203 0,000006
converg 1,832581 0,000516
convinc 2,302585 0,000648
cooki -0,009950 -0,000003
copenhagen 2,525729 0,000711
correl 1,347074 0,000379
correspond 0,798508 0,000225
cote 3,218876 0,000906
count 0,916291 0,000258
cournot 2,813411 0,000792
cours 0,967584 0,000272
cox 2,302585 0,001296
craig 2,040221 0,000574
creat -0,009950 -0,000006
creativ -0,009950 -0,000003
critic 0,385662 0,000109
crofton 3,912023 0,002201
crundal 3,912023 0,001101
cup 2,995732 0,012644
curv 1,309333 0,000737
cwi 3,506558 0,000987
daniel 0,776529 0,000218
data 0,030459 0,000026
databas 0,072571 0,000020
date 0,210721 0,000237
de 2,040221 0,001148
deal 0,843970 0,000712
decemb 0,061875 0,000017
decis 0,400478 0,000338
deck 3,218876 0,001811
decoher 3,912023 0,001101
dedekind 3,912023 0,001101
deduc 2,407946 0,000678
deduct 2,525729 0,001421
defin 0,116534 0,000164
definit 0,186330 0,000105
degre 0,916291 0,000516
demon 3,912023 0,001101
demonstr 0,994252 0,000280
dempster 3,506558 0,000987
denot 1,386294 0,002340
depend 0,105361 0,000059
depict 2,302585 0,000648
der 1,609438 0,000453
deriv 0,494296 0,000139
describ 0,174353 0,000294
descript -0,009950 -0,000020
descriptionshort 0,000000 0,000000
design 0,040822 0,000023
desir 0,941609 0,000530
detail 0,510826 0,000144
determin 0,342490 0,000385
determinist 1,771957 0,001994
develop -0,009950 -0,000020
development 2,525729 0,000711
devis 2,525729 0,000711
diagram 1,560648 0,001317
dice 3,506558 0,002960
dichotomi 3,506558 0,000987
dickenson 3,912023 0,001101
didion 3,912023 0,001101
die 2,040221 0,002870
differ 0,010050 0,000023
difficult 0,597837 0,000336
digit 0,400478 0,000113
dinger 3,506558 0,001973
dirac 3,506558 0,000987
disambigu 1,049822 0,000295
disclaim -0,009950 -0,000003
discov 1,108663 0,000312
discoveri 1,139434 0,000641
discret 1,049822 0,000591
discuss 0,494296 0,000278
diseas 1,966113 0,000553
displaystyl 1,386294 0,017943
disregard 3,506558 0,000987
distinct 0,544727 0,000153
distribut 0,198451 0,000670
diverg 1,966113 0,000553
divid 1,049822 0,000295
dmy 0,994252 0,000280
doctrin 2,407946 0,001355
document 0,328504 0,000092
doi 0,162519 0,000274
domain 0,544727 0,000153
donat -0,009950 -0,000006
donkin 3,912023 0,001101
dowden 3,506558 0,000987
down 0,597837 0,000336
download -0,009950 -0,000003
draw 0,994252 0,000560
each 0,072571 0,000020
earli 0,301105 0,000254
earliest 1,021651 0,001437
east 1,714798 0,000482
ebook 3,506558 0,001973
ecolog 1,560648 0,000878
econom 0,653926 0,000368
economi 1,309333 0,000368
ed 0,798508 0,000225
eddi 3,218876 0,000906
edit -0,009950 -0,000064
editcommun -0,009950 -0,000003
editor 1,347074 0,000379
educ 0,494296 0,000278
edward 1,139434 0,000962
edwin 2,407946 0,000678
effect 0,274437 0,000232
efficaci 3,506558 0,000987
effici 0,287682 0,000162
einstein 3,506558 0,002960
either 0,248461 0,000280
electr 0,891598 0,000251
electron 0,430783 0,000242
element 0,301105 0,000085
elementari 1,771957 0,000997
elli 2,302585 0,000648
emait 1,560648 0,000439
emerg 0,527633 0,000445
emphasi 1,771957 0,000499
empir 1,108663 0,000624
encount 1,966113 0,000553
encourag 1,203973 0,000339
encyclopedia -0,009950 -0,000014
end 0,186330 0,000210
engin 0,061875 0,000122
english -0,009950 -0,000006
englishsloven 0,510826 0,000144
enough 0,843970 0,000237
ensur 0,713350 0,000201
entail 2,120264 0,000597
entitl 2,525729 0,000711
entomolog 2,659260 0,000748
environment 1,049822 0,000591
equal 0,843970 0,001187
equiprob 3,912023 0,001101
equiti 1,771957 0,000499
eric 1,078810 0,000304
error 0,430783 0,001939
erwin 3,506558 0,000987
espa 0,210721 0,000059
especi 0,415515 0,000117
essenti 0,634878 0,000357
etymolog 1,966113 0,001660
eugen 1,966113 0,000553
europ 0,941609 0,000530
even 0,235722 0,000133
event 0,356675 0,006122
eventsrandom -0,009950 -0,000003
everi 0,261365 0,000074
everydai 1,832581 0,001031
evid 1,272966 0,001791
evolut 0,820981 0,000231
evolutionari 1,832581 0,000516
evolv 1,078810 0,000304
exact 1,427116 0,000402
exactli 1,171183 0,001648
exampl 0,020203 0,000085
exce 1,897120 0,000534
except 0,733969 0,000207
exclus 1,272966 0,005731
exhaust 1,897120 0,000534
expand 0,776529 0,000218
expect 0,494296 0,000278
experi 0,510826 0,001437
experiment 0,916291 0,000516
expert 1,078810 0,000607
explain 0,798508 0,000225
exponenti 1,560648 0,001317
export -0,009950 -0,000003
exposit 3,218876 0,000906
express 0,544727 0,000460
extend 0,385662 0,000109
extern 0,030459 0,000017
face 1,021651 0,001150
facil 0,891598 0,000251
factor 0,544727 0,000153
failur 1,021651 0,000575
fair 1,427116 0,000803
fairbank 3,912023 0,001101
fall 0,867501 0,000488
fallaci 3,218876 0,000906
famous 3,218876 0,000906
favour 2,407946 0,001355
feasibl 1,771957 0,000499
februari 0,061875 0,000035
feller 3,506558 0,000987
fermat 2,995732 0,000843
feynman 2,813411 0,001583
field 0,314711 0,000089
fienberg 3,912023 0,001101
fieser 3,506558 0,000987
fiji 1,897120 0,000534
file 0,446287 0,000126
fileperman -0,009950 -0,000003
filespeci -0,009950 -0,000003
financ 0,843970 0,001187
financi 0,776529 0,000437
finetti 3,912023 0,003302
first 0,020203 0,000074
fix 0,385662 0,000109
flip 2,995732 0,000843
fluctuat 2,120264 0,000597
follow 0,072571 0,000020
fong 3,506558 0,000987
forc 0,597837 0,000336
form 0,072571 0,000061
formal 0,510826 0,000862
format 0,634878 0,000179
formul 1,714798 0,001447
formula 1,427116 0,000402
forth 1,560648 0,000439
foundat -0,009950 -0,000011
frac 2,302585 0,001944
franci 1,347074 0,000379
franklin 2,407946 0,002033
free -0,009950 -0,000006
frequenc 1,078810 0,001518
frequent 0,916291 0,000258
frequentist 2,813411 0,000792
freund 2,995732 0,000843
friction 2,813411 0,000792
friedrich 2,407946 0,001355
function 0,030459 0,000051
fundament 0,478036 0,000269
further 0,139262 0,000196
fuzzi 1,966113 0,000553
galton 3,218876 0,000906
gambl 2,120264 0,002386
game 0,478036 0,000673
gao 2,995732 0,000843
gase 2,659260 0,001496
gauss 2,407946 0,003388
gave 1,660731 0,001402
gener -0,009950 -0,000006
genet 1,714798 0,002412
geographi 2,207275 0,000621
geologi 2,525729 0,000711
geometr 1,771957 0,000499
geometri 1,347074 0,000758
georg 0,843970 0,000237
geoscienc 2,995732 0,000843
gerolamo 3,506558 0,001973
get 0,430783 0,000364
giovanni 2,407946 0,000678
give 0,446287 0,000126
given 0,261365 0,000809
glaisher 3,912023 0,001101
glossari 0,867501 0,000488
gnu 1,272966 0,000358
god 2,995732 0,001686
goe 1,237874 0,000348
gonvil 3,912023 0,001101
good 0,616186 0,000173
gorman 3,506558 0,000987
gorrochum 3,912023 0,001101
govern 0,544727 0,000460
graph 0,967584 0,000272
graphic 0,733969 0,000207
greatli 1,427116 0,000402
grinstead 3,912023 0,001101
groupthink 3,506558 0,000987
guarante 1,078810 0,000304
gwiyannen 2,995732 0,000843
hack 1,203973 0,001016
hackensack 3,912023 0,001101
hagen 3,506558 0,000987
hall 0,653926 0,000184
hand 0,494296 0,000556
hardwar 0,579818 0,000163
hausa 1,609438 0,000453
hbox 3,912023 0,001101
head 0,867501 0,002685
heart 2,207275 0,001863
hebrew 2,120264 0,000597
helmert 3,912023 0,001101
help 0,174353 0,000049
helplearn -0,009950 -0,000003
here 0,301105 0,000085
hererel -0,009950 -0,000003
hermann 2,995732 0,000843
herschel 3,912023 0,001101
heurist 1,966113 0,000553
hide -0,009950 -0,000011
hindifran 2,525729 0,000711
histor 0,579818 0,000163
histori -0,009950 -0,000036
historia 3,506558 0,000987
hoboken 1,897120 0,000534
hogg 3,506558 0,000987
hold 0,579818 0,000326
hopkin 1,966113 0,001106
how 0,072571 0,000061
howev 0,094311 0,000186
hrvatskiidoilokanobahasa 2,995732 0,000843
html 1,078810 0,000304
http -0,009950 -0,000006
human 0,527633 0,000148
huntsvil 3,912023 0,001101
huygen 3,506558 0,001973
ian 1,347074 0,000758
ich 3,912023 0,001101
ichthyolog 2,659260 0,000748
idea 0,527633 0,000297
ignor 1,078810 0,000304
iii 1,560648 0,000439
impetu 3,506558 0,000987
implement 0,105361 0,000030
impli 0,994252 0,000280
import 0,162519 0,000091
imposs 1,309333 0,000368
improv 0,150823 0,000042
inasloven 0,616186 0,000173
inasoomaaliga 2,525729 0,000711
inc -0,009950 -0,000003
includ 0,000000 0,000000
incorpor 0,755023 0,000425
indebt 3,506558 0,000987
indefinit 1,237874 0,000348
independ 0,527633 0,001336
indetermin 3,506558 0,000987
index -0,009950 -0,000008
indic 0,356675 0,000201
individu 0,314711 0,000089
indonesiainterlingua 1,660731 0,000467
induct 1,832581 0,002063
industri 0,356675 0,000100
induzion 3,912023 0,001101
inequ 2,120264 0,000597
inertia 2,995732 0,000843
infer 1,139434 0,001924
infinit 1,609438 0,001359
influenc 0,579818 0,000163
inform 0,061875 0,000104
informationcit -0,009950 -0,000003
initi 0,235722 0,000066
insight 1,309333 0,000368
instanc 0,478036 0,000135
instrument 1,049822 0,000295
insur 1,427116 0,000402
integr 0,174353 0,000049
intellig 0,510826 0,000287
interest 0,478036 0,000269
intern 0,040822 0,000011
internationalgndnationalunit 1,108663 0,000312
internet 0,462035 0,000260
interpret 0,579818 0,002447
intersci 2,813411 0,000792
intersect 1,897120 0,000534
interv 1,386294 0,000390
introduc 0,210721 0,000178
introduct 0,210721 0,000296
invari 2,120264 0,000597
invers 1,897120 0,001601
invok 1,714798 0,000482
irish 2,995732 0,000843
isbn 0,051293 0,000260
ispolskiportugu 1,771957 0,000499
issn 0,478036 0,000135
issu 0,314711 0,000089
italian 2,040221 0,001722
item -0,009950 -0,000003
ivancev 3,912023 0,002201
ivori 3,218876 0,000906
jakob 2,813411 0,000792
jame 0,634878 0,000715
januari 0,083382 0,000047
jayn 3,912023 0,003302
jedenfal 3,912023 0,001101
jeffrei 1,514128 0,000852
jek 3,912023 0,001101
jersei 1,714798 0,000482
john 0,198451 0,000223
joint 1,171183 0,000989
joseph 0,820981 0,000231
journal 0,186330 0,000105
judgment 2,040221 0,000574
juli 0,127833 0,000108
jump -0,009950 -0,000003
june 0,094311 0,000080
just 0,328504 0,000092
kab 3,506558 0,000987
kallenberg 3,912023 0,002201
karl 1,966113 0,000553
keith 2,207275 0,000621
kel 2,813411 0,000792
kendal 2,813411 0,000792
kinet 3,218876 0,001811
kiswahilikrei 2,659260 0,000748
know 0,653926 0,000184
knowledg 0,597837 0,000505
known 0,127833 0,000252
kolmogorov 2,659260 0,002993
laboratori 1,309333 0,000737
lacroix 3,506558 0,000987
lai 1,966113 0,000553
languag -0,009950 -0,000022
laplac 2,813411 0,004750
larg 0,127833 0,000036
larger 0,941609 0,000530
larri 1,514128 0,000852
last -0,009950 -0,000003
late 0,733969 0,000207
later 0,223144 0,000063
latin 1,660731 0,001402
latinalatvi 1,203973 0,000339
laurent 2,525729 0,000711
lauri 2,659260 0,001496
law 0,653926 0,002576
lead 0,287682 0,000081
leap 2,659260 0,000748
learn 0,162519 0,000046
least 0,527633 0,000594
lectur 1,139434 0,000321
lee 0,994252 0,000280
left 0,916291 0,010571
legal -0,009950 -0,000008
legendr 2,995732 0,002529
letter 0,843970 0,000712
level 0,083382 0,000023
liagr 3,912023 0,001101
librari 0,356675 0,000201
licens -0,009950 -0,000006
life 0,653926 0,000552
like 0,051293 0,000144
likelihood 1,897120 0,002669
limit 0,186330 0,000052
linguist 2,040221 0,001148
link -0,009950 -0,000020
linkpag -0,009950 -0,000003
linksarticl 1,021651 0,000287
linkswebarch 3,506558 0,000987
liststop 3,912023 0,001101
littrow 3,912023 0,001101
liu 1,427116 0,000402
lnorsk 0,653926 0,000184
locat 0,527633 0,000297
log -0,009950 -0,000006
logic 0,616186 0,002601
logician 3,506558 0,000987
london 0,941609 0,000265
long 0,287682 0,000081
loss 0,891598 0,000251
luck 3,218876 0,001811
lux 0,371064 0,000104
machin 0,040822 0,000046
made 0,186330 0,000157
magazin 0,755023 0,000212
magnitud 1,897120 0,001068
main -0,009950 -0,000028
maint 0,798508 0,000449
major 0,223144 0,000126
make 0,061875 0,000035
maltibahasa 3,506558 0,000987
manag 0,105361 0,000059
mani 0,061875 0,000035
manipul 0,673345 0,000189
manufactur 1,171183 0,000330
march 0,116534 0,000098
margin 1,560648 0,000439
mari 1,347074 0,000758
mark 0,261365 0,000074
market 0,446287 0,000377
markov 1,771957 0,001994
martin 0,843970 0,000237
mathemat 0,616186 0,004508
mathematica 2,407946 0,000678
mathworld 2,995732 0,000843
matter 1,049822 0,000295
max 1,660731 0,000935
maximum 1,386294 0,000390
mbox 3,506558 0,006907
mccoll 3,912023 0,001101
mcgrayn 3,912023 0,001101
mckean 3,912023 0,001101
mean 0,083382 0,000164
meant 1,514128 0,000426
measur 0,371064 0,000940
mechan 0,356675 0,000803
media 0,139262 0,000039
medicin 1,427116 0,000402
meet 0,527633 0,000148
melayu 0,820981 0,000231
memoir 3,912023 0,002201
mendel 3,912023 0,002201
mention 1,237874 0,000348
menu -0,009950 -0,000006
metalog 3,912023 0,001101
metamathemat 3,506558 0,000987
meteorolog 2,120264 0,000597
method 0,150823 0,000297
michael 0,385662 0,000109
mid 0,994252 0,001119
middl 1,203973 0,000678
miller 1,469676 0,000414
mind 1,347074 0,000379
miscellanea 3,506558 0,000987
miss 0,867501 0,000488
mnsc 3,506558 0,000987
mobil -0,009950 -0,000003
model 0,116534 0,000098
modern 0,314711 0,000443
modif 1,386294 0,000390
moivr 3,506558 0,000987
molecul 2,995732 0,000843
molecular 2,120264 0,000597
moment 1,560648 0,000439
moor 1,714798 0,000482
more 0,010050 0,000025
morgan 1,309333 0,001105
most 0,040822 0,000023
move -0,009950 -0,000011
much 0,400478 0,000451
multipl 0,094311 0,000053
mutual 1,386294 0,006241
mycolog 2,659260 0,000748
mytholog 3,506558 0,000987
name 0,162519 0,000137
nanotechnolog 2,407946 0,000678
natur 0,356675 0,000301
navig -0,009950 -0,000003
necess 2,407946 0,000678
necessarili 1,049822 0,001477
nederland 0,415515 0,000117
need 0,030459 0,000060
neg 0,967584 0,000817
neither 1,469676 0,000414
netovep 2,813411 0,000792
never 1,021651 0,000575
new 0,010050 0,000008
newtonian 3,506558 0,002960
nicht 3,506558 0,000987
nikolaevich 3,912023 0,001101
nineteenth 2,659260 0,000748
nobil 3,912023 0,001101
non -0,009950 -0,000008
nor 1,386294 0,000390
nordfriisknorsk 1,714798 0,000482
normal 0,673345 0,000568
not 0,000000 0,000000
notat 0,941609 0,000265
note 0,150823 0,000170
notion 1,171183 0,000330
nouvel 2,995732 0,000843
novemb 0,150823 0,000042
number 0,040822 0,000218
numer 0,430783 0,000485
nynorskoccitanoromooo 3,506558 0,000987
object 0,174353 0,000147
objectivist 3,912023 0,001101
obscur 2,813411 0,000792
observ 0,820981 0,002079
occur 0,510826 0,002012
occurr 2,120264 0,001193
oclc 0,891598 0,000502
octob 0,139262 0,000078
odd 2,659260 0,004489
often 0,127833 0,000108
oil 2,040221 0,000574
old 0,994252 0,000280
oldid -0,009950 -0,000003
olesperantoeuskara 0,510826 0,000144
olofsson 3,912023 0,005504
omega 2,813411 0,000792
onc 0,527633 0,000297
onli 0,051293 0,000072
onmathemat 2,995732 0,000843
opera 2,302585 0,000648
opinion 1,347074 0,001137
opposit 1,714798 0,000482
orbit 2,207275 0,001242
ord 3,912023 0,001101
order 0,094311 0,000027
org -0,009950 -0,000006
organ -0,009950 -0,000003
origin -0,009950 -0,000011
ornitholog 2,659260 0,000748
other -0,009950 -0,000028
out 0,261365 0,000147
outcom 1,660731 0,010748
outlin 0,562119 0,000474
overlin 3,218876 0,000906
oxford 0,843970 0,000237
page -0,009950 -0,000025
pagecontentscurr -0,009950 -0,000003
pageget -0,009950 -0,000003
pai 1,021651 0,000287
palgrav 1,897120 0,000534
paradox 2,659260 0,001496
parameterarticl 3,218876 0,000906
pareto 2,407946 0,000678
part 0,072571 0,000041
pascal 1,347074 0,001137
patoi 3,218876 0,000906
pattern 0,494296 0,000278
paul 0,544727 0,000153
payout 3,506558 0,000987
pdf 0,139262 0,000118
pdfprintabl -0,009950 -0,000003
peac 2,813411 0,000792
pearson 1,347074 0,001137
peopl 0,356675 0,000201
per 0,616186 0,000173
perceiv 1,771957 0,000499
percentag 1,427116 0,000402
perform 0,040822 0,000023
period 0,713350 0,000201
person -0,009950 -0,000003
perspect 0,733969 0,000207
peter 0,446287 0,000251
phenomena 1,966113 0,001106
phi 2,407946 0,000678
philosoph 2,040221 0,001148
philosophi 0,994252 0,001679
php -0,009950 -0,000003
physic 0,446287 0,000879
physicist 2,525729 0,000711
picardpiemont 2,813411 0,000792
pick 1,609438 0,000453
pierr 1,966113 0,001106
place 0,356675 0,000201
plai 0,713350 0,000602
player 1,469676 0,000414
pmc 1,272966 0,000358
pmid 0,994252 0,000280
poisson 2,302585 0,000648
polici -0,009950 -0,000008
polymath 2,995732 0,000843
ponat 2,120264 0,000597
popular 0,400478 0,000225
portal 0,494296 0,000556
portalphilosophi 3,912023 0,001101
portalrec -0,009950 -0,000003
portalvt 2,040221 0,000574
posit 0,616186 0,000173
possibl 0,186330 0,000629
post 0,478036 0,000135
posterior 2,659260 0,002993
posthum 3,506558 0,001973
postscript 2,813411 0,000792
pour 2,995732 0,000843
power 0,261365 0,000147
practic 0,186330 0,000105
precis 0,967584 0,000272
precoc 3,912023 0,001101
predict 0,733969 0,000207
premis 2,407946 0,000678
prentic 0,994252 0,000280
prepar 1,139434 0,000321
preprint 3,218876 0,000906
press 0,210721 0,000474
previous 0,843970 0,000475
price 0,798508 0,001123
primit 1,514128 0,000426
principl 0,385662 0,000326
print -0,009950 -0,000006
prior 0,891598 0,001505
privaci -0,009950 -0,000006
probabili 3,912023 0,001101
probabilist 1,832581 0,002578
probabilit 3,506558 0,000987
probabilita 3,912023 0,001101
probabilityhidden 3,912023 0,001101
probabl 0,843970 0,041795
probiti 3,912023 0,001101
problem 0,186330 0,000105
proce 1,771957 0,000499
process 0,051293 0,000087
produc 0,342490 0,000289
product 0,174353 0,000245
profession 0,673345 0,000189
professor 1,660731 0,000467
profit -0,009950 -0,000006
project -0,009950 -0,000003
proof 1,347074 0,001516
propens 3,912023 0,001101
properti 0,314711 0,000089
proport 1,771957 0,000997
proportion 2,995732 0,000843
propos 0,510826 0,000287
proposit 2,120264 0,002386
propto 3,912023 0,001101
protocol 0,527633 0,000148
provid 0,061875 0,000035
psychiatri 2,525729 0,000711
psycholog 1,469676 0,000414
psychologica 3,912023 0,001101
publish 0,105361 0,000148
publisherarticl 3,506558 0,000987
punnett 3,912023 0,007705
pure 1,203973 0,000678
qquad 3,218876 0,001811
qualifi 2,120264 0,000597
quantifi 1,560648 0,000878
quantum 1,171183 0,002966
quarterli 1,832581 0,000516
quetelet 3,506558 0,000987
quot 1,049822 0,000295
quotat 1,469676 0,000414
rand 2,525729 0,000711
random 0,693147 0,002145
rang 0,371064 0,000209
rash 3,912023 0,001101
ratio 1,386294 0,001170
ration 1,660731 0,000467
rbaycanca 0,248461 0,000070
read 0,162519 0,000046
readeditview 0,287682 0,000162
real 0,210721 0,000119
realiti 1,237874 0,000348
reason 0,328504 0,000277
rebat 3,912023 0,001101
receiv 0,400478 0,000113
red 1,237874 0,002438
reduc 0,274437 0,000077
refer -0,009950 -0,000011
regardless 1,272966 0,000358
reginald 2,995732 0,000843
regist -0,009950 -0,000003
regul 0,916291 0,000516
regular 0,867501 0,000244
rel 0,634878 0,000357
relat 0,030459 0,000043
relationship 0,653926 0,000184
reli 0,562119 0,000158
reliabl 0,371064 0,000209
remain 0,400478 0,000113
remark 2,525729 0,000711
repeat 1,469676 0,001241
rephras 3,506558 0,000987
report 0,261365 0,000074
repres 0,235722 0,000066
represent 0,634878 0,000179
reprint 2,207275 0,000621
reproduct 2,120264 0,000597
republicisraelotheryal 1,714798 0,000482
requir 0,051293 0,000043
research 0,223144 0,000063
resourc 0,248461 0,000140
respect 0,544727 0,000153
result 0,139262 0,000392
retriev -0,009950 -0,000020
reveal 1,203973 0,000339
revert 2,525729 0,000711
revolutionari 2,659260 0,000748
rewritten 1,966113 0,000553
rfelt 3,912023 0,001101
richard 0,733969 0,000826
riedi 3,912023 0,001101
right 0,314711 0,003631
rippl 3,506558 0,000987
risk 0,579818 0,000489
river 1,309333 0,000368
robert 0,527633 0,000297
robot 1,347074 0,000379
roger 1,139434 0,000321
role 0,527633 0,000148
roll 1,560648 0,003074
rom 0,616186 0,000173
ross 1,560648 0,000439
roulett 3,506558 0,002960
round 1,469676 0,000414
royal 1,714798 0,000482
rule 0,510826 0,000575
run 0,248461 0,000070
saddl 2,120264 0,000597
safeti -0,009950 -0,000003
said 0,755023 0,000212
sake 3,506558 0,000987
same 0,116534 0,000098
sampl 1,171183 0,002307
satisfi 1,347074 0,000379
scale 0,371064 0,000209
schiaparelli 3,912023 0,001101
schr 3,218876 0,001811
scienc 0,274437 0,001158
scientif 0,673345 0,000758
scotsshqipsicilianusimpl 3,506558 0,000987
search -0,009950 -0,000011
second 0,328504 0,000647
section 0,446287 0,000251
see -0,009950 -0,000031
seem 1,560648 0,000878
seen 0,776529 0,000218
sell 1,139434 0,000321
semant 0,891598 0,000502
send 1,108663 0,000312
seneta 3,912023 0,001101
sens 1,049822 0,000591
sensibl 2,813411 0,000792
sensit 1,078810 0,000304
separ 0,400478 0,000113
septemb 0,150823 0,000085
seri 0,328504 0,000277
set 0,051293 0,000101
seventeenth 2,813411 0,000792
sever 0,072571 0,000020
shafer 3,506558 0,000987
share 0,301105 0,000085
sharealik -0,009950 -0,000003
sheldon 2,995732 0,000843
shoesmith 3,912023 0,001101
short -0,009950 -0,000003
shorten -0,009950 -0,000003
show 0,400478 0,000113
side 0,579818 0,000816
sidebar -0,009950 -0,000014
sigma 2,302585 0,000648
sign 0,916291 0,000258
signal 0,755023 0,000212
signific 0,261365 0,000074
sim 2,659260 0,000748
similar 0,150823 0,000085
simon 1,021651 0,000287
simpl 0,150823 0,000042
simpli 0,733969 0,000207
simplifi 0,820981 0,000231
simpson 2,995732 0,002529
simultan 0,891598 0,000251
sinc 0,139262 0,000196
singapor 1,897120 0,000534
singh 1,714798 0,000482
singl 0,127833 0,000072
singleton 2,813411 0,000792
site -0,009950 -0,000003
situat 0,776529 0,000437
six 1,309333 0,001842
sixteenth 3,912023 0,001101
slenskaitaliano 0,562119 0,000158
slightli 1,771957 0,000499
slow 1,237874 0,000348
smooth 1,966113 0,000553
snell 2,995732 0,000843
societi 0,653926 0,000552
some 0,040822 0,000115
sometim 0,301105 0,000085
sourc 0,094311 0,000053
south 1,108663 0,000312
southampton 3,912023 0,002201
space 0,415515 0,001169
speak 1,139434 0,000321
specif 0,051293 0,000029
speed 0,941609 0,000265
spite 3,218876 0,000906
sponsor 1,714798 0,000482
spread 1,171183 0,000330
springer 0,527633 0,000297
squar 1,203973 0,001355
srpskisrpskohrvatski 0,510826 0,000144
stanford 1,309333 0,000368
state 0,083382 0,000070
statement -0,009950 -0,000008
statementsarticl 0,544727 0,000153
statesczech 2,525729 0,000711
statist -0,009950 -0,000084
statisticsprob 3,912023 0,001101
statlect 3,912023 0,001101
statprob 3,912023 0,001101
still 0,342490 0,000096
stochast 1,347074 0,001137
stop 0,967584 0,000272
strictli 1,966113 0,000553
structur 0,139262 0,000039
stuart 1,832581 0,000516
student 1,049822 0,000295
studi 0,314711 0,000443
sub 1,021651 0,000287
subject 0,478036 0,000942
subjectivist 3,912023 0,001101
subsect 0,020203 0,000006
subset 1,108663 0,000312
substitut 1,560648 0,000439
success 0,494296 0,000139
such 0,000000 0,000000
suffici 1,078810 0,000607
sum 1,203973 0,000339
summari 1,469676 0,001241
sundasuomisvenskatagalog 1,897120 0,000534
superstit 3,912023 0,001101
sure 1,966113 0,000553
sylvestr 3,912023 0,001101
symbol 1,078810 0,001214
symmetri 2,995732 0,000843
syntax 1,171183 0,000330
synthet 1,771957 0,000499
system 0,010050 0,000020
tabl -0,009950 -0,000008
tail 1,966113 0,003872
take 0,210721 0,000296
taken 0,867501 0,000976
tatar 1,272966 0,000358
te 3,506558 0,000987
technic 0,478036 0,000135
templat 0,301105 0,000085
tendenc 2,120264 0,000597
term -0,009950 -0,000020
termin 0,941609 0,000265
testimoni 3,218876 0,000906
text -0,009950 -0,000006
textal 3,506558 0,000987
tfrac 3,506558 0,009867
than 0,072571 0,000041
that 0,000000 0,000000
then 0,116534 0,000295
theorem 1,171183 0,001318
theoret 0,776529 0,000437
theori 0,400478 0,004958
there 0,051293 0,000130
thermal 2,407946 0,000678
these 0,040822 0,000046
thi -0,009950 -0,000073
thing 0,798508 0,000225
think 1,049822 0,000295
third 0,342490 0,000193
thode 3,506558 0,000987
thoma 0,527633 0,000445
thompson 1,714798 0,000482
those 0,235722 0,000133
though 0,544727 0,000153
thought 1,108663 0,000312
three 0,287682 0,000162
throughout 1,078810 0,000304
thu 0,314711 0,000177
tijana 3,912023 0,001101
time 0,000000 0,000000
tinachavacano 2,995732 0,000843
titl -0,009950 -0,000003
toggl -0,009950 -0,000008
toki 2,120264 0,000597
too 0,634878 0,000179
tool -0,009950 -0,000011
top -0,009950 -0,000003
topic -0,009950 -0,000008
toponym 2,659260 0,001496
toss 3,506558 0,002960
total 0,673345 0,000758
trace 1,427116 0,000402
trade 0,916291 0,000516
trademark -0,009950 -0,000003
trader 2,207275 0,001242
translat 0,798508 0,000225
treat 0,967584 0,000272
treatment 1,660731 0,002336
tree 0,693147 0,000195
trend 0,733969 0,000207
trial 1,609438 0,000453
true 0,776529 0,000218
truth 1,714798 0,001447
turn 0,776529 0,000218
tutori 1,347074 0,000379
twice 1,714798 0,000482
two 0,083382 0,000328
typic 0,186330 0,000052
tzebuergeschlietuvi 1,514128 0,000426
ultim 1,139434 0,000321
unbias 2,525729 0,000711
uncertainti 1,237874 0,000697
uncount 3,506558 0,000987
undefin 2,207275 0,000621
under -0,009950 -0,000006
underli 0,693147 0,000390
understand 0,342490 0,000096
understood 1,469676 0,000414
undertak 2,659260 0,000748
undesir 2,207275 0,000621
unfavour 3,506558 0,000987
uniform 1,347074 0,000379
unit 0,248461 0,000070
univ 3,218876 0,002717
univers 0,139262 0,000588
univoc 3,506558 0,000987
unsourc 0,446287 0,000251
upon 0,673345 0,000189
upper 1,660731 0,000467
urldownload -0,009950 -0,000003
usual 0,198451 0,000056
utc -0,009950 -0,000003
util 0,597837 0,000168
valid 0,616186 0,000173
valu 0,162519 0,000274
vari 0,478036 0,000135
variabl 0,494296 0,000278
varianc 1,660731 0,000467
variat 0,994252 0,000280
variou 0,223144 0,000063
venn 3,506558 0,000987
veri 0,314711 0,000089
verlag 1,832581 0,000516
version -0,009950 -0,000014
view -0,009950 -0,000008
vii 2,659260 0,000748
vip 3,912023 0,001101
virolog 2,407946 0,000678
virtual 0,462035 0,000130
vision 0,867501 0,000244
vitanyi 3,912023 0,001101
vladimir 2,813411 0,000792
vol 0,616186 0,000173
volum 0,616186 0,000173
vte 0,967584 0,000545
vteglossari 2,659260 0,000748
vtelog 3,912023 0,001101
wai 0,105361 0,000030
walk 2,120264 0,000597
war 1,078810 0,000304
warranti 2,525729 0,000711
washington 1,049822 0,000295
watson 2,040221 0,000574
wave 1,560648 0,001317
wayback 0,478036 0,000404
weber 2,813411 0,000792
websit 0,527633 0,000148
weight 1,108663 0,000624
weisstein 2,995732 0,000843
well 0,051293 0,000072
western 1,108663 0,000312
what -0,009950 -0,000006
wheel 2,120264 0,002386
when 0,030459 0,000086
where 0,072571 0,000061
wherea 1,049822 0,000591
which 0,000000 0,000000
while 0,051293 0,000014
whither 3,506558 0,000987
who 0,301105 0,000169
whole 0,916291 0,000258
whose 0,776529 0,000437
wide 0,210721 0,000059
widespread 0,994252 0,000280
wikibook 1,386294 0,000390
wikidataarticl 1,171183 0,000330
wikidataus 1,108663 0,000312
wikimedia -0,009950 -0,000008
wikipedia -0,009950 -0,000022
wikipediacontact -0,009950 -0,000003
wikiproject 1,832581 0,000516
wikiquot 1,966113 0,000553
wikisourc 2,525729 0,000711
wilcox 3,506558 0,000987
wilei 0,562119 0,000316
william 0,616186 0,000694
wilson 1,469676 0,000414
winarai 2,407946 0,000678
winner 2,407946 0,000678
winter 2,040221 0,000574
wit 2,659260 0,001496
wolfram 3,218876 0,000906
wolstenholm 3,912023 0,001101
word 0,446287 0,000126
work 0,030459 0,000017
world 0,139262 0,000039
writer 1,514128 0,000426
written 0,287682 0,000243
year 0,162519 0,000091
yet 0,891598 0,000251
yield 1,139434 0,000641
york 0,371064 0,000104
zalta 3,506558 0,000987
zamboanga 3,506558 0,000987
zbekcha 0,462035 0,000130
zero 0,693147 0,000390
