aart 3,912023 0,000798
abdollah 3,912023 0,000798
abdulkadirov 3,912023 0,000798
abstract 0,713350 0,000437
academ 0,693147 0,000283
accord 0,287682 0,000059
account -0,009950 -0,000004
accuraci 1,469676 0,000300
achiev 0,510826 0,000104
acid 2,207275 0,000450
action -0,009950 -0,000002
activ 0,356675 0,000291
actual 0,597837 0,000488
ad 0,223144 0,000091
adapt 0,798508 0,000163
add -0,009950 -0,000004
addit -0,009950 -0,000002
advanc 0,235722 0,000048
aerospac 1,771957 0,000723
affect 0,693147 0,000283
affin 2,525729 0,000515
again 1,078810 0,000220
against 0,462035 0,000094
agent 0,733969 0,000299
aggress 2,407946 0,000491
agre -0,009950 -0,000002
aid 0,843970 0,000172
aim 0,634878 0,000130
aisgalego 1,309333 0,000267
albert 2,659260 0,000542
albu 3,218876 0,000657
alexand 1,237874 0,000253
algebra 1,347074 0,001374
algorithm 0,462035 0,003864
algorithmsminimum 3,912023 0,000798
all 0,000000 0,000000
alloc 0,941609 0,000576
allow 0,061875 0,000025
almost 0,798508 0,000163
along 0,462035 0,000094
alreadi 0,776529 0,000158
also -0,009950 -0,000037
altern 0,342490 0,000279
although 0,287682 0,000117
alwai 0,597837 0,000366
american 0,415515 0,000085
among 0,356675 0,000146
amp -0,009950 -0,000012
analog 1,021651 0,000208
analysi 0,186330 0,000570
analyt 0,798508 0,000326
analyz 0,843970 0,000172
andquadraticinterior 3,912023 0,000798
andrew 0,820981 0,000167
ani 0,083382 0,000187
anneal 3,506558 0,002861
annual 0,776529 0,000158
anoth 0,127833 0,000104
answer 1,171183 0,000478
antenna 2,995732 0,003667
appear -0,009950 -0,000004
appli -0,009950 -0,000020
applic 0,030459 0,000043
approach 0,174353 0,000178
appropri 0,867501 0,000354
approxim 0,891598 0,002728
april 0,072571 0,000015
archiv 0,040822 0,000033
area 0,478036 0,000293
arg 2,407946 0,003439
argmax 3,912023 0,000798
argmin 3,912023 0,000798
argument 1,171183 0,001434
aris 1,469676 0,000300
arithmet 1,272966 0,000519
arkadi 3,912023 0,000798
around 0,356675 0,000146
arrow 1,966113 0,000401
art 0,673345 0,000137
arthur 1,427116 0,000291
articl 0,000000 0,000000
articleabout -0,009950 -0,000002
articletalk -0,009950 -0,000002
articul 2,525729 0,000515
artifici 0,994252 0,000203
asc 3,506558 0,000715
ascent 3,218876 0,000657
ask 0,867501 0,000354
aspect 0,616186 0,000251
asset 1,139434 0,000232
assum 0,891598 0,000364
assumpt 1,171183 0,000239
ast 2,407946 0,000491
astrophys 3,506558 0,000715
attain 2,302585 0,001409
attempt 0,478036 0,000195
attribut -0,009950 -0,000002
augment 1,237874 0,000253
august 0,162519 0,000033
author 0,040822 0,000008
autom 0,597837 0,000122
avail -0,009950 -0,000006
avers 2,659260 0,000542
avoid 0,579818 0,000355
bacteria 3,506558 0,000715
bahasa 0,186330 0,000038
bajcsi 3,218876 0,000657
bandler 3,912023 0,003192
barbara 2,120264 0,000433
barrier 1,660731 0,000339
base 0,010050 0,000016
basi 0,820981 0,000167
batson 3,912023 0,000798
bayesian 1,966113 0,000401
behav 1,427116 0,000291
behavior 0,342490 0,000140
bellman 3,912023 0,002394
belong 1,347074 0,000275
benjamin 1,386294 0,000283
berg 2,407946 0,000491
bergerman 3,506558 0,000715
berlin 1,386294 0,000283
bernard 1,966113 0,000401
berndt 3,912023 0,000798
bernhard 2,407946 0,000491
bertseka 3,912023 0,000798
besid 1,832581 0,000374
best 0,462035 0,000471
better 0,494296 0,000202
bfg 3,912023 0,001596
bibcod 0,693147 0,001273
bierlair 3,912023 0,000798
biernacki 3,912023 0,001596
biochem 3,218876 0,001313
bioengin 3,912023 0,000798
bioinformat 1,660731 0,002033
biolog 1,427116 0,000291
biologi 1,347074 0,001649
biotb 3,912023 0,000798
biotechnolog 2,813411 0,000574
bishnu 3,912023 0,000798
bit 1,078810 0,000220
bixbi 3,506558 0,000715
blanchard 2,525729 0,000515
blue 1,560648 0,000318
blume 3,506558 0,000715
bodi 0,867501 0,000708
bokm 0,127833 0,000026
bomz 3,912023 0,000798
bor 3,912023 0,000798
border 1,771957 0,000361
bori 2,995732 0,000611
boston 1,560648 0,000318
bound 1,171183 0,000478
boundari 1,427116 0,000582
boyd 2,813411 0,001148
brachistochron 3,912023 0,000798
branch 1,021651 0,000625
braun 3,218876 0,000657
breakdown 2,302585 0,000470
brief 1,237874 0,000253
brito 3,218876 0,001313
broyden 3,912023 0,000798
btl 3,912023 0,000798
btm 3,912023 0,000798
build 0,274437 0,000112
bukshtynov 3,912023 0,000798
bulk 2,040221 0,000416
bundl 1,514128 0,000309
busi 0,287682 0,000059
butyr 3,912023 0,000798
caccetta 3,912023 0,000798
calcul 0,916291 0,000561
calculu 1,560648 0,002229
call 0,030459 0,000106
camacho 3,912023 0,000798
cambridg 0,755023 0,000616
canadian 1,714798 0,000350
candid 1,897120 0,000774
capabl 0,562119 0,000229
captur 0,916291 0,000187
carlei 2,995732 0,000611
carlo 1,714798 0,000350
case 0,083382 0,000306
catal 0,094311 0,000019
categori -0,009950 -0,000014
centuri 0,843970 0,000172
certain 0,274437 0,000224
certifi 1,714798 0,000350
cervant 3,912023 0,000798
chain 0,843970 0,000172
chang 0,051293 0,000031
changesupload -0,009950 -0,000004
chao 2,207275 0,000901
check 0,634878 0,000130
chemistri 1,427116 0,000291
chen 1,309333 0,001336
cheng 2,040221 0,000416
chestnut 3,218876 0,000657
choic 0,755023 0,000462
choke 3,506558 0,000715
choos 0,916291 0,000374
cid 0,356675 0,000509
citat 0,248461 0,000051
cites 3,912023 0,000798
citeseerx 1,347074 0,000275
civil 1,309333 0,001870
cjce 3,912023 0,000798
class 0,446287 0,000273
classic 0,544727 0,000111
classif 1,021651 0,000625
classifi 0,967584 0,000395
claud 1,966113 0,000401
climb 2,813411 0,001148
close 0,356675 0,000073
co 2,813411 0,002870
coars 2,995732 0,001222
code -0,009950 -0,000008
cognit 1,427116 0,000291
coincid 2,207275 0,000450
collect 0,274437 0,000056
combin 0,261365 0,000053
combinator 2,120264 0,000433
combinatori 2,407946 0,001965
combinatorialparadigm 3,912023 0,000798
come 0,356675 0,000073
commerci 0,527633 0,000108
common -0,009950 -0,000014
commonswikidata 1,171183 0,000239
commut 2,302585 0,000470
compact 1,609438 0,000985
compar 0,342490 0,000070
complementar 3,912023 0,001596
complex 0,186330 0,000342
compli 1,897120 0,000387
complic 1,427116 0,000291
compon 0,261365 0,000267
comprehens 0,867501 0,000177
compromis 1,897120 0,000387
comput 0,020203 0,000128
concav 3,218876 0,001313
concept 0,198451 0,000081
concern 0,597837 0,000366
condit 0,579818 0,001774
conduct -0,009950 -0,000002
cone 3,218876 0,001313
configur 0,798508 0,000163
conflict 1,309333 0,000267
conform 1,272966 0,000260
conic 3,912023 0,001596
conjug 2,813411 0,002296
consid 0,274437 0,000224
consist 0,301105 0,000123
constant 1,660731 0,000339
constitut 1,272966 0,000260
constrain 1,897120 0,003483
constraint 1,139434 0,005346
construct 0,579818 0,000473
consum 0,653926 0,000267
contact -0,009950 -0,000006
contain 0,162519 0,000033
content -0,009950 -0,000010
context 0,446287 0,000182
continu 0,174353 0,000534
contribut -0,009950 -0,000002
control 0,020203 0,000070
convent 0,891598 0,000182
converg 1,832581 0,004486
convex 2,659260 0,015190
cooki -0,009950 -0,000002
coordin 1,309333 0,000534
cosmolog 3,912023 0,002394
cost 0,385662 0,000472
countabl 2,995732 0,000611
cours 0,967584 0,000395
crc 1,171183 0,000239
creat -0,009950 -0,000008
creativ -0,009950 -0,000002
criss 3,912023 0,000798
criteria 1,609438 0,000328
criterion 1,966113 0,001203
critic 0,385662 0,000629
cross 0,562119 0,000115
crucial 1,386294 0,000283
csend 3,912023 0,000798
csf 3,506558 0,000715
cso 3,218876 0,000657
curv 1,309333 0,001336
cut 1,386294 0,000848
cybernet 2,040221 0,000416
cycl 0,867501 0,000354
dang 3,218876 0,000657
dantzig 3,506558 0,003577
data 0,030459 0,000025
databas 0,072571 0,000015
dataczech 1,171183 0,000239
dataset 1,714798 0,000700
david 0,385662 0,000157
davidon 3,912023 0,000798
debreu 3,506558 0,000715
decemb 0,061875 0,000013
decis 0,400478 0,000817
defin 0,116534 0,000095
definit 0,186330 0,000190
deleg 1,966113 0,000401
delta 2,302585 0,000470
demand 0,820981 0,000167
denot 1,386294 0,000283
depend 0,105361 0,000064
deploy 1,049822 0,000214
der 1,609438 0,000328
derek 2,302585 0,000470
deriv 0,494296 0,001311
descent 2,407946 0,002456
describ 0,174353 0,000178
descript -0,009950 -0,000002
descriptionshort 0,000000 0,000000
design 0,040822 0,000217
desir 0,941609 0,000384
desokei 3,912023 0,000798
detail 0,510826 0,000104
determin 0,342490 0,000140
determinist 1,771957 0,001446
develop -0,009950 -0,000010
dictionari 0,616186 0,000377
diewert 3,912023 0,000798
differ 0,010050 0,000014
differenti 0,916291 0,002056
difficult 0,597837 0,000244
difficulti 1,237874 0,000253
dijkstra 2,995732 0,000611
dimens 1,347074 0,000275
dimension 1,560648 0,000955
dimitri 3,218876 0,000657
dinic 3,912023 0,000798
diophantin 2,525729 0,000515
directli 0,415515 0,000085
disambigu 1,049822 0,000428
disciplin 1,203973 0,000246
disclaim -0,009950 -0,000002
discoveri 1,139434 0,000232
discret 1,049822 0,001927
disjunct 3,506558 0,000715
displaystyl 1,386294 0,003394
distinct 0,544727 0,000222
distinguish 0,733969 0,000449
divid 1,049822 0,000428
dm 3,912023 0,000798
documenta 3,912023 0,001596
dog 2,813411 0,000574
doi 0,162519 0,000696
domain 0,544727 0,000111
domin 1,021651 0,000417
donat -0,009950 -0,000004
done 0,653926 0,000133
dong 2,659260 0,000542
dorfman 3,506558 0,000715
dot 1,609438 0,000328
download -0,009950 -0,000002
dsge 3,506558 0,000715
dual 1,609438 0,000328
dualiti 3,506558 0,000715
due 0,261365 0,000107
dynam 0,342490 0,001048
each 0,072571 0,000059
earth 1,272966 0,000260
econom 0,653926 0,002401
econometr 1,966113 0,000401
economi 1,309333 0,000267
economist 1,514128 0,000309
ed 0,798508 0,000652
edg 0,820981 0,000167
edit -0,009950 -0,000083
editcommun -0,009950 -0,000002
edmond 3,218876 0,000657
educ 0,494296 0,000101
effect 0,274437 0,000056
effici 0,287682 0,000235
effort 0,653926 0,000267
electr 0,891598 0,000728
electromagnet 2,040221 0,001665
eleftherio 3,912023 0,000798
element 0,301105 0,000491
elementari 1,771957 0,000361
ellipsoid 3,912023 0,001596
elsevi 1,203973 0,000246
elucid 3,912023 0,000798
emil 2,525729 0,000515
empir 1,108663 0,000226
emploi 0,673345 0,000137
encyclopedia -0,009950 -0,000004
end 0,186330 0,000038
energi 0,843970 0,001205
engin 0,061875 0,000518
engineeringsubfield 3,218876 0,000657
english -0,009950 -0,000002
englishsloven 0,510826 0,000104
enorm 2,302585 0,000470
enough 0,843970 0,000344
ensembl 2,525729 0,000515
ensur 0,713350 0,000437
enterpris 0,446287 0,000091
envelop 2,659260 0,000542
equal 0,843970 0,001377
equat 1,386294 0,001980
equilibria 3,506558 0,000715
equilibrium 2,813411 0,001722
equival 0,820981 0,000502
error 0,430783 0,000088
erwin 3,506558 0,000715
espa 0,210721 0,000043
especi 0,415515 0,000170
essai 2,207275 0,000450
establish 0,634878 0,000259
estim 0,820981 0,000670
euclidean 2,302585 0,000939
evalu 0,562119 0,001376
even 0,235722 0,000144
event 0,356675 0,000073
eventsrandom -0,009950 -0,000002
everi 0,261365 0,000107
evolut 0,820981 0,000167
evolutionari 1,832581 0,001122
exampl 0,020203 0,000021
excess 1,386294 0,000283
exchang 0,579818 0,000118
exist 0,186330 0,000190
expenditur 2,525729 0,000515
expens 1,108663 0,000226
experiment 0,916291 0,000187
explain 0,798508 0,000163
exploit 1,078810 0,000660
export -0,009950 -0,000002
express 0,544727 0,000667
extens 0,342490 0,000210
extern 0,030459 0,000012
extrem 0,941609 0,000192
extrema 3,912023 0,003990
fabrycki 3,218876 0,000657
facet 2,995732 0,000611
fault 1,237874 0,000253
favorit 2,525729 0,000515
feasibl 1,771957 0,005422
februari 0,061875 0,000050
fermat 2,995732 0,001222
ferment 3,912023 0,001596
few 0,653926 0,000133
fidel 2,659260 0,000542
field 0,314711 0,000385
fileperman -0,009950 -0,000002
filespeci -0,009950 -0,000002
fill 1,660731 0,000339
film 1,386294 0,000283
filter 1,108663 0,000452
final 0,494296 0,000101
financ 0,843970 0,000517
find 0,371064 0,000681
fine 1,609438 0,000328
finit 1,560648 0,002865
firm 1,171183 0,000239
first 0,020203 0,000041
fit 1,203973 0,000491
fletcher 3,218876 0,002627
flouda 3,912023 0,000798
flow 0,430783 0,000439
floyd 3,218876 0,000657
fluid 1,660731 0,000339
follow 0,072571 0,000089
foral 3,912023 0,000798
forc 0,597837 0,000244
ford 2,302585 0,000939
form 0,072571 0,000059
former 1,049822 0,000214
formerli 1,309333 0,000267
formul 1,714798 0,001049
formula 1,427116 0,000582
found 0,274437 0,000560
foundat -0,009950 -0,000004
fractal 2,659260 0,000542
fraction 1,514128 0,000927
framework 0,287682 0,000117
fran 0,223144 0,000046
franci 1,347074 0,000550
frank 1,203973 0,000491
free -0,009950 -0,000002
friedrich 2,407946 0,000491
fritz 3,218876 0,000657
frontier 1,469676 0,000300
fulkerson 3,506558 0,000715
function 0,030459 0,000466
further 0,139262 0,000114
futur 0,235722 0,000048
game 0,478036 0,000195
gauss 2,407946 0,000982
geanakoplo 3,912023 0,000798
gene 2,040221 0,000832
gener -0,009950 -0,000047
genet 1,714798 0,001049
geometr 1,771957 0,001446
geometri 1,347074 0,000550
geophys 2,995732 0,003056
georg 0,843970 0,000344
geq 2,813411 0,000574
ghoshal 3,912023 0,000798
gill 2,525729 0,000515
given 0,261365 0,000267
global 0,446287 0,001821
glossari 0,867501 0,000354
goal 0,562119 0,000344
golden 2,525729 0,000515
goldfarb 3,506558 0,000715
gonz 2,995732 0,000611
good 0,616186 0,000754
govern 0,544727 0,000111
gradient 2,659260 0,014647
gradientsconverg 3,912023 0,000798
graph 0,967584 0,000790
gravit 3,218876 0,000657
grco 3,912023 0,000798
great 0,941609 0,000192
greater 0,755023 0,000154
greedi 3,218876 0,000657
grobelni 3,912023 0,000798
grosz 3,218876 0,000657
group 0,186330 0,000038
grow 0,653926 0,000133
guarante 1,078810 0,000880
gwiyannen 2,995732 0,000611
haggag 3,912023 0,000798
hall 0,653926 0,000400
hand 0,494296 0,000101
handbook 0,941609 0,000192
handl 0,415515 0,000085
handset 3,218876 0,002627
harder 2,040221 0,000416
harmon 1,714798 0,000350
harold 2,120264 0,000865
hartmann 3,506558 0,000715
harvard 1,386294 0,000283
hausman 3,912023 0,000798
hdl 1,049822 0,000214
health 0,994252 0,000203
heavili 1,203973 0,000246
hegazi 3,912023 0,000798
heiko 3,506558 0,000715
help 0,174353 0,000071
helplearn -0,009950 -0,000002
hemmer 3,912023 0,001596
here 0,301105 0,000184
hererel -0,009950 -0,000002
herti 3,912023 0,000798
hessian 3,218876 0,008536
heurist 1,966113 0,005615
heuristicsunconstrain 3,912023 0,000798
hidden 0,843970 0,000172
hide -0,009950 -0,000008
high 0,223144 0,000228
hill 0,867501 0,000354
histor 0,579818 0,000118
histori -0,009950 -0,000016
hitchin 3,218876 0,000657
hold 0,579818 0,000118
homolog 2,525729 0,000515
homotopi 2,525729 0,000515
horst 3,218876 0,000657
how 0,072571 0,000030
howard 2,207275 0,000450
howev 0,094311 0,000038
hrvatskibahasa 1,427116 0,000291
http -0,009950 -0,000002
hua 2,995732 0,001222
human 0,527633 0,000215
hurtado 3,912023 0,000798
hypercomplex 2,525729 0,000515
idef 2,995732 0,000611
identifi 0,356675 0,000146
ieee 0,634878 0,000518
iii 1,560648 0,000318
imag 0,494296 0,000101
immanuel 3,506558 0,000715
impli 0,994252 0,000203
import 0,162519 0,000033
improv 0,150823 0,000123
imwcl 3,912023 0,000798
ina 0,356675 0,000073
inasloven 0,616186 0,000126
inc -0,009950 -0,000002
includ 0,000000 0,000000
increas 0,287682 0,000059
increasingli 0,776529 0,000317
indefinit 1,237874 0,000253
index -0,009950 -0,000002
indic 0,356675 0,000073
indonesiaitaliano 1,237874 0,000253
industri 0,356675 0,000073
inequ 2,120264 0,002595
infeas 2,525729 0,000515
infer 1,139434 0,000697
infin 2,659260 0,000542
infinit 1,609438 0,000985
inflationari 3,218876 0,000657
influenti 1,897120 0,000387
inform 0,061875 0,000088
informationcit -0,009950 -0,000002
infrastructur 0,673345 0,000137
infti 3,506558 0,001431
input 0,634878 0,000518
insofar 3,912023 0,000798
integ 1,139434 0,001860
integr 0,174353 0,000036
intellig 0,510826 0,000104
interact 0,356675 0,000073
interdepend 2,407946 0,000491
interest 0,478036 0,000390
interior 2,120264 0,001730
intern 0,040822 0,000025
internationalgndfastnationalunit 1,237874 0,000253
interpol 2,120264 0,000865
interpret 0,579818 0,000118
interv 1,386294 0,000566
introduc 0,210721 0,000086
investor 1,609438 0,000328
irep 3,912023 0,001596
isbn 0,051293 0,000199
isbnarticl 2,525729 0,000515
issn 0,478036 0,000780
issu 0,314711 0,000064
issuescommon 3,506558 0,000715
itap 3,912023 0,000798
item -0,009950 -0,000002
iter 1,272966 0,005194
itmtt 3,912023 0,001596
itself 0,342490 0,000140
jame 0,634878 0,000130
jan 1,386294 0,000283
januari 0,083382 0,000034
jel 3,506558 0,000715
jo 2,407946 0,001474
joaquim 3,912023 0,000798
john 0,198451 0,000243
jon 1,514128 0,000309
jorg 2,995732 0,000611
joseph 0,820981 0,000167
joshi 2,813411 0,000574
journal 0,186330 0,000342
jstor 0,843970 0,000344
juan 2,207275 0,000450
judg 1,897120 0,000387
juli 0,127833 0,000104
julio 3,912023 0,000798
jump -0,009950 -0,000002
june 0,094311 0,000019
just 0,328504 0,000134
kalman 2,995732 0,000611
kan 3,912023 0,000798
kantorovich 3,912023 0,000798
kar 3,912023 0,000798
karl 1,966113 0,000802
karmarkar 3,912023 0,001596
karp 2,995732 0,000611
karush 3,912023 0,002394
kathleen 2,659260 0,000542
katia 2,995732 0,000611
kell 3,912023 0,000798
khachiyan 3,912023 0,001596
kind 0,673345 0,000137
klar 3,912023 0,000798
kluwer 2,302585 0,000470
knot 2,407946 0,000491
known 0,127833 0,000130
kochenderf 3,912023 0,000798
koopman 2,659260 0,000542
korst 3,912023 0,000798
koziel 3,912023 0,000798
krii 3,912023 0,000798
kruskal 2,813411 0,000574
ksce 3,912023 0,000798
ksjce 3,912023 0,000798
kuhn 2,407946 0,001474
labor 1,832581 0,000374
lagrang 2,813411 0,001722
lagrangian 3,218876 0,001313
languag -0,009950 -0,000006
larg 0,127833 0,000261
last -0,009950 -0,000002
lawrenc 1,386294 0,000283
learn 0,162519 0,000199
least 0,527633 0,000861
lee 0,994252 0,000406
left 0,916291 0,000374
leftrightarrow 3,506558 0,000715
leg 3,218876 0,000657
legal -0,009950 -0,000002
leigh 2,995732 0,000611
lemk 3,912023 0,000798
leonid 3,218876 0,001313
leq 2,995732 0,001222
let 0,916291 0,000187
letter 0,843970 0,000172
lev 3,506558 0,000715
level 0,083382 0,000068
levenberg 3,912023 0,000798
lez 2,995732 0,000611
licens -0,009950 -0,000002
lie 2,120264 0,000865
lietuvi 2,302585 0,000470
lieven 3,912023 0,000798
life 0,653926 0,000267
lifecycl 2,120264 0,000433
light 1,049822 0,000214
lightest 3,912023 0,000798
like 0,051293 0,000021
line 0,261365 0,000160
linear 0,916291 0,003925
link -0,009950 -0,000018
linkpag -0,009950 -0,000002
linksc 1,272966 0,000260
lionel 3,218876 0,000657
lipschitz 3,912023 0,003192
list 0,051293 0,000073
literatur 1,272966 0,000260
lmwc 3,912023 0,000798
lnorsk 0,653926 0,000133
local 0,314711 0,001412
log -0,009950 -0,000004
logic 0,616186 0,000126
logist 1,609438 0,000328
london 0,941609 0,000384
longer 0,755023 0,000154
loss 0,891598 0,000364
lou 2,995732 0,000611
lov 3,506558 0,000715
lower 0,673345 0,000137
lowest 1,897120 0,000774
luenberg 3,912023 0,000798
luonan 3,912023 0,001596
lux 0,371064 0,000076
lyakhov 2,995732 0,000611
machin 0,040822 0,000058
machol 3,218876 0,000657
macmillan 1,660731 0,000678
macroeconom 2,207275 0,000901
macroeconomist 3,912023 0,000798
made 0,186330 0,000038
madeh 3,912023 0,001596
madsen 3,912023 0,000798
magnet 1,966113 0,000401
magyar 1,049822 0,000214
main -0,009950 -0,000028
mainli 1,021651 0,000208
maint 0,798508 0,000326
mainten 0,843970 0,000172
major 0,223144 0,000273
make 0,061875 0,000063
maker 1,771957 0,000723
malliari 3,912023 0,000798
manag 0,105361 0,000172
mandal 3,912023 0,000798
mani 0,061875 0,000088
manifold 2,525729 0,000515
manipul 0,673345 0,000137
manual 0,994252 0,000203
manuela 3,218876 0,000657
map 0,616186 0,001257
market 0,446287 0,000091
marquardt 3,912023 0,000798
martin 0,843970 0,000344
match 0,400478 0,000082
math 1,832581 0,001122
mathbb 2,659260 0,003797
mathbf 2,995732 0,004278
mathemat 0,616186 0,006662
mathematica 2,407946 0,000982
mathematician 1,966113 0,000802
matric 2,659260 0,000542
matrix 1,609438 0,002627
matter 1,049822 0,000214
mauricio 3,912023 0,000798
max 1,660731 0,002033
maxim 1,469676 0,003598
maxima 3,506558 0,002146
maximum 1,386294 0,003676
mead 2,813411 0,002296
mean 0,083382 0,000017
meaning 1,966113 0,000401
measur 0,371064 0,000227
mechan 0,356675 0,000146
media 0,139262 0,000028
medium 1,171183 0,000717
meet 0,527633 0,000108
mehdi 2,813411 0,000574
mehran 2,995732 0,000611
melayunederland 2,040221 0,000416
member 0,562119 0,000115
memet 3,218876 0,000657
mend 3,912023 0,000798
menu -0,009950 -0,000004
messag 0,400478 0,000082
metabol 3,218876 0,003940
metaheurist 3,506558 0,002146
method 0,150823 0,002061
methodolog 0,994252 0,000203
michael 0,385662 0,000079
michel 1,560648 0,000318
michiel 2,995732 0,000611
microarrai 3,912023 0,001596
microeconom 2,302585 0,000470
microwav 2,813411 0,004591
militari 1,469676 0,000300
min 2,120264 0,002163
minim 0,579818 0,002366
minima 3,506558 0,003577
minimum 1,469676 0,006896
mirror 1,897120 0,000774
miss 0,867501 0,000354
mit 0,776529 0,000158
mix 0,891598 0,000546
mmce 3,912023 0,000798
mo 2,525729 0,000515
mobil -0,009950 -0,000004
modal 2,407946 0,001965
model 0,116534 0,000808
modern 0,314711 0,000193
molecular 2,120264 0,001730
momentum 2,040221 0,000832
monetari 1,609438 0,000328
monomi 3,912023 0,000798
more 0,010050 0,000023
most 0,040822 0,000008
motion 1,771957 0,000361
move -0,009950 -0,000010
mpc 3,912023 0,000798
much 0,400478 0,000408
multi 0,342490 0,000699
multidisciplinari 2,995732 0,000611
multilinear 2,120264 0,000433
multimod 2,302585 0,000470
multipl 0,094311 0,000154
multipli 1,560648 0,000637
murrai 2,525729 0,000515
mykel 3,912023 0,000798
nagpal 3,218876 0,000657
narendra 3,912023 0,000798
nasseri 3,912023 0,001596
natalia 2,995732 0,000611
nation 0,527633 0,000108
natur 0,356675 0,000146
naum 3,912023 0,000798
navig -0,009950 -0,000002
nber 2,995732 0,000611
nchez 3,218876 0,000657
nearbi 2,995732 0,000611
necessari 0,616186 0,000377
need 0,030459 0,000037
neg 0,967584 0,000790
neither 1,469676 0,000300
nelder 3,506558 0,002861
nemhaus 3,912023 0,000798
nemirovski 3,912023 0,000798
nesterov 3,912023 0,000798
network 0,127833 0,000261
neumann 1,771957 0,000361
neural 1,609438 0,000657
nevertheless 1,660731 0,000339
new 0,010050 0,000010
newton 2,407946 0,005403
nikolova 3,912023 0,000798
ning 2,407946 0,000491
noced 3,912023 0,000798
noisi 2,995732 0,000611
non -0,009950 -0,000006
nonconvex 3,912023 0,002394
nonlinear 1,966113 0,003610
nonlinearfunct 3,912023 0,000798
nonlineargener 3,912023 0,000798
norsk 0,342490 0,000070
not 0,000000 0,000000
notabl 0,616186 0,000126
notat 0,941609 0,001345
note 0,150823 0,000062
null 1,309333 0,000267
number 0,040822 0,000117
numer 0,430783 0,000527
nynorskpolskiportugu 2,302585 0,000470
object 0,174353 0,001280
observ 0,820981 0,000167
obsolet 1,609438 0,000328
obtain 0,733969 0,000599
occur 0,510826 0,000104
off 0,673345 0,000275
often 0,127833 0,000209
oldid -0,009950 -0,000002
olesperantoeuskara 0,510826 0,000104
onli 0,051293 0,000073
onlin 0,415515 0,000085
open 0,150823 0,000031
oper 0,010050 0,000021
operatornam 3,506558 0,002861
opposit 1,714798 0,000350
optim 0,415515 0,016783
optima 3,506558 0,004292
optimis 2,407946 0,000491
optimizationconvex 3,912023 0,000798
optimizationoper 3,912023 0,000798
optimum 3,218876 0,002627
order 0,094311 0,000250
ordinari 1,272966 0,000260
org -0,009950 -0,000002
organ -0,009950 -0,000002
origin -0,009950 -0,000006
other -0,009950 -0,000030
outpac 3,912023 0,000798
over 0,094311 0,000077
overlap 1,309333 0,000267
overview 0,616186 0,000126
oxford 0,843970 0,000172
page -0,009950 -0,000004
pagecontentscurr -0,009950 -0,000002
pageget -0,009950 -0,000002
pair 1,309333 0,000801
palgrav 1,897120 0,001548
palsson 3,912023 0,000798
pano 3,912023 0,002394
papoutsaki 3,912023 0,000798
parabol 3,506558 0,000715
paradigm 0,941609 0,000192
parallel 0,941609 0,000192
paramet 0,755023 0,001540
pardalo 3,912023 0,003990
pareto 2,407946 0,003930
part 0,072571 0,000030
partial 0,916291 0,000187
particl 2,407946 0,000982
particular 0,301105 0,000307
particularli 0,597837 0,000366
path 0,798508 0,000163
pathwai 2,659260 0,001085
pattern 0,494296 0,000202
paul 0,544727 0,000111
pdf 0,139262 0,000057
pdfprintabl -0,009950 -0,000002
peer 1,771957 0,000361
penalti 2,813411 0,000574
penetr 2,995732 0,000611
peopl 0,356675 0,000073
perform 0,040822 0,000017
permut 2,407946 0,000491
person -0,009950 -0,000002
perspect 0,733969 0,000150
perturb 2,995732 0,000611
pez 2,659260 0,000542
philosophi 0,994252 0,000203
phone 1,386294 0,000283
php -0,009950 -0,000002
physic 0,446287 0,000546
piryonesi 3,912023 0,002394
pivot 2,040221 0,000416
plane 1,660731 0,000339
plant 1,771957 0,000361
pleas 0,755023 0,000154
plot 2,302585 0,000470
pmid 0,994252 0,001014
point 0,186330 0,001102
polici -0,009950 -0,000008
polit 1,078810 0,000220
polyak 3,912023 0,000798
polyhedron 3,506558 0,000715
polynomi 1,832581 0,000374
polytop 3,218876 0,000657
pontryagin 3,912023 0,000798
popular 0,400478 0,000245
portal 0,494296 0,000101
portalrec -0,009950 -0,000002
portfolio 1,771957 0,000361
posit 0,616186 0,000377
possess 1,832581 0,000374
possibl 0,186330 0,000152
posynomi 3,912023 0,000798
powel 2,525729 0,001546
power 0,261365 0,000160
practic 0,186330 0,000190
prasad 3,506558 0,000715
precis 0,967584 0,000197
predict 0,733969 0,000150
prefer 0,798508 0,000163
present 0,287682 0,000059
press 0,210721 0,000301
price 0,798508 0,000163
prim 3,506558 0,000715
primarili 0,653926 0,000133
princip 1,237874 0,000253
print -0,009950 -0,000002
privaci -0,009950 -0,000004
probabl 0,843970 0,000172
problem 0,186330 0,003611
process 0,051293 0,000073
product 0,174353 0,000036
profit -0,009950 -0,000004
program 0,116534 0,001640
project -0,009950 -0,000010
propag 2,207275 0,000450
properti 0,314711 0,000128
propos 0,510826 0,000313
provid 0,061875 0,000038
psycholog 1,469676 0,000300
public 0,127833 0,000026
publish 0,105361 0,000021
pure 1,203973 0,000246
push 1,203973 0,000246
qingsha 3,912023 0,000798
qua 3,912023 0,000798
quadrat 2,407946 0,005895
qualiti 0,634878 0,000389
quantit 1,469676 0,000600
quantiti 1,049822 0,000214
quantum 1,171183 0,000239
quasi 1,966113 0,001203
quasiconvex 3,912023 0,000798
rademach 3,912023 0,000798
radhika 3,218876 0,000657
ramadan 3,912023 0,000798
ramezani 3,506558 0,001431
ramo 2,995732 0,000611
random 0,693147 0,000848
rang 0,371064 0,000076
rank 1,272966 0,000260
rate 0,673345 0,000275
rather 0,287682 0,000059
ratio 1,386294 0,000283
raya 3,912023 0,000798
rbaycanca 0,248461 0,000051
read 0,162519 0,000066
readeditview 0,287682 0,000117
real 0,210721 0,000344
realiz 1,309333 0,000267
reason 0,328504 0,000067
recent 0,562119 0,000115
recognit 1,078810 0,000220
record 0,400478 0,000082
recreat 1,832581 0,000374
redirect 0,673345 0,000275
reduc 0,274437 0,000168
reduct 1,203973 0,000246
refer -0,009950 -0,000006
regard 0,776529 0,000634
region 1,108663 0,000905
regist -0,009950 -0,000002
regular 0,867501 0,000177
regularli 1,771957 0,000361
regulatori 1,427116 0,001165
reiner 3,506558 0,000715
rel 0,634878 0,000130
relabel 3,912023 0,000798
relat 0,030459 0,000037
relatedli 3,218876 0,000657
relationship 0,653926 0,000267
relax 2,407946 0,001965
reli 0,562119 0,000344
reliabl 0,371064 0,000076
remov 0,301105 0,000061
renew 1,966113 0,000401
repeatedli 2,659260 0,000542
repres 0,235722 0,000192
republicspainisraelotheryal 2,659260 0,000542
requir 0,051293 0,000052
research 0,223144 0,000501
researchmathemat 3,912023 0,000798
resend 3,912023 0,000798
resourc 0,248461 0,000253
respect 0,544727 0,000333
respiratori 3,912023 0,000798
restart 2,995732 0,000611
result 0,139262 0,000028
retriev -0,009950 -0,000010
review 0,314711 0,000193
revis 1,021651 0,000208
rez 3,218876 0,000657
reznikov 3,912023 0,000798
richard 0,733969 0,000150
rieger 3,912023 0,000798
right 0,314711 0,000128
rightarrow 2,813411 0,000574
rigid 2,120264 0,002163
rinnooi 3,912023 0,000798
risk 0,579818 0,000355
road 1,272966 0,000260
robbin 3,218876 0,000657
robert 0,527633 0,000431
robot 1,347074 0,000275
robust 1,049822 0,000428
rock 2,120264 0,000433
rockafellar 3,912023 0,000798
roger 1,139434 0,000232
rom 0,616186 0,000126
ronald 1,714798 0,000350
rosario 3,218876 0,000657
rotemberg 3,912023 0,000798
rout 1,108663 0,000226
rto 3,912023 0,000798
rui 2,525729 0,000515
run 0,248461 0,000101
ruzena 3,218876 0,000657
saddl 2,120264 0,000433
safeti -0,009950 -0,000006
sai 0,616186 0,000251
same 0,116534 0,000095
san 1,203973 0,000246
sargent 3,218876 0,000657
satellit 2,040221 0,000416
satisfact 2,207275 0,000901
satisfactorili 3,912023 0,000798
satisfi 1,347074 0,001099
scale 0,371064 0,000227
scarc 2,813411 0,000574
scene 2,207275 0,000450
schedul 1,021651 0,000625
schmedder 3,912023 0,000798
scienc 0,274437 0,000336
scientif 0,673345 0,000137
sdp 3,912023 0,001596
search -0,009950 -0,000037
second 0,328504 0,000536
section 0,446287 0,000091
see -0,009950 -0,000018
seismic 3,218876 0,000657
select 0,371064 0,000151
semi 0,843970 0,000344
semidefinit 3,912023 0,001596
sensit 1,078810 0,000440
seophonisten 3,912023 0,000798
septemb 0,150823 0,000031
sequenti 1,771957 0,000723
seri 0,328504 0,000067
session 1,469676 0,000300
set 0,051293 0,000303
sever 0,072571 0,000015
shanno 3,912023 0,000798
shao 3,912023 0,001596
shape 1,078810 0,000220
sharealik -0,009950 -0,000002
shea 3,218876 0,000657
sheng 3,506558 0,001431
shor 3,506558 0,000715
short -0,009950 -0,000002
shorten -0,009950 -0,000002
shortest 2,407946 0,000491
shqipsimpl 1,203973 0,000246
siam 2,525729 0,000515
sidebar -0,009950 -0,000008
signal 0,755023 0,000154
signific 0,261365 0,000053
similar 0,150823 0,000092
similarli 0,843970 0,000517
simionescu 3,912023 0,000798
simon 1,021651 0,000208
simpler 1,832581 0,000374
simplex 3,218876 0,005253
simplic 1,897120 0,000387
simplici 3,506558 0,000715
simul 1,021651 0,001459
simultan 0,891598 0,000182
sinc 0,139262 0,000170
singl 0,127833 0,000026
site -0,009950 -0,000002
situat 0,776529 0,000158
size 0,342490 0,000070
sjsc 3,912023 0,000798
slack 3,506558 0,002861
slawomir 3,912023 0,000798
slow 1,237874 0,000253
slower 1,966113 0,000401
small 0,314711 0,000193
smaller 0,994252 0,000203
smoothli 3,506558 0,000715
societi 0,653926 0,000400
sociocultur 2,995732 0,000611
sociolog 1,660731 0,000339
socp 3,912023 0,001596
softwar 0,127833 0,000130
soliton 3,912023 0,000798
solut 0,478036 0,003413
solv 0,820981 0,002345
solver 2,813411 0,001722
some 0,040822 0,000225
sometim 0,301105 0,000061
somewher 3,506558 0,000715
sought 1,966113 0,000401
sourc 0,094311 0,000019
soviet 2,525729 0,000515
space 0,415515 0,001187
span 1,771957 0,000361
spare 2,302585 0,000470
speak 1,139434 0,000232
special 0,235722 0,000192
specif 0,051293 0,000021
specifi 0,446287 0,000364
spell 1,897120 0,000387
spfa 3,912023 0,000798
spiral 2,813411 0,000574
split 1,139434 0,000465
springer 0,527633 0,000753
spsa 3,912023 0,000798
squar 1,203973 0,000246
srpskisundasuomisvenskatagalog 3,218876 0,000657
stand 1,078810 0,000220
stanford 1,309333 0,000267
stanislav 3,912023 0,000798
start 0,261365 0,000267
state 0,083382 0,000102
statement -0,009950 -0,000002
statesfrancebnf 0,510826 0,000104
static 1,272966 0,000519
stationari 2,407946 0,001474
statist -0,009950 -0,000006
steepest 3,912023 0,001596
step 0,713350 0,000291
stephen 0,843970 0,000517
stiff 3,218876 0,000657
stiffest 3,912023 0,000798
still 0,342490 0,000140
stochast 1,347074 0,004672
storag 0,430783 0,000088
strai 3,912023 0,000798
strategi 0,733969 0,000150
structur 0,139262 0,000170
studi 0,314711 0,000899
style 0,941609 0,000576
sub 1,021651 0,000208
subfield 1,832581 0,002243
subgradi 3,912023 0,003990
subject 0,478036 0,000390
subproblem 3,218876 0,001313
subsect 0,020203 0,000021
subsequ 0,916291 0,000187
subset 1,108663 0,000905
success 0,494296 0,000303
such 0,000000 0,000000
suffic 2,995732 0,000611
suffici 1,078810 0,000880
suit 0,891598 0,000182
suitabl 1,237874 0,000253
sun 1,237874 0,000505
superconduct 3,218876 0,000657
support 0,150823 0,000031
surfac 1,469676 0,000899
surrog 2,040221 0,000832
swarm 2,207275 0,000901
sycara 2,995732 0,000611
symmetr 1,897120 0,000387
symposium 1,309333 0,000267
syndrom 2,813411 0,000574
synthet 1,771957 0,000361
system 0,010050 0,000057
systemat 1,078810 0,000220
szl 2,995732 0,000611
tabl -0,009950 -0,000004
tabu 3,506558 0,001431
take 0,210721 0,000086
tap 2,120264 0,000433
tarek 3,912023 0,000798
tavakolan 3,912023 0,000798
taylor 1,203973 0,000246
techniqu 0,385662 0,001573
templat 0,301105 0,000061
teo 3,912023 0,000798
term -0,009950 -0,000014
termin 0,941609 0,000768
terri 2,302585 0,000470
test 0,248461 0,000253
text -0,009950 -0,000008
than 0,072571 0,000148
that 0,000000 0,000000
then 0,116534 0,000214
theorem 1,171183 0,001195
theoret 0,776529 0,000792
theori 0,400478 0,002451
there 0,051293 0,000084
therebi 1,309333 0,000267
these 0,040822 0,000050
thi -0,009950 -0,000065
thin 2,207275 0,000450
thoma 0,527633 0,000108
though 0,544727 0,000111
throughput 2,120264 0,000865
thu 0,314711 0,000064
thui 3,506558 0,000715
tibor 3,912023 0,000798
tim 0,867501 0,000177
time 0,000000 0,000000
timelin 0,733969 0,000150
tinadanskdeutsch 3,218876 0,000657
titl -0,009950 -0,000002
todd 2,407946 0,000491
toggl -0,009950 -0,000014
toler 1,386294 0,000283
too 0,634878 0,000130
tool -0,009950 -0,000008
top -0,009950 -0,000002
topic -0,009950 -0,000006
topolog 1,514128 0,000309
toscano 3,912023 0,000798
toward 0,713350 0,000146
trade 0,916291 0,000748
trademark -0,009950 -0,000002
tradit 0,544727 0,000111
traffic 1,272966 0,000779
train 0,967584 0,000197
transact 0,673345 0,000412
transcript 2,525729 0,001030
transform 0,544727 0,000333
transport 0,994252 0,000203
treat 0,967584 0,000197
tree 0,693147 0,000283
truncat 2,407946 0,000491
trupti 3,912023 0,000798
trust 0,820981 0,000502
tschel 3,912023 0,000798
tucker 2,302585 0,001409
tunnel 2,120264 0,000433
tutori 1,347074 0,000275
twice 1,714798 0,000700
two 0,083382 0,000085
type 0,051293 0,000052
typic 0,186330 0,000038
tyrrel 3,912023 0,000798
unbound 3,218876 0,000657
uncertainti 1,237874 0,000758
unconstrain 3,506558 0,003577
undefin 2,207275 0,000901
under -0,009950 -0,000006
underli 0,693147 0,000848
underset 3,912023 0,003192
unit 0,248461 0,000051
univ 3,218876 0,000657
univers 0,139262 0,000170
unknown 1,108663 0,000226
unless 1,237874 0,000253
until 0,510826 0,000104
updat 0,342490 0,000070
upon 0,673345 0,000137
upper 1,660731 0,000339
urldownload -0,009950 -0,000002
usual 0,198451 0,000243
utc -0,009950 -0,000002
util 0,597837 0,000366
valid 0,616186 0,000629
valu 0,162519 0,000961
vandenbergh 3,912023 0,000798
vari 0,478036 0,000098
variabl 0,494296 0,001109
variant 1,139434 0,000232
variat 0,994252 0,000608
variou 0,223144 0,000046
various 2,813411 0,000574
varoquaux 3,912023 0,000798
vector 1,237874 0,000253
vehicl 1,309333 0,000267
veloso 3,218876 0,000657
vereshchagin 3,912023 0,000798
verif 0,733969 0,000150
version -0,009950 -0,000004
vert 2,995732 0,001222
vertic 1,660731 0,000339
vez 3,912023 0,000798
view -0,009950 -0,000012
vka 3,912023 0,000798
vladislav 3,506558 0,000715
von 1,469676 0,000600
vtemajor 2,302585 0,000470
vteoptim 3,912023 0,000798
vtesystem 3,218876 0,000657
wai 0,105361 0,000086
walukiewicz 3,912023 0,000798
wang 1,427116 0,000873
warfield 2,995732 0,000611
warshal 3,506558 0,000715
water 1,386294 0,000283
wayback 0,478036 0,000293
webarch 1,021651 0,000208
weierstrass 3,506558 0,000715
weight 1,108663 0,000452
well 0,051293 0,000031
wernher 3,218876 0,000657
what -0,009950 -0,000004
wheeler 2,813411 0,000574
when 0,030459 0,000056
where 0,072571 0,000222
wherebi 1,897120 0,000387
wherein 2,659260 0,000542
whether 0,400478 0,000245
which 0,000000 0,000000
while 0,051293 0,000084
whole 0,916291 0,000187
whose 0,776529 0,000158
wide 0,210721 0,000129
wikidata 0,562119 0,000115
wikidatawikipedia 0,967584 0,000197
wikimedia -0,009950 -0,000006
wikipedia -0,009950 -0,000014
wikipediacontact -0,009950 -0,000002
wikiproject 1,832581 0,000374
wil 3,506558 0,000715
wilei 0,562119 0,000229
william 0,616186 0,000126
wire 0,941609 0,000192
wireless 1,078810 0,000220
within 0,116534 0,000048
without 0,094311 0,000038
wolf 2,813411 0,001722
wolt 3,218876 0,000657
woodford 3,912023 0,000798
word 0,446287 0,000091
work 0,030459 0,000025
worker 1,427116 0,000291
world 0,139262 0,000028
wors 2,040221 0,000416
wright 1,714798 0,000700
written 0,287682 0,000059
xiang 3,506558 0,001431
xiaoqi 3,912023 0,000798
yang 1,966113 0,000401
yield 1,139434 0,000232
yifan 3,912023 0,000798
ymgme 3,912023 0,000798
yong 2,995732 0,001222
yurii 3,218876 0,000657
zabdiel 3,912023 0,000798
zero 0,693147 0,000707
zhang 1,427116 0,000873
