abel 3,218876 0,000941
ability 0,616186 0,000360
absence 2,040221 0,000596
abstract 1,108663 0,000972
abuses 3,912023 0,001144
academic 0,755023 0,000221
accepted 1,171183 0,000342
accessed 0,916291 0,000268
accordingly 2,120264 0,000620
account -0,009950 -0,000006
accused 2,813411 0,000822
achieve 0,843970 0,000247
acquired 1,660731 0,000485
act 0,967584 0,000566
action 0,867501 0,000254
actions -0,009950 -0,000003
actors 1,966113 0,000575
actual 0,941609 0,000275
add -0,009950 -0,000006
additional -0,009950 -0,000006
addressed 1,272966 0,000372
addresses 1,203973 0,000352
adequately 2,995732 0,001751
adjust 2,407946 0,001408
adkisson 3,912023 0,001144
adopting 1,897120 0,000555
advances 1,078810 0,000631
advocated 3,218876 0,000941
aea 3,912023 0,001144
aeaweb 3,912023 0,001144
aer 3,506558 0,001025
afrikaans 1,108663 0,000324
agent 0,994252 0,000291
agents 1,309333 0,000383
agree -0,009950 -0,000003
agriculture 1,660731 0,000971
aisgaeilgegalego 1,427116 0,000417
alchemy 3,506558 0,002050
all 0,000000 0,000000
allow 0,287682 0,000168
allowing 0,462035 0,000270
along 0,462035 0,000135
alpha 1,832581 0,000536
also -0,009950 -0,000020
although 0,287682 0,000084
always 0,597837 0,000175
amended 2,995732 0,000876
american 0,446287 0,001174
amount 0,616186 0,000180
amp -0,009950 -0,000017
amsterdam 1,966113 0,000575
analogous 1,609438 0,000470
analyses 1,714798 0,000501
analysing 2,659260 0,001555
analysis 0,186330 0,000817
ancient 1,660731 0,000485
angrist 3,506558 0,003075
annals 2,120264 0,000620
another 0,127833 0,000075
answering 2,659260 0,000777
anthony 1,714798 0,000501
any 0,083382 0,000049
apart 1,966113 0,000575
appearance -0,009950 -0,000006
application 0,127833 0,000075
applications 0,094311 0,000055
applied 0,356675 0,001147
applies 1,832581 0,000536
apply -0,009950 -0,000006
approach 0,261365 0,000153
approaches 0,733969 0,000215
appropriate 0,891598 0,000261
approved 1,897120 0,000555
archived 0,040822 0,000119
areas 0,755023 0,000221
argued 1,386294 0,001216
argues 2,120264 0,002479
arguing 2,659260 0,001555
aris 3,912023 0,001144
arithmetick 3,912023 0,001144
arrow 2,040221 0,000596
art 0,713350 0,000209
article 0,040822 0,000024
articleabout -0,009950 -0,000003
articles 0,020203 0,000006
articletalk -0,009950 -0,000003
ascertaining 3,506558 0,001025
ashenfelter 3,912023 0,001144
assessing 1,771957 0,001036
assign 2,040221 0,000596
assigned 1,237874 0,000362
assignment 1,660731 0,000485
assistance 2,302585 0,002019
associated 0,400478 0,000234
association 0,634878 0,000557
associations 2,302585 0,000673
assumes 2,040221 0,000596
assumption 1,660731 0,000485
assumptions 1,560648 0,002737
astronomy 2,120264 0,000620
asturianuaz 1,427116 0,000417
ate 3,912023 0,001144
att 2,995732 0,001751
attempt 1,049822 0,000307
attempting 1,660731 0,000485
attempts 0,916291 0,000536
attention 1,203973 0,000352
attributable 2,995732 0,000876
attributed 1,832581 0,000536
attribution -0,009950 -0,000003
august 0,162519 0,000048
austrian 2,407946 0,006335
authority 0,083382 0,000024
available -0,009950 -0,000003
average 1,139434 0,000999
badly 2,813411 0,001645
bahasa 0,186330 0,000109
bake 3,506558 0,001025
balanced 2,407946 0,000704
balls 3,218876 0,000941
based 0,010050 0,000012
basic 0,235722 0,000276
basis 0,820981 0,000240
bastiat 2,995732 0,000876
baumol 2,995732 0,000876
bawerk 2,995732 0,000876
bayesian 1,966113 0,000575
becker 2,659260 0,000777
becoming 1,108663 0,000324
began 0,634878 0,000186
behavior 0,462035 0,000135
behavioral 1,832581 0,001607
behaviour 1,966113 0,001149
belief 1,714798 0,001504
beliefs 2,995732 0,000876
benefit 1,386294 0,000405
berlin 1,469676 0,000430
bernanke 3,506558 0,001025
best 0,462035 0,000270
beta 1,386294 0,006889
better 0,494296 0,000144
bias 1,660731 0,003398
birth 1,897120 0,000555
birthplace 3,218876 0,003764
blackwell 2,302585 0,000673
blind 2,207275 0,000645
blue 1,560648 0,000456
bokm 0,127833 0,000037
book 0,478036 0,000279
books 0,544727 0,000159
born 2,302585 0,000673
branches 1,427116 0,000417
break 1,272966 0,000372
brilliant 3,912023 0,001144
british 1,203973 0,001056
brodeur 3,912023 0,001144
bruce 1,514128 0,000443
buchanan 2,659260 0,000777
buddhist 2,995732 0,000876
build 0,673345 0,000197
building 0,415515 0,000121
business 0,301105 0,000440
cactus 3,912023 0,001144
calls 1,049822 0,000307
cambridge 0,755023 0,000221
cannot 0,314711 0,000184
cantaloupe 3,912023 0,001144
capture 1,272966 0,000372
carats 3,912023 0,001144
card 1,272966 0,001116
carefully 1,897120 0,000555
carrell 3,912023 0,001144
cases 0,478036 0,000419
catal 0,094311 0,000028
categories -0,009950 -0,000003
category 0,116534 0,000102
causal 2,120264 0,005578
causality 2,525729 0,005168
causally 3,912023 0,003431
causation 3,218876 0,000941
caused 1,049822 0,000307
causes 1,469676 0,000430
cdot 2,659260 0,000777
cengage 2,207275 0,001290
census 2,407946 0,000704
central 0,510826 0,000149
certain 0,274437 0,000080
chalifougnac 3,912023 0,001144
challenging 1,771957 0,000518
change 0,261365 0,000229
changed 0,941609 0,000275
changes 0,356675 0,000834
changesupload -0,009950 -0,000006
chapter 0,941609 0,000550
characterizations 2,995732 0,000876
characterized 1,660731 0,000485
chartalism 2,659260 0,000777
check 1,139434 0,000333
chicago 1,609438 0,000470
chiefly 3,912023 0,001144
choice 0,967584 0,002828
chosen 1,469676 0,000430
chunks 2,659260 0,000777
circuitism 2,995732 0,000876
circumstances 1,897120 0,000555
cited 1,714798 0,001003
citing 2,995732 0,000876
claim 1,347074 0,000394
claims 1,386294 0,000810
clark 1,771957 0,000518
classical 1,309333 0,001148
clive 3,506558 0,002050
coase 3,506558 0,002050
code -0,009950 -0,000012
coefficient 2,302585 0,001346
cognitive 1,427116 0,000417
coined 1,514128 0,000443
collinear 3,912023 0,001144
collinearity 3,912023 0,002287
com 0,150823 0,000176
comment 1,771957 0,000518
committee 1,347074 0,000394
common 0,072571 0,000064
commons -0,009950 -0,000009
commonswikiquotewikidata 2,302585 0,000673
communications 0,733969 0,000215
compatible 1,049822 0,000307
complex 0,261365 0,000076
complexity 0,616186 0,000180
comps 3,912023 0,002287
computational 0,755023 0,000883
con 3,218876 0,003764
concept 0,415515 0,000121
concerns 1,021651 0,000597
concluded 2,659260 0,000777
concluding 3,218876 0,000941
conclusions 2,120264 0,000620
concurrent 1,272966 0,000372
conditions 0,843970 0,000247
conduct -0,009950 -0,000003
conducted 1,560648 0,000912
confess 3,912023 0,002287
confidence 1,832581 0,000536
confident 3,218876 0,000941
consequences 1,966113 0,000575
consequently 1,514128 0,000443
consider 1,078810 0,000315
consistency 1,897120 0,001109
consistent 1,108663 0,000324
constant 1,660731 0,000485
constitutes 2,302585 0,000673
contact -0,009950 -0,000003
contacts -0,009950 -0,000003
contemporary 1,347074 0,000394
content -0,009950 -0,000009
contents -0,009950 -0,000009
contingent 2,813411 0,000822
continuing 2,040221 0,000596
contract 1,272966 0,000372
contrary 2,659260 0,001555
contribute -0,009950 -0,000003
contributions 1,714798 0,000501
control 0,020203 0,000024
controlled 1,021651 0,002688
controls 1,078810 0,000315
converges 2,813411 0,000822
cook 2,207275 0,000645
cookie -0,009950 -0,000003
correct 1,386294 0,000405
corrected 2,995732 0,000876
correlated 2,407946 0,002112
correlation 1,897120 0,000555
correlational 3,912023 0,001144
cost 0,478036 0,000140
counterfactual 3,912023 0,004574
counterfactuals 3,912023 0,001144
county 2,813411 0,000822
cournot 2,813411 0,000822
covariates 3,506558 0,003075
cowles 3,912023 0,001144
crack 2,995732 0,000876
create -0,009950 -0,000006
creation 0,693147 0,000203
creative -0,009950 -0,000003
credibility 2,813411 0,001645
credible 2,813411 0,000822
criticised 3,218876 0,000941
criticism 1,171183 0,000342
criticisms 2,120264 0,003099
criticized 1,469676 0,000430
critique 2,207275 0,008388
critiques 3,218876 0,001882
critiquing 3,912023 0,001144
cultural 1,427116 0,000834
current 0,385662 0,000113
curry 3,912023 0,001144
cycle 1,049822 0,000307
dan 0,967584 0,000283
daniel 0,776529 0,000227
data 0,030459 0,000249
databases 0,127833 0,000037
datajapanczech 1,469676 0,000430
dates 0,430783 0,000126
david 0,385662 0,000225
day 0,843970 0,000247
decades 1,469676 0,000430
december 0,061875 0,000054
deciding 2,525729 0,000738
decision 0,494296 0,000289
decrease 1,966113 0,000575
default 0,693147 0,000203
deficiencies 3,912023 0,001144
defined 0,248461 0,000145
definition 0,342490 0,000100
degrees 1,560648 0,000456
deirdre 3,506558 0,002050
delta 2,302585 0,002019
demand 1,049822 0,000307
demartino 3,912023 0,001144
democratic 2,525729 0,000738
demographic 2,040221 0,001193
dependable 2,995732 0,000876
dependent 1,021651 0,000597
depends 0,994252 0,000291
described 0,430783 0,000126
describes 0,820981 0,000240
description -0,009950 -0,000003
descriptionshort 0,000000 0,000000
design 0,127833 0,000262
designs 1,469676 0,000430
desirable 1,897120 0,001109
desired 1,347074 0,000394
develop 0,867501 0,000761
developed 0,127833 0,000037
developers -0,009950 -0,000003
developing 0,673345 0,000590
development 0,083382 0,000073
developments 1,347074 0,000394
develops 2,407946 0,000704
dictionary 0,673345 0,000787
die 2,040221 0,000596
differ 1,660731 0,000485
difference 0,820981 0,000480
differences 0,967584 0,000283
different 0,020203 0,000035
difficulties 2,040221 0,001193
dimensions 1,897120 0,000555
direct 0,597837 0,000350
direction 1,771957 0,001036
directly 0,415515 0,000121
disagreements 3,506558 0,001025
discarding 2,995732 0,000876
discipline 1,427116 0,000417
disciplines 1,660731 0,000485
disclaimers -0,009950 -0,000003
disclose 2,813411 0,000822
discontinuity 3,912023 0,001144
discuss 1,660731 0,000485
discussed 1,897120 0,000555
disequilibrium 2,995732 0,000876
displaystyle 1,386294 0,007699
distribution 0,634878 0,000186
dmy 0,994252 0,000291
doi 0,162519 0,000523
don 0,916291 0,000268
donate -0,009950 -0,000006
down 0,597837 0,000175
download -0,009950 -0,000003
draw 2,302585 0,000673
drawn 2,120264 0,000620
drop 1,714798 0,000501
due 0,261365 0,000153
earliest 1,021651 0,000299
early 0,301105 0,000088
earning 2,813411 0,000822
easily 0,843970 0,000493
eastern 2,813411 0,000822
eatwell 3,506558 0,001025
ecological 2,120264 0,001859
econometric 2,659260 0,028761
econometrica 3,506558 0,006150
econometrician 3,912023 0,002287
econometricians 3,912023 0,009148
econometrics 2,207275 0,047101
econometricshidden 3,912023 0,001144
econometricsociety 3,912023 0,001144
economic 0,843970 0,009621
economics 0,867501 0,009129
economie 3,912023 0,001144
economist 1,897120 0,000555
economists 1,897120 0,007764
economy 1,347074 0,001181
edgeworth 2,995732 0,001751
edit -0,009950 -0,000047
editcommunity -0,009950 -0,000003
edited -0,009950 -0,000003
edition 0,579818 0,000508
eds 0,798508 0,000467
edu 1,108663 0,000324
education 0,579818 0,003729
edward 1,309333 0,002296
effect 0,843970 0,002714
effects 0,820981 0,000960
efficiency 0,673345 0,000394
efficient 0,494296 0,000289
eggs 2,995732 0,000876
either 0,248461 0,000073
elgar 2,813411 0,001645
eli 3,506558 0,001025
eliminate 1,832581 0,000536
elsevier 1,203973 0,000352
elsevierweekblad 3,912023 0,002287
emerging 1,139434 0,000666
empirical 1,203973 0,003519
enacted 2,659260 0,000777
encyclopedia -0,009950 -0,000006
engineering 0,198451 0,000116
england 1,469676 0,000859
english -0,009950 -0,000006
englishsloven 0,510826 0,000149
englishuse 1,966113 0,000575
enormous 2,407946 0,000704
enough 0,843970 0,000493
enrico 3,218876 0,000941
environmental 1,049822 0,000614
epidemiology 2,659260 0,000777
epistemology 3,218876 0,000941
epsilon 3,218876 0,001882
equation 1,832581 0,003214
equations 1,714798 0,001504
equilibrium 2,813411 0,001645
equivocate 3,912023 0,001144
error 0,713350 0,001043
errors 0,733969 0,000215
espa 0,210721 0,000062
especially 0,415515 0,000121
essay 2,407946 0,000704
essays 3,218876 0,000941
essential 0,941609 0,000275
established 0,916291 0,000536
estimate 1,609438 0,001882
estimated 1,309333 0,002296
estimates 1,560648 0,001369
estimating 1,966113 0,000575
estimation 1,771957 0,004144
estimator 2,995732 0,003503
estimators 2,995732 0,003503
europe 0,941609 0,000275
evaluate 1,771957 0,001036
evaluative 3,506558 0,001025
even 0,235722 0,000069
eventsrandom -0,009950 -0,000003
evidence 1,309333 0,000765
evolution 0,820981 0,000240
evolutionary 1,832581 0,002143
exactly 1,171183 0,000342
example 0,030459 0,000080
excerpts 2,525729 0,000738
excluding 2,407946 0,000704
exclusion 2,659260 0,000777
expectations 2,120264 0,001240
expected 0,693147 0,000203
experimental 1,021651 0,002986
experimentally 3,912023 0,001144
experimenters 2,995732 0,000876
experiments 1,469676 0,003007
explanatory 2,659260 0,001555
explicit 1,171183 0,000342
exploiting 2,120264 0,000620
exploratory 1,966113 0,000575
export -0,009950 -0,000003
exposing 2,525729 0,000738
exquisitely 3,912023 0,001144
external 0,030459 0,000018
extract 1,609438 0,000941
extracted 2,120264 0,000620
eye 2,040221 0,000596
fact 0,755023 0,000221
factors 1,021651 0,000299
facts 1,660731 0,000485
fail 1,660731 0,002427
failed 1,108663 0,000324
failure 1,139434 0,000666
falsely 3,218876 0,000941
far 0,867501 0,000254
fathers 3,912023 0,001144
favor 1,347074 0,000394
favour 2,995732 0,000876
feasible 2,120264 0,000620
february 0,061875 0,000090
feminist 2,659260 0,000777
field 0,527633 0,000463
figlio 3,912023 0,001144
filepermanent -0,009950 -0,000003
filespecial -0,009950 -0,000003
financial 0,776529 0,001362
find 0,544727 0,000478
findings 2,040221 0,000596
finds 1,771957 0,000518
finkelstein 3,506558 0,001025
first 0,020203 0,000006
fisher 2,040221 0,000596
fisherian 3,506558 0,001025
fitted 2,995732 0,000876
fitting 2,407946 0,000704
following 0,210721 0,000185
follows 0,891598 0,000261
forecasting 1,469676 0,001289
forerunners 3,506558 0,001025
formal 0,673345 0,000197
formalism 2,995732 0,000876
formalize 2,995732 0,000876
forms 0,562119 0,000329
found 0,385662 0,000225
foundation -0,009950 -0,000006
founding 2,120264 0,000620
four 0,820981 0,000240
fragile 3,912023 0,001144
framework 0,342490 0,000100
fran 0,223144 0,000065
franca 1,609438 0,000470
francis 1,347074 0,000394
frans 3,506558 0,001025
free -0,009950 -0,000006
freiwirtschaft 2,995732 0,000876
french 1,386294 0,000405
frequentist 2,813411 0,000822
frequently 0,967584 0,000566
friedman 1,771957 0,000518
frisch 2,813411 0,002467
fruit 2,995732 0,000876
function 0,210721 0,000308
fundamental 0,867501 0,000254
funding 1,386294 0,000405
further 0,139262 0,000081
furuno 3,912023 0,001144
future 0,274437 0,000160
galbraith 2,995732 0,000876
game 0,713350 0,000417
garment 3,912023 0,001144
garrison 3,912023 0,001144
gauge 2,525729 0,000738
gauss 2,407946 0,000704
gaussian 2,040221 0,000596
gdp 2,207275 0,003871
general -0,009950 -0,000003
generalized 1,560648 0,000912
generally 0,287682 0,000084
generated 0,941609 0,000275
generating 1,427116 0,000834
geographic 1,203973 0,000704
george 0,916291 0,000536
georgism 2,995732 0,000876
gerhard 3,218876 0,000941
gesell 2,995732 0,000876
gets 1,469676 0,000430
geweke 3,912023 0,001144
giovannini 3,912023 0,001144
give 0,843970 0,000247
given 0,261365 0,000458
glossary 0,891598 0,000261
goal 0,713350 0,000209
goldfarb 3,506558 0,002050
good 0,733969 0,000215
gordon 1,966113 0,000575
gossen 2,995732 0,000876
gov 1,469676 0,000430
govinfo 3,912023 0,001144
granger 2,813411 0,001645
green 0,994252 0,000291
greene 2,525729 0,001477
greenspan 2,407946 0,000704
gregory 1,714798 0,000501
group 0,301105 0,000088
growth 0,755023 0,001986
guaranteed 1,966113 0,000575
guidance 1,714798 0,000501
guide 0,356675 0,000104
guided 2,407946 0,000704
hacking 1,897120 0,001664
half 1,108663 0,000324
handbook 0,941609 0,000275
hansen 2,659260 0,001555
happen 1,832581 0,000536
happiness 2,995732 0,002627
harmless 3,218876 0,001882
harris 2,813411 0,000822
hashem 3,218876 0,000941
hayek 2,659260 0,000777
hdl 1,049822 0,000614
health 0,994252 0,000581
heard 3,506558 0,001025
hearts 3,506558 0,001025
heckscher 2,995732 0,000876
heidelberg 2,207275 0,000645
held 1,237874 0,000362
helplearn -0,009950 -0,000003
hendry 3,912023 0,001144
henry 1,514128 0,000443
herbener 3,912023 0,001144
here 0,301105 0,000088
hererelated -0,009950 -0,000003
herman 2,813411 0,000822
heterodox 2,995732 0,001751
heterogenous 3,218876 0,000941
hicks 2,659260 0,000777
hide -0,009950 -0,000012
higher 0,430783 0,000252
highly 0,867501 0,000254
hill 0,867501 0,000507
historical 1,021651 0,001792
history -0,009950 -0,000029
hoc 2,302585 0,000673
holds 1,660731 0,000485
home 0,653926 0,000382
hoppe 2,995732 0,000876
horowitz 2,813411 0,000822
how 0,072571 0,000106
however 0,094311 0,000028
https -0,009950 -0,000012
humanistic 2,813411 0,000822
hypotheses 2,207275 0,001290
hypothesis 1,897120 0,000555
hypothesized 3,506558 0,002050
identifiable 2,407946 0,000704
identification 1,139434 0,001665
identify 0,867501 0,000254
identifying 1,139434 0,000333
idiosyncratic 3,506558 0,001025
ignorance 2,659260 0,000777
illuminating 3,506558 0,001025
illusion 2,407946 0,000704
implications 1,347074 0,000394
implying 2,525729 0,000738
importance 1,171183 0,000342
important 0,287682 0,000252
impoverished 3,912023 0,001144
improve 0,274437 0,000080
improved 0,776529 0,000454
improvements 1,203973 0,000352
ina 0,356675 0,000104
inasloven 0,616186 0,000180
inc -0,009950 -0,000003
include 0,061875 0,000109
includes 0,274437 0,000080
including 0,040822 0,000060
incorporate 1,560648 0,000912
increase 0,544727 0,000318
increased 0,820981 0,000240
independent 0,713350 0,000417
index -0,009950 -0,000009
indonesiaitaliano 1,237874 0,000362
industrial 0,843970 0,000247
inequalities 2,813411 0,000822
inference 1,560648 0,003650
inferences 2,302585 0,000673
influence 1,078810 0,000315
informatics 1,966113 0,001149
information 0,072571 0,000042
informationcite -0,009950 -0,000003
infrastructure 0,713350 0,000417
input 0,733969 0,000215
insensitive 3,218876 0,001882
instead 0,301105 0,000264
institutional 1,771957 0,001036
institutions 1,171183 0,000685
instrumental 2,525729 0,002953
integrating 1,560648 0,000456
intercensal 3,912023 0,001144
intercept 2,525729 0,000738
international 0,139262 0,000122
internationalgndnationalunited 1,108663 0,000324
interpret 1,832581 0,000536
interpretation 1,660731 0,000485
interval 1,514128 0,000443
interview 1,560648 0,000912
introductory 2,302585 0,002019
invalid 1,897120 0,000555
investigate 2,302585 0,000673
investigation 1,609438 0,000470
investigators 2,995732 0,000876
irreparable 3,912023 0,001144
isbn 0,051293 0,000120
isolated 2,207275 0,000645
issn 0,478036 0,001397
item -0,009950 -0,000003
itself 0,342490 0,000200
jamia 3,506558 0,001025
jan 1,386294 0,001216
jawa 1,560648 0,000456
jeffrey 1,514128 0,000885
jep 2,813411 0,000822
jersey 1,714798 0,000501
jessina 3,912023 0,001144
jevons 2,813411 0,000822
jingkun 3,912023 0,001144
john 0,210721 0,000062
jon 1,514128 0,000443
joseph 0,820981 0,000240
joshua 1,897120 0,001664
journal 0,198451 0,001160
journalcode 3,912023 0,001144
journalinformation 3,912023 0,001144
journals 1,609438 0,002823
jstor 0,843970 0,001234
judea 3,506558 0,001025
jump -0,009950 -0,000003
june 0,094311 0,000083
just 0,328504 0,000096
justified 3,506558 0,001025
kalecki 2,995732 0,000876
kennedy 2,813411 0,002467
keynes 2,995732 0,000876
keynesian 2,995732 0,001751
kind 1,021651 0,000299
king 1,771957 0,000518
klein 2,813411 0,000822
kmenta 3,912023 0,001144
knight 2,120264 0,000620
know 0,776529 0,000227
known 0,127833 0,000112
koopmans 2,995732 0,001751
krugman 2,659260 0,000777
kuznets 2,995732 0,000876
labeled 2,525729 0,000738
labor 1,832581 0,000536
laboratories 1,966113 0,000575
labour 2,525729 0,002215
lange 2,813411 0,000822
languages -0,009950 -0,000006
large 0,127833 0,000037
larger 0,941609 0,000550
last -0,009950 -0,000006
late 0,755023 0,000441
latvie 0,994252 0,000291
lausanne 2,995732 0,000876
law 0,755023 0,000883
lawrence 1,386294 0,000810
lead 0,673345 0,000197
leamer 3,912023 0,005718
learning 0,494296 0,000289
least 0,527633 0,000771
leaving 1,714798 0,000501
lecr 3,912023 0,001144
legal -0,009950 -0,000003
leontief 2,995732 0,000876
lester 3,912023 0,001144
let 1,139434 0,000666
level 0,116534 0,000034
levels 0,755023 0,000441
liberty 2,659260 0,000777
license -0,009950 -0,000003
like 0,072571 0,000064
likelihood 1,897120 0,001109
likely 0,994252 0,000291
limit 0,994252 0,000291
limitations 1,139434 0,001665
line 0,356675 0,000209
linear 0,916291 0,003214
lingua 2,040221 0,000596
link 0,162519 0,000048
linkpage -0,009950 -0,000003
links -0,009950 -0,000015
linksarticles 1,021651 0,000299
list 0,083382 0,000049
lists 0,597837 0,000350
lnorsk 0,653926 0,000191
local 0,415515 0,000121
log -0,009950 -0,000009
logarithm 2,813411 0,000822
long 0,287682 0,000168
look 0,967584 0,000283
looking 1,203973 0,000352
looks 1,832581 0,000536
loss 0,967584 0,000566
lower 0,776529 0,000227
lucas 2,040221 0,003578
ludwell 3,912023 0,001144
ludwig 2,995732 0,000876
lusher 3,912023 0,001144
lux 0,371064 0,000108
machine 0,083382 0,000195
macro 2,120264 0,000620
macroeconometric 3,912023 0,003431
macroeconomic 2,525729 0,002215
macroeconomics 2,302585 0,002692
macroeconomy 3,506558 0,001025
made 0,186330 0,000109
magnus 2,995732 0,000876
main -0,009950 -0,000017
mainstream 1,832581 0,001071
major 0,314711 0,000092
make 0,235722 0,000138
makers 2,407946 0,000704
malthus 2,995732 0,000876
malthusianism 2,995732 0,000876
management 0,139262 0,000081
mandeville 2,995732 0,000876
manipulated 2,659260 0,000777
manipulating 2,302585 0,000673
many 0,061875 0,000109
march 0,116534 0,000170
marginalism 2,995732 0,000876
market 0,616186 0,000180
markov 1,771957 0,000518
marshall 2,120264 0,000620
martin 0,891598 0,000521
marx 2,813411 0,000822
marxian 2,995732 0,000876
mary 1,514128 0,000443
materials 1,386294 0,000405
mathematical 0,733969 0,001287
matters 1,771957 0,000518
maximum 1,386294 0,000810
mbox 3,506558 0,001025
mccloskey 3,506558 0,005125
mcgraw 1,108663 0,000648
mcgregor 3,912023 0,001144
meaning 0,544727 0,000159
means 0,198451 0,000116
measure 0,994252 0,000291
measured 1,021651 0,000299
measures 0,941609 0,000550
mech 3,912023 0,001144
mechanism 0,733969 0,000429
media 0,139262 0,000041
medical 1,139434 0,000666
meet 0,867501 0,000507
meeting 1,427116 0,000417
melayu 0,820981 0,000240
menger 2,995732 0,000876
menu -0,009950 -0,000006
mercantilism 2,995732 0,000876
met 1,966113 0,000575
method 0,210721 0,000123
methodologies 1,771957 0,001554
methodology 1,108663 0,003241
methodologyeconomic 3,912023 0,001144
methods 0,274437 0,001604
micro 1,560648 0,000456
microeconomics 2,407946 0,000704
microeconomists 3,912023 0,001144
microfoundations 3,506558 0,001025
mid 0,994252 0,000291
migration 1,714798 0,000501
mill 2,407946 0,000704
million 0,916291 0,000268
milliseconds 3,506558 0,001025
mind 1,560648 0,000456
mises 2,659260 0,002332
mislaid 3,912023 0,002287
misspecified 3,912023 0,001144
mit 0,776529 0,000227
mitigate 1,609438 0,000470
mix 1,660731 0,000485
mixed 1,309333 0,000383
mixtape 3,912023 0,002287
mixture 2,407946 0,000704
mobile -0,009950 -0,000003
model 0,162519 0,000665
modeling 0,867501 0,001521
modelling 1,832581 0,000536
models 0,527633 0,003239
modern 0,314711 0,000460
moment 1,609438 0,000470
moments 2,813411 0,000822
monetary 1,609438 0,001411
monopolization 3,912023 0,001144
moore 1,771957 0,000518
moosa 3,912023 0,001144
more 0,010050 0,000015
morgan 1,309333 0,000383
most 0,040822 0,000095
mostly 0,994252 0,000581
mountains 3,912023 0,001144
move -0,009950 -0,000012
much 0,400478 0,000234
multiple 0,116534 0,000136
multiplied 2,813411 0,000822
mutualism 2,995732 0,000876
myrdal 2,995732 0,000876
national 0,562119 0,000164
natural 0,733969 0,001287
nature 0,597837 0,000175
navigation -0,009950 -0,000003
nber 2,995732 0,000876
nederlands 0,415515 0,000121
neglect 3,506558 0,001025
nen 2,813411 0,000822
neo 2,120264 0,001240
neoclassical 2,995732 0,001751
network 0,210721 0,000062
neumann 1,771957 0,000518
never 1,021651 0,000299
new 0,010050 0,000035
nobel 2,813411 0,000822
nobelprijs 3,912023 0,001144
non -0,009950 -0,000012
nonexperimental 3,912023 0,001144
nordhaus 3,506558 0,001025
norsk 0,342490 0,000100
not 0,000000 0,000000
note 0,776529 0,000681
noting 2,995732 0,000876
nov 1,966113 0,000575
novamagyar 3,912023 0,001144
november 0,150823 0,000132
now 0,274437 0,000160
null 1,347074 0,000394
number 0,051293 0,000045
numbers 0,544727 0,000159
nynorsko 2,659260 0,000777
observation 2,040221 0,001193
observational 2,659260 0,004664
observed 1,469676 0,001289
observes 3,506558 0,001025
obvious 2,120264 0,000620
oct 2,302585 0,000673
october 0,139262 0,000285
oecd 2,407946 0,000704
often 0,127833 0,000224
okun 3,912023 0,002287
old 0,994252 0,000581
oldid -0,009950 -0,000003
olesperantoeuskara 0,510826 0,000149
ols 3,506558 0,001025
one 0,010050 0,000015
oneconomics 3,912023 0,001144
online 0,415515 0,000121
only 0,051293 0,000060
open 0,235722 0,000069
operate 1,049822 0,000307
opinion 1,560648 0,000456
order 0,094311 0,000055
ordinary 1,272966 0,000744
org -0,009950 -0,000015
organization -0,009950 -0,000012
original 0,030459 0,000027
ostrom 2,995732 0,000876
other -0,009950 -0,000041
oup 2,813411 0,000822
out 0,261365 0,000458
outcomes 2,040221 0,001193
outline 0,653926 0,000191
outlineindexglossaryeconomists 3,912023 0,001144
outside 0,798508 0,000233
over 0,094311 0,000055
overly 2,995732 0,000876
overview 0,616186 0,000180
own 0,371064 0,000108
oxford 0,843970 0,000247
page -0,009950 -0,000003
pagecontentscurrent -0,009950 -0,000003
pageget -0,009950 -0,000003
pages -0,009950 -0,000003
paid 1,560648 0,000456
paired 3,218876 0,000941
palgrave 1,897120 0,002773
paper 0,713350 0,000209
papers 1,203973 0,000352
parameter 1,108663 0,000648
parameters 1,021651 0,000896
parametric 1,832581 0,001607
pareto 2,407946 0,001408
part 0,127833 0,000112
participation 1,560648 0,000912
particular 0,301105 0,000088
past 1,049822 0,000307
pattern 0,891598 0,000261
paul 0,544727 0,000159
pauperism 3,912023 0,001144
pdf 0,139262 0,000122
pdfprintable -0,009950 -0,000003
peanuts 3,218876 0,000941
pearl 2,995732 0,000876
pearson 1,347074 0,000788
people 0,356675 0,000417
perceive 3,218876 0,000941
percentage 1,514128 0,000443
perencevich 3,912023 0,001144
perform 0,562119 0,000164
periods 1,660731 0,000485
person 1,021651 0,000597
personal -0,009950 -0,000003
personnel 1,966113 0,001149
perspective 0,820981 0,000240
perspectives 1,832581 0,000536
pesaran 3,912023 0,004574
peterson 2,525729 0,000738
petty 3,506558 0,001025
phenomena 1,966113 0,000575
phenomenon 2,040221 0,001193
philosophy 0,994252 0,000291
php -0,009950 -0,000003
physiocracy 2,995732 0,000876
pigou 2,995732 0,000876
piketty 2,995732 0,000876
ping 2,407946 0,000704
pinto 2,995732 0,000876
pioneering 2,525729 0,001477
pischke 3,506558 0,003075
pke 2,995732 0,000876
pkg 3,506558 0,001025
place 0,597837 0,000524
places 1,514128 0,000443
planning 0,941609 0,000550
platform 0,527633 0,000154
plea 3,506558 0,001025
pluralism 2,659260 0,000777
plurality 3,506558 0,001025
pmc 1,272966 0,000744
pmid 0,994252 0,000581
point 0,301105 0,000264
points 0,867501 0,000761
polanyi 2,813411 0,000822
policies 1,237874 0,000362
policy -0,009950 -0,000029
political 1,272966 0,002233
polskiportugu 0,916291 0,000268
polynomial 1,832581 0,000536
pong 3,506558 0,001025
population 1,560648 0,000456
populations 2,302585 0,000673
portal 0,597837 0,000350
portalrecent -0,009950 -0,000003
portalvte 2,040221 0,000596
possible 0,287682 0,000084
post 0,579818 0,000339
potential 0,653926 0,000573
poverty 2,659260 0,001555
power 0,400478 0,000117
practice 0,371064 0,000108
precisely 1,609438 0,001411
predict 1,469676 0,000430
predicted 1,966113 0,000575
prediction 1,832581 0,000536
preferences 2,407946 0,000704
prepared 2,207275 0,000645
prescriptive 3,218876 0,000941
press 0,210721 0,000185
price 1,021651 0,000299
primarily 0,653926 0,000191
primary 0,527633 0,000154
princeton 1,660731 0,000485
principles 0,597837 0,000175
print -0,009950 -0,000006
prior 0,891598 0,000261
privacy -0,009950 -0,000006
problem 0,385662 0,000113
problems 0,430783 0,000126
produces 1,560648 0,000456
professional 0,843970 0,000247
professionals 1,427116 0,000834
professor 1,714798 0,000501
profit -0,009950 -0,000003
projects -0,009950 -0,000003
proof 1,560648 0,000456
properly 1,309333 0,000765
properties 0,693147 0,000608
protocol 0,713350 0,000209
prove 1,832581 0,001071
provide 0,174353 0,000051
provided 0,494296 0,000289
provides 0,261365 0,000076
pub 2,207275 0,000645
public 0,248461 0,000363
publication 1,203973 0,000704
publications 0,941609 0,000826
publish 1,714798 0,000501
published 0,328504 0,000384
publishes 2,407946 0,000704
publishing 0,446287 0,000391
purposefully 3,218876 0,000941
putting 2,040221 0,001193
quantify 2,995732 0,000876
quantitative 1,514128 0,000443
quasi 1,966113 0,004023
quesnay 2,995732 0,000876
questionable 3,506558 0,001025
questions 1,171183 0,000685
quite 1,514128 0,000443
quotes 2,207275 0,000645
ragnar 3,912023 0,002287
ran 1,966113 0,000575
random 0,843970 0,000740
randomization 2,659260 0,001555
randomized 1,832581 0,003214
randomly 2,407946 0,001408
range 0,446287 0,000130
rarely 1,514128 0,001328
rate 0,755023 0,001545
rather 0,287682 0,000336
rational 1,966113 0,001724
raw 1,272966 0,000372
rbaycanca 0,248461 0,000073
readeditview 0,287682 0,000168
readily 2,407946 0,000704
reading 0,342490 0,000200
real 0,210721 0,000185
reality 1,272966 0,000744
reasoning 1,171183 0,001027
recalcitrant 3,912023 0,001144
receiving 1,714798 0,000501
recipe 3,218876 0,001882
reduces 1,609438 0,000470
references 0,020203 0,000012
reflect 1,386294 0,000405
reflects 1,832581 0,000536
reform 2,302585 0,001346
regarding 1,386294 0,000405
regional 1,660731 0,000971
registered -0,009950 -0,000003
regression 1,832581 0,008571
regressions 2,659260 0,001555
regulatory 1,427116 0,000834
rejects 3,218876 0,000941
related 0,051293 0,000045
relates 2,207275 0,000645
relation 1,347074 0,000394
relations 1,386294 0,000405
relationship 0,891598 0,001564
relationships 1,171183 0,001369
rely 1,139434 0,000333
remain 1,078810 0,000315
removed 0,693147 0,000203
render 2,207275 0,000645
report 0,462035 0,000675
reported 1,108663 0,000324
reporting 1,427116 0,000834
reports 1,049822 0,000307
representative 2,120264 0,000620
represented 0,967584 0,000283
representing 1,108663 0,001296
represents 0,891598 0,000261
reprinted 2,525729 0,000738
republicspainlatviakoreaisraelothernaraencyclopedia 3,912023 0,001144
require 0,462035 0,000270
required 0,274437 0,000080
requirement 1,427116 0,000417
research 0,261365 0,000382
researcher 2,302585 0,002019
researchers 0,820981 0,000240
resolved 2,302585 0,000673
resources 0,314711 0,000184
respect 1,560648 0,000456
responding 2,040221 0,000596
response 0,755023 0,000221
result 0,371064 0,000325
resulting 0,798508 0,000467
results 0,446287 0,000522
retrieved -0,009950 -0,000029
review 0,385662 0,001127
reviews 1,560648 0,001369
revision 1,347074 0,000394
revolution 1,272966 0,000744
rhetoric 2,995732 0,001751
ricardo 2,120264 0,000620
richard 0,733969 0,000215
rigor 2,995732 0,000876
risks 1,108663 0,000324
rival 2,659260 0,000777
robert 0,579818 0,000508
robinson 2,525729 0,000738
roger 1,309333 0,000383
role 0,634878 0,000186
rom 0,616186 0,000180
ronald 1,714798 0,001003
rothbard 2,813411 0,000822
royal 1,714798 0,001003
running 0,713350 0,000209
rural 2,813411 0,001645
rush 2,995732 0,000876
safety -0,009950 -0,000003
said 0,755023 0,000221
sala 3,912023 0,002287
same 0,116534 0,000034
sample 1,469676 0,001718
sampling 1,966113 0,000575
samuelson 2,995732 0,002627
sauce 3,506558 0,001025
say 1,078810 0,000631
says 1,309333 0,000383
scale 0,494296 0,000144
scandinavian 3,506558 0,001025
school 1,078810 0,001577
schools 1,609438 0,000941
schumacher 2,813411 0,000822
schumpeter 2,995732 0,000876
science 0,287682 0,000757
sciences 0,867501 0,001014
scientific 0,693147 0,000405
scimagojr 3,912023 0,001144
scott 0,891598 0,000261
scunning 3,912023 0,001144
search -0,009950 -0,000012
secondly 2,813411 0,000822
sector 1,386294 0,000810
secure 1,108663 0,000324
see -0,009950 -0,000012
seek 1,660731 0,000485
seeking 1,560648 0,000912
selection 1,021651 0,001195
sen 2,302585 0,000673
sense 1,078810 0,000315
series 0,328504 0,000192
service 0,314711 0,000184
set 0,083382 0,000073
sets 0,776529 0,000454
several 0,094311 0,000028
sharealike -0,009950 -0,000003
short -0,009950 -0,000003
shortened -0,009950 -0,000003
show 0,867501 0,000761
shown 1,237874 0,000724
shqipsimple 1,203973 0,000352
shredded 3,912023 0,001144
side 0,693147 0,000203
sidebar -0,009950 -0,000012
sift 3,506558 0,001025
significance 1,771957 0,003626
significantly 1,171183 0,000342
similar 0,186330 0,000109
simon 1,108663 0,000324
simple 0,150823 0,000088
simplistic 3,506558 0,001025
simultaneous 1,609438 0,000470
since 0,139262 0,000122
single 0,127833 0,000037
singleton 2,813411 0,000822
sir 2,525729 0,000738
site -0,009950 -0,000003
size 0,462035 0,000675
skeptical 3,218876 0,000941
skillful 3,912023 0,001144
sledgehammers 3,912023 0,001144
slope 2,525729 0,000738
smith 1,203973 0,000352
social 0,527633 0,001080
socialist 2,813411 0,000822
society 0,673345 0,001181
socio 2,813411 0,001645
sociology 1,832581 0,001071
software 0,127833 0,000112
solow 2,995732 0,000876
some 0,040822 0,000060
sons 1,108663 0,000324
sophisticated 1,237874 0,000724
south 1,108663 0,000648
sowell 2,995732 0,000876
spanos 3,912023 0,001144
spatial 1,660731 0,000485
speak 2,525729 0,000738
specific 0,094311 0,000028
specification 0,941609 0,001927
specified 0,733969 0,000644
specify 1,272966 0,000372
specter 3,912023 0,001144
spelling 2,995732 0,000876
spice 3,218876 0,000941
spring 1,660731 0,000485
springer 0,527633 0,000154
spurious 3,506558 0,002050
squares 1,966113 0,002299
sraffa 2,995732 0,000876
srpskisrpskohrvatski 0,510826 0,000149
standard 0,198451 0,000174
starting 0,755023 0,000221
stat 2,659260 0,000777
statement -0,009950 -0,000003
states 0,385662 0,000113
statesfrancebnf 0,510826 0,000149
statistical 0,776529 0,005902
statistician 2,659260 0,000777
statistics -0,009950 -0,000041
stefan 1,560648 0,000912
steffen 3,506558 0,003075
stephen 0,867501 0,000254
stiglitz 2,525729 0,000738
still 0,342490 0,000100
stockholm 2,813411 0,000822
stone 2,040221 0,000596
storage 0,430783 0,000126
strength 1,832581 0,000536
stronger 1,966113 0,000575
strongly 1,560648 0,000456
structural 1,386294 0,001216
studies 0,673345 0,001181
study 0,510826 0,000747
subfields 2,659260 0,000777
subjects 2,813411 0,000822
subsection 0,020203 0,000006
substantial 1,427116 0,000417
substitutes 3,218876 0,001882
successful 0,843970 0,000247
such 0,000000 0,000000
suggesting 3,218876 0,000941
summarized 2,120264 0,000620
summers 2,813411 0,004112
sundasuomisvenskatagalog 1,897120 0,000555
supplement 3,218876 0,000941
supply 1,171183 0,000685
swann 3,912023 0,001144
synthesis 1,714798 0,000501
synthetic 1,771957 0,000518
system 0,030459 0,000018
systems 0,061875 0,000036
table -0,009950 -0,000006
take 0,527633 0,000308
taking 0,967584 0,000283
tandfonline 3,912023 0,001144
teaching 1,897120 0,000555
technique 0,994252 0,000581
techniques 0,544727 0,000955
temperature 2,659260 0,000777
template 0,328504 0,000096
term 0,223144 0,000326
terms -0,009950 -0,000006
test 0,673345 0,000197
tested 1,897120 0,000555
testing 0,616186 0,000360
tests 1,309333 0,001531
text -0,009950 -0,000023
textbook 2,302585 0,001346
thaler 2,813411 0,000822
than 0,072571 0,000106
that 0,000000 0,000000
then 0,116534 0,000136
theorem 1,171183 0,000342
theoretical 0,967584 0,001131
theories 1,469676 0,001289
theory 0,400478 0,003278
there 0,051293 0,000030
therefore 0,478036 0,000140
thermo 2,995732 0,000876
these 0,040822 0,000095
things 0,843970 0,000247
this -0,009950 -0,000055
those 0,235722 0,000276
thought 1,139434 0,000333
threshold 2,302585 0,000673
thus 0,328504 0,000192
time 0,010050 0,000006
times 0,314711 0,000092
tinacorsudanskdeutscheesti 3,912023 0,001144
tinbergen 2,995732 0,003503
tintner 3,912023 0,001144
title -0,009950 -0,000003
today 0,693147 0,001418
together 0,579818 0,000169
toggle -0,009950 -0,000009
tool 0,653926 0,000382
tools -0,009950 -0,000023
top -0,009950 -0,000003
topic -0,009950 -0,000003
torture 3,506558 0,002050
trademark -0,009950 -0,000003
tradition 2,659260 0,000777
traditional 0,544727 0,000159
transport 1,203973 0,000704
treated 1,514128 0,000443
treatment 1,897120 0,001664
treatments 2,302585 0,000673
trial 1,660731 0,000485
trials 2,659260 0,004664
true 0,776529 0,000454
try 1,427116 0,000834
tullock 3,912023 0,001144
turning 2,302585 0,000673
turns 1,966113 0,001149
turpentine 3,912023 0,001144
turtles 3,912023 0,001144
twinaray 2,302585 0,000673
two 0,083382 0,000268
type 0,150823 0,000044
typically 0,223144 0,000065
udney 3,912023 0,001144
udny 3,506558 0,001025
ukraineyale 2,302585 0,000673
ulietuvi 1,049822 0,000307
ultimately 1,427116 0,000834
unavailable 2,302585 0,000673
unbiased 2,525729 0,002953
unbiasedness 3,912023 0,002287
unbinding 3,912023 0,001144
uncertainty 1,237874 0,000362
uncorrelated 3,218876 0,001882
under -0,009950 -0,000009
underlying 0,755023 0,000441
understanding 0,562119 0,000164
unemployment 2,207275 0,007097
uniquely 2,525729 0,000738
united 0,527633 0,000154
university 0,186330 0,000109
unknown 1,171183 0,000685
unless 1,237874 0,000362
unpacking 2,995732 0,000876
unrelated 2,407946 0,001408
unsuited 3,912023 0,001144
until 0,510826 0,000299
urban 2,040221 0,001193
urged 2,995732 0,000876
urldownload -0,009950 -0,000003
use -0,009950 -0,000047
used -0,009950 -0,000035
useful 0,634878 0,000186
usefulness 2,525729 0,000738
uses 0,094311 0,000138
using -0,009950 -0,000020
utc -0,009950 -0,000003
valavanis 3,912023 0,002287
validity 1,771957 0,001036
value 0,301105 0,000352
values 0,597837 0,000350
varepsilon 3,506558 0,006150
variable 0,843970 0,001480
variables 0,891598 0,004431
variance 1,714798 0,000501
various 0,223144 0,000065
veblen 2,995732 0,000876
verbal 3,218876 0,000941
vermicelli 3,912023 0,001144
version -0,009950 -0,000003
very 0,314711 0,000092
view -0,009950 -0,000003
vilfredo 3,912023 0,001144
vintage 3,506558 0,001025
violated 2,813411 0,000822
visualized 2,995732 0,000876
vol 0,616186 0,000360
von 1,469676 0,002578
vteeconomicstheoretical 2,995732 0,000876
wage 2,995732 0,004378
wages 2,525729 0,005168
walras 2,995732 0,000876
want 1,272966 0,000372
way 0,198451 0,000174
wayback 0,478036 0,001258
webarchive 1,021651 0,000299
welfare 2,207275 0,001936
well 0,051293 0,000030
western 1,108663 0,000648
what -0,009950 -0,000003
wheat 3,506558 0,001025
when 0,030459 0,000036
where 0,072571 0,000106
whether 0,400478 0,000117
which 0,000000 0,000000
while 0,051293 0,000060
who 0,301105 0,000352
wide 0,597837 0,000350
widely 0,342490 0,000100
wieser 2,995732 0,000876
wikibooks 1,427116 0,000417
wikidataarticles 1,171183 0,000342
wikidatause 1,108663 0,000324
wikimedia -0,009950 -0,000009
wikipedia -0,009950 -0,000020
wikipediacontact -0,009950 -0,000003
wiktionary 1,832581 0,000536
wiley 0,562119 0,000329
william 0,713350 0,000834
willlekens 3,912023 0,001144
winner 2,659260 0,000777
withhold 3,912023 0,002287
within 0,116534 0,000034
without 0,094311 0,000028
wold 3,912023 0,001144
wooldridge 3,506558 0,002050
work 0,127833 0,000075
working 0,478036 0,000140
works 0,693147 0,000203
world 0,139262 0,000081
written 0,287682 0,000084
www 0,356675 0,000521
xavier 3,506558 0,001025
year 0,579818 0,000169
years 0,274437 0,000642
yet 0,891598 0,000261
ysidro 3,912023 0,001144
yule 3,506558 0,003075
zbekcha 0,462035 0,000135
zhu 2,525729 0,000738
ziliak 3,506558 0,001025
