aa 3,912023 0,001395
aac 3,218876 0,001148
abstract 0,713350 0,000254
academ 0,693147 0,000247
access 0,127833 0,000046
accommod 1,897120 0,000676
accord 0,287682 0,000103
account -0,009950 -0,000043
accret 3,912023 0,001395
accuraci 1,469676 0,000524
acquisit 1,203973 0,000429
action -0,009950 -0,000004
activ 0,356675 0,000254
actual 0,597837 0,000213
actuari 2,302585 0,000821
ad 0,223144 0,000159
add -0,009950 -0,000004
addit -0,009950 -0,000007
addition 0,967584 0,000690
adjust 1,078810 0,000769
advanc 0,235722 0,000336
agent 0,733969 0,000262
agre -0,009950 -0,000004
ai 1,272966 0,000454
alastair 3,218876 0,001148
alcock 3,912023 0,001395
alexand 1,237874 0,000441
algebra 1,347074 0,000480
algorithm 0,462035 0,000165
ali 1,609438 0,000574
all 0,000000 0,000000
almost 0,798508 0,000569
along 0,462035 0,000329
also -0,009950 -0,000035
altern 0,342490 0,000122
although 0,287682 0,000205
alwai 0,597837 0,000426
amend 1,609438 0,000574
american 0,415515 0,000296
amongst 2,120264 0,000756
amp -0,009950 -0,000046
amsterdam 1,966113 0,000701
analysi 0,186330 0,001594
analyst 1,272966 0,002269
analyt 0,798508 0,001139
andacquisit 3,912023 0,001395
andrea 1,386294 0,000494
andreasen 3,912023 0,001395
ani 0,083382 0,000089
anja 3,218876 0,001148
annual 0,776529 0,000554
antoin 2,813411 0,001003
appear -0,009950 -0,000007
appli -0,009950 -0,000021
applic 0,030459 0,000119
approach 0,174353 0,000249
appropri 0,867501 0,000309
archiv 0,040822 0,000116
arena 1,966113 0,000701
aris 1,469676 0,000524
arithmet 1,272966 0,000454
around 0,356675 0,000127
articl 0,000000 0,000000
articleabout -0,009950 -0,000004
articletalk -0,009950 -0,000004
asset 1,139434 0,003250
associ 0,127833 0,000091
assum 0,891598 0,000318
assumpt 1,171183 0,002923
aswath 3,912023 0,001395
asymmetri 3,506558 0,001250
attribut -0,009950 -0,000004
audit 1,660731 0,001776
australia 1,309333 0,001400
author 0,040822 0,000044
avail -0,009950 -0,000011
averag 0,967584 0,000690
avon 3,912023 0,002789
background 1,237874 0,000883
bank 0,941609 0,001343
bankingcapit 3,912023 0,001395
base 0,010050 0,000021
basic 0,198451 0,000071
bastick 3,912023 0,001395
becaus 0,127833 0,000046
becom 0,274437 0,000098
beech 3,912023 0,001395
begawan 3,912023 0,001395
begun 1,966113 0,000701
behavior 0,342490 0,000122
benninga 3,912023 0,002789
benoit 2,659260 0,001896
bernard 1,966113 0,000701
best 0,462035 0,000494
bibliographi 1,966113 0,001402
bidder 3,506558 0,001250
bin 2,525729 0,000900
bird 2,525729 0,000900
blatter 3,912023 0,001395
blaynei 3,912023 0,001395
blog 0,713350 0,000254
board 0,843970 0,000301
boca 2,120264 0,000756
book 0,210721 0,000300
bookrunn 3,912023 0,001395
bootstrap 2,040221 0,000727
boston 1,560648 0,001113
bought 1,832581 0,001307
bradburi 3,506558 0,001250
brailsford 3,912023 0,001395
branch 1,021651 0,000364
brattl 3,912023 0,001395
brealei 3,912023 0,001395
brigo 3,912023 0,001395
broken 1,660731 0,000592
brook 1,660731 0,000592
brownian 3,506558 0,001250
bruhn 3,912023 0,001395
budget 1,832581 0,004573
bui 1,237874 0,000441
build 0,274437 0,000587
built 0,462035 0,000329
busi 0,287682 0,001641
butterworth 2,995732 0,001068
buyout 2,813411 0,001003
calcul 0,916291 0,001633
calibr 2,659260 0,000948
cambridg 0,755023 0,000269
canon 1,714798 0,000611
capit 0,994252 0,004253
capm 2,995732 0,001068
career 2,120264 0,000756
carv 3,506558 0,001250
case 0,083382 0,000059
cash 1,386294 0,006425
categori -0,009950 -0,000007
caution 2,659260 0,000948
cell 1,469676 0,000524
cengag 2,207275 0,001574
certif 1,078810 0,000769
cfa 2,659260 0,001896
cfi 3,506558 0,001250
challeng 0,400478 0,000428
championship 3,506558 0,003750
chandan 3,912023 0,001395
changesupload -0,009950 -0,000007
characterist 0,843970 0,000301
charl 0,941609 0,000336
charter 1,897120 0,000676
cheek 3,506558 0,001250
chesapeak 3,912023 0,001395
choic 0,755023 0,000269
chri 0,994252 0,000354
christoph 1,078810 0,000385
cid 0,356675 0,000381
ciia 3,912023 0,001395
cima 3,912023 0,001395
citat 0,248461 0,000089
cite 0,597837 0,000213
clear 1,049822 0,000374
clewlow 3,912023 0,001395
click 1,714798 0,000611
cluster 1,272966 0,000908
code -0,009950 -0,000007
coffe 2,207275 0,000787
cointegr 2,995732 0,001068
colleg 1,514128 0,000540
collegi 3,506558 0,001250
com 0,150823 0,000054
commerci 0,527633 0,000564
commission 2,813411 0,001003
common -0,009950 -0,000007
compani 0,342490 0,000855
compendium 3,218876 0,001148
competit 1,203973 0,001717
complet 0,223144 0,000239
complex 0,186330 0,000133
compon 0,261365 0,000093
comput 0,020203 0,000079
concept 0,198451 0,000212
conceptu 1,469676 0,000524
concern 0,597837 0,000426
concis 1,966113 0,001402
condit 0,579818 0,000413
conduct -0,009950 -0,000004
confer 0,274437 0,000098
confid 1,771957 0,000632
confidenti 2,040221 0,000727
conglomer 2,659260 0,000948
consider 0,713350 0,000254
consist 0,301105 0,000215
consum 0,653926 0,000233
contact -0,009950 -0,000007
content -0,009950 -0,000014
context 0,446287 0,000318
conting 2,120264 0,000756
continu 0,174353 0,000062
contribut -0,009950 -0,000007
control 0,020203 0,000007
convert 1,049822 0,000374
convex 2,659260 0,000948
cooki -0,009950 -0,000004
copula 3,218876 0,001148
corpor 0,562119 0,002605
correspond 0,798508 0,000285
correspondingli 3,506558 0,001250
cost 0,385662 0,001100
counterparti 2,302585 0,000821
cours 0,967584 0,000690
coursework 3,912023 0,001395
cqf 3,912023 0,001395
crc 1,171183 0,000418
creat -0,009950 -0,000011
creativ -0,009950 -0,000004
credit 0,867501 0,003711
crisi 1,347074 0,000480
criteria 1,609438 0,000574
critic 0,385662 0,000687
critiqu 2,120264 0,001512
crucial 1,386294 0,000494
cruncher 3,912023 0,001395
cup 2,995732 0,001068
curv 1,309333 0,001400
custom 0,544727 0,000194
cva 3,218876 0,001148
cvar 3,218876 0,001148
dai 0,562119 0,000200
damiano 3,912023 0,001395
damodaran 3,912023 0,001395
daniel 0,776529 0,001384
data 0,030459 0,000022
david 0,385662 0,000137
deal 0,843970 0,000903
debt 1,966113 0,007009
debtor 3,218876 0,001148
debug 1,660731 0,000592
decemb 0,061875 0,000022
decid 0,867501 0,000309
decis 0,400478 0,000714
demerg 3,912023 0,001395
demonstr 0,994252 0,000354
depart 0,843970 0,000602
depend 0,105361 0,000038
deploi 1,108663 0,000395
deriv 0,494296 0,002467
derman 3,506558 0,001250
descript -0,009950 -0,000004
descriptionshort 0,000000 0,000000
design 0,040822 0,000044
detail 0,510826 0,000182
determin 0,342490 0,000244
determinist 1,771957 0,001263
develop -0,009950 -0,000014
dfa 3,912023 0,001395
dietmar 3,912023 0,001395
differ 0,010050 0,000014
differenti 0,916291 0,000327
difficult 0,597837 0,000213
dilig 3,506558 0,001250
dilut 3,506558 0,001250
direct 0,261365 0,000280
director 1,660731 0,000592
disciplin 1,203973 0,000858
disclaim -0,009950 -0,000004
disclosur 1,966113 0,000701
discount 2,120264 0,005291
discret 1,049822 0,000374
discuss 0,494296 0,001410
distribut 0,198451 0,000354
divest 2,995732 0,001068
dividend 3,218876 0,001148
document 0,328504 0,000234
doi 0,162519 0,000290
domin 1,021651 0,000364
donat -0,009950 -0,000007
done 0,653926 0,000233
donni 3,912023 0,001395
dougla 1,237874 0,000441
download -0,009950 -0,000004
drag 2,525729 0,000900
due 0,261365 0,000186
duffi 3,218876 0,001148
dummi 2,407946 0,001717
durat 2,040221 0,000727
dynam 0,342490 0,000244
each 0,072571 0,000078
ead 2,813411 0,001003
econom 0,653926 0,001632
ed 0,798508 0,000285
edg 0,820981 0,000293
edit -0,009950 -0,000064
editcommun -0,009950 -0,000004
educ 0,494296 0,000705
effect 0,274437 0,000098
effler 3,912023 0,001395
effort 0,653926 0,000233
either 0,248461 0,000177
element 0,301105 0,000107
elsevi 1,203973 0,000429
emanuel 2,813411 0,001003
emea 2,995732 0,001068
emphas 1,347074 0,001441
empir 1,108663 0,000395
emploi 0,673345 0,000480
emption 3,912023 0,001395
encyclopedia -0,009950 -0,000007
end 0,186330 0,000066
energi 0,843970 0,000301
engin 0,061875 0,000088
england 1,469676 0,000524
english -0,009950 -0,000007
englishal 2,995732 0,001068
englishti 3,912023 0,001395
enhanc 0,510826 0,000364
entail 2,120264 0,002268
enterpris 0,446287 0,000159
entiti 0,843970 0,000301
entrench 3,506558 0,001250
entrepreneuri 3,506558 0,001250
epistem 3,912023 0,001395
equat 1,386294 0,000494
equiti 1,771957 0,006317
eric 1,078810 0,000769
erik 1,832581 0,000653
ernst 2,995732 0,001068
error 0,430783 0,000154
especi 0,415515 0,000296
espen 3,912023 0,001395
essenti 0,634878 0,000679
etc 0,562119 0,000401
euromonei 3,506558 0,002500
european 0,733969 0,000262
eventsrandom -0,009950 -0,000004
evt 3,912023 0,001395
eweek 2,659260 0,000948
exampl 0,020203 0,000043
excel 1,714798 0,009781
exchang 0,579818 0,000413
exercis 2,120264 0,000756
exist 0,186330 0,000199
exot 3,506558 0,001250
explicit 1,171183 0,000418
explicitli 0,916291 0,000327
explor 0,820981 0,000293
export -0,009950 -0,000004
extens 0,342490 0,000122
extern 0,030459 0,000011
extrem 0,941609 0,000336
fabio 2,813411 0,001003
fabozzi 3,218876 0,004590
fabric 2,302585 0,000821
fact 0,579818 0,000207
faff 3,912023 0,002789
fail 0,693147 0,000247
fair 1,427116 0,000509
fairhurst 3,506558 0,003750
far 0,867501 0,000619
fernandez 3,218876 0,001148
field 0,314711 0,000112
fight 1,832581 0,000653
fileperman -0,009950 -0,000004
filespeci -0,009950 -0,000004
fimodo 3,912023 0,001395
final 0,494296 0,000176
financ 0,843970 0,015646
financecomput 3,912023 0,001395
financecorpor 3,912023 0,001395
financi 0,776529 0,027961
first 0,020203 0,000007
firstli 2,659260 0,001896
fix 0,385662 0,000412
flaw 1,469676 0,000524
fletcher 3,218876 0,001148
flow 0,430783 0,001843
fly 2,120264 0,000756
focardi 3,506558 0,001250
follow 0,072571 0,000026
forecast 1,078810 0,003461
forest 1,832581 0,000653
foreword 2,659260 0,000948
form 0,072571 0,000052
forma 3,912023 0,001395
format 0,634878 0,000226
formula 1,427116 0,001018
fortran 1,560648 0,001113
foundat -0,009950 -0,000007
framework 0,287682 0,000205
fran 0,223144 0,000080
frank 1,203973 0,001717
free -0,009950 -0,000014
french 1,347074 0,000480
fulford 3,912023 0,001395
full 0,371064 0,000132
fund 0,941609 0,000671
further 0,139262 0,000248
fusai 3,912023 0,001395
futur 0,235722 0,000084
gaarder 3,912023 0,001395
gap 1,347074 0,000480
gardner 2,995732 0,001068
gari 1,714798 0,000611
gaussian 2,040221 0,000727
gener -0,009950 -0,000043
georg 0,843970 0,000301
get 0,430783 0,000154
gianluca 3,506558 0,001250
global 0,446287 0,000318
good 0,616186 0,000220
govern 0,544727 0,000194
graphic 0,733969 0,000262
great 0,941609 0,000336
greek 1,832581 0,001307
greensho 3,912023 0,001395
gregori 1,660731 0,000592
group 0,186330 0,000133
grow 0,653926 0,000233
growth 0,733969 0,000523
guid 0,287682 0,000923
guidanc 1,714798 0,000611
guidelin 1,237874 0,000883
guru 2,659260 0,000948
handbook 0,941609 0,000336
hartman 3,218876 0,001148
harvard 1,386294 0,000988
haug 3,912023 0,001395
heali 3,506558 0,002500
hedg 2,040221 0,001455
heinemann 2,813411 0,001003
held 1,237874 0,000883
helplearn -0,009950 -0,000004
henrard 3,912023 0,001395
henri 1,427116 0,000509
here 0,301105 0,001073
hererel -0,009950 -0,000004
hide -0,009950 -0,000014
high 0,223144 0,000159
highlight 1,309333 0,000467
hill 0,867501 0,001546
hilpisch 3,912023 0,001395
hirsa 3,912023 0,001395
histor 0,579818 0,000413
histori -0,009950 -0,000014
hjm 3,506558 0,001250
hoboken 1,897120 0,006763
hous 0,820981 0,000293
how 0,072571 0,000078
http -0,009950 -0,000004
huang 1,897120 0,000676
hull 2,407946 0,000858
humphrei 2,995732 0,001068
hypermedia 2,995732 0,001068
hypothes 2,207275 0,000787
icaew 3,912023 0,002789
identifi 0,356675 0,000127
ies 3,912023 0,001395
ifr 3,218876 0,001148
ignacio 3,506558 0,001250
illustr 1,203973 0,000429
imb 3,912023 0,001395
impact 0,544727 0,000194
impair 2,659260 0,001896
implement 0,105361 0,000113
implic 1,309333 0,000467
implicit 1,514128 0,000540
implicitli 1,966113 0,000701
inc -0,009950 -0,000004
includ 0,000000 0,000000
incom 1,272966 0,000908
inconsist 2,302585 0,000821
incorrect 2,207275 0,000787
increas 0,287682 0,000103
increasingli 0,776529 0,000831
index -0,009950 -0,000004
industri 0,356675 0,000127
ineffect 2,659260 0,000948
inflat 2,040221 0,000727
inform 0,061875 0,000044
informationcit -0,009950 -0,000004
inher 1,469676 0,000524
initi 0,235722 0,000168
input 0,634878 0,000679
instead 0,301105 0,000215
institut 0,446287 0,000955
instrument 1,049822 0,000749
insur 1,427116 0,000509
integr 0,174353 0,000186
interest 0,478036 0,001363
intermedi 1,309333 0,000467
intern 0,040822 0,000044
introduct 0,210721 0,000075
intuit 2,207275 0,000787
invest 0,967584 0,004484
investopedia 2,302585 0,000821
investor 1,609438 0,000574
ipo 2,995732 0,002136
irfa 3,218876 0,001148
isbn 0,051293 0,001024
issu 0,314711 0,000224
item -0,009950 -0,000007
jack 1,897120 0,001353
jackson 2,207275 0,000787
jae 3,506558 0,001250
januari 0,083382 0,000059
jarrow 3,218876 0,001148
jbankfin 3,506558 0,001250
jeconbu 3,912023 0,001395
jensen 2,995732 0,001068
jersei 1,714798 0,003668
jesper 3,506558 0,001250
joel 2,040221 0,000727
joerg 3,912023 0,001395
john 0,198451 0,000637
jonathan 1,347074 0,000960
jondeau 3,912023 0,001395
joseph 0,820981 0,000293
joshi 2,813411 0,001003
journal 0,186330 0,000199
jtd 3,912023 0,001395
jump -0,009950 -0,000004
june 0,094311 0,000034
justin 1,897120 0,000676
kei 0,314711 0,000112
kienitz 3,912023 0,001395
kill 1,714798 0,000611
kmv 3,912023 0,001395
knowledg 0,597837 0,000426
kolm 3,912023 0,001395
krd 3,912023 0,001395
krishna 3,218876 0,002295
kuen 3,912023 0,001395
kwok 3,912023 0,001395
label 1,049822 0,000374
lack 0,544727 0,000583
lai 1,966113 0,000701
languag -0,009950 -0,000007
larg 0,127833 0,000091
last -0,009950 -0,000004
lbo 3,912023 0,001395
le 2,525729 0,000900
learn 0,162519 0,000116
leas 3,218876 0,001148
least 0,527633 0,000188
lectur 1,139434 0,000406
lee 0,994252 0,000354
legal -0,009950 -0,000004
let 0,916291 0,000327
level 0,083382 0,000089
leverag 1,237874 0,001324
levi 2,120264 0,000756
lewi 2,407946 0,000858
lgd 3,912023 0,001395
liabil 2,040221 0,000727
liam 2,813411 0,001003
librari 0,356675 0,000254
licens -0,009950 -0,000004
lien 3,218876 0,001148
life 0,653926 0,000233
like 0,051293 0,000018
limit 0,186330 0,000133
line 0,261365 0,000093
linear 0,916291 0,000327
link -0,009950 -0,000011
linkpag -0,009950 -0,000004
linksarticl 1,021651 0,000364
liquid 1,771957 0,000632
list 0,051293 0,000073
loan 1,966113 0,000701
local 0,314711 0,000112
log -0,009950 -0,000007
london 0,941609 0,003357
long 0,287682 0,000308
loren 3,506558 0,001250
loser 3,506558 0,001250
lotu 2,120264 0,000756
low 0,478036 0,000511
ltd 1,203973 0,000429
lynch 2,659260 0,000948
machin 0,040822 0,000073
made 0,186330 0,000066
main -0,009950 -0,000011
maint 0,798508 0,000569
maintain 0,400478 0,000143
make 0,061875 0,000066
manag 0,105361 0,000601
manageri 2,407946 0,000858
mandatori 2,207275 0,000787
mandelbrot 2,995732 0,002136
mani 0,061875 0,000022
manifesto 2,302585 0,001642
manufactur 1,171183 0,000418
mari 1,347074 0,000480
mark 0,261365 0,000093
market 0,446287 0,001591
martingal 3,218876 0,001148
master 0,941609 0,002014
mathemat 0,616186 0,003075
mathwork 3,912023 0,001395
matlab 1,660731 0,002960
mba 2,995732 0,001068
mcgraw 1,108663 0,001976
mean 0,083382 0,000089
measur 0,371064 0,000132
mebiu 3,912023 0,001395
mention 1,237874 0,000441
menu -0,009950 -0,000007
mercurio 3,912023 0,001395
merger 1,966113 0,002103
merton 3,218876 0,001148
method 0,150823 0,000538
methodolog 0,994252 0,000354
mezzanin 3,912023 0,001395
michael 0,385662 0,000687
microsoft 0,579818 0,001860
mif 3,506558 0,001250
mike 1,237874 0,000441
miller 1,469676 0,000524
minor 1,309333 0,000934
mismark 3,912023 0,001395
mit 0,776529 0,000277
mobil -0,009950 -0,000004
model 0,116534 0,005609
modeloff 3,912023 0,001395
modelsactuari 3,912023 0,001395
modern 0,314711 0,000337
modigliani 3,506558 0,001250
momentum 2,040221 0,000727
monthli 1,609438 0,000574
more 0,010050 0,000018
move -0,009950 -0,000014
movement 1,108663 0,000395
msf 3,506558 0,001250
multi 0,342490 0,000366
multimedia 1,386294 0,000494
multipl 0,094311 0,000101
myer 3,218876 0,001148
name 0,162519 0,000116
nassim 3,218876 0,003443
natur 0,356675 0,000763
navarra 3,912023 0,001395
navig -0,009950 -0,000004
necessari 0,616186 0,000220
need 0,030459 0,000011
net 0,385662 0,000137
nevitt 3,912023 0,001395
new 0,010050 0,000043
nine 1,771957 0,000632
non -0,009950 -0,000007
not 0,000000 0,000000
notabl 0,616186 0,000439
novemb 0,150823 0,000323
now 0,274437 0,000098
number 0,040822 0,000015
numer 0,430783 0,001075
nyu 3,912023 0,001395
oclc 0,891598 0,000636
off 0,673345 0,000240
offer 0,248461 0,001063
often 0,127833 0,000410
oldid -0,009950 -0,000004
ongkrutaraksa 3,912023 0,001395
ongo 1,560648 0,001113
oper 0,010050 0,000011
opinion 1,347074 0,000480
optim 0,415515 0,000444
option 0,527633 0,001505
order 0,094311 0,000034
org -0,009950 -0,000004
organ -0,009950 -0,000011
orient 0,653926 0,000233
origin -0,009950 -0,000007
other -0,009950 -0,000021
out 0,261365 0,000280
outcom 1,660731 0,000592
outlin 0,562119 0,000802
output 0,597837 0,000639
over 0,094311 0,000034
overtaken 3,506558 0,001250
own 0,314711 0,000224
oxford 0,843970 0,001504
pablo 3,218876 0,002295
page -0,009950 -0,000007
pagecontentscurr -0,009950 -0,000004
pageget -0,009950 -0,000004
palepu 3,912023 0,002789
paper 0,527633 0,000188
paragraph 2,407946 0,000858
paramet 0,755023 0,000269
parametr 1,771957 0,000632
pareja 3,912023 0,001395
pari 1,660731 0,000592
part 0,072571 0,000026
particularli 0,597837 0,000213
pascal 1,347074 0,000480
passu 3,912023 0,001395
paul 0,544727 0,000777
pdf 0,139262 0,000348
pdfprintabl -0,009950 -0,000004
pearson 1,347074 0,000960
peek 3,506558 0,001250
penelop 3,506558 0,001250
pension 2,040221 0,000727
percentag 1,427116 0,000509
perform 0,040822 0,000015
period 0,713350 0,000509
person -0,009950 -0,000004
perspect 0,733969 0,000262
peter 0,446287 0,000318
petter 2,995732 0,001068
pfe 3,912023 0,001395
philosophi 0,994252 0,001772
php -0,009950 -0,000004
physic 0,446287 0,000318
pignataro 3,912023 0,001395
pitch 2,407946 0,000858
placement 2,040221 0,000727
plai 0,713350 0,000254
plan 0,430783 0,000768
plc 2,302585 0,000821
point 0,186330 0,000066
polici -0,009950 -0,000007
poon 3,506558 0,001250
poorli 2,659260 0,000948
portalrec -0,009950 -0,000004
portfolio 1,771957 0,005054
posch 3,912023 0,001395
posit 0,616186 0,000439
possess 1,832581 0,000653
possibl 0,186330 0,000133
post 0,478036 0,000170
practic 0,186330 0,000731
practition 1,514128 0,000540
praeger 2,995732 0,001068
pre 0,941609 0,000671
preced 1,427116 0,000509
predict 0,733969 0,000523
prefer 0,798508 0,000854
premium 2,207275 0,000787
prepar 1,139434 0,000406
present 0,287682 0,000205
press 0,210721 0,000451
price 0,798508 0,003131
principl 0,385662 0,000412
print -0,009950 -0,000004
privaci -0,009950 -0,000007
privat 0,634878 0,000905
pro 1,237874 0,000441
probabilist 1,832581 0,000653
probabl 0,843970 0,000301
problem 0,186330 0,000465
proceed 0,579818 0,000207
proctor 3,912023 0,001395
procur 2,659260 0,001896
product 0,174353 0,000186
prof 3,218876 0,002295
profess 2,207275 0,000787
profession 0,673345 0,001440
profit -0,009950 -0,000011
program 0,116534 0,000166
project -0,009950 -0,000032
proport 1,771957 0,000632
propos 0,510826 0,000182
prospect 2,120264 0,000756
prototyp 1,386294 0,000494
provid 0,061875 0,000066
provis 1,660731 0,001184
proxi 1,771957 0,000632
public 0,127833 0,000228
publish 0,105361 0,000075
purchas 1,139434 0,000406
pure 1,203973 0,000429
purpos 0,248461 0,000266
pwc 3,506558 0,002500
python 0,916291 0,001307
qualif 3,218876 0,001148
quant 3,506558 0,002500
quantifi 1,560648 0,001113
quantit 1,469676 0,008383
quantlib 3,912023 0,001395
quarterli 1,832581 0,000653
qubit 3,506558 0,001250
question 0,597837 0,000853
quick 1,609438 0,000574
rang 0,371064 0,000132
rate 0,673345 0,001920
ratio 1,386294 0,000494
raton 2,120264 0,000756
readeditview 0,287682 0,000205
real 0,210721 0,000300
reason 0,328504 0,000117
rebonato 3,912023 0,001395
recapit 3,506558 0,002500
recent 0,562119 0,000401
reduc 0,274437 0,000098
ree 2,995732 0,002136
refer -0,009950 -0,000018
reflect 0,562119 0,000200
regist -0,009950 -0,000004
regulatori 1,427116 0,001018
relat 0,030459 0,000054
relatedli 3,218876 0,001148
renew 1,966113 0,001402
report 0,261365 0,000093
repres 0,235722 0,000168
represent 0,634878 0,000226
request 0,776529 0,000277
requir 0,051293 0,000073
research 0,223144 0,000239
resid 1,714798 0,000611
residu 2,040221 0,000727
restructur 2,407946 0,000858
result 0,139262 0,000149
retriev -0,009950 -0,000021
return 0,510826 0,000546
revenu 1,514128 0,001080
revers 1,139434 0,000812
review 0,314711 0,000224
riccardo 2,995732 0,001068
richard 0,733969 0,000262
right 0,314711 0,000673
risk 0,579818 0,004548
robert 0,527633 0,000188
rocket 2,120264 0,000756
rocking 3,912023 0,001395
role 0,527633 0,000188
roncoroni 3,912023 0,001395
rouah 3,912023 0,001395
safeti -0,009950 -0,000004
sam 1,347074 0,000480
same 0,116534 0,000083
sang 3,506558 0,001250
savag 3,218876 0,001148
savin 3,506558 0,001250
scenario 1,139434 0,001219
schaum 3,506558 0,001250
scholar 1,021651 0,000364
school 0,867501 0,000309
scienc 0,274437 0,000294
sciencemathemat 3,912023 0,001395
scientif 0,673345 0,000240
scientist 1,171183 0,000418
score 1,609438 0,000574
scorecard 3,506558 0,001250
scott 0,891598 0,000318
script 0,916291 0,000327
sean 1,609438 0,000574
search -0,009950 -0,000014
season 2,302585 0,000821
second 0,328504 0,000117
secondari 1,309333 0,000467
secondli 2,813411 0,002006
sector 1,171183 0,000835
secur 0,274437 0,000391
see -0,009950 -0,000074
seek 1,021651 0,000364
select 0,371064 0,000132
sell 1,139434 0,000406
sengupta 3,218876 0,001148
senior 1,714798 0,001223
sensit 1,078810 0,000769
separ 0,400478 0,000143
septemb 0,150823 0,000054
ser 3,506558 0,001250
sergio 2,813411 0,001003
seriou 1,832581 0,000653
set 0,051293 0,000018
sever 0,072571 0,000103
shank 3,506558 0,001250
share 0,301105 0,000107
sharealik -0,009950 -0,000004
sharehold 2,407946 0,001717
shayn 3,912023 0,001395
sheet 1,771957 0,000632
shield 2,120264 0,000756
shim 3,218876 0,001148
shimko 3,912023 0,001395
short -0,009950 -0,000007
shorten -0,009950 -0,000004
side 0,579818 0,000413
sidebar -0,009950 -0,000014
siegel 3,218876 0,001148
siemen 3,506558 0,001250
simon 1,021651 0,000728
simpl 0,150823 0,000161
simplic 1,897120 0,000676
simplifi 0,820981 0,000293
simul 1,021651 0,002185
sinc 0,139262 0,000050
singl 0,127833 0,000046
site -0,009950 -0,000004
situat 0,776529 0,000831
six 1,309333 0,000467
size 0,342490 0,000122
slow 1,237874 0,000441
smile 3,218876 0,001148
societi 0,653926 0,000233
softwar 0,127833 0,000182
sokol 3,912023 0,001395
some 0,040822 0,000015
sometim 0,301105 0,000322
son 1,049822 0,002620
sophist 1,203973 0,000858
soubeiga 3,912023 0,001395
sourc 0,094311 0,000034
south 1,108663 0,000790
special 0,235722 0,000336
specif 0,051293 0,000073
specifi 0,446287 0,000159
speed 0,941609 0,000671
spin 2,120264 0,000756
sponsor 1,714798 0,001834
spread 1,171183 0,000418
spreadsheet 2,120264 0,007559
springer 0,527633 0,001317
squeez 2,995732 0,001068
stabil 1,469676 0,000524
staff 1,469676 0,000524
stage 1,139434 0,000406
stagger 3,218876 0,001148
stakehold 2,120264 0,000756
standard 0,094311 0,000101
stanford 1,309333 0,000467
start 0,261365 0,000093
statement -0,009950 -0,000025
statementsarticl 0,544727 0,000194
statist -0,009950 -0,000014
staunton 3,912023 0,001395
stein 2,525729 0,001801
step 0,713350 0,000254
stephen 0,843970 0,000602
stern 3,506558 0,001250
stewart 2,302585 0,000821
stochast 1,347074 0,001441
stock 1,309333 0,001400
stress 1,660731 0,001184
strickland 3,506558 0,001250
structur 0,139262 0,000199
student 1,049822 0,000374
studi 0,314711 0,000112
studyhidden 3,912023 0,001395
subject 0,478036 0,000170
subordin 2,995732 0,001068
such 0,000000 0,000000
suggest 0,820981 0,000293
sum 1,203973 0,000429
supermajor 3,506558 0,001250
surfac 1,469676 0,000524
sustain 1,171183 0,000418
swan 2,659260 0,001896
swap 1,966113 0,000701
synergi 3,218876 0,001148
system 0,010050 0,000004
tabl -0,009950 -0,000007
tag 1,309333 0,000467
tail 1,966113 0,001402
take 0,210721 0,000075
takeov 3,218876 0,001148
taleb 3,218876 0,003443
tan 2,207275 0,000787
tapiero 3,912023 0,001395
task 0,415515 0,000296
tax 1,560648 0,001113
techniqu 0,385662 0,000412
telecommun 1,347074 0,000480
templat 0,301105 0,000107
ten 1,347074 0,000480
tender 2,813411 0,001003
term -0,009950 -0,000021
termin 0,941609 0,000336
test 0,248461 0,000089
text -0,009950 -0,000007
tham 3,912023 0,001395
that 0,000000 0,000000
thayser 3,912023 0,001395
then 0,116534 0,000042
theorem 1,171183 0,000418
theori 0,400478 0,001142
these 0,040822 0,000087
thi -0,009950 -0,000028
thing 0,798508 0,000285
thoma 0,527633 0,000188
thought 1,108663 0,000395
throughout 1,078810 0,000385
thu 0,314711 0,000224
tier 1,660731 0,000592
time 0,000000 0,000000
timothi 1,714798 0,000611
titl -0,009950 -0,000004
tjia 3,912023 0,001395
todd 2,407946 0,000858
toggl -0,009950 -0,000007
tongu 3,506558 0,001250
too 0,634878 0,000226
tool -0,009950 -0,000021
top -0,009950 -0,000004
topic -0,009950 -0,000007
traceabl 2,995732 0,001068
trade 0,916291 0,000327
trademark -0,009950 -0,000004
trader 2,207275 0,000787
train 0,967584 0,001035
transact 0,673345 0,000720
translat 0,798508 0,000285
transpar 1,237874 0,000441
treasuri 2,407946 0,000858
treat 0,967584 0,000345
tree 0,693147 0,000494
triana 3,912023 0,001395
tribun 3,218876 0,001148
tung 2,525729 0,000900
turnbul 3,506558 0,001250
turnov 2,995732 0,001068
typic 0,186330 0,000266
uibfm 3,912023 0,001395
ukftt 3,912023 0,001395
uncertainti 1,237874 0,000441
under -0,009950 -0,000014
underli 0,693147 0,000247
understand 0,342490 0,000122
understood 1,469676 0,000524
undertak 2,659260 0,000948
underwrit 2,813411 0,001003
unit 0,248461 0,000089
univers 0,139262 0,000348
unrealist 2,813411 0,002006
unreason 2,995732 0,001068
unsourc 0,446287 0,000318
updat 0,342490 0,000122
urldownload -0,009950 -0,000004
usabl 1,714798 0,000611
user 0,274437 0,000098
usual 0,198451 0,000283
utc -0,009950 -0,000004
vainberg 3,912023 0,001395
valid 0,616186 0,000220
valu 0,162519 0,000811
valuat 2,120264 0,015874
variabl 0,494296 0,000352
varianc 1,660731 0,001184
variou 0,223144 0,000080
vast 1,514128 0,000540
vba 3,912023 0,009763
velez 3,912023 0,001395
veranda 3,912023 0,001395
version -0,009950 -0,000007
versu 1,347074 0,000480
via 0,186330 0,000133
viabil 3,506558 0,001250
victor 2,407946 0,000858
view -0,009950 -0,000007
vine 3,218876 0,001148
visual 0,562119 0,000200
volatil 1,714798 0,003057
vtecorpor 3,912023 0,001395
wacc 3,912023 0,001395
wage 2,302585 0,000821
wale 2,813411 0,001003
warrant 2,659260 0,000948
wayback 0,478036 0,001023
wayn 2,995732 0,001068
webarch 1,021651 0,000364
weight 1,108663 0,000395
well 0,051293 0,000037
western 1,108663 0,000395
westport 2,995732 0,001068
wetterau 3,912023 0,001395
what -0,009950 -0,000021
where 0,072571 0,000078
whether 0,400478 0,000428
which 0,000000 0,000000
while 0,051293 0,000018
whole 0,916291 0,000327
why 0,494296 0,000176
wide 0,210721 0,000075
wikidata 0,562119 0,000200
wikidataus 1,108663 0,000395
wikimedia -0,009950 -0,000004
wikipedia -0,009950 -0,000025
wikipediacontact -0,009950 -0,000004
wilei 0,562119 0,004810
wilmott 3,506558 0,001250
winston 2,813411 0,001003
without 0,094311 0,000067
wong 2,407946 0,000858
worapot 3,912023 0,001395
work 0,030459 0,000043
world 0,139262 0,000248
worth 1,897120 0,000676
written 0,287682 0,000205
wrong 1,560648 0,001669
xva 3,506558 0,003750
year 0,162519 0,000174
yield 1,139434 0,000406
yip 3,912023 0,001395
york 0,371064 0,000794
yue 2,995732 0,001068
yve 3,912023 0,001395
zbekcha 0,462035 0,000165
