abdulazeez 3,912023 0,000599
absenc 2,040221 0,000312
absorb 3,218876 0,000493
abstract 0,713350 0,000218
accept 0,634878 0,000194
access 0,127833 0,000039
accord 0,287682 0,000264
account -0,009950 -0,000027
accur 1,203973 0,000184
accuraci 1,469676 0,000225
acquir 1,203973 0,000184
across 0,415515 0,000191
act 0,713350 0,000218
action -0,009950 -0,000005
activ 0,356675 0,000273
actual 0,597837 0,000183
add -0,009950 -0,000002
addit -0,009950 -0,000005
addition 0,967584 0,000444
adjust 1,078810 0,000330
adopt 0,415515 0,000064
advanc 0,235722 0,000036
advantag 0,693147 0,000106
advers 2,813411 0,000431
advis 1,771957 0,000271
advisor 2,659260 0,000814
affair 1,966113 0,000301
affect 0,693147 0,000636
afford 2,040221 0,000312
africa 1,966113 0,000301
ag 0,941609 0,000144
again 1,078810 0,000165
against 0,462035 0,000071
aggreg 1,514128 0,000463
agre -0,009950 -0,000006
agricultur 1,347074 0,000206
aim 0,634878 0,000097
akhtam 3,912023 0,000599
albania 3,218876 0,000493
alexand 1,237874 0,000379
algorithm 0,462035 0,000071
all 0,000000 0,000000
alloc 0,941609 0,000144
allow 0,061875 0,000085
alon 1,272966 0,000195
along 0,462035 0,000141
alpha 1,832581 0,000561
alreadi 0,776529 0,000238
also -0,009950 -0,000047
altern 0,342490 0,000262
although 0,287682 0,000088
alwai 0,597837 0,000274
alyousfi 3,912023 0,000599
america 0,967584 0,000444
american 0,415515 0,000127
amid 2,525729 0,000387
among 0,356675 0,000055
amount 0,579818 0,000266
amp -0,009950 -0,000024
amsterdam 1,966113 0,000301
analog 1,021651 0,000156
analysi 0,186330 0,000314
analyst 1,272966 0,000195
analyz 0,843970 0,000129
ani 0,083382 0,000128
anim 1,021651 0,000156
annett 3,506558 0,001073
annot 1,108663 0,000170
annual 0,776529 0,000832
anomal 2,813411 0,000431
anomali 2,120264 0,000649
anoth 0,127833 0,000059
answer 1,171183 0,000538
anticip 1,897120 0,000290
antwerp 3,218876 0,000493
antwerpen 3,912023 0,000599
anywher 1,560648 0,000239
apart 1,897120 0,000290
app 1,021651 0,000156
appar 2,207275 0,000676
appeal 2,040221 0,000312
appear -0,009950 -0,000003
appli -0,009950 -0,000002
applic 0,030459 0,000009
appropri 0,867501 0,000266
april 0,072571 0,000155
apt 2,995732 0,000458
aratani 3,912023 0,000599
arbitrag 2,659260 0,000814
archipelago 3,912023 0,000599
archiv 0,040822 0,000206
area 0,478036 0,000219
argu 0,994252 0,000304
ari 2,040221 0,000312
around 0,356675 0,000273
articl 0,000000 0,000000
articleabout -0,009950 -0,000002
articletalk -0,009950 -0,000002
artifici 0,994252 0,000152
asia 1,560648 0,000478
asian 2,207275 0,000338
ask 0,867501 0,000929
assess 1,021651 0,000313
asset 1,139434 0,004883
associ 0,127833 0,000078
assum 0,891598 0,000409
assumpt 1,171183 0,000179
atlanti 3,912023 0,000599
attack 0,867501 0,000266
attempt 0,478036 0,000293
attent 1,203973 0,000184
attract 1,771957 0,001085
attribut -0,009950 -0,000006
august 0,162519 0,000323
australia 1,309333 0,000200
australian 2,525729 0,000773
author 0,040822 0,000025
authoris 2,995732 0,000458
auto 1,514128 0,000232
autom 0,597837 0,000274
avail -0,009950 -0,000006
avatrad 3,912023 0,000599
averag 0,967584 0,002221
avoid 0,579818 0,000177
awai 1,139434 0,000174
axi 2,120264 0,000649
back 0,462035 0,000424
bad 1,347074 0,000206
bag 2,525729 0,000387
bahasa 0,186330 0,000057
bak 3,912023 0,000599
ban 1,897120 0,000290
bangladesh 2,207275 0,000338
bank 0,941609 0,002306
banker 2,207275 0,001013
bar 1,386294 0,000212
barkah 3,912023 0,000599
baromet 3,218876 0,000493
barri 2,207275 0,000338
base 0,010050 0,000014
basi 0,820981 0,000251
basic 0,198451 0,000061
basin 3,506558 0,000537
batter 3,912023 0,000599
bear 1,966113 0,001204
becam 0,579818 0,000177
becaus 0,127833 0,000039
becom 0,274437 0,000042
began 0,634878 0,000389
begin 0,385662 0,000177
behalf 2,207275 0,000676
behav 1,427116 0,000437
behavior 0,342490 0,000681
behaviorist 3,912023 0,000599
behaviour 1,832581 0,000280
belgiumview 3,912023 0,000599
belief 1,714798 0,000262
benchmark 1,427116 0,000218
beneficiari 2,995732 0,000458
bengal 3,912023 0,000599
benoit 2,659260 0,000407
best 0,462035 0,000141
bet 2,120264 0,000324
beta 1,386294 0,000212
better 0,494296 0,000227
beur 3,912023 0,000599
beurs 3,912023 0,001197
beurz 3,912023 0,000599
beurzen 3,912023 0,000599
beyond 0,713350 0,000109
bias 2,407946 0,000369
bibcod 0,693147 0,000106
bid 2,407946 0,002580
bidder 3,506558 0,000537
big 0,673345 0,000103
billion 1,078810 0,000165
bir 3,912023 0,000599
black 1,203973 0,002395
block 0,597837 0,000183
bloomberg 1,469676 0,000225
blot 3,912023 0,000599
bme 3,506558 0,000537
board 0,843970 0,000387
bob 1,832581 0,000280
bokm 0,127833 0,000020
bombai 3,912023 0,001197
bond 1,832581 0,003366
book 0,210721 0,000129
boost 1,660731 0,000254
borrow 1,771957 0,001356
borsa 3,912023 0,000599
bottom 2,040221 0,001561
bought 1,832581 0,000561
bours 3,218876 0,001971
breaker 3,506558 0,003220
brexit 3,912023 0,000599
bring 1,021651 0,000313
british 1,203973 0,000184
broker 1,966113 0,002407
brokerag 2,302585 0,001057
brongniart 3,912023 0,000599
brought 1,832581 0,000280
bruge 3,912023 0,001197
brugs 3,912023 0,000599
bubbl 1,560648 0,002150
buffett 2,995732 0,000458
bui 1,237874 0,003600
bull 2,813411 0,000431
bureau 1,609438 0,000493
bursa 3,506558 0,001073
burst 2,302585 0,000352
burza 3,912023 0,000599
busi 0,287682 0,000396
buyer 1,832581 0,002524
buyout 2,813411 0,000431
call 0,030459 0,000037
canada 1,427116 0,000655
canadian 1,714798 0,000262
cancel 2,207275 0,000676
cannot 0,314711 0,000144
cap 1,560648 0,000478
capac 1,237874 0,000189
capit 0,994252 0,003652
capm 2,995732 0,000458
captur 0,916291 0,000140
care 1,237874 0,000189
carolin 2,995732 0,000458
carri 0,967584 0,000444
case 0,083382 0,000051
cat 2,120264 0,000324
catal 0,094311 0,000014
catastroph 2,525729 0,000387
categori -0,009950 -0,000003
caus 0,430783 0,000330
censu 2,407946 0,000737
central 0,478036 0,000366
centric 1,966113 0,000301
centrical 3,912023 0,000599
centrum 3,506558 0,000537
centuri 0,843970 0,001292
certain 0,274437 0,000126
certif 1,078810 0,000330
chad 2,659260 0,000407
chamber 2,813411 0,000431
chanc 1,660731 0,000254
chang 0,051293 0,000086
changesupload -0,009950 -0,000003
characterist 0,843970 0,000258
charl 0,941609 0,000144
chart 1,309333 0,000200
chicago 1,609438 0,000246
china 0,967584 0,000148
chines 1,309333 0,000601
choic 0,755023 0,000116
chongfeng 3,912023 0,000599
choos 0,916291 0,000140
christma 2,659260 0,000407
cid 0,356675 0,000328
cinema 2,995732 0,000458
circa 3,506558 0,000537
circuit 0,967584 0,001037
cite 0,597837 0,000366
citeseerx 1,347074 0,000618
citi 1,272966 0,000779
citizen 1,966113 0,000301
claim 0,634878 0,000097
clariti 2,302585 0,000352
class 0,446287 0,000137
classif 1,021651 0,000156
classifi 0,967584 0,000148
clear 1,049822 0,000321
clearinghous 3,218876 0,000985
click 1,714798 0,000262
client 0,713350 0,000109
climat 1,386294 0,000212
close 0,356675 0,000055
cloud 0,733969 0,000112
cml 3,506558 0,000537
cnx 3,218876 0,000985
code -0,009950 -0,000006
coincid 2,207275 0,000338
collaps 2,207275 0,000676
collater 2,659260 0,000407
collect 0,274437 0,000042
colleg 1,514128 0,000463
colon 2,407946 0,000369
color 1,609438 0,000246
com 0,150823 0,000092
come 0,356675 0,000164
commiss 1,309333 0,000200
commit 1,108663 0,000170
commod 1,469676 0,001574
common -0,009950 -0,000008
commonswikinewswikiquotewikidata 3,506558 0,000537
commun 0,139262 0,000085
communist 2,995732 0,000458
compani 0,342490 0,000943
compar 0,342490 0,000105
complet 0,223144 0,000068
composit 1,386294 0,000849
comput 0,020203 0,000022
concentr 1,966113 0,000301
concept 0,198451 0,000061
concern 0,597837 0,000091
concis 1,966113 0,000301
conclud 1,966113 0,000301
condit 0,579818 0,000177
conduct -0,009950 -0,000005
confer 0,274437 0,000084
confid 1,771957 0,000814
confirm 1,514128 0,000463
conflict 1,309333 0,000200
consequ 0,891598 0,000136
conserv 1,897120 0,000290
consid 0,274437 0,000168
consider 0,713350 0,000109
consist 0,301105 0,000046
constitu 2,659260 0,000407
consult 1,386294 0,000212
consum 0,653926 0,000200
consumpt 1,139434 0,000349
contact -0,009950 -0,000003
contain 0,162519 0,000075
content -0,009950 -0,000009
context 0,446287 0,000137
contract 0,994252 0,000152
contrari 2,659260 0,000407
contrarian 3,912023 0,000599
contribut -0,009950 -0,000008
control 0,020203 0,000019
controversi 1,171183 0,000179
convers 0,776529 0,000238
cooki -0,009950 -0,000002
copi 0,891598 0,000409
corpor 0,562119 0,000602
correl 1,347074 0,000206
corrupt 1,832581 0,000561
cost 0,385662 0,000472
council 1,427116 0,000218
counter 1,660731 0,001779
counterparti 2,302585 0,000352
countri 0,867501 0,002523
coupl 1,514128 0,000232
courtier 3,912023 0,000599
courtyard 3,912023 0,000599
cover 0,733969 0,000225
covid 1,966113 0,000602
crack 2,040221 0,000312
crash 1,560648 0,010271
creat -0,009950 -0,000008
creativ -0,009950 -0,000002
credit 0,867501 0,000398
crisi 1,347074 0,002062
criterion 1,966113 0,000301
crore 3,912023 0,000599
cross 0,562119 0,000172
crowd 2,525729 0,000387
crowdfund 2,525729 0,000773
crucial 1,386294 0,000424
currenc 1,660731 0,001779
currencyexchang 3,218876 0,000493
current 0,210721 0,000129
cut 1,386294 0,000212
cutler 3,506558 0,000537
cycl 0,867501 0,000266
czech 2,040221 0,000312
dahrendorft 3,912023 0,000599
dai 0,562119 0,000774
dane 3,506558 0,000537
danskdeutschespa 3,912023 0,000599
dark 2,120264 0,001298
data 0,030459 0,000019
databas 0,072571 0,000011
date 0,210721 0,000226
david 0,385662 0,000177
ddm 3,912023 0,000599
deal 0,843970 0,000387
dealer 2,407946 0,001106
debt 1,966113 0,001204
decad 1,078810 0,000165
decemb 0,061875 0,000161
decil 3,912023 0,002395
decis 0,400478 0,000306
declin 1,832581 0,001963
decreas 1,660731 0,000254
default 0,693147 0,000106
deficit 2,813411 0,000431
defin 0,116534 0,000054
definit 0,186330 0,000114
degre 0,916291 0,000280
deliv 1,078810 0,000165
deliveri 1,309333 0,000401
demand 0,820981 0,000126
demograph 1,897120 0,000581
demonstr 0,994252 0,000304
denomin 2,040221 0,000624
depart 0,843970 0,000129
depend 0,105361 0,000064
deposit 1,771957 0,000271
depress 2,659260 0,000407
depth 1,427116 0,000218
der 1,609438 0,000493
deriv 0,494296 0,000832
derivativefutur 3,218876 0,000493
describ 0,174353 0,000027
descript -0,009950 -0,000002
descriptionshort 0,000000 0,000000
design 0,040822 0,000012
destruct 1,714798 0,000262
detail 0,510826 0,000078
detect 0,755023 0,000116
determin 0,342490 0,000210
deutsch 2,525729 0,000387
develop -0,009950 -0,000012
deviat 1,771957 0,000271
devic 0,634878 0,000097
dhumal 3,912023 0,001197
dictionari 0,616186 0,000094
differ 0,010050 0,000018
differenti 0,916291 0,000140
difficult 0,597837 0,000091
diffus 1,966113 0,000301
digit 0,400478 0,000123
dilut 3,506558 0,000537
dip 3,506558 0,000537
direct 0,261365 0,000520
directli 0,415515 0,000572
disappear 2,659260 0,000407
disclaim -0,009950 -0,000002
discount 2,120264 0,000324
discoveri 1,139434 0,000174
discuss 0,494296 0,000227
dispar 2,813411 0,000431
disproportion 3,218876 0,000493
disput 1,309333 0,000200
disputesarticl 3,218876 0,000493
distinct 0,544727 0,000083
distribut 0,198451 0,000152
diversif 2,120264 0,001298
divid 1,049822 0,000321
dividend 3,218876 0,003448
divis 1,237874 0,000189
djamil 3,912023 0,000599
dma 3,218876 0,000493
dmm 3,912023 0,001796
doesn 1,609438 0,000246
doi 0,162519 0,000348
dollar 1,514128 0,000463
domest 1,514128 0,000463
dominiqu 3,912023 0,000599
donat -0,009950 -0,000003
done 0,653926 0,000100
dot 1,609438 0,000493
doubl 0,843970 0,000258
dougla 1,237874 0,000189
dow 2,525729 0,001546
down 0,597837 0,000366
download -0,009950 -0,000003
downturn 3,506558 0,000537
downward 3,506558 0,000537
dramat 1,832581 0,000280
draw 0,994252 0,000152
drive 0,867501 0,000398
driven 0,867501 0,000266
drop 0,994252 0,000456
dual 1,609438 0,000246
dubiou 3,218876 0,000493
due 0,261365 0,000120
duke 2,813411 0,000431
dupont 3,506558 0,000537
dutch 2,120264 0,000324
dynam 0,342490 0,000157
each 0,072571 0,000022
earli 0,301105 0,000092
earn 1,660731 0,002288
earthquak 2,302585 0,000352
easi 1,021651 0,000156
easili 0,843970 0,000129
eatwel 3,506558 0,001073
ebitda 3,218876 0,000493
ecn 2,813411 0,000431
eco 2,302585 0,000352
econom 0,653926 0,003203
economi 1,309333 0,001002
economist 1,514128 0,000232
edit -0,009950 -0,000006
editcommun -0,009950 -0,000002
educ 0,494296 0,000227
eeuws 3,912023 0,000599
effect 0,274437 0,000084
effici 0,287682 0,000308
either 0,248461 0,000114
electron 0,430783 0,000989
element 0,301105 0,000046
elimin 0,867501 0,000133
emerg 0,527633 0,000323
emh 3,912023 0,004191
emot 2,207275 0,000338
emphas 1,347074 0,000206
employ 1,832581 0,000280
employe 1,386294 0,000212
empti 1,386294 0,000212
enabl 0,274437 0,000126
encilhamento 3,912023 0,000599
encyclopedia -0,009950 -0,000003
end 0,186330 0,000171
endow 2,407946 0,000369
energi 0,843970 0,000129
engin 0,061875 0,000009
england 1,469676 0,000225
english -0,009950 -0,000003
englishsuomisvenskatagalog 3,912023 0,000599
engulf 3,912023 0,000599
enhanc 0,510826 0,000078
enkhuizen 3,912023 0,000599
enorm 2,302585 0,000352
enter 1,049822 0,000321
enterpris 0,446287 0,000068
entir 0,597837 0,000183
entiti 0,843970 0,000129
environ 0,385662 0,000059
equilibrium 2,813411 0,000861
equiti 1,771957 0,002983
erlend 3,912023 0,000599
error 0,430783 0,000066
ersj 3,912023 0,000599
esg 2,525729 0,000387
especi 0,415515 0,000191
essenti 0,634878 0,000097
estat 1,832581 0,000561
estim 0,820981 0,000126
etc 0,562119 0,000086
etf 2,813411 0,000861
etoro 3,506558 0,000537
euphoria 3,218876 0,000493
euro 2,525729 0,000387
eurocapitalmarket 3,912023 0,000599
euronext 3,506558 0,001610
europ 0,941609 0,000288
european 0,733969 0,000225
even 0,235722 0,000180
event 0,356675 0,000437
eventsrandom -0,009950 -0,000002
eventu 0,798508 0,000122
ever 1,272966 0,000195
everi 0,261365 0,000080
evid 1,272966 0,000974
evidenc 3,912023 0,000599
evolv 1,078810 0,000165
exagger 3,218876 0,000493
exampl 0,020203 0,000028
excess 1,386294 0,000212
exchang 0,579818 0,010027
exchangehybrid 3,218876 0,000493
exchangeinterior 3,912023 0,000599
exchangen 3,912023 0,000599
exchangeoffic 3,912023 0,000599
exclud 1,660731 0,000254
execut 0,356675 0,000109
exist 0,186330 0,000171
exit 2,040221 0,000312
expans 1,309333 0,000200
expect 0,494296 0,000227
experi 0,510826 0,000078
experienc 1,966113 0,001204
expert 1,078810 0,000165
explain 0,798508 0,000611
explan 1,771957 0,001085
export -0,009950 -0,000002
exposur 1,560648 0,000239
extern 0,030459 0,000005
exuber 3,912023 0,001796
ey 1,714798 0,000262
fabian 2,659260 0,000407
facil 0,891598 0,000136
facilit 0,916291 0,000841
fact 0,579818 0,000089
factor 0,544727 0,001084
fail 0,693147 0,000212
fall 0,867501 0,000797
fallen 2,995732 0,000458
famili 0,994252 0,000609
familiar 1,609438 0,000493
famou 1,771957 0,001356
faq 1,386294 0,000212
far 0,867501 0,000133
fast 0,673345 0,000103
featur 0,210721 0,000064
februari 0,061875 0,000104
fed 2,207275 0,000338
feder 1,021651 0,001407
fell 2,302585 0,001410
femal 3,218876 0,000985
few 0,653926 0,000100
fiduciari 3,912023 0,000599
fifti 2,525729 0,000387
figur 1,272966 0,000390
file 0,446287 0,000068
fileperman -0,009950 -0,000002
filespeci -0,009950 -0,000002
financ 0,843970 0,002067
financi 0,776529 0,007844
find 0,371064 0,000057
finland 2,407946 0,000369
firm 1,171183 0,000358
first 0,020203 0,000015
fix 0,385662 0,000236
fixglob 3,912023 0,000599
flander 3,912023 0,000599
flash 1,897120 0,000290
flight 1,832581 0,000280
float 1,347074 0,000206
floor 2,120264 0,002596
florenc 2,813411 0,000431
flow 0,430783 0,000066
fluctuat 2,120264 0,000324
follow 0,072571 0,000067
fool 2,407946 0,000369
forb 1,427116 0,000218
forc 0,597837 0,000091
forecast 1,078810 0,000165
foreign 1,139434 0,002093
forex 2,813411 0,000861
form 0,072571 0,000067
forward 0,941609 0,000721
forwardsopt 3,218876 0,000493
foto 3,912023 0,000599
found 0,274437 0,000084
foundat -0,009950 -0,000002
four 0,820981 0,000126
fourth 1,560648 0,000239
fractal 2,659260 0,000407
framework 0,287682 0,000044
franc 1,427116 0,000437
fred 1,966113 0,000301
free -0,009950 -0,000005
french 1,347074 0,000206
frequent 0,916291 0,000280
fridai 3,218876 0,000985
frontier 1,469676 0,000225
ftse 3,218876 0,000493
full 0,371064 0,000057
fulli 0,616186 0,000094
function 0,030459 0,000037
fund 0,941609 0,003747
fundament 0,478036 0,000439
further 0,139262 0,000064
futur 0,235722 0,000361
gain 0,616186 0,000377
gambl 2,120264 0,000324
game 0,478036 0,000146
gather 1,469676 0,000450
gaussian 2,040221 0,000312
gdp 2,207275 0,000676
gender 2,525729 0,001160
gener -0,009950 -0,000018
genoa 2,813411 0,000431
genuin 2,995732 0,000458
geograph 1,078810 0,000826
geographi 2,207275 0,000338
geometr 1,771957 0,000271
georg 0,843970 0,000129
german 1,386294 0,000212
germani 1,560648 0,000239
get 0,430783 0,000132
ghanaian 3,912023 0,000599
ghent 3,912023 0,000599
give 0,446287 0,000137
given 0,261365 0,000040
global 0,446287 0,000820
golden 2,525729 0,000387
goldman 2,207275 0,000338
good 0,616186 0,000377
gov 1,469676 0,000225
govardhana 3,912023 0,000599
govern 0,544727 0,001084
governor 2,659260 0,000814
grace 2,813411 0,000431
graduat 1,660731 0,000254
graph 0,967584 0,000148
great 0,941609 0,000576
greenspan 2,407946 0,000369
greenwash 3,218876 0,000493
group 0,186330 0,000200
grow 0,653926 0,000100
growth 0,733969 0,001348
guarante 1,078810 0,000165
guarantor 3,912023 0,000599
guardian 1,560648 0,000239
guicciardini 3,506558 0,000537
guru 2,659260 0,000407
gyrat 3,912023 0,000599
haibo 3,506558 0,000537
haircut 3,912023 0,000599
half 1,108663 0,000679
hall 0,653926 0,000100
halt 2,040221 0,001873
hamilton 2,207275 0,000338
handl 0,415515 0,000064
hard 1,049822 0,000161
harrison 2,995732 0,000917
harshad 3,912023 0,000599
hazard 1,966113 0,000301
head 0,867501 0,000664
heavi 1,609438 0,000246
hedg 2,040221 0,000937
hedger 3,506558 0,000537
heighten 3,912023 0,000599
held 1,237874 0,000379
help 0,174353 0,000027
helplearn -0,009950 -0,000002
helsinki 2,813411 0,000861
henc 1,347074 0,000206
henderson 3,506558 0,000537
henri 1,427116 0,000218
herd 3,912023 0,000599
here 0,301105 0,000046
hererel -0,009950 -0,000002
heurist 1,966113 0,000301
hidden 0,843970 0,000129
hide -0,009950 -0,000006
high 0,223144 0,000171
higher 0,430783 0,000264
highlight 1,309333 0,000200
hispan 3,218876 0,001478
histor 0,579818 0,000355
histori -0,009950 -0,000015
historian 2,813411 0,000431
hoku 3,912023 0,000599
hold 0,579818 0,001065
holder 1,897120 0,000871
holidai 3,506558 0,000537
hong 2,040221 0,001561
hope 1,660731 0,000254
horizon 1,714798 0,000262
horizont 1,897120 0,000290
hour 1,386294 0,000212
hous 0,820981 0,000377
household 2,120264 0,005516
how 0,072571 0,000067
howev 0,094311 0,000087
http -0,009950 -0,000002
hubri 3,912023 0,000599
hudson 2,659260 0,000407
human 0,527633 0,000242
hybrid 1,139434 0,000174
hypothesi 1,897120 0,002032
hypothet 2,659260 0,000814
hyun 2,995732 0,000458
ibm 0,693147 0,000318
ick 3,506558 0,000537
iclick 3,912023 0,001197
idea 0,527633 0,000081
identifi 0,356675 0,000109
iiroc 3,912023 0,000599
illeg 1,897120 0,000290
illiquid 3,218876 0,000985
ilya 2,302585 0,000705
imag 0,494296 0,000076
imagesarticl 2,995732 0,000458
immedi 0,967584 0,000296
immigr 3,912023 0,000599
immov 3,912023 0,000599
impact 0,544727 0,000834
implement 0,105361 0,000016
implic 1,309333 0,000200
import 0,162519 0,000224
impos 2,040221 0,000312
improv 0,150823 0,000046
inc -0,009950 -0,000002
incentiv 3,218876 0,000493
includ 0,000000 0,000000
incom 1,272966 0,002922
incorpor 0,755023 0,000116
incorrectli 2,302585 0,000352
increas 0,287682 0,000352
increasingli 0,776529 0,000119
indefinit 1,237874 0,000189
independ 0,527633 0,000162
index -0,009950 -0,000027
india 1,171183 0,001434
indialondon 3,912023 0,000599
indian 1,771957 0,000542
indianapoli 2,813411 0,000431
indic 0,356675 0,000600
indirect 2,040221 0,003122
indirectli 1,771957 0,001898
individu 0,314711 0,000771
indonesia 1,272966 0,000390
indonesiaitaliano 1,237874 0,000189
industri 0,356675 0,000437
ineffici 1,897120 0,000290
inflat 2,040221 0,001873
inflow 3,506558 0,000537
influenc 0,579818 0,000355
influenti 1,897120 0,000290
inform 0,061875 0,000095
informationcit -0,009950 -0,000002
infrastructur 0,673345 0,000103
initi 0,235722 0,000072
ink 2,659260 0,000407
inn 2,995732 0,000458
innov 0,820981 0,000377
instanc 0,478036 0,000219
instinet 3,912023 0,000599
institut 0,446287 0,000342
institution 2,813411 0,000431
instrument 1,049822 0,001285
insur 1,427116 0,000655
integr 0,174353 0,000027
intellectu 1,897120 0,001161
intend 0,478036 0,000073
inter 1,966113 0,000301
interact 0,356675 0,000055
interdepend 2,407946 0,000369
interest 0,478036 0,000512
interim 2,525729 0,000387
intermedi 1,309333 0,000200
intermediari 1,897120 0,000290
intern 0,040822 0,000069
internationalgndnationaljapanotheryal 3,912023 0,000599
intervent 1,771957 0,000271
introduc 0,210721 0,000129
inventionshidden 2,813411 0,000431
invest 0,967584 0,007700
investingansw 3,912023 0,000599
investor 1,609438 0,005912
investorjunki 3,912023 0,000599
involv 0,415515 0,000382
ipo 2,995732 0,000458
irrat 3,218876 0,002463
irration 3,912023 0,001796
isbn 0,051293 0,000086
island 2,040221 0,000312
issn 0,478036 0,000366
issu 0,314711 0,000385
issuer 2,995732 0,000458
italian 2,040221 0,001249
item -0,009950 -0,000003
itself 0,342490 0,000105
janeiro 3,912023 0,000599
januari 0,083382 0,000038
japan 1,309333 0,000401
japanes 1,771957 0,000271
jceft 3,912023 0,000599
jeffrei 1,514128 0,000232
jennewin 3,912023 0,000599
jep 2,813411 0,000431
jeremi 2,120264 0,000649
jfin 3,912023 0,000599
job 1,171183 0,000179
john 0,198451 0,000061
joint 1,171183 0,000179
jointli 2,407946 0,000369
jone 1,386294 0,000636
jordanian 3,506558 0,000537
joshua 1,897120 0,000581
journal 0,186330 0,000342
jse 3,912023 0,000599
jstor 0,843970 0,000129
judgement 3,218876 0,000493
judgment 2,040221 0,000312
juli 0,127833 0,000039
jump -0,009950 -0,000002
june 0,094311 0,000159
just 0,328504 0,000101
kahneman 3,506558 0,000537
kansa 3,218876 0,000493
keep 0,733969 0,000112
kei 0,314711 0,000048
kennedi 2,813411 0,000431
kern 3,506558 0,000537
ketan 3,912023 0,000599
kingdom 1,469676 0,000675
knowledg 0,597837 0,000183
known 0,127833 0,000117
kong 2,040221 0,000937
korea 1,771957 0,000542
kristian 3,912023 0,001197
kubik 3,912023 0,000599
kur 3,912023 0,000599
languag -0,009950 -0,000005
larg 0,127833 0,000137
larger 0,941609 0,000432
largest 1,108663 0,001527
last -0,009950 -0,000006
late 0,733969 0,000225
later 0,223144 0,000068
latin 1,660731 0,000254
latter 0,916291 0,000140
latvi 0,994252 0,000152
lauren 2,407946 0,000369
law 0,653926 0,000100
lead 0,287682 0,000088
learn 0,162519 0,000050
leav 1,078810 0,000165
led 0,446287 0,000068
legal -0,009950 -0,000002
lend 1,966113 0,000903
lender 2,659260 0,000407
less 0,430783 0,000462
lessen 2,813411 0,000431
lesson 1,386294 0,000212
level 0,083382 0,000038
leverag 1,237874 0,000947
levin 2,813411 0,000431
liber 2,302585 0,000352
liberti 2,407946 0,000369
librari 0,356675 0,000055
licens -0,009950 -0,000002
life 0,653926 0,000200
like 0,051293 0,000071
limit 0,186330 0,000143
line 0,261365 0,000120
link -0,009950 -0,000006
linkpag -0,009950 -0,000002
linksc 1,272966 0,000195
liquid 1,771957 0,001356
list 0,051293 0,000126
listwikipedia 3,912023 0,000599
littl 0,820981 0,000126
live 0,733969 0,000112
llc 1,714798 0,000262
loan 1,966113 0,000301
local 0,314711 0,000048
locat 0,527633 0,000242
lodovico 3,912023 0,000599
log -0,009950 -0,000003
london 0,941609 0,000144
long 0,287682 0,000308
longer 0,755023 0,000116
look 0,478036 0,000073
lose 1,560648 0,000478
loss 0,891598 0,000546
lost 1,514128 0,000232
loui 1,771957 0,000542
low 0,478036 0,000293
lower 0,673345 0,000927
ludwig 2,995732 0,000458
lux 0,371064 0,000057
machin 0,040822 0,000012
macroeconom 2,207275 0,001351
made 0,186330 0,000143
maghyereh 3,912023 0,000599
mahip 3,912023 0,000599
main -0,009950 -0,000018
maint 0,798508 0,000244
maintain 0,400478 0,000123
mainten 0,843970 0,000129
major 0,223144 0,000239
make 0,061875 0,000142
maker 1,771957 0,000814
malaysia 2,302585 0,000705
male 2,995732 0,000458
mamudi 3,912023 0,000599
manag 0,105361 0,000161
manakh 3,912023 0,000599
mandat 1,714798 0,000262
mandatori 2,207275 0,000338
mandelbrot 2,995732 0,000458
mani 0,061875 0,000152
manipul 0,673345 0,000412
manner 1,469676 0,000225
mapparenta 3,912023 0,001197
march 0,116534 0,000036
margin 1,560648 0,003344
mark 0,261365 0,000080
markedli 2,995732 0,000458
market 0,446287 0,018510
marketplac 2,040221 0,001249
marketpriv 3,912023 0,000599
marketscapit 3,912023 0,000599
marketstyp 3,912023 0,000599
marketswap 3,218876 0,000493
marri 2,995732 0,000458
martingal 3,218876 0,000493
mass 1,309333 0,000200
massiv 1,609438 0,000246
match 0,400478 0,000184
matur 1,560648 0,000478
maxim 1,469676 0,000225
maximum 1,386294 0,000212
mdy 1,514128 0,000232
mean 0,083382 0,000140
meantim 3,218876 0,000493
measur 0,371064 0,000170
median 2,407946 0,001474
medium 1,171183 0,000358
meet 0,527633 0,000081
mehta 2,995732 0,000458
melayu 0,820981 0,000126
member 0,562119 0,000086
men 2,659260 0,000814
mention 1,237874 0,000189
menu -0,009950 -0,000003
mercantil 2,407946 0,000369
merchandis 2,659260 0,000407
messag 0,400478 0,000123
met 1,966113 0,000301
method 0,150823 0,000092
microstructur 3,506558 0,000537
mid 0,994252 0,000152
middl 1,203973 0,000184
mind 1,347074 0,000206
mini 1,832581 0,000561
minim 0,579818 0,000089
minut 1,469676 0,000450
misbehavior 3,912023 0,000599
mise 2,659260 0,001221
miss 0,867501 0,000133
misus 1,897120 0,000290
mobil -0,009950 -0,000005
model 0,116534 0,000089
modern 0,314711 0,000241
modifi 0,527633 0,000081
momentari 3,912023 0,000599
momentum 2,040221 0,000624
mondai 2,525729 0,002319
monei 1,171183 0,002509
monetari 1,609438 0,000246
monolith 2,659260 0,000407
monthli 1,609438 0,000246
mood 2,813411 0,000431
more 0,010050 0,000025
moreov 1,560648 0,000239
morri 1,832581 0,000280
mortgag 2,302585 0,000352
mosaic 2,120264 0,000324
moscow 2,525729 0,000387
most 0,040822 0,000062
mostli 0,994252 0,000152
move -0,009950 -0,000009
movement 1,108663 0,001188
movi 1,897120 0,000290
mpt 3,912023 0,000599
mtf 3,912023 0,000599
much 0,400478 0,000123
multilater 3,506558 0,000537
multipl 0,094311 0,000058
munawir 3,912023 0,000599
municip 2,407946 0,000369
murrai 2,525729 0,000773
murti 3,218876 0,000493
mutual 1,386294 0,000849
mysteri 2,995732 0,000458
naik 3,506558 0,000537
nake 3,912023 0,000599
name 0,162519 0,000124
nasdaq 3,506558 0,004293
nasir 2,813411 0,000431
nassim 3,218876 0,000493
nation 0,527633 0,001050
natur 0,356675 0,000055
nav 3,506558 0,000537
navig -0,009950 -0,000002
nber 2,995732 0,000458
near 1,171183 0,000179
nearli 1,139434 0,000523
nederland 0,415515 0,000064
need 0,030459 0,000019
neg 0,967584 0,000148
negoti 1,771957 0,000542
neighbor 2,407946 0,000737
net 0,385662 0,000059
netherland 1,897120 0,000290
network 0,127833 0,000098
never 1,021651 0,000156
new 0,010050 0,000042
next 0,400478 0,000061
nichola 1,560648 0,000239
nier 3,912023 0,000599
nifti 3,912023 0,000599
nois 1,427116 0,000218
non -0,009950 -0,000009
nordic 3,912023 0,000599
normal 0,673345 0,000206
norsk 0,342490 0,000052
north 1,309333 0,000200
norwegian 2,407946 0,000369
not 0,000000 0,000000
note 0,150823 0,000046
notic 1,427116 0,000218
notifi 2,120264 0,000324
notion 1,171183 0,000179
novemb 0,150823 0,000231
now 0,274437 0,000168
nse 3,912023 0,001796
number 0,040822 0,000037
nyse 2,995732 0,001834
object 0,174353 0,000027
observ 0,820981 0,000126
occas 2,525729 0,000387
occur 0,510826 0,000469
occurr 2,120264 0,000324
oceania 2,813411 0,000431
oclc 0,891598 0,000136
octob 0,139262 0,000298
off 0,673345 0,000309
offer 0,248461 0,000190
often 0,127833 0,000157
oldest 2,120264 0,000324
oldid -0,009950 -0,000002
oleuskara 1,514128 0,000232
onc 0,527633 0,000162
onfinanci 3,218876 0,000493
onli 0,051293 0,000079
onlin 0,415515 0,000191
open 0,150823 0,000138
openstax 2,995732 0,000458
oper 0,010050 0,000003
opinion 1,347074 0,000412
opportun 1,139434 0,000174
optim 0,415515 0,000064
option 0,527633 0,000323
order 0,094311 0,000173
org -0,009950 -0,000006
organ -0,009950 -0,000006
origin -0,009950 -0,000049
otc 3,218876 0,001478
other -0,009950 -0,000044
oud 3,912023 0,000599
out 0,261365 0,000200
outbreak 3,506558 0,000537
outcom 1,660731 0,000254
outcri 3,506558 0,002147
outdoor 2,813411 0,000431
outlaw 2,813411 0,000431
output 0,597837 0,000091
outright 3,506558 0,001073
outsid 0,776529 0,000238
outstand 2,407946 0,000369
over 0,094311 0,000173
overreact 3,912023 0,001197
ow 2,525729 0,000387
own 0,314711 0,000915
ownership 1,469676 0,002474
oxford 0,843970 0,000517
oxrep 3,506558 0,000537
pacfin 3,912023 0,000599
pacif 2,120264 0,000324
padhi 3,912023 0,000599
page -0,009950 -0,000009
pagecontentscurr -0,009950 -0,000002
pageget -0,009950 -0,000002
pagesarticl 2,407946 0,000369
pai 1,021651 0,000782
pair 1,309333 0,000200
palai 3,912023 0,000599
pandem 2,040221 0,000937
panic 2,659260 0,006105
paper 0,527633 0,000242
parallel 0,941609 0,000144
parekh 3,912023 0,000599
pari 1,660731 0,000508
part 0,072571 0,000044
parti 0,616186 0,000283
particip 1,021651 0,008600
particular 0,301105 0,000092
passiv 2,207275 0,000338
pattern 0,494296 0,000303
payment 1,347074 0,000412
pdf 0,139262 0,000362
pdfprintabl -0,009950 -0,000002
pearc 2,995732 0,000458
penni 3,218876 0,001478
pension 2,040221 0,000937
peopl 0,356675 0,000328
per 0,616186 0,000189
perceiv 1,771957 0,000271
percent 1,514128 0,000463
percentag 1,427116 0,000437
perestroika 3,912023 0,000599
perform 0,040822 0,000019
period 0,713350 0,000873
periodicalwebarch 3,912023 0,000599
perminov 3,912023 0,000599
person -0,009950 -0,000002
perspect 0,733969 0,000674
phase 1,347074 0,000412
phenomenon 2,040221 0,000624
php -0,009950 -0,000002
physic 0,446287 0,000137
pinch 3,218876 0,000493
pisa 3,506558 0,000537
place 0,356675 0,000546
plai 0,713350 0,000437
plan 0,430783 0,000066
platform 0,400478 0,000429
player 1,469676 0,000450
pleasantli 3,912023 0,000599
plot 2,302585 0,001057
plu 1,203973 0,000369
plummet 3,506558 0,000537
pmid 0,994252 0,000152
pmpt 3,912023 0,000599
pocketbook 3,912023 0,000599
point 0,186330 0,000057
poker 3,506558 0,001073
polici -0,009950 -0,000011
polit 1,078810 0,000165
ponat 2,120264 0,000324
pool 1,660731 0,001017
popul 1,309333 0,000200
popular 0,400478 0,000123
portalrec -0,009950 -0,000002
portfolio 1,771957 0,001085
portugu 3,506558 0,000537
posit 0,616186 0,000566
possess 1,832581 0,000280
possibl 0,186330 0,000143
post 0,478036 0,000366
potenti 0,371064 0,000398
poterba 3,912023 0,000599
power 0,261365 0,000080
practic 0,186330 0,000029
predict 0,733969 0,000674
predictor 2,525729 0,000387
predispos 3,912023 0,000599
prefac 2,407946 0,000369
prefer 0,798508 0,000611
prei 3,218876 0,000493
prepar 1,139434 0,000174
prescrib 2,525729 0,000773
presenc 1,108663 0,000170
present 0,287682 0,000088
press 0,210721 0,000193
prevent 0,634878 0,000194
previou 0,843970 0,000129
price 0,798508 0,006966
primari 0,527633 0,000242
primarili 0,653926 0,000200
prime 1,714798 0,000262
princeton 1,660731 0,000254
princip 1,237874 0,000189
print -0,009950 -0,000002
prior 0,891598 0,000273
privaci -0,009950 -0,000003
privat 0,634878 0,000972
probabl 0,843970 0,000258
probe 2,207275 0,000676
problem 0,186330 0,000029
proce 1,771957 0,000271
proceed 0,579818 0,000089
process 0,051293 0,000031
product 0,174353 0,000240
professor 1,660731 0,000254
profil 1,021651 0,000156
profit -0,009950 -0,000014
program 0,116534 0,000018
progress 1,171183 0,000179
prohibit 1,714798 0,000262
project -0,009950 -0,000003
promissori 2,813411 0,000431
promot 0,891598 0,000273
prompt 1,609438 0,000246
promptli 3,218876 0,000493
promulg 3,218876 0,000493
properti 0,314711 0,000096
proprietari 1,171183 0,000179
prospect 2,120264 0,000324
prosper 2,995732 0,000458
protect 0,462035 0,000141
provid 0,061875 0,000066
psycholog 1,469676 0,001574
public 0,127833 0,000196
publicli 1,309333 0,000802
publish 0,105361 0,000016
purchas 1,139434 0,001221
purpos 0,248461 0,000114
put 0,755023 0,000462
puzzl 2,302585 0,000352
qualiti 0,634878 0,000097
quantit 1,469676 0,000450
quantiti 1,049822 0,000161
quarterli 1,832581 0,000280
quasi 1,966113 0,000602
queen 2,995732 0,000458
question 0,597837 0,000183
quickli 0,891598 0,000409
quintil 3,912023 0,001197
quotat 1,469676 0,000225
race 1,427116 0,000437
racial 2,813411 0,000431
rahul 3,506558 0,000537
rais 1,237874 0,000947
ralli 2,813411 0,000431
ralph 2,407946 0,000369
random 0,693147 0,000636
randomli 2,407946 0,000369
rang 0,371064 0,000114
rangan 3,506558 0,000537
rank 1,272966 0,000195
rare 1,108663 0,000170
rate 0,673345 0,002885
rather 0,287682 0,000044
ratio 1,386294 0,001061
ration 1,660731 0,001017
razafindrambinina 3,912023 0,000599
rbaycanca 0,248461 0,000038
react 1,832581 0,000561
reaction 1,966113 0,000602
read 0,162519 0,000050
readview 1,309333 0,000401
real 0,210721 0,000322
realiz 1,309333 0,000200
reason 0,328504 0,000201
receiv 0,400478 0,000123
recent 0,562119 0,000086
recess 2,659260 0,001628
recogn 1,021651 0,000156
recov 2,040221 0,000312
redistribut 2,407946 0,000369
reduc 0,274437 0,000084
refer -0,009950 -0,000006
reflect 0,562119 0,000258
regardless 1,272966 0,000195
region 1,108663 0,000679
regist -0,009950 -0,000003
regul 0,916291 0,001683
regulatori 1,427116 0,000437
reinsur 2,659260 0,000407
reinvest 3,218876 0,000493
rel 0,634878 0,000194
relat 0,030459 0,000028
releas 0,415515 0,000064
reluct 3,506558 0,000537
remain 0,400478 0,000061
remedi 2,207275 0,000338
remot 0,776529 0,000119
remov 0,301105 0,000092
replac 0,494296 0,000151
report 0,261365 0,000280
repres 0,235722 0,000180
repurchas 3,218876 0,000493
requir 0,051293 0,000079
research 0,223144 0,000273
reserv 1,272966 0,001364
resid 1,714798 0,000262
resourc 0,248461 0,000076
respect 0,544727 0,000250
respons 0,415515 0,000254
restaur 2,525729 0,000387
restrict 0,755023 0,000231
result 0,139262 0,000064
retail 1,386294 0,000212
retir 2,207275 0,002365
retriev -0,009950 -0,000050
return 0,510826 0,001251
revenu 1,514128 0,000232
revers 1,139434 0,000349
review 0,314711 0,000193
rgensen 3,912023 0,001197
rice 2,120264 0,000324
rich 1,309333 0,000200
richard 0,733969 0,000225
ride 2,659260 0,000814
right 0,314711 0,000048
rio 2,995732 0,000458
rise 0,916291 0,000701
risk 0,579818 0,001420
rmh 3,912023 0,000599
robert 0,527633 0,000242
robinhood 3,912023 0,000599
robo 3,912023 0,000599
rock 2,120264 0,000324
role 0,527633 0,000404
rom 0,616186 0,000094
root 0,733969 0,000112
rose 2,120264 0,001298
ross 1,560648 0,000239
rotat 2,040221 0,000312
rothbard 2,813411 0,000861
rotterdam 3,506558 0,000537
roulett 3,506558 0,000537
rse 3,912023 0,001197
rule 0,510826 0,000235
rumor 2,813411 0,000861
runa 0,916291 0,000140
russel 1,897120 0,000290
russian 1,609438 0,000493
rydqvist 3,912023 0,001796
safeti -0,009950 -0,000002
saif 3,912023 0,000599
sale 1,049822 0,000803
sam 1,347074 0,000206
same 0,116534 0,000089
saudi 2,407946 0,000369
save 0,994252 0,000456
saw 1,832581 0,000280
scale 0,371064 0,000114
scalper 3,912023 0,000599
scam 2,207275 0,001689
scandal 1,771957 0,000542
sci 2,120264 0,000324
scienc 0,274437 0,000126
scope 0,891598 0,000273
scrutini 2,659260 0,000814
sea 2,525729 0,000387
search -0,009950 -0,000008
sebi 3,912023 0,002395
sec 2,207275 0,001351
secondari 1,309333 0,000802
section 0,446287 0,000410
sector 1,171183 0,000358
sectorfinanci 3,912023 0,000599
secur 0,274437 0,001260
securit 2,659260 0,000407
see -0,009950 -0,000012
seek 1,021651 0,000156
seem 1,560648 0,000955
segment 1,108663 0,000170
selden 3,506558 0,000537
select 0,371064 0,000057
self 0,478036 0,000073
sell 1,139434 0,003836
seller 2,302585 0,003876
selloff 3,506558 0,000537
semi 0,843970 0,000129
sens 1,049822 0,000321
sensex 3,912023 0,000599
sent 1,171183 0,000179
septemb 0,150823 0,000392
sergei 1,966113 0,000301
seri 0,328504 0,000050
serv 0,713350 0,000328
servic 0,210721 0,000064
settlement 1,660731 0,000254
sever 0,072571 0,000033
seykota 3,912023 0,000599
shanghai 2,813411 0,000431
shape 1,078810 0,000330
share 0,301105 0,001382
sharealik -0,009950 -0,000002
sharehold 2,407946 0,001106
sharp 1,966113 0,000301
sharpest 3,912023 0,000599
shenzhen 3,912023 0,000599
shiller 3,218876 0,002463
shin 2,659260 0,000407
short -0,009950 -0,000024
shorten -0,009950 -0,000002
shortfal 3,506558 0,000537
shout 3,912023 0,000599
show 0,400478 0,000245
shown 1,237874 0,001137
side 0,579818 0,000089
sidebar -0,009950 -0,000006
siegel 3,218876 0,000493
signific 0,261365 0,000080
significantli 1,171183 0,000179
simi 0,755023 0,000116
similar 0,150823 0,000046
simpl 0,150823 0,000023
sinc 0,139262 0,000171
singapor 1,897120 0,000290
singh 1,714798 0,000262
singl 0,127833 0,000039
site -0,009950 -0,000002
situat 0,776529 0,000119
six 1,309333 0,000401
size 0,342490 0,000210
sklanski 3,912023 0,000599
slide 2,040221 0,000312
slightli 1,771957 0,000814
slippag 3,506558 0,000537
small 0,314711 0,000096
smallcap 3,912023 0,000599
smaller 0,994252 0,000152
smartphon 2,040221 0,000312
sml 3,218876 0,000493
smooth 1,966113 0,000602
sociabl 3,506558 0,000537
social 0,510826 0,001016
socialist 2,813411 0,000431
societi 0,653926 0,000100
socioeconom 3,912023 0,000599
soft 2,040221 0,000312
softwar 0,127833 0,000020
sold 1,347074 0,000618
some 0,040822 0,000069
somedai 3,912023 0,000599
sometim 0,301105 0,000092
song 1,897120 0,000290
soon 1,427116 0,000437
sort 1,309333 0,000200
souk 3,912023 0,000599
sourc 0,094311 0,000014
sourceview 1,309333 0,000401
south 1,108663 0,000339
spac 3,218876 0,000493
spain 2,207275 0,000338
spanish 2,407946 0,000369
special 0,235722 0,000036
specif 0,051293 0,000024
spectrum 1,386294 0,000424
specul 1,714798 0,001837
spend 1,347074 0,000206
spizman 3,912023 0,001796
split 1,139434 0,000349
splurg 3,912023 0,000599
spot 1,514128 0,000695
spread 1,171183 0,001075
squar 1,203973 0,000369
squeez 2,995732 0,000917
sreedhar 3,912023 0,000599
ssrn 1,427116 0,000874
stabil 1,469676 0,000900
standard 0,094311 0,000058
stanford 1,309333 0,000401
start 0,261365 0,000120
state 0,083382 0,000319
statement -0,009950 -0,000006
statementspag 3,218876 0,000493
statism 3,912023 0,000599
statist -0,009950 -0,000014
statista 2,407946 0,000369
stein 2,525729 0,000387
stephen 0,843970 0,000129
stick 2,813411 0,000431
still 0,342490 0,000105
stock 1,309333 0,054906
stockbrok 2,995732 0,001375
stop 0,967584 0,000296
stp 3,912023 0,000599
straight 2,813411 0,000431
strata 2,407946 0,001106
strategi 0,733969 0,001573
strebulaev 3,912023 0,001796
street 1,203973 0,000553
strength 1,609438 0,000246
stress 1,660731 0,000254
strictli 1,966113 0,000602
stringenc 3,912023 0,000599
strong 0,776529 0,000119
strongli 1,560648 0,000239
structur 0,139262 0,000085
struggl 1,771957 0,000271
studi 0,314711 0,000337
style 0,941609 0,000288
sub 1,021651 0,000156
subject 0,478036 0,000293
submit 1,427116 0,000218
subsect 0,020203 0,000012
substanti 1,237874 0,000568
subtyp 2,659260 0,000407
success 0,494296 0,000076
such 0,000000 0,000000
sudden 2,813411 0,000861
suffer 1,832581 0,000280
suffici 1,078810 0,000165
suggest 0,820981 0,000126
sullivan 2,525729 0,000387
summer 1,427116 0,000218
support 0,150823 0,000046
sure 1,966113 0,000301
surpris 2,525729 0,000387
survei 0,462035 0,000141
sustain 1,171183 0,000179
swai 3,506558 0,000537
swap 1,966113 0,001204
swede 3,912023 0,000599
swing 2,813411 0,000431
swiss 2,040221 0,000312
syndicalist 3,912023 0,000599
system 0,010050 0,000034
systemat 1,078810 0,000165
syverson 3,912023 0,000599
tabl -0,009950 -0,000003
taiwan 2,407946 0,000369
take 0,210721 0,000193
taleb 3,218876 0,000493
talk 1,108663 0,000339
tandean 3,912023 0,000599
tape 1,897120 0,000290
tatar 1,272966 0,000195
tax 1,560648 0,002150
taxat 2,525729 0,001933
technic 0,478036 0,000293
techniqu 0,385662 0,000059
technolog 0,116534 0,000036
templat 0,301105 0,000046
ten 1,347074 0,000618
tend 1,108663 0,000339
tendenc 2,120264 0,000324
tender 2,813411 0,000431
term -0,009950 -0,000020
terribl 3,506558 0,000537
text -0,009950 -0,000002
thailand 2,525729 0,000387
than 0,072571 0,000133
that 0,000000 0,000000
then 0,116534 0,000071
theoret 0,776529 0,000119
theori 0,400478 0,000552
there 0,051293 0,000118
therebi 1,309333 0,000200
therefor 0,478036 0,000146
these 0,040822 0,000094
thi -0,009950 -0,000070
think 1,049822 0,000482
thinli 3,912023 0,000599
third 0,342490 0,000105
thorough 2,813411 0,000431
those 0,235722 0,000253
though 0,544727 0,000083
three 0,287682 0,000088
threshold 2,207275 0,000338
thu 0,314711 0,000096
thursdai 2,995732 0,000917
time 0,000000 0,000000
titl -0,009950 -0,000003
togeth 0,579818 0,000177
toggl -0,009950 -0,000009
toki 2,120264 0,000324
tokyo 2,302585 0,000352
too 0,634878 0,000194
took 1,237874 0,000568
tool -0,009950 -0,000005
top -0,009950 -0,000009
topic -0,009950 -0,000002
toronto 2,995732 0,000458
total 0,673345 0,000309
totalitarian 3,912023 0,000599
trace 1,427116 0,000218
track 0,713350 0,000109
trade 0,916291 0,014023
trademark -0,009950 -0,000002
trader 2,207275 0,004729
tradit 0,544727 0,000167
traditionel 3,912023 0,000599
transact 0,673345 0,000721
transfer 0,544727 0,000333
transform 0,544727 0,000083
transmiss 1,347074 0,000206
transmit 1,347074 0,000412
treasuri 2,407946 0,000369
trend 0,733969 0,001236
trendocraci 3,912023 0,000599
trevor 2,659260 0,000407
trillion 1,897120 0,001742
true 0,776529 0,000238
try 0,994252 0,000152
tsunami 3,218876 0,000493
tuesdai 3,506558 0,000537
turbul 2,813411 0,000861
turn 0,776529 0,000238
tverski 3,506558 0,000537
twenti 1,897120 0,000871
twinarai 2,302585 0,000352
two 0,083382 0,000102
type 0,051293 0,000079
typic 0,186330 0,000057
ub 2,407946 0,000369
ultim 1,139434 0,000174
uncertainti 1,237874 0,000189
under -0,009950 -0,000003
unemploy 2,207275 0,000676
unimagin 3,506558 0,000537
unit 0,248461 0,000989
univers 0,139262 0,000107
unscrupul 3,912023 0,000599
until 0,510826 0,000156
unwittingli 3,912023 0,000599
updat 0,342490 0,000105
upgrad 1,469676 0,000225
upon 0,673345 0,000309
uptick 3,912023 0,000599
urldownload -0,009950 -0,000002
usual 0,198451 0,000091
utc -0,009950 -0,000002
valid 0,616186 0,000094
valu 0,162519 0,000547
valuat 2,120264 0,000649
van 0,867501 0,000266
vanguard 3,218876 0,000493
vari 0,478036 0,000219
variou 0,223144 0,000171
vehicl 1,309333 0,000200
venetian 3,912023 0,001197
ventur 1,714798 0,000525
venu 2,302585 0,000352
veri 0,314711 0,000048
verona 3,218876 0,000493
versa 2,302585 0,000352
version -0,009950 -0,000002
versu 1,347074 0,000412
vertic 1,660731 0,000254
via 0,186330 0,000143
vice 1,660731 0,000254
vidya 3,506558 0,000537
view -0,009950 -0,000006
vigor 3,912023 0,000599
virtual 0,462035 0,000071
visibl 1,021651 0,000156
viss 3,912023 0,001197
voc 3,506558 0,000537
volatil 1,714798 0,000787
volum 0,616186 0,000189
von 1,469676 0,000450
vote 1,514128 0,000232
vte 0,967584 0,000148
vtefinanci 3,218876 0,000493
vtelargest 3,912023 0,000599
vtestock 3,912023 0,000599
wahyu 3,912023 0,000599
wai 0,105361 0,000081
walk 2,120264 0,000324
wall 1,237874 0,000568
walter 1,514128 0,000232
want 0,820981 0,000126
war 1,078810 0,000165
warn 1,272966 0,000195
wasn 2,813411 0,000431
water 1,386294 0,000212
wayback 0,478036 0,000219
wealth 2,207275 0,002027
wealthi 3,218876 0,000493
wealthiest 3,912023 0,000599
wean 3,912023 0,000599
wednesdai 3,912023 0,000599
week 1,171183 0,000179
weight 1,108663 0,000509
well 0,051293 0,000055
what -0,009950 -0,000011
when 0,030459 0,000056
where 0,072571 0,000100
whether 0,400478 0,000061
which 0,000000 0,000000
while 0,051293 0,000055
white 1,108663 0,000509
who 0,301105 0,000230
whole 0,916291 0,000280
whose 0,776529 0,000238
why 0,494296 0,000151
wide 0,210721 0,000064
widespread 0,994252 0,000152
wikidataus 1,108663 0,000170
wikimedia -0,009950 -0,000003
wikipedia -0,009950 -0,000011
wikipediacontact -0,009950 -0,000002
wikiquot 1,966113 0,000301
wiktionari 1,832581 0,000280
wilshir 3,912023 0,000599
wire 0,941609 0,000144
withdrawn 2,659260 0,000407
within 0,116534 0,000036
without 0,094311 0,000058
word 0,446287 0,000205
work 0,030459 0,000005
worker 1,427116 0,000218
world 0,139262 0,000234
worldwid 1,108663 0,000848
wors 2,040221 0,000312
worst 2,120264 0,000324
wouldn 3,506558 0,000537
write 0,527633 0,000081
wrong 1,560648 0,000239
www 0,356675 0,000109
year 0,162519 0,000448
yield 1,139434 0,000698
york 0,371064 0,000681
ytd 3,912023 0,000599
yugoslavia 3,218876 0,000493
zandsteenarchitectuur 3,912023 0,000599
zbekcha 0,462035 0,000071
