ability 0,616186 0,000070
abkhazia 3,912023 0,000443
able 0,733969 0,000083
abrupt 3,506558 0,000397
accelerator 2,207275 0,000250
accept 1,427116 0,000161
access 0,287682 0,000033
accommodate 2,120264 0,000240
accord 2,813411 0,000318
according 0,301105 0,000068
accords 3,218876 0,001092
account -0,009950 -0,000008
accountability 2,302585 0,000781
accountable 3,218876 0,001092
accounts 1,171183 0,000397
accumulation 2,813411 0,000318
ach 3,506558 0,000397
achieve 0,843970 0,000191
achieved 1,049822 0,000119
achieving 1,897120 0,000429
acocella 3,912023 0,000443
acquired 1,660731 0,000188
acronym 2,207275 0,000250
across 0,415515 0,000047
act 0,967584 0,003721
acting 2,120264 0,000240
action 0,867501 0,000098
actions -0,009950 -0,000002
active 0,843970 0,000191
activities 1,171183 0,000530
activity 0,867501 0,000098
acts 1,714798 0,000388
adam 1,347074 0,000152
adaptive 1,897120 0,000215
add -0,009950 -0,000001
addition 0,371064 0,000084
additional -0,009950 -0,000003
additionally 0,967584 0,000109
address 0,713350 0,000081
addressing 1,469676 0,000166
adds 1,203973 0,000136
adina 3,912023 0,000443
adjusted 2,207275 0,000250
adjusting 2,207275 0,000250
adjustment 2,120264 0,000240
administered 2,659260 0,000602
administrations 3,506558 0,000397
adopted 0,867501 0,000098
adoption 0,820981 0,000279
advance 1,609438 0,000182
advanced 0,430783 0,000049
advantage 0,941609 0,000107
advice 2,120264 0,000240
advising 3,506558 0,000397
advisory 2,302585 0,000260
advocated 3,218876 0,000364
aed 3,506558 0,000397
aer 3,506558 0,000397
affair 3,218876 0,000364
affects 1,714798 0,000194
affine 2,659260 0,000301
affordable 2,659260 0,000301
afghanistan 3,506558 0,000397
africa 1,966113 0,000667
african 2,040221 0,001385
afrique 3,912023 0,000443
aftermath 3,218876 0,001092
again 1,078810 0,000244
against 0,462035 0,000105
agencies 1,660731 0,000564
agency 1,237874 0,000420
agent 0,994252 0,000112
ages 2,302585 0,000521
aggregate 2,207275 0,001248
agree -0,009950 -0,000001
agreed 1,427116 0,000323
agreement 1,171183 0,000397
agreements 2,207275 0,000499
agricultural 1,771957 0,000200
agriculture 1,660731 0,000188
agur 3,912023 0,000443
aim 1,347074 0,000305
aimed 1,609438 0,000182
aims 1,171183 0,000397
aisgaeilge 3,218876 0,000364
alain 3,218876 0,000364
alan 1,049822 0,000238
albania 3,218876 0,000728
albeit 2,995732 0,000678
alberto 2,525729 0,000571
albertos 3,912023 0,000443
aldrich 3,218876 0,000364
alemannisch 3,218876 0,000364
alesina 3,912023 0,000885
alessi 3,912023 0,000443
alexander 1,237874 0,000140
alg 3,912023 0,000885
algeria 3,218876 0,000364
algiers 3,912023 0,000885
aligned 2,207275 0,000250
all 0,000000 0,000000
alleviate 3,506558 0,000397
allocation 1,347074 0,000152
allow 0,287682 0,000033
allowed 0,634878 0,000072
allows 0,248461 0,000028
alongside 1,660731 0,000188
also -0,009950 -0,000023
alternative 0,527633 0,000179
although 0,287682 0,000065
alvin 3,218876 0,000364
always 0,597837 0,000068
ama 3,506558 0,000397
ambiguous 1,560648 0,000177
amendment 2,525729 0,000571
america 0,994252 0,000112
american 0,446287 0,000151
americas 3,218876 0,000364
among 0,356675 0,000121
amount 0,616186 0,000279
amp -0,009950 -0,000018
amsterdam 1,966113 0,001112
ana 2,995732 0,000339
analysis 0,186330 0,000063
analyst 1,832581 0,000207
analytics 1,049822 0,000119
analyzed 1,714798 0,000194
ancient 1,660731 0,000564
andreas 1,771957 0,000401
andrew 0,820981 0,000093
angola 3,912023 0,000443
anil 3,506558 0,000397
anna 2,207275 0,000499
announce 2,407946 0,000272
announced 0,798508 0,000181
announcements 3,506558 0,000793
annual 0,776529 0,000527
annul 3,912023 0,000443
annurev 2,995732 0,000339
another 0,127833 0,000058
answered 2,995732 0,000339
antecedents 3,218876 0,000364
anti 1,560648 0,000177
anticipated 2,207275 0,000250
any 0,083382 0,000019
anyone 1,386294 0,000157
apart 1,966113 0,000222
apel 3,912023 0,000443
appearance -0,009950 -0,000002
appeared 1,203973 0,000136
application 0,127833 0,000014
applications 0,094311 0,000021
applicationsfinancial 3,912023 0,000443
applied 0,356675 0,000121
apply -0,009950 -0,000001
appoint 3,506558 0,000397
appointed 3,912023 0,000443
appointing 3,912023 0,001328
appointment 3,506558 0,000397
appointments 3,912023 0,000443
approach 0,261365 0,000030
approaches 0,733969 0,000166
appropriate 0,891598 0,000101
approval 1,897120 0,000215
approximately 1,514128 0,000171
apr 2,995732 0,000339
april 0,072571 0,000033
apuzzo 3,912023 0,000443
arab 1,966113 0,000222
arabia 2,525729 0,000571
arabian 3,912023 0,000443
archived 0,040822 0,000249
area 0,776529 0,000264
arestis 3,912023 0,000443
argentina 2,995732 0,000678
argued 1,386294 0,000157
arguing 2,659260 0,000301
ari 2,302585 0,000260
arma 2,813411 0,000318
armenia 2,659260 0,000301
arno 3,218876 0,000364
arose 2,407946 0,000272
around 0,356675 0,000040
arrow 2,040221 0,000462
arthur 1,427116 0,000161
article 0,040822 0,000014
articleabout -0,009950 -0,000001
articles 0,020203 0,000016
articletalk -0,009950 -0,000001
aruba 3,912023 0,000443
arxiv 1,078810 0,000122
asia 1,560648 0,000706
asian 2,407946 0,000272
aspects 0,776529 0,000176
assess 1,897120 0,000215
assessment 1,309333 0,000296
asset 1,386294 0,001411
assets 1,347074 0,002895
assignation 3,912023 0,000443
assistance 2,302585 0,000260
associated 0,400478 0,000045
association 0,634878 0,000072
assumed 1,714798 0,000194
assurance 1,966113 0,000222
assured 3,912023 0,000443
asturianuaz 1,427116 0,000161
atlanta 2,995732 0,000678
atm 2,407946 0,000272
attempts 0,916291 0,000104
attention 1,203973 0,000136
attract 2,995732 0,000339
attractive 2,525729 0,000286
attribution -0,009950 -0,000001
audited 3,506558 0,000397
august 0,162519 0,000110
austan 3,912023 0,000443
australia 1,309333 0,000444
austria 2,813411 0,000955
austrian 2,407946 0,000545
austro 3,912023 0,000443
authorities 1,966113 0,000445
authority 0,083382 0,000132
authorized 1,966113 0,000222
automated 0,776529 0,000088
autonomously 2,659260 0,000301
autonomy 2,302585 0,000521
availability 1,469676 0,000166
available -0,009950 -0,000003
average 1,139434 0,000387
avoid 0,941609 0,000320
awareness 2,040221 0,000231
away 1,139434 0,000129
azerbaijan 3,506558 0,000397
backed 2,120264 0,000720
background 1,237874 0,000420
bad 1,347074 0,000152
baeriswyl 3,912023 0,000443
bagehot 3,912023 0,002213
bahamas 3,912023 0,000443
bahasa 0,186330 0,000021
bahrain 3,506558 0,000397
baker 2,302585 0,000260
balance 1,966113 0,000667
balanced 2,407946 0,000272
balances 2,302585 0,000260
banaian 3,912023 0,000443
banco 2,995732 0,001694
bancorp 3,506558 0,000397
bangko 3,912023 0,000443
bangladesh 2,207275 0,000250
bank 1,108663 0,039756
banker 2,407946 0,000545
bankers 2,813411 0,001273
banking 1,347074 0,010210
banknotes 3,506558 0,002777
banks 1,560648 0,025599
banksbanking 3,912023 0,000443
banksglobal 3,912023 0,000443
bankunderground 3,912023 0,000443
banq 3,506558 0,000397
banque 3,506558 0,003173
barbados 3,912023 0,000443
barbell 3,912023 0,000443
barcelona 2,525729 0,000857
barkin 3,912023 0,000443
barr 2,659260 0,000301
barrier 2,207275 0,000250
barry 2,207275 0,000499
bartolomeo 3,912023 0,000443
bartter 3,506558 0,000397
base 0,755023 0,000512
based 0,010050 0,000007
basel 2,302585 0,002344
basic 0,235722 0,000107
basis 0,820981 0,000279
basket 2,813411 0,000318
bastiat 2,995732 0,000339
batavia 3,912023 0,000885
baumol 2,995732 0,000339
bawerk 2,995732 0,000339
bce 2,995732 0,000339
bearing 2,659260 0,000301
beaugrand 3,912023 0,000443
became 0,579818 0,000197
because 0,127833 0,000014
becker 2,659260 0,000301
become 0,510826 0,000116
becoming 1,108663 0,000125
behavioral 1,832581 0,000415
behaviour 1,966113 0,000222
behind 0,867501 0,000098
beige 3,912023 0,000443
beijing 2,813411 0,000637
belarus 3,218876 0,000364
belgium 2,995732 0,001694
belief 1,714798 0,000194
believe 2,040221 0,000231
belongs 2,407946 0,000272
ben 1,309333 0,000148
benchimol 3,912023 0,000885
benjamin 1,386294 0,000157
bermuda 3,506558 0,000397
bernanke 3,506558 0,000397
bernard 1,966113 0,000222
bernardo 3,506558 0,000397
bernd 2,813411 0,000318
best 0,462035 0,000105
beth 2,995732 0,000339
better 0,494296 0,000056
beyond 0,713350 0,000242
bhutan 3,506558 0,000397
bias 1,660731 0,000188
bibcode 0,693147 0,000157
bid 2,525729 0,000286
bidding 3,506558 0,000397
big 0,673345 0,000152
biggest 1,897120 0,000215
biii 3,506558 0,000397
bikol 2,525729 0,000286
bilanzsumme 3,912023 0,000443
bill 0,941609 0,000107
billion 1,139434 0,000129
bills 2,659260 0,000902
binder 3,912023 0,000443
bindseil 3,912023 0,000443
bis 2,813411 0,000318
black 1,203973 0,000136
blackwell 2,302585 0,000260
bliley 3,506558 0,000397
blinder 3,912023 0,000443
bloc 3,506558 0,000397
blockchain 1,660731 0,000188
bloomberg 1,469676 0,000831
blume 3,506558 0,000397
board 0,916291 0,001451
boards 2,302585 0,000260
bodea 3,912023 0,000443
bodies 1,660731 0,000188
body 1,139434 0,000129
bokm 0,127833 0,000014
bond 2,040221 0,001616
bonds 2,302585 0,002084
book 0,478036 0,000216
boost 2,407946 0,000272
bootstrapping 2,659260 0,000301
bordo 3,912023 0,001328
borio 3,912023 0,000443
borrow 2,813411 0,000637
bosnia 3,912023 0,000443
bostic 3,912023 0,000443
boston 1,560648 0,000177
botswana 3,912023 0,000443
bound 1,660731 0,000751
bowman 3,912023 0,000443
boydell 3,912023 0,000443
bracket 2,525729 0,000286
branched 3,506558 0,000397
branches 1,427116 0,000161
brasil 2,995732 0,000339
bray 2,525729 0,000286
brazil 2,207275 0,001248
bretton 3,506558 0,001190
brics 3,506558 0,000397
brief 1,309333 0,000296
britain 2,207275 0,000749
british 1,203973 0,000817
broad 1,203973 0,000136
broader 1,309333 0,000148
brunei 3,912023 0,000443
brussels 3,218876 0,000728
bubble 1,609438 0,000546
bubbles 2,659260 0,000602
buchanan 2,659260 0,000301
buddhist 2,995732 0,000339
budget 2,207275 0,000999
budgets 2,995732 0,000339
build 0,673345 0,000076
building 0,415515 0,000094
bulgaria 3,218876 0,000364
bulgarian 3,218876 0,001092
bulge 3,506558 0,000397
bullet 3,218876 0,000364
bulletin 2,302585 0,000260
bullionism 3,912023 0,000443
bullionist 3,912023 0,000443
bundesbank 3,506558 0,002777
burdekin 3,912023 0,000443
burns 3,506558 0,000397
burundi 3,506558 0,000397
business 0,301105 0,000409
businessweek 2,207275 0,000250
buy 1,514128 0,000171
buying 1,660731 0,000376
cable 2,302585 0,000260
cagr 3,218876 0,000364
cahorsins 3,912023 0,000443
caisse 3,912023 0,000443
called 0,040822 0,000023
cambodia 3,912023 0,000443
cambridge 0,755023 0,000512
camille 2,995732 0,000339
campiglio 3,912023 0,000443
canada 1,427116 0,000646
cannot 0,314711 0,000036
canvi 3,506558 0,001190
capacity 1,237874 0,000140
cape 3,506558 0,000397
capie 3,912023 0,001328
capital 1,237874 0,002381
captured 1,714798 0,000388
carbon 1,609438 0,002003
card 1,272966 0,000144
cards 1,427116 0,000323
carefully 1,897120 0,000215
caribbean 2,995732 0,001017
carl 1,771957 0,000200
carolina 2,813411 0,000318
carried 1,514128 0,000171
carsten 3,218876 0,000364
cartel 3,218876 0,000364
cascade 3,218876 0,000364
case 0,139262 0,000095
cases 0,478036 0,000270
cash 1,386294 0,000470
cashless 3,912023 0,000443
caspi 3,912023 0,000443
cass 3,506558 0,000397
casting 2,525729 0,000286
cat 2,407946 0,000272
catal 0,094311 0,000011
categories -0,009950 -0,000002
category 0,116534 0,000040
catherine 2,525729 0,000571
cause 0,916291 0,000207
cayman 3,912023 0,000885
cbdc 3,506558 0,000793
cbi 3,506558 0,000397
ccf 3,218876 0,000364
ccr 3,506558 0,000397
cecchetti 3,912023 0,000443
cecco 3,912023 0,000443
celine 3,912023 0,000443
center 0,562119 0,000127
centers 1,427116 0,000323
central 0,510826 0,017740
centralbosanskibrezhoneg 3,506558 0,000397
centre 1,771957 0,000401
centuries 2,302585 0,000260
century 0,891598 0,002320
certain 0,274437 0,000093
ces 3,506558 0,000397
chair 2,659260 0,001805
chairs 3,912023 0,000443
challenge 1,139434 0,000129
challenges 0,941609 0,000107
cham 2,407946 0,000545
chan 2,120264 0,000240
chancellor 2,995732 0,000339
change 0,261365 0,000384
changed 0,941609 0,000107
changesupload -0,009950 -0,000002
channel 1,309333 0,000148
characteristics 1,139434 0,000129
charge 1,609438 0,000182
chari 3,912023 0,000443
charles 0,941609 0,000639
chart 1,771957 0,000200
chartalism 2,659260 0,000602
charter 2,407946 0,001090
cheaper 2,040221 0,000462
checking 1,272966 0,000144
chen 1,309333 0,000148
cheque 2,995732 0,000339
chicago 1,609438 0,000546
chile 2,995732 0,000339
china 0,967584 0,001751
chinese 1,309333 0,000148
choice 0,967584 0,000438
chosen 1,469676 0,000333
christel 3,912023 0,000443
christmas 2,659260 0,000301
christopher 1,139434 0,000387
cid 0,356675 0,000565
cie 3,912023 0,000443
cips 3,218876 0,000364
circuitism 2,995732 0,000678
circulation 2,302585 0,001042
circumstances 1,897120 0,000215
citation 0,415515 0,000235
citations 0,916291 0,000104
cited 1,714798 0,000194
cities 1,897120 0,000215
citizens 2,207275 0,000250
city 1,309333 0,000444
clair 3,912023 0,000443
clarification 1,832581 0,000415
clarity 2,302585 0,000260
clark 1,771957 0,000200
classical 1,309333 0,000444
classified 1,272966 0,000144
clear 1,139434 0,000129
clearing 2,302585 0,000260
clearly 1,771957 0,000401
cleveland 3,506558 0,000793
clifford 2,207275 0,000250
climate 1,386294 0,002823
close 0,941609 0,000107
closely 1,237874 0,000140
cls 3,218876 0,000364
club 2,659260 0,000301
coalesced 3,506558 0,000397
coalition 2,813411 0,000318
code -0,009950 -0,000002
coherent 2,813411 0,000318
coinage 2,659260 0,000301
coincided 3,218876 0,000364
coins 1,771957 0,000601
collapses 3,506558 0,000397
collateral 2,659260 0,000301
collection 0,527633 0,000119
collectively 1,714798 0,000388
collins 2,525729 0,001429
cologne 3,912023 0,000443
colombia 3,218876 0,000364
colonial 3,506558 0,002777
colonies 3,912023 0,000443
colony 3,506558 0,000397
com 0,150823 0,000017
combination 0,916291 0,000104
comes 0,867501 0,000098
commenced 3,218876 0,000364
commensurately 3,912023 0,000443
commentary 2,813411 0,000318
commerce 1,021651 0,000231
commercial 0,653926 0,000962
commission 1,427116 0,000323
commitment 1,832581 0,000207
commitments 3,218876 0,000364
committee 1,347074 0,000762
commodity 1,660731 0,000188
common 0,072571 0,000066
commonly 0,342490 0,000039
commons -0,009950 -0,000006
commonswikidata 1,171183 0,000132
communication 0,616186 0,000488
communications 0,733969 0,000083
communism 3,912023 0,000885
communist 2,995732 0,000339
community 0,616186 0,000139
comoros 3,912023 0,000443
companies 0,597837 0,000203
company 0,462035 0,000261
comparable 2,120264 0,000480
comparative 1,897120 0,001073
compare 1,609438 0,000182
compared 0,634878 0,000072
comparing 2,040221 0,000231
compiled 1,386294 0,000157
complementary 1,832581 0,000207
complexity 0,616186 0,000070
component 0,713350 0,000081
components 0,415515 0,000047
comprehensive 0,941609 0,000107
comprehensively 3,912023 0,000443
comptroller 3,506558 0,000397
computational 0,755023 0,000171
concentration 2,659260 0,000301
concept 0,415515 0,000047
concepts 0,400478 0,000045
concerns 1,021651 0,000347
conditional 1,660731 0,000188
conduct -0,009950 -0,000003
conducted 1,560648 0,000177
conducting 2,207275 0,000250
conference 0,301105 0,000034
conferences 1,347074 0,000305
confirmed 2,302585 0,000260
conflict 1,514128 0,000343
congleton 3,912023 0,000443
congo 3,218876 0,000364
congress 1,771957 0,000401
congressional 2,525729 0,000286
connected 1,108663 0,000125
connection 1,203973 0,000136
consensus 1,832581 0,000207
consequence 1,771957 0,000200
consequences 1,966113 0,000222
consequently 1,514128 0,000343
conservative 2,659260 0,000301
consider 1,078810 0,000488
consideration 1,514128 0,000171
considerations 1,560648 0,000177
considered 0,400478 0,000045
considering 1,347074 0,000305
consists 1,078810 0,000122
consolidated 2,659260 0,000301
constant 1,660731 0,000376
consultation 2,813411 0,000318
consumer 1,049822 0,000475
consumers 1,272966 0,000144
consumption 1,139434 0,000258
contact -0,009950 -0,000001
contacts -0,009950 -0,000001
containing 0,579818 0,000131
content -0,009950 -0,000003
contention 3,506558 0,000397
contents -0,009950 -0,000003
continental 2,995732 0,000339
continued 1,427116 0,000161
continuous 1,049822 0,000119
contra 3,912023 0,000443
contract 1,272966 0,000144
contractionary 3,912023 0,000443
contrast 0,994252 0,000337
contribute -0,009950 -0,000001
control 0,020203 0,000025
controlled 1,021651 0,000231
controlling 1,427116 0,000161
controls 1,078810 0,000366
conversely 2,407946 0,000272
convertible 2,525729 0,000571
cook 2,207275 0,000499
cookie -0,009950 -0,000001
cooperation 1,897120 0,000429
cooperative 1,609438 0,000182
cornell 2,120264 0,000240
corner 2,813411 0,000318
corp 2,207275 0,000250
corporate 1,078810 0,000488
corporation 0,916291 0,000518
corporations 1,660731 0,000188
correlatively 3,912023 0,000443
correspondent 2,813411 0,000318
corruption 2,040221 0,000231
cost 0,478036 0,000108
council 1,427116 0,000161
count 1,660731 0,000376
counted 2,407946 0,000272
counteract 3,912023 0,000443
countries 0,994252 0,002699
country 1,171183 0,001987
countryafrica 3,912023 0,000443
cournot 2,813411 0,000318
court 1,469676 0,000166
cox 2,302585 0,000260
create -0,009950 -0,000007
created 0,430783 0,000292
creating 0,562119 0,000064
creation 0,693147 0,000470
creative -0,009950 -0,000001
credibility 2,813411 0,000318
credible 2,813411 0,000637
credit 1,139434 0,002707
crises 2,995732 0,000339
crisis 1,347074 0,001829
crissinger 3,912023 0,000443
cristina 3,218876 0,000364
criteria 1,609438 0,000364
critical 0,653926 0,000074
critically 3,218876 0,000364
criticism 1,171183 0,000397
critics 2,302585 0,000260
critique 2,207275 0,000250
croatia 3,912023 0,000443
cross 0,562119 0,000064
crossroads 3,218876 0,000364
crucial 1,386294 0,000157
crunch 3,218876 0,000364
cuba 3,506558 0,000397
cultural 1,427116 0,000161
culture 1,514128 0,000171
cultures 3,218876 0,000364
cumulative 3,218876 0,001092
cura 3,912023 0,000443
curbs 3,912023 0,000443
currencies 2,120264 0,003598
currency 1,771957 0,009822
current 0,385662 0,000393
currentgovernors 3,912023 0,000443
currently 0,755023 0,000085
curseur 3,912023 0,000443
curti 3,912023 0,000443
curve 1,347074 0,001067
custodian 3,218876 0,000364
customer 1,139434 0,000129
customers 1,078810 0,000366
cva 3,218876 0,001092
cycle 1,049822 0,000475
cyclical 3,218876 0,000364
cyprus 3,218876 0,001092
czechia 3,912023 0,000443
czechoslovakia 3,912023 0,000885
dafermos 3,912023 0,000443
dallas 3,218876 0,000364
daly 2,995732 0,000339
danger 2,407946 0,000272
daniel 0,776529 0,000088
danzig 3,912023 0,000443
data 0,030459 0,000014
databases 0,127833 0,000014
datajapanczech 1,469676 0,000166
date 0,579818 0,000066
dates 0,430783 0,000049
david 0,385662 0,000087
davies 2,040221 0,000231
day 0,843970 0,000191
dealer 2,813411 0,000637
debanking 3,506558 0,000397
debasement 3,218876 0,000364
debate 1,560648 0,000177
debit 2,813411 0,000637
debreu 3,506558 0,000397
debt 1,966113 0,000890
decade 1,832581 0,000207
decades 1,469676 0,000166
decarbonise 3,912023 0,000443
december 0,061875 0,000070
deceptive 3,218876 0,000364
decide 1,714798 0,000388
decided 1,469676 0,000166
decision 0,494296 0,000056
decisions 1,078810 0,000244
decrease 1,966113 0,000445
defender 3,912023 0,000443
deficit 2,995732 0,001356
define 0,798508 0,000271
defined 0,248461 0,000141
definition 0,342490 0,000194
deflation 3,218876 0,001092
degree 1,171183 0,000397
degrees 1,560648 0,000353
del 2,040221 0,000231
delegate 2,995732 0,000339
delegated 2,995732 0,000339
demand 1,049822 0,001306
democracy 2,659260 0,000301
democratic 2,525729 0,000286
demographic 2,040221 0,000231
denmark 2,525729 0,000286
denominated 2,995732 0,000339
department 0,941609 0,000213
departments 1,966113 0,000222
dependent 1,021651 0,000116
depending 0,673345 0,000076
deposit 1,966113 0,001334
depository 2,995732 0,000339
deposits 2,525729 0,001429
derived 0,891598 0,000101
derives 2,813411 0,000318
described 0,430783 0,000049
describing 1,203973 0,000136
description -0,009950 -0,000005
descriptionshort 0,000000 0,000000
design 0,127833 0,000014
despite 1,021651 0,000347
detailed 1,272966 0,000288
details 0,916291 0,000104
determine 0,733969 0,000083
detriment 3,506558 0,000397
deutsche 2,525729 0,001429
deutscher 3,912023 0,000443
devaluation 3,506558 0,000397
develop 0,867501 0,000098
developed 0,127833 0,000043
developers -0,009950 -0,000001
developing 0,673345 0,000076
development 0,083382 0,000104
device 0,891598 0,000101
devised 2,813411 0,000318
diamond 2,302585 0,000260
dictionary 0,673345 0,000229
dictum 3,912023 0,000443
didmc 3,912023 0,000443
difference 0,820981 0,000093
different 0,020203 0,000014
difficult 0,597837 0,000068
difficulties 2,040221 0,000231
digital 0,400478 0,000408
dikau 3,912023 0,000443
dimension 1,832581 0,000207
direct 0,597837 0,000406
directed 1,514128 0,000171
directly 0,415515 0,000094
dirk 2,659260 0,000301
disagreements 3,506558 0,000397
disallowed 3,506558 0,000397
disclaimers -0,009950 -0,000001
disclosure 2,120264 0,000959
discount 2,407946 0,001362
discourse 2,659260 0,000602
discretion 3,218876 0,000364
discretionary 3,218876 0,000364
discussion 1,139434 0,000516
disequilibrium 2,995732 0,000678
disinflation 3,912023 0,000443
disinvestment 2,995732 0,000339
dismantling 3,218876 0,000364
dismissal 3,912023 0,001328
disputed 2,407946 0,000272
disputes 2,040221 0,000231
distinguishable 2,995732 0,000339
distributed 0,478036 0,000054
distributor 3,506558 0,000397
district 2,120264 0,000240
diversification 2,120264 0,000240
diversion 3,912023 0,000443
division 1,386294 0,000157
djibouti 3,912023 0,000443
dmy 0,994252 0,000112
doctrine 2,525729 0,000286
document 0,673345 0,000076
documented 1,832581 0,000207
dodd 2,659260 0,000301
doi 0,162519 0,000588
doing 1,272966 0,000144
dollars 1,832581 0,000207
domar 3,912023 0,000443
domestic 1,560648 0,000177
dominican 3,506558 0,000397
dominions 3,506558 0,000397
donate -0,009950 -0,000002
done 0,653926 0,000074
down 0,597837 0,000135
download -0,009950 -0,000002
downturns 3,912023 0,000443
drive 1,309333 0,000148
driven 0,867501 0,000098
drives 1,966113 0,000222
dsge 3,506558 0,000397
duchy 3,912023 0,000443
due 0,261365 0,000059
duration 2,040221 0,000231
durbin 2,813411 0,000318
durlauf 3,912023 0,000443
dynasty 3,218876 0,000364
eaa 3,912023 0,000443
each 0,072571 0,000025
ead 2,995732 0,000339
earl 2,995732 0,000339
earlier 1,139434 0,000129
early 0,301105 0,000715
easing 3,912023 0,003540
eastern 2,813411 0,000955
ecb 3,218876 0,002913
ecca 3,912023 0,000443
eccles 3,912023 0,000885
echoed 3,506558 0,000397
eco 2,407946 0,000272
ecological 2,120264 0,000720
econometrics 2,207275 0,000499
economic 0,843970 0,004392
economica 3,506558 0,000397
economically 2,659260 0,000301
economics 0,867501 0,002551
economies 2,207275 0,000499
economists 1,897120 0,001073
economy 1,347074 0,001981
ecuador 3,506558 0,000397
edge 0,941609 0,000107
edgeworth 2,995732 0,000339
edging 3,912023 0,000443
edit -0,009950 -0,000033
editcommunity -0,009950 -0,000001
edited -0,009950 -0,000001
edmund 2,813411 0,000318
eds 0,798508 0,000542
education 0,579818 0,000066
edward 1,309333 0,000148
effect 0,843970 0,000095
effective 0,994252 0,000562
effectively 0,994252 0,000225
effects 0,820981 0,000279
efficiency 0,673345 0,000076
efo 3,912023 0,001328
egregious 3,912023 0,000443
egypt 2,040221 0,000462
egyptian 2,659260 0,000301
egyptians 3,218876 0,000364
ehrmann 3,912023 0,000443
eichengreen 3,912023 0,000885
eight 2,120264 0,000240
eighteenth 3,218876 0,000364
eijffinger 3,912023 0,000443
either 0,248461 0,000112
ejournal 3,506558 0,000397
ejpoleco 3,912023 0,000443
elected 2,995732 0,001017
election 2,813411 0,000318
electoral 3,506558 0,000397
electrical 1,021651 0,000116
electronic 0,634878 0,000359
eligibility 3,506558 0,000397
eliminate 1,832581 0,000207
else 1,469676 0,000166
emanuele 3,506558 0,000397
embedded 0,867501 0,000098
emerged 1,139434 0,000258
emergence 1,714798 0,000582
emergency 2,120264 0,000480
emirates 2,813411 0,000318
emission 2,813411 0,000318
emissions 2,302585 0,000260
emmanuel 2,995732 0,000339
empire 2,813411 0,000637
empirical 1,203973 0,000272
employment 1,897120 0,001502
emulated 3,218876 0,000728
encourage 1,897120 0,000215
encouragement 3,912023 0,000443
encyclopedia -0,009950 -0,000003
end 0,261365 0,000059
ended 1,771957 0,000200
endogenous 3,912023 0,000885
energy 0,891598 0,000101
enforce 2,040221 0,000231
engaged 2,813411 0,000318
engineering 0,198451 0,000045
england 1,469676 0,002494
english -0,009950 -0,000003
englishsloven 0,510826 0,000058
enhanced 1,386294 0,000157
enjoy 2,813411 0,000637
enlargement 3,912023 0,000443
enough 0,843970 0,000095
enquiry 3,912023 0,000443
enshrine 3,912023 0,000443
enshrined 3,912023 0,000443
ensure 0,994252 0,000225
entail 2,995732 0,000339
entails 2,407946 0,000272
entering 2,207275 0,000250
enterprise 0,510826 0,000173
entities 1,139434 0,000129
entrust 3,506558 0,000397
entwicklung 3,506558 0,000397
environmental 1,049822 0,000594
envisaged 3,912023 0,000443
eonia 3,912023 0,000443
equal 1,347074 0,000152
equation 1,832581 0,000207
equilibrium 2,813411 0,000318
equity 1,771957 0,000200
equivalently 2,407946 0,000272
era 1,427116 0,000161
eric 1,078810 0,000122
eritrea 3,912023 0,000443
escompte 3,912023 0,000443
esg 2,525729 0,000286
espa 0,210721 0,000024
especially 0,415515 0,000047
essay 2,407946 0,000272
essential 0,941609 0,000107
essentially 1,514128 0,000171
est 2,995732 0,005083
established 0,916291 0,001658
establishing 1,660731 0,000188
establishment 2,207275 0,000499
estates 3,506558 0,000397
estonia 3,218876 0,000728
eswatini 3,912023 0,000443
etext 3,912023 0,000443
ethical 2,040221 0,000462
ethiopia 3,218876 0,000364
eugene 2,120264 0,000480
euribor 3,912023 0,000443
euro 2,659260 0,000902
euronia 3,912023 0,000443
europa 2,525729 0,000286
europe 0,941609 0,000852
european 0,755023 0,002306
eurosystem 3,912023 0,000443
eurozone 3,912023 0,000443
evaluate 1,771957 0,000200
evans 2,302585 0,000260
even 0,235722 0,000240
event 0,843970 0,000095
eventsrandom -0,009950 -0,000001
ever 1,272966 0,000144
evidence 1,309333 0,000592
evolution 0,820981 0,000186
evolutionary 1,832581 0,000622
evolved 1,560648 0,000353
examination 1,832581 0,000415
examines 2,813411 0,000318
example 0,030459 0,000052
examples 0,328504 0,000111
except 1,171183 0,000132
excerpts 2,525729 0,000286
excess 2,302585 0,000260
excessive 1,897120 0,000215
exchange 0,693147 0,001411
exclusive 2,120264 0,000240
executive 1,347074 0,000305
exemplified 3,218876 0,000364
exercise 2,407946 0,000272
existing 0,673345 0,000076
expand 1,897120 0,000215
expanded 1,203973 0,000136
expansion 1,386294 0,000314
expansionary 3,912023 0,000443
expect 1,897120 0,000215
expectations 2,120264 0,000959
expected 0,693147 0,000078
expedited 3,218876 0,000364
expenditures 2,995732 0,000339
expense 2,120264 0,000240
experience 1,021651 0,000116
experiences 1,560648 0,000177
experiment 1,469676 0,000166
experimental 1,021651 0,000116
explainer 3,506558 0,000397
explanation 1,897120 0,000215
exploring 1,966113 0,000222
export -0,009950 -0,000002
exposure 1,714798 0,000194
expression 1,021651 0,000231
expressions 1,386294 0,000157
extended 0,755023 0,000085
extensions 0,916291 0,000104
external 0,030459 0,000007
extraterritorial 3,506558 0,000793
ezb 3,912023 0,000443
face 1,309333 0,000148
facial 2,120264 0,000240
facility 1,660731 0,000751
fact 0,755023 0,000085
facto 2,207275 0,000499
faculty 3,218876 0,000364
fail 1,660731 0,000376
failed 1,108663 0,000251
failure 1,139434 0,000258
falls 1,832581 0,000207
false 1,272966 0,000144
family 1,078810 0,000122
faq 1,386294 0,000314
fastest 2,120264 0,000240
favor 1,347074 0,000152
favoring 3,912023 0,000443
fcad 3,912023 0,000443
fdb 3,506558 0,000397
fdic 3,506558 0,000397
features 0,371064 0,000042
february 0,061875 0,000056
fed 2,407946 0,001907
federal 1,386294 0,007998
federated 2,302585 0,000260
federations 3,912023 0,000443
fedspeak 3,912023 0,000443
feminist 2,659260 0,000301
ferguson 2,659260 0,000301
fern 3,218876 0,000364
few 0,653926 0,000148
fiat 2,813411 0,000955
fielding 2,407946 0,000272
fields 0,713350 0,000081
fifth 2,040221 0,000231
fight 2,120264 0,000480
figure 1,832581 0,000207
fiji 1,897120 0,000429
filename 2,040221 0,000231
filepermanent -0,009950 -0,000001
filespecial -0,009950 -0,000001
filippo 3,218876 0,000364
final 0,916291 0,000104
finance 0,843970 0,002673
financial 0,776529 0,003777
financing 2,525729 0,000857
finland 2,407946 0,001362
finsoc 3,912023 0,000443
firms 1,514128 0,000171
firre 3,912023 0,000443
first 0,020203 0,000023
fiscal 3,506558 0,004363
fischer 2,995732 0,000678
fisher 2,040221 0,000692
fixed 0,494296 0,000335
flandreau 3,912023 0,000443
fleming 3,912023 0,000443
flight 1,897120 0,000215
flow 0,510826 0,000058
fluctuations 2,659260 0,000301
focus 0,755023 0,000085
focuses 1,469676 0,000166
follow 1,078810 0,000122
following 0,210721 0,000119
fomc 3,912023 0,000885
forecast 1,771957 0,000200
forecasting 1,469676 0,000333
foreign 1,139434 0,001805
form 0,162519 0,000165
formal 0,673345 0,000152
formed 1,139434 0,000129
former 1,049822 0,000238
forming 1,966113 0,000222
forms 0,562119 0,000127
forrest 2,813411 0,000637
forum 1,347074 0,000305
forward 1,021651 0,000462
fostered 3,218876 0,000364
found 0,385662 0,000044
foundation -0,009950 -0,000005
founded 1,347074 0,000305
founding 2,120264 0,000480
four 0,820981 0,000186
fractional 2,302585 0,000781
fragmented 2,813411 0,000318
framework 0,342490 0,000194
frameworks 1,108663 0,000251
framing 3,506558 0,000397
fran 0,223144 0,000050
france 1,560648 0,001942
francis 1,347074 0,000152
francisco 1,609438 0,000182
frank 1,309333 0,000444
frankfurt 3,218876 0,001092
fraud 1,560648 0,000177
frbny 3,912023 0,000443
free -0,009950 -0,000007
freely 1,966113 0,000222
frees 3,912023 0,000443
freiwirtschaft 2,995732 0,000339
french 1,386294 0,000784
frequently 0,967584 0,000438
freshwater 3,506558 0,000397
frictional 3,912023 0,000885
friedman 1,771957 0,000802
friedrich 2,407946 0,000545
frisch 2,813411 0,000318
frtb 3,506558 0,000397
fsap 3,912023 0,000443
ftse 3,218876 0,000364
fulfilled 2,813411 0,000318
full 0,371064 0,000210
fully 0,616186 0,000070
function 0,210721 0,000024
functional 0,733969 0,000166
functions 0,356675 0,000242
fund 1,514128 0,001713
fundamental 0,867501 0,000098
funding 1,386294 0,000627
funds 1,714798 0,001940
further 0,139262 0,000047
future 0,274437 0,000093
gabriel 2,525729 0,000286
gabriele 3,218876 0,000728
gaining 1,966113 0,000222
gains 1,514128 0,000171
galati 3,506558 0,000397
galbraith 2,995732 0,000339
gambia 3,912023 0,000443
gambles 3,912023 0,000443
game 0,713350 0,000081
gap 1,609438 0,000182
garriga 3,912023 0,000885
gavin 2,302585 0,000781
gdp 2,207275 0,000250
gebrekidan 3,912023 0,000443
general -0,009950 -0,000007
generalization 2,813411 0,000318
generalized 1,560648 0,000177
generally 0,287682 0,000228
generations 2,525729 0,000286
genoa 2,813411 0,000318
genres 3,506558 0,000397
geographic 1,203973 0,000136
geojo 3,912023 0,000443
geojournal 3,912023 0,000443
george 0,916291 0,000207
georgia 2,207275 0,000250
georgism 2,995732 0,000339
german 1,427116 0,000323
germany 1,560648 0,000353
gesell 2,995732 0,000339
ghana 3,912023 0,000443
ghysels 3,912023 0,000443
ginette 3,912023 0,000443
giovanni 2,407946 0,000272
giro 3,506558 0,000793
given 0,261365 0,000148
gives 1,171183 0,000132
giving 1,714798 0,000194
glass 2,659260 0,000301
glimpse 3,218876 0,000364
global 0,478036 0,000433
globalized 3,218876 0,000364
globally 1,514128 0,000171
glossary 0,891598 0,000101
gni 3,912023 0,000443
goal 0,713350 0,000323
goals 1,237874 0,001680
gold 1,609438 0,003095
gomez 2,813411 0,000318
good 0,733969 0,000083
goodhart 3,912023 0,001328
goodman 2,659260 0,000301
goods 1,771957 0,000802
goolsbee 3,912023 0,000443
gorodnichenko 3,912023 0,000443
gosbank 3,912023 0,000443
gossen 2,995732 0,000339
governance 1,309333 0,000889
governing 2,659260 0,000301
government 0,755023 0,002904
governments 1,386294 0,001255
governor 2,995732 0,003050
governors 3,218876 0,003641
governs 3,218876 0,000364
gradually 1,897120 0,000215
gramm 3,506558 0,000397
grand 2,302585 0,000260
grant 1,660731 0,000188
granted 1,832581 0,000207
granting 2,407946 0,000817
great 0,941609 0,000213
greater 0,755023 0,000171
greece 2,302585 0,000781
greek 1,966113 0,000222
green 0,994252 0,000675
greenham 3,912023 0,000443
greening 3,506558 0,001190
greenspan 2,407946 0,000817
gregory 1,714798 0,000194
griffoli 3,912023 0,000443
grofman 3,912023 0,000443
group 0,301105 0,000068
groups 0,891598 0,000202
groupthink 3,506558 0,000397
growth 0,755023 0,001110
guarantee 1,560648 0,000353
guaranteed 1,966113 0,000222
guatemala 3,912023 0,000443
guessing 3,218876 0,000364
guidance 1,714798 0,000776
guiding 2,995732 0,000339
guido 2,995732 0,000339
guinea 3,912023 0,000885
gunnar 3,912023 0,000443
gurney 3,912023 0,000443
gutenberg 3,506558 0,000397
guyana 3,506558 0,000397
haan 3,506558 0,000793
habit 3,506558 0,000397
haiti 3,912023 0,001770
half 1,108663 0,000376
halifax 3,912023 0,000443
hallett 3,506558 0,000397
hamburg 3,506558 0,000397
hamburger 3,218876 0,000364
hamilton 2,207275 0,000250
hamlin 3,912023 0,000443
hammack 3,912023 0,000443
hammond 3,506558 0,000397
hand 0,733969 0,000249
handbook 0,941609 0,000213
hands 1,427116 0,000161
hansen 2,659260 0,000301
happiness 2,995732 0,000678
harding 3,912023 0,000443
harrod 3,912023 0,000443
harvard 1,386294 0,000157
hausa 1,609438 0,000182
hawkins 3,506558 0,000397
hayek 2,659260 0,000602
hayo 3,912023 0,000443
hdl 1,049822 0,000594
head 1,021651 0,000578
headquartered 3,218876 0,000364
headquarters 2,525729 0,000571
heads 2,813411 0,000318
health 0,994252 0,000225
heat 2,207275 0,000250
heath 3,218876 0,000364
heavy 1,609438 0,000182
heckscher 2,995732 0,000339
hedge 2,120264 0,000240
hefeker 3,912023 0,000443
heinemann 2,813411 0,000318
held 1,237874 0,000560
helicopter 2,813411 0,000955
helplearn -0,009950 -0,000001
helps 1,347074 0,000152
helsinki 2,813411 0,000318
henry 1,514128 0,000514
hentenryk 3,912023 0,000443
hererelated -0,009950 -0,000001
heritage 2,659260 0,000301
herzegovina 3,912023 0,000443
heterodox 2,995732 0,000678
heut 3,912023 0,000443
hicks 2,659260 0,000602
hide -0,009950 -0,000005
higashijima 3,912023 0,000443
high 0,223144 0,000227
higher 0,430783 0,000097
highest 1,514128 0,000171
highlights 2,207275 0,000250
highly 0,867501 0,000098
hike 3,912023 0,000443
hikes 3,912023 0,000443
hire 2,659260 0,000301
historical 1,021651 0,000462
historically 1,386294 0,000314
history -0,009950 -0,000034
hold 1,021651 0,000462
holding 1,386294 0,000314
holdings 2,302585 0,000521
hole 2,995732 0,000339
home 0,653926 0,000074
honduras 3,912023 0,000443
hong 2,040221 0,000923
hongkong 3,912023 0,000443
hope 1,897120 0,000429
hoppe 2,995732 0,000339
horizon 1,897120 0,000215
hottinguer 3,912023 0,000443
house 0,916291 0,000311
houses 2,659260 0,000301
housing 2,659260 0,000301
how 0,072571 0,000057
however 0,094311 0,000096
hrvatskiidobahasa 1,203973 0,000136
https -0,009950 -0,000002
hughes 1,966113 0,000222
hull 2,659260 0,000301
humanistic 2,813411 0,000318
humphrey 3,218876 0,000364
hundred 2,120264 0,000240
hungarian 2,407946 0,001090
hungary 3,218876 0,001092
hyman 3,218876 0,000364
hyperinflation 3,912023 0,000885
iceland 3,218876 0,000364
ideas 0,891598 0,000202
identifying 1,139434 0,000129
igm 3,506558 0,000793
iii 1,560648 0,000353
illiquid 3,218876 0,000364
illusion 2,407946 0,000272
ima 3,506558 0,000397
imf 2,659260 0,000902
imm 3,506558 0,000397
immediate 1,609438 0,000182
immediately 1,309333 0,000148
immunities 3,912023 0,000443
immunity 3,506558 0,000397
impact 0,597837 0,000203
imperial 2,813411 0,000955
implement 0,755023 0,000085
implementation 0,328504 0,000074
implementing 0,994252 0,000225
implements 1,347074 0,000152
implications 1,347074 0,000152
implies 1,560648 0,000177
important 0,287682 0,000098
impossible 1,347074 0,000152
improve 0,274437 0,000093
improvement 1,203973 0,000136
improving 1,171183 0,000132
imre 3,218876 0,000364
ina 0,356675 0,000040
inasloven 0,616186 0,000070
inc -0,009950 -0,000001
incentives 2,407946 0,000272
include 0,061875 0,000063
included 0,400478 0,000136
includes 0,274437 0,000062
including 0,040822 0,000018
income 1,609438 0,001274
incomes 3,506558 0,000397
incorporated 1,609438 0,000182
increase 0,544727 0,000431
increased 0,820981 0,000279
increases 1,171183 0,000795
increasing 0,916291 0,000311
increasingly 0,776529 0,000088
incumbent 3,506558 0,000397
incur 2,813411 0,000318
independence 1,897120 0,014379
independent 0,713350 0,001372
index -0,009950 -0,000007
india 1,171183 0,000927
indicate 1,272966 0,000144
indicated 1,609438 0,000182
indicators 2,207275 0,000499
indices 2,120264 0,000720
indirect 2,407946 0,000272
indirectly 1,771957 0,000200
individual 0,415515 0,000141
indochine 3,912023 0,000443
indonesia 1,272966 0,000288
industrial 0,843970 0,000191
industry 0,527633 0,000239
inferior 3,912023 0,000443
infina 3,912023 0,000443
inflation 2,207275 0,005993
inflationary 3,218876 0,000364
influence 1,078810 0,000366
influenced 1,203973 0,000136
influences 1,771957 0,000401
influencing 2,207275 0,000250
influential 1,897120 0,000215
information 0,072571 0,000025
informationcite -0,009950 -0,000001
infrastructure 0,713350 0,000161
ingersoll 3,218876 0,000364
innovative 2,040221 0,000231
inskeep 3,912023 0,000443
instance 0,510826 0,000058
instances 1,514128 0,000171
instant 1,897120 0,000215
instead 0,301105 0,000034
institut 3,506558 0,000397
institute 0,579818 0,000066
institution 1,660731 0,000564
institutional 1,771957 0,001203
institutionalized 3,506558 0,000397
institutionally 3,506558 0,000793
institutions 1,171183 0,001060
instrument 2,207275 0,000250
instruments 1,609438 0,000728
insufficient 1,966113 0,000222
insurance 1,427116 0,000161
integrated 0,634878 0,000072
integration 0,673345 0,000076
intended 0,494296 0,000056
intensive 1,897120 0,000215
intent 1,771957 0,000200
inter 1,966113 0,000222
interactions 1,714798 0,000194
interbank 2,995732 0,001017
interest 0,693147 0,002901
interests 1,832581 0,000207
interference 2,407946 0,000817
interior 2,207275 0,000250
internal 0,634878 0,000144
international 0,139262 0,000504
internationalgndnationalunited 1,108663 0,000125
intertwined 2,813411 0,000318
interventions 3,506558 0,000397
interwar 3,506558 0,001190
intrinsic 1,897120 0,000215
introduced 0,371064 0,000042
invert 3,912023 0,000443
invest 2,207275 0,000250
invested 1,897120 0,000215
investigation 1,609438 0,000182
investing 1,771957 0,000601
investment 1,171183 0,001855
investor 2,302585 0,000260
investors 1,714798 0,000194
involuntarily 3,912023 0,000443
involuntary 3,506558 0,000793
involvement 2,120264 0,000240
involves 0,776529 0,000176
iran 2,120264 0,000240
iraq 2,407946 0,000272
irb 2,995732 0,001017
ireland 2,995732 0,001017
irving 3,506558 0,000397
isbn 0,051293 0,000099
isbnsarticles 3,912023 0,000443
isdafix 3,912023 0,000443
islamic 2,659260 0,000301
islands 2,813411 0,000955
israel 1,897120 0,000215
issn 0,478036 0,000757
issuance 2,525729 0,002000
issue 0,820981 0,000743
issued 1,514128 0,000685
issuer 3,218876 0,000728
issues 0,527633 0,000060
issuing 2,302585 0,000521
itai 3,912023 0,000443
italics 2,302585 0,000260
italy 2,302585 0,000521
itamar 3,912023 0,000443
item -0,009950 -0,000001
itself 0,342490 0,000116
jackson 2,207275 0,000749
jakob 2,813411 0,000637
jamaica 3,912023 0,000885
jan 1,386294 0,000314
janet 2,525729 0,000286
jansen 3,218876 0,000364
january 0,083382 0,000132
japan 1,309333 0,000889
jarrow 3,218876 0,000364
java 0,891598 0,000303
jeff 1,560648 0,000177
jefferson 2,813411 0,000318
jeffersonian 3,912023 0,000443
jel 3,506558 0,000397
jens 3,506558 0,000397
jerome 2,659260 0,000902
jevons 2,813411 0,000318
jmoneco 3,506558 0,000397
joan 3,506558 0,000397
job 1,203973 0,000136
jobs 2,040221 0,000462
johan 2,995732 0,000339
johannesburg 3,912023 0,000443
john 0,210721 0,000167
joint 1,171183 0,000265
jonathan 1,347074 0,000305
jones 1,386294 0,000157
jordan 1,714798 0,000194
jos 2,407946 0,000272
joseph 0,820981 0,000093
josh 2,659260 0,000602
journal 0,198451 0,000269
journalist 3,506558 0,000397
journals 1,609438 0,000182
jstor 0,843970 0,000191
july 0,127833 0,000246
jump -0,009950 -0,000002
june 0,094311 0,000107
jurisdiction 2,407946 0,000545
just 0,328504 0,000037
kakridis 3,912023 0,000885
kalecki 2,995732 0,000678
kansas 3,218876 0,000364
karl 1,966113 0,000222
karolyi 3,912023 0,000443
kashkari 3,912023 0,000443
katrin 3,912023 0,000443
kazakhstan 2,659260 0,000301
kazinnik 3,912023 0,001328
keep 0,994252 0,000562
kehoe 3,912023 0,000443
kenya 3,506558 0,000397
kept 1,560648 0,000177
kessler 3,218876 0,000364
key 0,356675 0,000040
keynes 2,995732 0,001694
keynesian 2,995732 0,002033
keynesians 3,912023 0,000443
kiff 3,912023 0,000443
king 1,771957 0,000401
kingdom 1,514128 0,000514
kinshasa 3,912023 0,000443
kiswahili 1,771957 0,000200
klein 2,813411 0,000318
knight 2,120264 0,000240
know 0,776529 0,000176
known 0,127833 0,000043
knut 3,912023 0,001328
kong 2,040221 0,000923
koop 3,912023 0,000443
koopmans 2,995732 0,000678
korea 1,771957 0,000601
kosovo 3,912023 0,000443
krugman 2,659260 0,000602
kurgan 3,506558 0,000397
kuwait 3,218876 0,000364
kuznets 2,995732 0,000678
kyrgyzstan 3,912023 0,000443
labeled 2,525729 0,000286
labour 2,525729 0,000857
lack 0,843970 0,000095
lacklustre 3,912023 0,000443
landscape 1,897120 0,000215
lange 2,813411 0,000318
language 0,186330 0,000084
languages -0,009950 -0,000002
lanka 3,218876 0,000728
large 0,127833 0,000029
largest 1,108663 0,000125
last -0,009950 -0,000008
lastra 3,912023 0,000443
late 0,755023 0,000171
later 0,223144 0,000126
latest 0,994252 0,000112
latinalatvie 1,203973 0,000136
latter 0,916291 0,000104
latvia 3,506558 0,000793
launches 1,609438 0,000182
laundering 2,995732 0,000339
lausanne 2,995732 0,000339
law 0,755023 0,000683
lawmakers 2,995732 0,000339
lawrence 1,386294 0,000470
laws 1,108663 0,000125
lcr 3,506558 0,000397
leach 2,995732 0,000339
leading 0,798508 0,000542
leads 1,237874 0,000280
league 3,506558 0,000397
learn 0,494296 0,000056
learned 1,386294 0,000157
learning 0,494296 0,000056
least 0,527633 0,000119
leaving 1,714798 0,000194
lebanon 2,995732 0,000339
led 0,446287 0,000050
ledger 2,040221 0,000231
left 0,916291 0,000104
legacy 1,309333 0,000148
legal -0,009950 -0,000006
legally 2,120264 0,000480
legislation 1,966113 0,000667
legislative 2,659260 0,000301
legitimized 3,912023 0,000443
lend 2,995732 0,001356
lender 3,218876 0,002549
lending 2,207275 0,001248
lengyel 3,912023 0,000443
leone 3,506558 0,000397
leontief 2,995732 0,000339
lerven 3,912023 0,000443
lesotho 3,506558 0,000397
less 0,430783 0,000244
lessons 1,832581 0,000207
leste 3,218876 0,000364
let 1,139434 0,000129
level 0,116534 0,000079
levels 0,755023 0,000085
leverage 1,771957 0,000200
liabilities 2,813411 0,000637
liability 2,040221 0,000231
liberia 3,912023 0,000443
libor 3,506558 0,000793
libya 3,506558 0,000397
license -0,009950 -0,000001
lie 2,120264 0,000240
lies 1,897120 0,000215
life 0,653926 0,000074
lift 2,659260 0,000301
light 1,078810 0,000122
like 0,072571 0,000033
likely 0,994252 0,000112
limited 0,510826 0,000173
limiting 1,966113 0,000222
line 0,356675 0,000040
linked 0,941609 0,000107
linkpage -0,009950 -0,000001
links -0,009950 -0,000005
linksarticles 1,021651 0,000116
lips 3,506558 0,000397
liquidity 1,966113 0,001779
lisa 2,525729 0,000286
list 0,083382 0,000123
lists 0,597837 0,000271
literature 1,272966 0,000432
lithuania 3,912023 0,000443
llotja 3,912023 0,000443
lnorsk 0,653926 0,000074
loan 2,040221 0,000923
loanable 3,912023 0,000443
loaning 3,912023 0,000443
loans 2,813411 0,001591
local 0,415515 0,000094
locations 1,078810 0,000122
log -0,009950 -0,000002
logan 3,912023 0,000443
logic 0,755023 0,000085
lombard 3,218876 0,001092
london 0,941609 0,000533
long 0,287682 0,000130
longer 0,755023 0,000171
longman 3,506558 0,000397
longstaff 3,506558 0,000793
look 0,967584 0,000109
lorie 3,912023 0,000443
losses 1,966113 0,000222
lost 1,514128 0,000171
louis 1,771957 0,000200
love 2,659260 0,000301
low 0,478036 0,000595
lower 0,776529 0,000878
lowering 2,995732 0,000678
lowers 2,813411 0,000318
luca 2,659260 0,000301
lucas 2,040221 0,000462
lucia 3,912023 0,000443
lux 0,371064 0,000042
luxembourg 3,912023 0,001328
maarten 3,506558 0,000397
macaire 3,912023 0,000443
macao 3,912023 0,000443
macedonia 3,912023 0,000443
machine 0,083382 0,000132
machinery 1,203973 0,000136
macmillan 1,660731 0,000564
macro 2,120264 0,000240
macroeconomic 2,525729 0,002000
macroeconomics 2,302585 0,001042
macroeconomicsmonetary 3,912023 0,000443
macroeconomy 3,506558 0,000793
macroprudential 3,912023 0,000443
madagascar 3,912023 0,000885
made 0,186330 0,000042
magic 2,302585 0,000260
magyar 1,049822 0,000119
main -0,009950 -0,000011
mainstream 1,832581 0,000207
maintain 0,941609 0,000213
maintaining 1,171183 0,000132
major 0,314711 0,000107
make 0,235722 0,000080
making 0,328504 0,000111
malawi 3,912023 0,000443
malaysia 2,302585 0,000260
malcolm 3,218876 0,000364
maldives 3,506558 0,000793
malta 3,912023 0,000443
malthus 2,995732 0,000678
malthusianism 2,995732 0,000339
manage 0,967584 0,000219
managed 1,203973 0,000136
management 0,139262 0,000142
manages 1,714798 0,000388
managing 1,021651 0,000347
mancini 3,912023 0,000443
mandate 2,659260 0,000902
mandates 2,207275 0,001748
mandatory 2,207275 0,000250
mandeville 2,995732 0,000339
mangano 3,912023 0,000443
manger 3,912023 0,000885
mankiw 3,912023 0,000443
many 0,061875 0,000049
marc 1,771957 0,000200
marcello 3,912023 0,000443
march 0,116534 0,000145
marginalism 2,995732 0,000339
maria 2,407946 0,000272
mark 0,462035 0,000052
market 0,616186 0,002161
markets 1,139434 0,000644
marquette 3,912023 0,000443
marriner 3,912023 0,000443
marshall 2,120264 0,000240
martin 0,891598 0,000101
martinez 2,813411 0,000318
marx 2,813411 0,000637
marxian 2,995732 0,000678
mary 1,514128 0,000343
masaaki 3,912023 0,000443
matching 1,171183 0,000132
materialized 2,813411 0,000318
mathematical 0,733969 0,000249
matt 1,609438 0,000182
matthias 2,525729 0,000286
maturity 2,040221 0,000231
mauritania 3,912023 0,000443
mauritius 3,506558 0,000397
maynard 3,218876 0,000728
mccabe 3,218876 0,000364
mccallum 3,218876 0,000364
meaning 0,544727 0,000062
means 0,198451 0,000067
meant 1,514128 0,000171
measure 0,994252 0,000112
measured 1,021651 0,000116
measures 0,941609 0,000213
measuresyields 3,912023 0,000443
measuring 1,609438 0,000364
mechanism 0,733969 0,000166
media 0,139262 0,000032
mediating 3,506558 0,000397
medieval 2,302585 0,000260
melayu 0,820981 0,000093
member 1,237874 0,000280
members 0,755023 0,000171
membership 1,832581 0,000207
men 2,659260 0,000301
menger 2,995732 0,000339
menu -0,009950 -0,000002
meq 3,912023 0,000443
mercantilism 2,995732 0,000339
merchant 2,659260 0,000301
mere 2,207275 0,000250
mergers 2,302585 0,000260
merits 3,506558 0,000397
merrier 3,912023 0,000443
metals 2,302585 0,000260
metcalf 3,912023 0,000443
method 0,210721 0,000048
methodologies 1,771957 0,000200
methodology 1,108663 0,000125
metric 1,966113 0,000222
metropolis 3,506558 0,000397
mexico 2,407946 0,000817
meyer 2,525729 0,000286
micha 2,659260 0,000301
michael 0,400478 0,000272
michele 2,207275 0,000250
michelle 2,813411 0,000318
micro 1,560648 0,000177
microeconomics 2,407946 0,000545
microfoundations 3,506558 0,000397
mid 0,994252 0,000112
middle 1,203973 0,000409
miklos 3,506558 0,000397
mill 2,407946 0,000272
miller 1,469676 0,000166
milton 2,995732 0,000678
mined 2,525729 0,000286
mining 1,021651 0,000231
minister 2,659260 0,000602
ministry 2,995732 0,001017
minneapolis 3,218876 0,001457
minor 1,469676 0,000166
minsky 2,813411 0,000318
miran 3,506558 0,000397
misa 3,506558 0,000397
mises 2,659260 0,000301
mismatch 2,659260 0,000301
missing 0,891598 0,000202
mission 1,966113 0,000222
mitchell 2,659260 0,000301
mitigate 1,609438 0,000182
mitigation 2,302585 0,000781
mix 1,660731 0,000188
mixed 1,309333 0,000148
mlwa 3,912023 0,000443
mobile -0,009950 -0,000003
model 0,162519 0,000294
models 0,527633 0,000119
modern 0,314711 0,000427
modified 1,203973 0,000136
moessner 3,912023 0,000443
moldova 3,506558 0,001983
moldovan 3,506558 0,000397
monetarism 3,218876 0,000728
monetary 1,609438 0,017660
monetization 2,995732 0,000339
money 1,171183 0,007287
mongolia 3,506558 0,000397
monitor 1,660731 0,000188
monitors 2,120264 0,000240
monnin 3,912023 0,000885
monopoly 2,302585 0,000521
montagu 3,506558 0,001190
montenegro 3,506558 0,000397
more 0,010050 0,000016
morocco 2,995732 0,000678
mortgage 2,525729 0,001143
mortgages 2,995732 0,000339
morton 2,995732 0,000339
most 0,040822 0,000069
mostly 0,994252 0,000112
move -0,009950 -0,000005
mozambique 3,912023 0,000443
mtirs 3,912023 0,000443
much 0,400478 0,000045
multi 0,342490 0,000077
multilateral 3,506558 0,000397
multiplier 2,302585 0,000260
mundell 3,912023 0,000443
municipal 2,407946 0,001634
musalem 3,912023 0,000443
museum 1,714798 0,000388
mutan 3,912023 0,000443
mutual 1,966113 0,000222
mutualism 2,995732 0,000339
myanmar 3,506558 0,000397
myrdal 2,995732 0,000678
myth 2,813411 0,000318
naef 3,912023 0,000443
nairu 3,912023 0,000443
name 0,342490 0,000310
named 0,820981 0,000093
namely 1,771957 0,000200
names 0,673345 0,000229
namibia 3,506558 0,000397
naming 1,386294 0,000470
naples 3,506558 0,000397
napoleon 3,912023 0,000443
napoli 3,506558 0,000397
narrow 2,407946 0,000545
narrowly 3,506558 0,000397
nascent 3,218876 0,000364
natcc 3,912023 0,000443
nation 2,120264 0,000480
national 0,562119 0,002480
nationalbank 3,912023 0,000443
nationalized 3,506558 0,000397
nations 1,660731 0,000564
nature 0,597837 0,000135
navigation -0,009950 -0,000001
nbm 3,912023 0,000443
ncipe 3,912023 0,000443
nder 3,912023 0,000443
ndez 3,506558 0,000397
near 1,171183 0,000265
necessarily 1,049822 0,000119
nederlands 0,415515 0,000047
nederlandsche 3,912023 0,000885
need 0,248461 0,000028
needed 0,210721 0,000167
needing 0,597837 0,000135
neel 3,912023 0,000443
negative 1,078810 0,000244
nejm 3,912023 0,000443
nen 2,813411 0,000318
neo 2,120264 0,000720
neobank 3,506558 0,000397
neoclassical 2,995732 0,001017
nepal 2,995732 0,000339
netherlands 1,897120 0,000215
network 0,210721 0,000095
networks 0,446287 0,000050
neumann 1,771957 0,000200
neutral 2,040221 0,000231
neutrality 3,218876 0,000364
new 0,010050 0,000023
newly 1,560648 0,000353
news 0,446287 0,000202
ngfs 3,912023 0,000885
niall 3,506558 0,000397
nicaragua 3,912023 0,000443
nigeria 2,525729 0,000286
nineteenth 2,659260 0,000602
nixon 2,813411 0,000318
nni 3,912023 0,000443
nominal 2,813411 0,000955
nominated 3,912023 0,000443
non -0,009950 -0,000008
nonverbal 3,506558 0,000397
norante 3,912023 0,000443
norbert 2,995732 0,000678
nordhaus 3,506558 0,000397
norm 2,659260 0,000301
norman 2,207275 0,000499
normative 3,218876 0,000364
norsk 0,342490 0,000039
north 1,309333 0,000296
northamerica 3,912023 0,000443
northeast 3,912023 0,000443
northern 2,659260 0,000301
northwestern 3,218876 0,000364
norway 2,525729 0,000286
not 0,000000 0,000000
notable 0,941609 0,000107
note 0,776529 0,000527
notenbank 3,912023 0,000443
notes 0,415515 0,000282
notice 1,966113 0,000445
notion 1,237874 0,000140
notional 3,912023 0,000443
nouriel 3,506558 0,000397
november 0,150823 0,000529
now 0,274437 0,000124
npr 2,995732 0,000339
nsfr 3,506558 0,000397
number 0,051293 0,000023
numerous 1,203973 0,000409
nynorskoccitano 2,659260 0,000301
objectives 1,660731 0,000376
occasionally 2,207275 0,000499
occidentale 3,912023 0,000443
occurred 1,469676 0,000166
occurring 1,832581 0,000207
oceania 2,813411 0,000318
octavian 3,912023 0,000443
october 0,139262 0,000173
oecd 2,407946 0,000545
oep 3,912023 0,000443
oesterreichische 3,912023 0,000443
offered 1,139434 0,000258
office 0,916291 0,000726
offices 2,813411 0,000318
official 0,733969 0,000249
officially 1,660731 0,000188
officials 2,995732 0,001017
offshore 2,040221 0,000231
often 0,127833 0,000188
ois 2,525729 0,000286
oldest 2,120264 0,000720
oldid -0,009950 -0,000001
oleksandr 3,912023 0,000443
olesperantoeuskara 0,510826 0,000058
oliver 1,660731 0,000188
omaha 3,506558 0,000397
oman 2,995732 0,000339
once 0,544727 0,000062
one 0,010050 0,000016
online 0,415515 0,000094
only 0,051293 0,000041
onmacroeconomics 3,912023 0,000443
onpublic 3,912023 0,000443
open 0,235722 0,000107
operated 1,660731 0,000564
operating 0,462035 0,000052
operation 0,713350 0,000161
operational 1,171183 0,000397
operations 0,301105 0,000204
oppenheim 3,218876 0,000728
opponent 3,218876 0,000364
opportunity 1,832581 0,000415
opposed 1,347074 0,000152
opposition 2,995732 0,000339
opted 3,218876 0,000364
optimal 1,386294 0,000157
optimum 3,506558 0,000397
option 1,108663 0,000125
order 0,094311 0,000032
org -0,009950 -0,000003
organization -0,009950 -0,000005
organizations 0,798508 0,000181
organize 2,207275 0,000250
organized 1,469676 0,000333
original 0,030459 0,000152
origins 1,514128 0,000343
orthodoxy 3,912023 0,000443
ostrom 2,995732 0,000339
other -0,009950 -0,000030
others 0,314711 0,000036
otherwise 1,108663 0,000125
ottoman 3,506558 0,000793
out 0,261365 0,000118
outlier 2,995732 0,000339
outline 0,653926 0,000074
output 0,713350 0,000323
outside 0,798508 0,000090
outsized 3,912023 0,000443
outstanding 2,407946 0,000272
over 0,094311 0,000096
overend 3,912023 0,000443
overheating 3,506558 0,000397
overlapping 2,302585 0,000521
overnight 2,995732 0,001356
overshooting 3,912023 0,000443
own 0,371064 0,000294
owned 1,660731 0,000564
ownership 1,469676 0,000166
oxford 0,843970 0,001146
oxfordhb 3,912023 0,000443
oxfordjournals 3,912023 0,000443
pacific 2,120264 0,000240
page -0,009950 -0,000005
pagecontentscurrent -0,009950 -0,000001
pageget -0,009950 -0,000001
pages -0,009950 -0,000002
paid 1,560648 0,000177
pakistan 2,207275 0,000749
palestine 3,912023 0,000443
palgrave 1,897120 0,000858
paper 0,713350 0,000726
papers 1,203973 0,000136
papua 3,912023 0,000443
paraguay 3,912023 0,000885
pareto 2,407946 0,000272
paris 1,714798 0,001164
parliament 2,407946 0,001362
part 0,127833 0,000116
participants 1,832581 0,000207
participation 1,560648 0,000353
particularly 0,597837 0,000338
partly 2,120264 0,000240
partnership 2,040221 0,000231
passage 2,995732 0,000678
passing 1,771957 0,000200
past 1,049822 0,000119
paterson 3,912023 0,000443
patrick 1,714798 0,000194
pattern 0,891598 0,000202
paul 0,544727 0,000185
paulson 3,912023 0,000443
pay 1,272966 0,001008
payment 1,427116 0,000484
payments 1,897120 0,000858
pdf 0,139262 0,000236
pdfprintable -0,009950 -0,000001
peach 3,912023 0,000443
pension 2,120264 0,000480
people 0,356675 0,000282
perceived 1,897120 0,000215
percent 1,514128 0,000685
percentage 1,514128 0,000343
performance 0,261365 0,000089
peria 3,912023 0,000443
period 1,108663 0,000752
periods 1,660731 0,000564
persia 3,218876 0,000364
persisted 3,912023 0,000443
personal -0,009950 -0,000005
personality 2,813411 0,000318
personnel 1,966113 0,000222
peru 2,995732 0,000339
peter 0,494296 0,000056
pham 3,218876 0,000364
phelan 3,506558 0,000397
phelps 3,912023 0,000443
phenomenon 2,040221 0,000231
phi 2,407946 0,000272
philadelphia 2,813411 0,000318
philip 1,469676 0,000333
philippe 2,995732 0,000339
philippines 2,813411 0,000318
phillips 2,995732 0,000678
php -0,009950 -0,000001
physiocracy 2,995732 0,000339
pierre 1,966113 0,000445
pigou 2,995732 0,000339
piketty 2,995732 0,000339
pilipinas 3,912023 0,000443
pillar 3,218876 0,001092
pioneered 2,407946 0,000272
pittman 3,506558 0,000397
pke 2,995732 0,000339
placed 1,660731 0,000188
plan 0,916291 0,000311
planet 2,120264 0,000480
planner 2,525729 0,000286
planning 0,941609 0,000213
play 1,139434 0,000129
played 1,771957 0,000200
plays 2,525729 0,000286
please 0,776529 0,000088
pluralism 2,659260 0,000301
pmc 1,272966 0,000144
pmid 0,994252 0,000112
point 0,301105 0,000068
points 0,867501 0,000098
poland 2,813411 0,000637
polanyi 2,813411 0,000318
policies 1,237874 0,001540
policy -0,009950 -0,000095
policymakers 2,813411 0,000637
polisci 3,506558 0,000397
political 1,272966 0,001584
politically 2,813411 0,000318
politicians 3,506558 0,002380
politics 1,771957 0,001403
polskiportugu 0,916291 0,000104
poor 1,714798 0,000194
poovey 3,912023 0,000443
popescu 3,506558 0,000397
populism 3,506558 0,001190
portal 0,597837 0,000271
portaleconomics 3,912023 0,000443
portalrecent -0,009950 -0,000001
portalvte 2,040221 0,000923
porter 3,506558 0,000397
portfolios 2,525729 0,000286
portion 1,832581 0,000207
portugal 2,407946 0,000272
position 1,171183 0,000132
positive 1,272966 0,000288
possess 2,813411 0,000318
possesses 3,912023 0,000443
possession 2,407946 0,000272
possibility 1,560648 0,000177
possible 0,287682 0,000033
post 0,579818 0,000197
postal 3,218876 0,000364
potential 0,653926 0,000296
potter 3,506558 0,000397
pound 2,813411 0,000318
powell 2,525729 0,000857
power 0,400478 0,000181
powerful 1,108663 0,000125
powers 1,714798 0,000194
practice 0,371064 0,000210
practices 1,139434 0,000387
prague 2,813411 0,000318
pre 0,941609 0,000107
precious 2,525729 0,000286
precursor 2,040221 0,000231
predates 3,506558 0,000397
prefer 1,832581 0,000207
preference 2,659260 0,000902
preferential 3,506558 0,000397
preferred 1,560648 0,000177
premises 2,813411 0,000318
premium 2,407946 0,000272
prepaid 2,995732 0,000339
prescott 3,912023 0,000443
present 0,597837 0,000271
president 1,897120 0,000858
presidents 3,506558 0,000397
press 0,210721 0,000405
presses 3,218876 0,000364
pressure 1,714798 0,000194
prevent 0,891598 0,000202
price 1,021651 0,001618
prices 1,560648 0,000177
pricing 1,609438 0,000364
primarily 0,653926 0,000148
primary 0,527633 0,000298
prime 1,714798 0,000776
princeton 1,660731 0,000376
principal 1,272966 0,000288
print -0,009950 -0,000001
privacy -0,009950 -0,000002
private 0,693147 0,000627
privileges 2,525729 0,000571
problem 0,385662 0,000087
problems 0,430783 0,000049
procedures 1,660731 0,000376
process 0,116534 0,000079
product 0,579818 0,000066
production 0,798508 0,000090
professional 0,843970 0,000095
profit -0,009950 -0,000001
profitable 2,659260 0,000301
profits 2,040221 0,000231
prognose 3,912023 0,000443
program 0,328504 0,000111
prohibited 2,407946 0,000272
project 0,314711 0,000071
projects -0,009950 -0,000001
prominent 1,660731 0,000188
promise 1,427116 0,000646
promissory 2,813411 0,000318
promote 1,609438 0,000182
promoting 1,897120 0,000429
promotion 2,040221 0,000231
prophets 3,506558 0,000397
proponents 2,407946 0,000272
proportion 2,407946 0,000272
proposal 1,514128 0,000171
proposing 2,659260 0,000301
prospect 3,506558 0,000397
protection 0,994252 0,000225
protectionism 3,912023 0,000443
provide 0,174353 0,000020
provides 0,261365 0,000059
providing 0,673345 0,000076
provincial 3,506558 0,000793
proxy 1,832581 0,000207
public 0,248461 0,000450
publication 1,203973 0,000136
publications 0,941609 0,000533
published 0,328504 0,000074
publishes 2,407946 0,000272
publishing 0,446287 0,000050
pujo 3,912023 0,000443
pull 2,120264 0,000240
purchase 1,469676 0,000499
purchases 2,302585 0,000781
purpose 0,356675 0,000081
purposes 0,798508 0,000181
pursue 2,407946 0,000272
push 1,609438 0,000182
put 0,994252 0,000225
qatar 2,995732 0,000339
qualified 3,218876 0,000364
qualifying 3,506558 0,000397
quality 0,673345 0,000305
quantifying 2,813411 0,000318
quantitative 1,514128 0,001370
quantity 1,469676 0,000499
quarter 2,040221 0,000231
quasi 1,966113 0,000222
quesnay 2,995732 0,000678
questions 1,171183 0,000132
quinn 2,995732 0,000678
qvigstad 3,912023 0,000443
raise 1,966113 0,000445
raised 1,714798 0,000388
raising 2,525729 0,000286
ramsey 3,218876 0,000364
rank 1,832581 0,000207
ranking 1,966113 0,000222
ransom 2,525729 0,000286
raphael 2,659260 0,000301
rarely 1,514128 0,000171
rate 0,755023 0,005979
rateconceptsgeneral 3,912023 0,000443
rates 1,272966 0,001872
ratesmarket 3,912023 0,000443
rather 0,287682 0,000130
ratify 3,912023 0,000443
ratings 2,407946 0,000272
ratio 1,469676 0,000499
rational 1,966113 0,000222
rbaycanca 0,248461 0,000028
readability 2,120264 0,000240
readeditview 0,287682 0,000065
reading 0,342490 0,000077
real 0,210721 0,000167
reality 1,272966 0,000144
really 1,660731 0,000188
reappraisal 3,912023 0,000443
reason 1,049822 0,000119
received 1,078810 0,000122
recent 0,693147 0,000235
recession 2,813411 0,000637
recognition 1,078810 0,000122
reconsidering 3,506558 0,000397
reconstruction 2,207275 0,000250
redistribution 2,995732 0,000339
reduce 0,673345 0,000229
reduced 1,078810 0,000122
reduces 1,609438 0,000182
refer 0,867501 0,000098
reference 0,478036 0,000162
references 0,020203 0,000007
referred 0,446287 0,000303
refers 0,755023 0,000085
refinancing 3,218876 0,000728
reflect 1,386294 0,000157
reform 2,302585 0,000781
reforms 2,813411 0,000637
refrain 3,912023 0,000443
regarded 1,966113 0,000222
regarding 1,386294 0,000314
regime 2,407946 0,000272
regimes 2,813411 0,000318
regional 1,660731 0,000188
registered -0,009950 -0,000001
regulate 2,040221 0,000231
regulating 2,407946 0,000272
regulation 1,139434 0,001160
regulations 1,386294 0,000314
regulator 2,525729 0,000286
regulators 2,207275 0,000499
regulatory 1,427116 0,000807
rehabilitation 2,995732 0,000339
reinvestment 3,506558 0,000397
related 0,051293 0,000029
relationship 0,891598 0,000202
relative 1,108663 0,000376
relatively 1,049822 0,000238
release 0,579818 0,000131
relevant 0,916291 0,000104
reliant 2,659260 0,000301
relied 2,207275 0,000250
relocated 3,218876 0,000364
rely 1,139434 0,000129
remained 1,771957 0,000200
remaining 1,309333 0,000148
remains 1,237874 0,000140
remit 3,912023 0,000443
remits 3,912023 0,000885
remove 0,527633 0,000060
renamed 1,832581 0,000207
rendleman 3,506558 0,000397
renewable 2,120264 0,000240
renminbi 3,218876 0,000364
rens 3,912023 0,000443
replacing 1,609438 0,000182
report 0,462035 0,000209
reporting 1,427116 0,000161
reports 1,049822 0,000238
repos 3,912023 0,000443
representative 2,120264 0,000480
repression 3,506558 0,000397
repricing 3,912023 0,000443
republic 1,714798 0,000970
republicans 3,912023 0,000443
republiclatviaisraelotherhistorical 3,912023 0,000443
repurchase 3,218876 0,000728
requirement 1,427116 0,001130
requirements 0,597837 0,000338
research 0,261365 0,000148
researchers 0,820981 0,000093
reserve 1,832581 0,012853
reserves 2,525729 0,002286
residence 3,506558 0,000397
resort 2,995732 0,002033
resources 0,314711 0,000071
respectively 0,967584 0,000109
response 0,755023 0,000256
responses 1,771957 0,000200
responsive 2,813411 0,000318
responsiveness 2,659260 0,000301
rest 1,108663 0,000125
restates 3,912023 0,000443
restrain 3,912023 0,000443
result 0,371064 0,000084
resulting 0,798508 0,000090
results 0,446287 0,000151
retail 1,560648 0,000177
rethinking 2,813411 0,000318
retrieved -0,009950 -0,000051
returns 1,560648 0,000177
reuters 1,660731 0,000188
revenue 1,609438 0,000546
revenuespending 3,912023 0,000443
reverse 1,427116 0,000161
review 0,385662 0,000393
reviewing 3,218876 0,000364
revolution 1,272966 0,000144
revolve 3,912023 0,000443
rhetoric 2,995732 0,000339
ricardo 2,120264 0,000240
richard 0,733969 0,000249
richhild 3,912023 0,000443
richmond 3,506558 0,000397
riddick 3,912023 0,000443
rie 3,912023 0,000885
right 0,478036 0,000162
rights 0,891598 0,000101
rigidity 2,995732 0,000339
riksbank 3,218876 0,001821
riksdag 3,912023 0,000443
rise 0,967584 0,000328
risk 0,597837 0,001623
risks 1,108663 0,000125
rkmen 1,966113 0,000222
roberds 3,912023 0,000885
robert 0,579818 0,000131
robinson 2,525729 0,000571
rochon 3,912023 0,000443
roger 1,309333 0,000148
roland 2,813411 0,000318
role 0,634878 0,001005
roles 1,469676 0,000166
rom 0,616186 0,000070
romain 3,506558 0,000397
roman 2,040221 0,000231
romania 2,995732 0,000339
rome 2,302585 0,000260
rosa 2,813411 0,000318
roseveare 3,912023 0,000443
ross 1,560648 0,000177
rothbard 2,813411 0,000318
rothschild 3,912023 0,000885
roubini 3,506558 0,000397
routledge 2,407946 0,000272
roy 1,966113 0,000222
royal 1,714798 0,000388
royale 3,912023 0,000443
rtgs 3,506558 0,000397
rule 0,941609 0,000533
rules 0,616186 0,000070
run 0,446287 0,000202
runaway 3,218876 0,000364
runs 1,171183 0,000132
rural 2,813411 0,000318
russia 1,714798 0,000776
russian 1,609438 0,000546
rwanda 3,506558 0,000397
ryan 1,560648 0,000353
saadon 3,912023 0,000443
safeguard 2,813411 0,000318
safety -0,009950 -0,000001
sahm 3,912023 0,000443
saibor 3,912023 0,000443
saint 2,659260 0,000301
sal 3,912023 0,000443
sales 1,171183 0,000132
saltwater 3,912023 0,000443
sama 3,912023 0,000443
same 0,116534 0,000026
samoa 3,506558 0,000397
samuelson 2,995732 0,000678
san 1,272966 0,000144
sanctioned 2,813411 0,000318
sanders 2,207275 0,000250
sarah 2,302585 0,000260
sargent 3,218876 0,000364
saron 3,912023 0,000443
saudi 2,407946 0,001090
saving 2,040221 0,000462
savings 1,714798 0,001164
sawyer 3,506558 0,000397
say 1,078810 0,000122
says 1,309333 0,000148
scale 0,494296 0,000056
schemes 1,660731 0,000188
schmid 3,506558 0,000397
schnadt 3,912023 0,000885
schoenmaker 3,912023 0,000443
scholars 1,966113 0,000222
scholarship 3,506558 0,000397
scholvinck 3,912023 0,000443
schools 1,609438 0,000364
schoolsmainstream 3,912023 0,000443
schotten 3,912023 0,000443
schumacher 2,813411 0,000318
schumpeter 2,995732 0,000339
schwartz 2,302585 0,000260
science 0,287682 0,000065
score 2,207275 0,000250
scorecard 3,912023 0,000443
scotto 3,912023 0,000443
scrutinise 3,912023 0,000443
scrutiny 2,813411 0,000318
search -0,009950 -0,000005
searching 1,832581 0,000207
sebok 3,912023 0,000443
second 0,342490 0,000194
secrecy 2,525729 0,000286
secretary 2,659260 0,000301
section 0,562119 0,000064
sector 1,386294 0,000941
securing 2,302585 0,000260
securities 1,832581 0,000207
security 0,314711 0,000071
see -0,009950 -0,000007
seeking 1,560648 0,000353
seigniorage 3,912023 0,001328
selam 3,912023 0,000443
selected 1,386294 0,000157
selecting 2,302585 0,000260
self 0,478036 0,000054
selling 1,514128 0,000171
seminal 2,407946 0,000545
sen 2,302585 0,000260
senate 2,813411 0,000318
sense 1,078810 0,000244
sentral 3,912023 0,000443
separate 0,693147 0,000078
separated 1,514128 0,000171
separation 1,560648 0,000177
september 0,150823 0,000239
serbia 3,218876 0,000364
series 0,328504 0,000111
service 0,314711 0,000107
services 0,400478 0,000136
servicesbanking 3,912023 0,000443
set 0,083382 0,000094
setting 1,171183 0,000530
settlement 1,660731 0,000188
settlements 2,525729 0,001429
several 0,094311 0,000021
seychelles 3,912023 0,000443
shadow 2,659260 0,000301
shanghai 2,813411 0,000318
shaping 2,995732 0,000339
sharealike -0,009950 -0,000001
shareholders 2,813411 0,000318
shareholding 3,912023 0,000443
shares 1,771957 0,000200
shat 3,912023 0,001328
sheets 2,995732 0,000678
shields 3,218876 0,000364
shock 2,813411 0,000955
short -0,009950 -0,000006
shortened -0,009950 -0,000001
show 0,867501 0,000196
shows 1,139434 0,000129
shqipsimple 1,203973 0,000136
shrinkflation 3,912023 0,000443
side 0,693147 0,000157
sidebar -0,009950 -0,000005
sierra 3,218876 0,000364
signaling 2,995732 0,000339
signalling 3,506558 0,000397
signals 1,203973 0,000136
significant 0,328504 0,000186
significantly 1,171183 0,000132
silver 1,771957 0,000200
similar 0,186330 0,000042
simon 1,108663 0,000502
simple 0,150823 0,000017
simultaneously 1,309333 0,000148
since 0,139262 0,000173
singapore 1,897120 0,000429
single 0,127833 0,000029
sint 3,912023 0,000443
site -0,009950 -0,000001
situations 1,237874 0,000140
skills 1,660731 0,000188
skin 2,302585 0,000260
slenskaitaliano 0,562119 0,000064
slovakia 3,218876 0,000364
slovenia 3,912023 0,000443
small 0,314711 0,000107
smets 3,912023 0,000443
smith 1,203973 0,000409
smithsonian 2,813411 0,000318
sna 3,912023 0,000443
social 0,527633 0,000239
socialist 2,813411 0,000318
society 0,673345 0,000152
sofr 3,912023 0,000443
sole 2,120264 0,000240
soledad 3,912023 0,000443
solomon 2,995732 0,000339
solow 2,995732 0,000678
solution 0,776529 0,000088
somalia 3,912023 0,000443
somaliland 3,912023 0,000443
some 0,040822 0,000111
sometimes 0,301105 0,000034
sonia 3,506558 0,000397
soon 1,427116 0,000323
sophia 3,912023 0,001328
south 1,108663 0,000502
southamerica 3,912023 0,000443
southern 2,813411 0,000955
sovereign 2,525729 0,001429
sovereignty 2,995732 0,000678
soviet 2,525729 0,000286
sowell 2,995732 0,000339
spain 2,207275 0,000499
specialized 0,843970 0,000095
specific 0,094311 0,000032
specifications 1,237874 0,000140
specify 1,272966 0,000144
speculation 2,120264 0,000240
speech 1,469676 0,000166
spending 1,714798 0,001358
spfs 3,506558 0,000397
spindel 3,912023 0,000443
spot 1,771957 0,000200
spread 1,309333 0,000296
spreads 2,813411 0,000318
springer 0,527633 0,000179
sraffa 2,995732 0,000339
sri 2,302585 0,000521
srpskisrpskohrvatski 0,510826 0,000058
ssrn 1,427116 0,000969
stability 1,609438 0,002549
stabilization 3,506558 0,000397
stabilize 2,813411 0,000318
stadtbank 3,912023 0,000443
staff 1,469676 0,000333
stagflation 3,912023 0,000443
standard 0,198451 0,000045
standardized 1,203973 0,000409
standards 0,462035 0,000052
stanley 2,407946 0,000545
start 0,843970 0,000095
state 0,235722 0,000453
statement -0,009950 -0,000002
statements 0,314711 0,000142
statementsarticles 0,544727 0,000062
states 0,385662 0,001003
statesfrancebnf 0,510826 0,000058
statesthe 3,912023 0,000443
statistical 0,776529 0,000351
statistics -0,009950 -0,000007
status 0,693147 0,000078
steady 2,659260 0,000301
steagall 3,912023 0,000443
stefan 1,560648 0,000177
stefano 2,525729 0,000286
stephen 0,867501 0,000491
steve 1,078810 0,000122
steven 0,916291 0,000104
stiglitz 2,525729 0,000571
still 0,342490 0,000077
stimulate 3,912023 0,000443
stimulating 3,506558 0,000397
stock 1,386294 0,000470
stockholm 2,813411 0,000955
stockholms 3,912023 0,000885
stone 2,040221 0,000231
str 2,813411 0,000318
stranded 3,506558 0,000793
strategic 1,171183 0,000265
strategies 1,078810 0,000122
strategy 0,891598 0,000303
street 1,203973 0,000545
stress 1,897120 0,000215
strict 1,609438 0,000182
strong 0,776529 0,000264
strongly 1,560648 0,000177
structural 1,386294 0,000157
structure 0,314711 0,000071
structured 0,653926 0,000148
structures 0,673345 0,000076
struggling 2,995732 0,000339
studies 0,673345 0,000457
sub 1,021651 0,000231
subject 0,527633 0,000119
subjectivity 3,506558 0,000397
submarine 2,995732 0,000339
subprime 3,218876 0,000728
subscriptions 2,995732 0,000339
subsection 0,020203 0,000007
subsequent 1,469676 0,000333
subsequently 1,514128 0,000343
subsidiaries 2,659260 0,000301
successor 2,040221 0,000231
such 0,000000 0,000000
sudan 3,912023 0,000885
sudden 2,813411 0,000318
suffering 2,813411 0,000318
suggested 1,609438 0,000182
suggestive 3,912023 0,000443
summers 2,813411 0,000637
summit 2,120264 0,000240
suomisvenskatagalog 1,171183 0,000132
supervising 3,218876 0,000728
supervision 2,659260 0,003008
supervisors 3,912023 0,000885
supervisory 2,525729 0,000857
supplier 2,659260 0,000301
supply 1,171183 0,001457
support 0,198451 0,000090
suppressing 3,506558 0,000397
supranational 3,912023 0,001770
suriname 3,912023 0,000443
surplus 3,218876 0,000364
survey 0,579818 0,000066
susan 2,120264 0,000240
sustainability 1,966113 0,000222
sustainable 1,469676 0,000499
sveriges 3,506558 0,001587
swan 2,659260 0,000301
sweden 2,302585 0,000781
swedish 2,995732 0,000678
swift 1,386294 0,000157
swiss 2,040221 0,000462
switzerland 1,897120 0,001073
switzerlandyale 3,912023 0,000443
sylvester 3,218876 0,000364
symmetrically 3,506558 0,000397
symposium 1,309333 0,000296
synthesis 1,714798 0,000388
syria 2,995732 0,000339
system 0,030459 0,000065
systematic 1,427116 0,000161
systemic 2,120264 0,000720
systems 0,061875 0,000035
table -0,009950 -0,000002
taiwan 2,407946 0,000272
tajikistan 3,506558 0,000397
taken 0,867501 0,000098
taking 0,967584 0,000109
talavera 3,912023 0,000443
tale 3,506558 0,000397
tanaka 3,506558 0,000397
tangier 3,912023 0,000443
tanzania 3,506558 0,000397
target 0,673345 0,000457
targeting 1,897120 0,000644
targets 1,272966 0,000576
tariff 3,506558 0,000793
tatar 1,272966 0,000144
taula 3,506558 0,001190
tax 1,560648 0,000530
taxes 2,207275 0,000250
taylor 1,203973 0,000136
techniques 0,544727 0,000123
technology 0,186330 0,000021
ted 2,040221 0,000231
teichmann 3,912023 0,000443
telegraph 2,120264 0,000240
teller 2,659260 0,000301
template 0,328504 0,000037
tempted 3,506558 0,000397
tendency 2,207275 0,000250
tends 1,966113 0,000222
tenure 3,506558 0,000397
tercentenary 3,912023 0,000443
term 0,223144 0,000278
terminology 1,309333 0,000148
terms -0,009950 -0,000006
termsbankshidden 3,912023 0,000443
territories 3,506558 0,000397
territory 2,659260 0,000301
terrorism 2,407946 0,000272
test 0,673345 0,000076
text -0,009950 -0,000003
textarticles 2,995732 0,000339
texts 1,832581 0,000207
textual 1,966113 0,000222
textwikipedia 3,912023 0,000443
thailand 2,525729 0,000286
thaler 2,813411 0,000318
than 0,072571 0,000090
that 0,000000 0,000000
thcentury 3,912023 0,000443
theoretically 1,966113 0,000222
theories 1,469676 0,000166
theorist 3,218876 0,000364
theory 0,400478 0,000770
there 0,051293 0,000046
thereafter 2,525729 0,000286
thereby 1,309333 0,000148
therefore 0,478036 0,000108
thermo 2,995732 0,000339
these 0,040822 0,000037
thiemann 3,912023 0,000443
third 0,356675 0,000081
thirds 2,995732 0,000339
thirteenth 3,506558 0,000397
this -0,009950 -0,000033
tho 3,912023 0,000443
thomas 0,527633 0,000239
thornton 2,995732 0,001356
those 0,235722 0,000053
though 0,544727 0,000370
thought 1,139434 0,000129
three 0,287682 0,000033
threshold 2,302585 0,000260
throughout 1,078810 0,000366
thus 0,328504 0,000260
tier 1,832581 0,000622
tightening 3,912023 0,000443
tilburg 3,506558 0,000397
tim 0,867501 0,000098
time 0,010050 0,000013
timeline 0,776529 0,000088
times 0,314711 0,000178
timing 2,120264 0,000240
timor 3,912023 0,000443
tinacymraegdanskdeutscheesti 2,302585 0,000260
tinbergen 2,995732 0,000339
title -0,009950 -0,000001
tobago 3,912023 0,000443
today 0,693147 0,000235
toggle -0,009950 -0,000006
tokyo 2,302585 0,000260
tom 1,203973 0,000136
tommaso 3,912023 0,000443
tonar 3,912023 0,000443
tonga 3,912023 0,000443
tonnage 3,912023 0,000443
tonnes 3,218876 0,000728
tons 2,813411 0,000318
tony 1,714798 0,000194
too 0,634878 0,000359
took 1,237874 0,000560
tool 0,653926 0,000148
toolkits 3,506558 0,000397
tools -0,009950 -0,000005
top -0,009950 -0,000003
topic -0,009950 -0,000001
topics 0,653926 0,000074
total 0,673345 0,000229
toward 1,108663 0,000376
towards 1,203973 0,000272
toxic 2,302585 0,000260
trade 1,139434 0,001547
traded 2,120264 0,000240
trademark -0,009950 -0,000001
tragedy 3,912023 0,001328
transaction 1,427116 0,000161
transcontinental 3,912023 0,000443
transcripts 3,912023 0,000443
transfer 0,693147 0,000314
transfers 2,207275 0,000250
transition 1,427116 0,000807
transitioning 3,506558 0,000397
transmission 1,347074 0,000152
transparency 1,560648 0,001412
transport 1,203973 0,000136
trap 2,659260 0,000602
treasury 2,407946 0,001634
trend 1,237874 0,000420
trillion 1,966113 0,000445
trinidad 3,912023 0,000443
trinity 3,506558 0,000397
troubled 3,506558 0,000397
trump 2,525729 0,000286
trust 0,967584 0,000109
truth 1,771957 0,000200
ttner 3,912023 0,000443
tunisia 2,995732 0,000339
turbulence 3,218876 0,000364
turkey 2,525729 0,000571
turkmenistan 3,506558 0,000397
turn 1,108663 0,000376
twelve 2,525729 0,000286
twentieth 2,525729 0,000286
twenty 1,897120 0,000215
two 0,083382 0,000019
type 0,150823 0,000017
types 0,198451 0,000135
typically 0,223144 0,000076
typified 3,912023 0,000443
tzebuergeschlietuvi 1,514128 0,000171
uganda 3,912023 0,000443
ugolini 3,912023 0,000443
uittenbogaard 3,912023 0,000443
ukraine 2,407946 0,000545
ullrich 3,912023 0,000443
ulrich 2,525729 0,000571
ultimately 1,427116 0,000161
unanticipated 3,912023 0,000443
unburnable 3,912023 0,000443
uncertainty 1,237874 0,000140
unconventional 3,506558 0,001190
und 2,995732 0,000339
under -0,009950 -0,000009
underground 2,995732 0,000339
undertaken 2,525729 0,000286
underway 2,995732 0,000339
unemployed 3,912023 0,000443
unemployment 2,207275 0,002996
unfair 3,218876 0,000364
unintended 2,813411 0,000955
union 1,021651 0,001734
unions 2,207275 0,000499
unit 0,798508 0,000181
unitary 3,506558 0,000397
united 0,527633 0,001194
units 1,309333 0,000148
universal 0,994252 0,000337
universitaires 3,912023 0,000443
university 0,186330 0,000253
univocal 3,912023 0,000443
unless 1,237874 0,000140
unraveling 3,506558 0,000397
unsourced 0,446287 0,000252
until 0,510826 0,000173
upon 0,673345 0,000076
urban 2,040221 0,000231
urldownload -0,009950 -0,000001
uruguay 3,912023 0,000443
use -0,009950 -0,000010
used -0,009950 -0,000012
useful 0,634878 0,000072
uses 0,094311 0,000021
using -0,009950 -0,000005
ussr 3,218876 0,000364
usually 0,223144 0,000202
utc -0,009950 -0,000001
uzbekistan 3,506558 0,000397
value 0,301105 0,000238
van 0,891598 0,000303
vanuatu 3,912023 0,000443
various 0,223144 0,000076
varying 1,309333 0,000296
vasicek 3,506558 0,000397
vaults 3,506558 0,000397
veblen 2,995732 0,000339
vehicles 1,660731 0,000188
velocity 2,207275 0,000250
venezuela 2,995732 0,000339
venice 3,218876 0,000364
venture 1,832581 0,000207
verbatim 3,506558 0,000397
verde 3,912023 0,000443
version -0,009950 -0,000001
versus 1,347074 0,000152
very 0,314711 0,000036
vettimo 3,912023 0,000443
via 0,186330 0,000021
vice 1,660731 0,000564
vietnam 2,407946 0,000545
view -0,009950 -0,000005
viewed 1,347074 0,000152
views 1,609438 0,000182
vigilante 3,912023 0,000443
vocal 3,912023 0,000443
voice 1,560648 0,000353
voigt 3,912023 0,000443
vol 0,616186 0,000070
volatility 1,966113 0,000222
volcker 3,912023 0,000443
volume 0,616186 0,000418
volz 3,506558 0,000397
von 1,469676 0,000831
vreeland 3,912023 0,000443
vtecentral 3,912023 0,000885
vteeconomicstheoretical 2,995732 0,000339
vtefederal 3,912023 0,000443
vteinterest 3,912023 0,000443
wage 2,995732 0,001694
wages 2,525729 0,000571
wagner 2,120264 0,000240
wall 1,309333 0,000148
waller 3,912023 0,000443
walras 2,995732 0,000678
walsh 2,659260 0,000301
walter 1,609438 0,000728
wand 3,506558 0,000397
war 1,272966 0,000720
wars 1,897120 0,000215
wary 3,218876 0,000364
washington 1,049822 0,000356
wasted 3,218876 0,000364
watch 1,386294 0,000157
watched 3,912023 0,000443
watered 2,659260 0,000301
waves 2,207275 0,000250
way 0,198451 0,000067
wayback 0,478036 0,000703
ways 0,446287 0,000101
wealth 2,207275 0,000499
webarchive 1,021651 0,000116
websites 1,203973 0,000136
weidmann 3,912023 0,000885
weighed 3,506558 0,000397
welfare 2,207275 0,000250
well 0,051293 0,000029
werner 2,813411 0,000318
wesley 1,078810 0,000122
west 1,560648 0,000353
western 1,108663 0,000125
what -0,009950 -0,000015
when 0,030459 0,000045
where 0,072571 0,000033
whereby 1,897120 0,000215
whether 0,400478 0,000136
which 0,000000 0,000000
while 0,051293 0,000023
white 1,108663 0,000251
who 0,301105 0,000034
whoever 3,912023 0,000443
wholesale 2,995732 0,000339
whose 0,776529 0,000176
why 0,494296 0,000224
wicksell 3,912023 0,001328
wide 0,597837 0,000068
widely 0,342490 0,000116
wider 1,714798 0,000194
widespread 0,994252 0,000337
wiener 2,525729 0,000286
wieser 2,995732 0,000339
wikidatause 1,108663 0,000125
wikimedia -0,009950 -0,000002
wikipedia -0,009950 -0,000008
wikipediacontact -0,009950 -0,000001
wiktionary 1,832581 0,000207
willett 3,912023 0,000443
william 0,713350 0,000646
williams 1,514128 0,000171
willing 2,207275 0,000250
wilson 1,469676 0,000166
winaray 2,407946 0,000272
window 1,560648 0,001059
wire 1,966113 0,000222
wishes 2,659260 0,000301
withdrawal 2,813411 0,000318
without 0,094311 0,000043
woods 2,659260 0,000602
woodssystem 3,912023 0,000443
wording 3,218876 0,000364
work 0,127833 0,000014
worker 1,714798 0,000194
workers 1,832581 0,000415
working 0,478036 0,000108
works 0,693147 0,000078
world 0,139262 0,000158
worldbank 3,218876 0,000364
worried 3,506558 0,000397
wrote 1,078810 0,000244
www 0,356675 0,000081
wwz 3,912023 0,000443
yannis 3,506558 0,000397
year 0,579818 0,000131
years 0,274437 0,000155
yellen 3,218876 0,000364
yemen 3,506558 0,000397
yet 0,891598 0,000303
yield 1,660731 0,001315
york 0,371064 0,000126
yossi 3,912023 0,000443
young 1,897120 0,000215
yuan 2,659260 0,000301
yugoslavia 3,218876 0,000364
yuriy 3,506558 0,000397
zambia 3,912023 0,000443
zaronia 3,912023 0,000443
zbekcha 0,462035 0,000052
zealand 2,302585 0,000781
zero 0,733969 0,000415
zew 3,912023 0,000443
zimbabwe 3,912023 0,000885
