abc 2,207275 0,000342
able 0,733969 0,000114
abn 3,912023 0,000607
absorb 3,912023 0,001820
academic 0,755023 0,000117
accept 1,427116 0,000885
acceptance 2,407946 0,000747
accepting 2,525729 0,002350
accepts 2,207275 0,000685
access 0,287682 0,000045
accessible 1,021651 0,000158
accomplished 2,120264 0,000329
accordance 2,207275 0,000685
according 0,301105 0,000047
accords 3,218876 0,001497
account -0,009950 -0,000057
accounting 1,386294 0,000430
accounts 1,171183 0,006901
accumulate 2,813411 0,000436
accumulates 3,506558 0,000544
ach 3,506558 0,001087
achieve 0,843970 0,000131
acquired 1,660731 0,000258
acquirer 3,912023 0,000607
acquiring 2,207275 0,000342
acquisitions 2,120264 0,001644
across 0,415515 0,000258
act 0,967584 0,001500
action 0,867501 0,000135
actions -0,009950 -0,000002
activities 1,171183 0,003995
activity 0,867501 0,000269
actual 0,941609 0,000146
actually 1,108663 0,000172
add -0,009950 -0,000002
added 0,415515 0,000129
addition 0,371064 0,000230
additional -0,009950 -0,000003
adequate 1,832581 0,000568
adhere 2,207275 0,000685
adjacent 2,525729 0,000392
adopted 0,867501 0,000135
advance 1,609438 0,000250
advanced 0,430783 0,000134
advances 1,078810 0,000669
advent 2,207275 0,000342
adverse 2,813411 0,000436
advertized 3,912023 0,000607
advice 2,120264 0,000658
advising 3,506558 0,000544
advisory 2,302585 0,000357
advize 3,912023 0,000607
afrikaans 1,108663 0,000172
again 1,078810 0,000167
against 0,462035 0,000143
agencies 1,660731 0,000773
agency 1,237874 0,000960
agent 0,994252 0,000308
agents 1,309333 0,000406
ages 2,302585 0,000357
aggregate 2,207275 0,000342
aggregating 3,218876 0,000499
aging 3,218876 0,001497
ago 0,967584 0,000150
agree -0,009950 -0,000003
agreed 1,427116 0,000443
agreement 1,171183 0,000363
agrees 2,995732 0,001394
agricultural 1,771957 0,000275
agriculture 1,660731 0,000258
agritech 3,912023 0,000607
aisfryskgaeilgeg 3,506558 0,000544
albuquerque 3,912023 0,000607
alchemy 3,506558 0,000544
aldershot 3,218876 0,000499
all 0,000000 0,000000
allen 1,714798 0,000532
alliances 2,813411 0,000873
allocation 1,347074 0,000209
allow 0,287682 0,000045
allowed 0,634878 0,000295
allowing 0,462035 0,000072
allows 0,248461 0,000116
alon 3,912023 0,000607
along 0,462035 0,000072
also -0,009950 -0,000031
although 0,287682 0,000134
altogether 2,207275 0,000342
always 0,597837 0,000093
ama 3,506558 0,001087
amar 3,506558 0,000544
america 0,994252 0,000617
american 0,446287 0,000277
among 0,356675 0,000055
amount 0,616186 0,000191
amounts 1,309333 0,000203
amp -0,009950 -0,000017
amro 3,912023 0,000607
analysis 0,186330 0,000087
analyst 1,832581 0,000284
ancient 1,660731 0,000773
andrew 0,820981 0,000127
anmar 3,912023 0,000607
anna 2,207275 0,000342
annotated 1,771957 0,000275
announced 0,798508 0,000124
another 0,127833 0,000020
any 0,083382 0,000091
apart 1,966113 0,000305
appeal 2,207275 0,000342
appearance -0,009950 -0,000003
applications 0,094311 0,000029
apply -0,009950 -0,000002
approach 0,261365 0,000405
appropriate 0,891598 0,000138
approval 1,897120 0,000294
april 0,072571 0,000023
archaic 3,912023 0,000607
archived 0,040822 0,000057
area 0,776529 0,000120
areas 0,755023 0,000117
arising 2,120264 0,000658
armenia 2,659260 0,000412
around 0,356675 0,000387
article 0,040822 0,000025
articleabout -0,009950 -0,000002
articles 0,020203 0,000019
articletalk -0,009950 -0,000002
ascent 3,218876 0,000499
asian 2,407946 0,000373
asked 1,469676 0,000228
aspect 1,386294 0,000215
assessment 1,309333 0,000203
asset 1,386294 0,002580
assets 1,347074 0,002089
assignable 3,218876 0,000998
assigned 1,237874 0,000384
associated 0,400478 0,000062
association 0,634878 0,000098
assumption 1,660731 0,000258
assurance 1,966113 0,000305
asturianuava 2,525729 0,000392
atm 2,407946 0,001494
atms 3,218876 0,000998
atop 2,813411 0,000436
attempts 0,916291 0,000142
attendant 2,995732 0,000465
attitude 2,407946 0,000373
attracted 2,407946 0,000373
attribution -0,009950 -0,000002
audio 0,891598 0,000138
august 0,162519 0,000126
authority 0,083382 0,000039
automated 0,776529 0,000843
available -0,009950 -0,000008
average 1,139434 0,000530
avoid 0,941609 0,000292
ayisyenkurd 2,813411 0,000436
babel 3,218876 0,000499
backed 2,120264 0,000658
backend 2,120264 0,000329
background 1,237874 0,000192
bad 1,347074 0,000418
bahasa 0,186330 0,000029
bailee 3,912023 0,000607
bailments 3,912023 0,000607
baker 2,302585 0,000357
balance 1,966113 0,004268
balancepages 3,912023 0,000607
banc 3,912023 0,000607
banca 3,912023 0,001213
bancassurance 3,912023 0,000607
banco 2,995732 0,001394
bank 1,108663 0,027334
bankedge 3,912023 0,001213
banker 2,407946 0,002240
bankers 2,813411 0,001745
banking 1,347074 0,027363
banknotes 3,506558 0,006525
banks 1,560648 0,044044
banksbankinglegal 3,912023 0,000607
banq 3,506558 0,000544
banque 3,506558 0,001631
barcelona 2,525729 0,000783
bardi 3,506558 0,000544
barriers 2,207275 0,000685
base 0,755023 0,000117
based 0,010050 0,000012
basel 2,302585 0,003927
basic 0,235722 0,000073
basis 0,820981 0,000127
bbc 1,514128 0,000235
bce 2,995732 0,000929
became 0,579818 0,000180
because 0,127833 0,000079
become 0,510826 0,000554
becomes 0,916291 0,000142
began 0,634878 0,000197
beginning 0,776529 0,000120
begun 1,966113 0,000305
behalf 2,207275 0,000685
behind 0,867501 0,000135
bell 1,714798 0,000266
bench 3,912023 0,001213
benches 3,912023 0,000607
berenberg 3,506558 0,000544
berenbergs 3,912023 0,000607
berger 3,506558 0,000544
berghahn 3,912023 0,000607
besley 3,912023 0,000607
betawibosanski 3,912023 0,000607
better 0,494296 0,000153
bicci 3,912023 0,000607
big 0,673345 0,000418
biggest 1,897120 0,000294
biii 3,506558 0,000544
bil 3,506558 0,001087
bill 0,941609 0,000146
billion 1,139434 0,000353
bills 2,659260 0,000412
bliley 3,506558 0,000544
blockchain 1,660731 0,000258
bloomberg 1,469676 0,000228
boards 2,302585 0,000357
boc 3,912023 0,000607
body 1,139434 0,000353
bokm 0,127833 0,000020
bolt 2,302585 0,000357
bond 2,040221 0,000949
bonds 2,302585 0,001071
book 0,478036 0,000148
boost 2,407946 0,000373
border 2,040221 0,000633
borders 2,813411 0,000873
born 2,302585 0,000357
borrow 2,813411 0,001309
borrower 3,506558 0,001087
borrowers 3,912023 0,001820
borrowing 2,407946 0,000373
boston 1,560648 0,000242
bound 1,660731 0,000258
box 1,171183 0,000182
bracket 2,525729 0,000392
branch 1,309333 0,001218
branches 1,427116 0,002213
brands 2,407946 0,000373
brasil 2,995732 0,000465
brazil 2,207275 0,000685
brics 3,506558 0,000544
brigham 3,912023 0,000607
britain 2,207275 0,000342
british 1,203973 0,000373
britishnotes 3,912023 0,000607
broadened 2,995732 0,000465
broadly 2,207275 0,000342
brokerage 2,525729 0,000783
brokered 3,912023 0,003640
brokers 2,525729 0,000392
brooklyn 3,912023 0,000607
brown 1,309333 0,000203
bubble 1,609438 0,000250
budgets 2,995732 0,000465
buffer 2,207275 0,000342
bugs 1,469676 0,000228
builders 3,218876 0,000499
building 0,415515 0,000322
built 0,462035 0,000143
bulge 3,506558 0,000544
bulletin 2,302585 0,000357
bullion 3,506558 0,000544
burden 2,120264 0,000329
business 0,301105 0,001868
businesses 1,469676 0,001595
buyers 2,040221 0,000316
call 0,733969 0,000114
called 0,040822 0,000019
canal 3,218876 0,000499
cannot 0,314711 0,000049
canvi 3,506558 0,000544
capacity 1,237874 0,000192
capital 1,237874 0,005375
capitalization 2,207275 0,000342
caps 3,218876 0,000499
capture 1,272966 0,000197
card 1,272966 0,001579
cardiff 3,912023 0,000607
cards 1,427116 0,001549
carlassare 3,912023 0,000607
carolina 2,813411 0,000436
carries 2,995732 0,000465
carry 1,469676 0,000684
carrying 2,407946 0,000373
case 0,139262 0,000086
cases 0,478036 0,000222
cash 1,386294 0,002150
cashing 3,912023 0,000607
castle 3,218876 0,000499
catal 0,094311 0,000015
categories -0,009950 -0,000005
categorization 2,407946 0,000373
category 0,116534 0,000054
caused 1,049822 0,000163
ccb 3,912023 0,000607
ccf 3,218876 0,000499
ccr 3,506558 0,001087
ceases 3,506558 0,000544
cem 3,912023 0,000607
cengage 2,207275 0,000342
cent 3,218876 0,000499
center 0,562119 0,000087
central 0,510826 0,000713
centuries 2,302585 0,001071
century 0,891598 0,001383
certain 0,274437 0,000170
certificate 1,714798 0,000798
certification 1,660731 0,000258
certifying 3,218876 0,000499
chahin 3,912023 0,000607
challenge 1,139434 0,000883
challenges 0,941609 0,000584
chance 1,771957 0,000550
chancellor 2,995732 0,000465
change 0,261365 0,000162
changed 0,941609 0,000146
changes 0,356675 0,000332
changesupload -0,009950 -0,000003
changing 0,820981 0,000509
channels 1,897120 0,001177
chaos 2,207275 0,000342
charge 1,609438 0,000250
charged 2,525729 0,001175
charges 2,525729 0,000783
charging 2,659260 0,000825
charles 0,941609 0,000146
charlotte 3,506558 0,000544
charter 2,407946 0,000373
charts 1,897120 0,000294
chase 2,407946 0,000373
check 1,139434 0,001413
checking 1,272966 0,000790
checks 2,207275 0,003765
cheque 2,995732 0,000465
chiara 3,506558 0,000544
chicago 1,609438 0,000250
chief 1,609438 0,000250
chin 3,218876 0,000499
china 0,967584 0,000150
choudhry 3,912023 0,000607
christmas 2,659260 0,000412
cips 3,218876 0,000499
circular 2,120264 0,000329
circulate 3,506558 0,000544
citations 0,916291 0,000142
cite 0,843970 0,000131
citibank 3,912023 0,000607
citicorp 3,912023 0,000607
cities 1,897120 0,000294
citigroup 3,506558 0,001631
city 1,309333 0,000812
civil 1,427116 0,000221
claims 1,386294 0,000215
clarification 1,832581 0,001421
cleansing 2,995732 0,000465
clear 1,139434 0,000177
clearing 2,302585 0,001071
clients 1,139434 0,000530
climate 1,386294 0,001290
closed 1,021651 0,000158
closely 1,237874 0,000192
closure 1,897120 0,000294
cls 3,218876 0,000499
club 2,659260 0,000825
cnbc 2,207275 0,000342
cocos 3,912023 0,001213
code -0,009950 -0,000003
codifies 3,912023 0,000607
coin 2,207275 0,000342
cole 2,407946 0,000373
collect 1,714798 0,001064
collecting 2,302585 0,001428
collection 0,527633 0,000082
combination 0,916291 0,000284
combine 1,469676 0,000228
combined 0,798508 0,000124
combining 1,560648 0,000242
comes 0,867501 0,000135
commentaries 3,506558 0,000544
commercial 0,653926 0,001217
committed 2,302585 0,000357
committee 1,347074 0,000418
commodities 2,040221 0,000316
common 0,072571 0,000090
commonly 0,342490 0,000053
commons -0,009950 -0,000003
commonstexts 3,912023 0,000607
commonswikidata 1,171183 0,000182
communicate 1,386294 0,000215
communication 0,616186 0,000096
communities 1,660731 0,000258
community 0,616186 0,000287
companies 0,597837 0,000556
company 0,462035 0,000573
compare 1,609438 0,000499
compete 2,302585 0,000714
competing 1,386294 0,000430
competition 1,469676 0,000456
competitive 1,897120 0,000588
compilation 1,714798 0,000266
complementary 1,832581 0,000284
completely 0,941609 0,000146
comptroller 3,506558 0,001087
computing 0,301105 0,000047
concept 0,415515 0,000064
concepts 0,400478 0,000124
condemned 3,506558 0,000544
conditions 0,843970 0,000393
conduct -0,009950 -0,000009
conducting 2,207275 0,000685
conference 0,301105 0,000047
congress 1,771957 0,000275
connected 1,108663 0,000172
connecticut 2,995732 0,000465
connection 1,203973 0,000187
connections 1,272966 0,000197
consell 3,912023 0,000607
consents 3,912023 0,000607
consequently 1,514128 0,000235
consider 1,078810 0,000167
considered 0,400478 0,000186
considers 1,897120 0,000294
consistency 1,897120 0,000294
consists 1,078810 0,000167
consolidations 3,912023 0,000607
constantly 1,966113 0,000305
constitute 2,040221 0,000316
consultations 3,912023 0,000607
consumer 1,049822 0,001302
consumers 1,272966 0,000790
consumption 1,139434 0,000177
contact -0,009950 -0,000002
contacts -0,009950 -0,000002
contains 0,634878 0,000098
contemporary 1,347074 0,000209
content -0,009950 -0,000002
contents -0,009950 -0,000005
contingent 2,813411 0,000436
continuation 2,813411 0,000436
continue 1,139434 0,000177
contract 1,272966 0,000197
contractual 2,120264 0,000986
contribute -0,009950 -0,000002
control 0,020203 0,000003
controllers 1,897120 0,000294
controlling 1,427116 0,000221
convenience 2,207275 0,000342
convenient 2,207275 0,000685
conveniently 3,218876 0,000499
conversely 2,407946 0,000373
conversion 1,469676 0,000228
converted 1,897120 0,000294
convertible 2,525729 0,000783
cookie -0,009950 -0,000002
cooperative 1,609438 0,000250
cooperatives 2,813411 0,000436
copper 2,813411 0,000436
core 0,597837 0,000185
coro 3,912023 0,000607
corp 2,207275 0,001711
corporate 1,078810 0,001004
corporation 0,916291 0,000284
corporations 1,660731 0,001288
correspondent 2,813411 0,000436
cost 0,478036 0,000222
costs 0,994252 0,000308
cottenham 3,912023 0,000607
council 1,427116 0,000221
counter 1,714798 0,000266
counterparts 2,525729 0,000392
counterparty 2,302585 0,001071
counters 3,912023 0,000607
countries 0,994252 0,001388
country 1,171183 0,000908
courses 2,120264 0,000329
court 1,469676 0,000228
covered 1,560648 0,000242
cowboys 3,912023 0,000607
cracks 2,659260 0,000412
craze 2,813411 0,000436
create -0,009950 -0,000008
created 0,430783 0,000334
creates 1,309333 0,000203
creating 0,562119 0,000174
creation 0,693147 0,000322
creative -0,009950 -0,000002
credit 1,139434 0,008658
credits 2,525729 0,001175
crises 2,995732 0,001394
crisis 1,347074 0,002715
cross 0,562119 0,000349
crypto 1,897120 0,000294
currency 1,771957 0,000824
current 0,385662 0,000837
currently 0,755023 0,000234
custodial 3,912023 0,002426
custodian 3,218876 0,000499
custody 3,912023 0,000607
customer 1,139434 0,005477
customers 1,078810 0,004015
cut 1,560648 0,000484
cva 3,218876 0,001497
cycle 1,049822 0,000163
cyclical 3,218876 0,000499
cymraegdanskdeutscheesti 2,813411 0,000436
dai 2,407946 0,000373
data 0,030459 0,000014
databases 0,127833 0,000020
datablog 3,912023 0,000607
datajapanczech 1,469676 0,000228
date 0,579818 0,000180
datearticles 3,506558 0,000544
dates 0,430783 0,000067
david 0,385662 0,000060
davies 2,040221 0,000633
day 0,843970 0,000131
deal 1,171183 0,000182
dealers 2,813411 0,000436
dealing 1,714798 0,000266
deals 1,660731 0,000773
debank 3,912023 0,000607
debanking 3,506558 0,000544
debate 1,560648 0,000242
debentures 3,912023 0,000607
debit 2,813411 0,004363
debits 3,912023 0,001820
debt 1,966113 0,003354
decades 1,469676 0,000228
december 0,061875 0,000019
decentralized 1,832581 0,000284
decision 0,494296 0,000077
decisions 1,078810 0,000335
decline 2,120264 0,000329
declined 2,813411 0,000436
declining 2,995732 0,000465
decrease 1,966113 0,000610
default 0,693147 0,000215
defaulting 3,506558 0,000544
defined 0,248461 0,000231
defining 1,021651 0,000158
definite 2,407946 0,000373
definition 0,342490 0,000637
definitions 0,891598 0,000691
degree 1,171183 0,000363
dei 3,912023 0,000607
delivery 1,347074 0,000209
delusional 3,912023 0,000607
demand 1,049822 0,000977
demanded 2,995732 0,000929
demands 2,120264 0,001315
denied 2,659260 0,000412
denomination 3,912023 0,000607
department 0,941609 0,000292
depend 1,171183 0,000182
dependent 1,021651 0,000158
depicts 3,218876 0,000499
deposit 1,966113 0,006402
deposited 3,506558 0,003806
depositor 3,912023 0,001213
depositors 3,912023 0,002426
depository 2,995732 0,000929
deposits 2,525729 0,016449
depression 2,813411 0,000873
depth 1,427116 0,000221
derek 2,302585 0,000357
derivatives 1,609438 0,000250
description -0,009950 -0,000002
descriptions 1,771957 0,000550
descriptionshort 0,000000 0,000000
designed 0,261365 0,000041
desks 3,912023 0,001213
despite 1,021651 0,000158
destroyed 2,995732 0,000465
destruction 1,897120 0,000294
details 0,916291 0,000142
develop 0,867501 0,000135
developed 0,127833 0,000099
developers -0,009950 -0,000002
development 0,083382 0,000116
developments 1,347074 0,000209
dictionary 0,673345 0,000209
differ 1,660731 0,000258
difference 0,820981 0,000255
different 0,020203 0,000031
difficult 0,597837 0,000093
difficulty 1,609438 0,000250
direct 0,597837 0,000742
directed 1,514128 0,000235
directly 0,415515 0,000193
directors 2,407946 0,000747
disambiguation 1,049822 0,000488
disbandment 3,912023 0,000607
discipline 1,427116 0,000443
disclaimers -0,009950 -0,000002
disclose 2,813411 0,000873
disclosure 2,120264 0,000658
discovered 1,514128 0,000235
discuss 1,660731 0,000258
disintermediation 3,912023 0,000607
disinvestment 2,995732 0,000465
displaying 1,966113 0,000610
distinguish 1,347074 0,000209
distribute 1,832581 0,000284
distribution 0,634878 0,000098
ditches 3,912023 0,000607
diversification 2,120264 0,000658
diversified 3,218876 0,000499
divided 1,309333 0,000203
division 1,386294 0,000430
dodd 2,659260 0,000412
doi 0,162519 0,000076
dollars 1,832581 0,000284
dominated 2,207275 0,000342
dominions 3,506558 0,000544
donate -0,009950 -0,000003
door 2,207275 0,000342
double 0,916291 0,000142
down 0,597837 0,000185
download -0,009950 -0,000002
dozen 2,995732 0,000929
dramatically 1,966113 0,000305
drawing 1,469676 0,000228
drawn 2,120264 0,001644
driver 1,771957 0,000275
due 0,261365 0,000081
duty 3,218876 0,000499
dynasties 3,912023 0,000607
each 0,072571 0,000068
ead 2,995732 0,000465
earliest 1,021651 0,000158
early 0,301105 0,000420
earn 2,525729 0,000392
earned 2,659260 0,000412
earnings 2,302585 0,000714
earns 3,912023 0,000607
easier 1,049822 0,000163
easily 0,843970 0,000131
easy 1,021651 0,000158
eccount 3,912023 0,000607
eco 2,407946 0,000373
economic 0,843970 0,001701
economically 2,659260 0,000412
economics 0,867501 0,000135
economize 3,912023 0,000607
economy 1,347074 0,001462
econpapers 3,912023 0,000607
edit -0,009950 -0,000060
editcommunity -0,009950 -0,000002
edited -0,009950 -0,000002
editions 2,040221 0,000316
eea 3,218876 0,000499
effect 0,843970 0,000131
effecting 3,912023 0,000607
effectively 0,994252 0,000771
efficient 0,494296 0,000077
eftpos 3,912023 0,001213
either 0,248461 0,000154
electronic 0,634878 0,000394
eliminated 2,207275 0,000342
elite 2,995732 0,000465
elizabeth 2,302585 0,000357
emait 1,560648 0,000242
emerged 1,139434 0,000353
emphasis 1,771957 0,000275
employee 2,040221 0,000316
employees 1,609438 0,000499
empower 3,218876 0,000499
empowered 3,506558 0,000544
enable 0,798508 0,000248
enabled 0,994252 0,000154
enables 0,693147 0,000215
enabling 0,941609 0,000146
encyclopedia -0,009950 -0,000002
end 0,261365 0,000081
engage 1,897120 0,000883
engaged 2,813411 0,000873
engineering 0,198451 0,000031
england 1,469676 0,001595
english -0,009950 -0,000012
englishwikipedia 3,912023 0,000607
enough 0,843970 0,000131
ensure 0,994252 0,000463
ensures 1,832581 0,000284
entered 1,771957 0,000275
enterprise 0,510826 0,000158
enterprises 1,832581 0,000568
entities 1,139434 0,000353
entitiesitalian 3,912023 0,000607
entity 1,309333 0,000406
entrance 3,506558 0,000544
entrepreneurs 2,995732 0,000465
entry 1,309333 0,000203
environment 0,478036 0,000297
environmental 1,049822 0,000163
equal 1,347074 0,000209
equity 1,771957 0,001649
equivalent 1,021651 0,000634
era 1,427116 0,000221
eric 1,078810 0,000167
erich 2,995732 0,000465
errors 0,733969 0,000114
esg 2,525729 0,000392
espa 0,210721 0,000033
essentially 1,514128 0,000235
established 0,916291 0,000852
establishing 1,660731 0,000258
estate 1,897120 0,000294
estonia 3,218876 0,000499
etc 0,562119 0,000087
ethical 2,040221 0,000949
etwityap 3,912023 0,000607
etymology 2,040221 0,000949
eugene 2,120264 0,000329
europe 0,941609 0,000584
european 0,755023 0,000234
even 0,235722 0,000219
event 0,843970 0,000131
eventsrandom -0,009950 -0,000002
eventual 2,302585 0,000357
every 0,261365 0,000041
everyday 1,897120 0,000294
evolution 0,820981 0,000382
evolved 1,560648 0,000484
exacerbated 2,995732 0,000465
examination 1,832581 0,000568
examinations 3,218876 0,000499
examined 1,966113 0,000305
example 0,030459 0,000009
examples 0,328504 0,000153
exceeding 2,813411 0,000873
except 1,171183 0,000182
excess 2,302585 0,000357
excessive 1,897120 0,000294
exchange 0,693147 0,000645
exchanges 2,040221 0,000316
exclusive 2,120264 0,000329
exclusively 1,660731 0,000258
execution 0,891598 0,000138
exempt 3,506558 0,001087
exercise 2,407946 0,000373
existing 0,673345 0,000209
exit 2,302585 0,001071
exits 3,218876 0,000499
expanded 1,203973 0,000187
expansion 1,386294 0,000215
expenses 2,302585 0,000714
explains 2,120264 0,000329
export -0,009950 -0,000003
exposure 1,714798 0,000266
express 1,427116 0,000221
extend 1,427116 0,000221
extended 0,755023 0,000234
extends 1,771957 0,000275
extent 1,386294 0,000430
external 0,030459 0,000014
extremely 1,514128 0,000235
face 1,309333 0,001015
faced 2,525729 0,001175
facilitates 1,771957 0,000275
facilities 1,171183 0,000182
facility 1,660731 0,000258
factored 3,218876 0,000499
factors 1,021651 0,000317
factual 2,659260 0,000412
fail 1,660731 0,000773
failed 1,108663 0,000344
failure 1,139434 0,000177
failures 1,832581 0,000852
faka 3,912023 0,000607
falls 1,832581 0,000284
families 1,966113 0,000915
famous 1,771957 0,000275
fargo 3,218876 0,000499
favorable 3,218876 0,000998
fdic 3,506558 0,003262
february 0,061875 0,000038
fed 2,407946 0,000373
federal 1,386294 0,001505
federalreserve 3,912023 0,000607
fee 1,897120 0,000588
fees 2,120264 0,001644
ferguson 2,659260 0,000412
few 0,653926 0,000101
ffiec 3,912023 0,001213
fight 2,120264 0,000329
filepermanent -0,009950 -0,000002
filespecial -0,009950 -0,000002
filled 2,525729 0,000392
final 0,916291 0,000142
finance 0,843970 0,003272
finances 2,813411 0,000873
financial 0,776529 0,006261
financials 3,912023 0,000607
financing 2,525729 0,001958
fintech 2,659260 0,000412
fintechs 3,506558 0,000544
firm 1,560648 0,000242
firms 1,514128 0,000235
first 0,020203 0,000016
fit 1,560648 0,000242
fix 1,714798 0,000266
fixed 0,494296 0,000077
fixing 2,659260 0,000412
flannery 3,506558 0,000544
fleetboston 3,912023 0,000607
florence 2,813411 0,000873
florentine 3,912023 0,000607
florida 2,207275 0,000342
flows 1,714798 0,000266
fluctuations 2,659260 0,000412
focus 0,755023 0,000351
focused 1,078810 0,000335
foley 2,659260 0,000412
followed 0,733969 0,000228
following 0,210721 0,000033
follows 0,891598 0,000138
footprint 2,207275 0,000342
forbes 1,427116 0,000221
forbidden 2,120264 0,000329
force 0,867501 0,000538
forecast 1,771957 0,000275
foreign 1,139434 0,000707
forerunners 3,506558 0,000544
form 0,162519 0,000202
formal 0,673345 0,000104
former 1,049822 0,000163
forms 0,562119 0,000261
fossil 2,407946 0,001494
foster 2,813411 0,000436
foundation -0,009950 -0,000005
foundations 0,967584 0,000150
founded 1,347074 0,000627
four 0,820981 0,000255
fourteenth 3,912023 0,000607
fractional 2,302585 0,001785
framework 0,342490 0,000159
frameworks 1,108663 0,000172
fran 0,223144 0,000035
france 1,560648 0,000242
frances 2,995732 0,000465
frangoul 3,912023 0,000607
free -0,009950 -0,000002
freemium 3,218876 0,000499
french 1,386294 0,000215
fresh 2,207275 0,000342
friendly 1,386294 0,000215
frtb 3,506558 0,001087
fuel 2,120264 0,001315
fuggers 3,912023 0,000607
full 0,371064 0,000058
fully 0,616186 0,000096
function 0,210721 0,000033
functional 0,733969 0,000114
functioned 3,912023 0,000607
functions 0,356675 0,000277
fund 1,514128 0,001174
fundamental 0,867501 0,000135
funding 1,386294 0,001075
funds 1,714798 0,003723
further 0,139262 0,000130
future 0,274437 0,000043
gaap 3,912023 0,000607
gain 1,386294 0,000215
general -0,009950 -0,000008
generally 0,287682 0,000268
generate 0,798508 0,000248
generated 0,941609 0,000146
genoa 2,813411 0,000873
geographic 1,203973 0,000373
geographical 1,966113 0,000305
geography 2,207275 0,000342
george 0,916291 0,000568
german 1,427116 0,000221
germany 1,560648 0,000242
gets 1,469676 0,000456
giovanni 2,407946 0,000373
giro 3,506558 0,000544
given 0,261365 0,000081
gives 1,171183 0,000182
global 0,478036 0,000815
globalization 2,659260 0,001237
globalized 3,218876 0,001497
globe 2,525729 0,000783
glossary 0,891598 0,000138
goals 1,237874 0,000384
gobankingrates 3,912023 0,000607
going 1,272966 0,000197
gold 1,609438 0,000250
goldsmith 3,912023 0,004246
goldsmiths 3,506558 0,003262
goldthwaite 3,912023 0,000607
good 0,733969 0,000114
goods 1,771957 0,000275
google 0,579818 0,000090
gov 1,469676 0,000456
governed 2,525729 0,000392
government 0,755023 0,000702
govpubs 3,912023 0,000607
gradually 1,897120 0,000294
gramm 3,506558 0,000544
great 0,941609 0,000438
greater 0,755023 0,000468
greatest 1,897120 0,000294
green 0,994252 0,000154
greenwood 3,218876 0,000499
grew 1,386294 0,000215
gross 2,207275 0,000342
grossman 2,995732 0,000929
grounds 2,659260 0,000412
group 0,301105 0,000187
groups 0,891598 0,000277
grow 1,714798 0,000266
growing 0,891598 0,000138
growth 0,755023 0,000937
guarantee 1,560648 0,000242
guarded 3,912023 0,000607
guardian 1,560648 0,000484
guide 0,356675 0,000111
haan 3,506558 0,000544
hak 1,897120 0,000294
hampshire 2,995732 0,000465
hand 0,733969 0,000114
hands 1,427116 0,000221
hausahawai 3,912023 0,000607
headquarters 2,525729 0,000392
heavily 1,203973 0,000560
hebrew 2,120264 0,000329
hedge 2,120264 0,000329
held 1,237874 0,000768
help 0,248461 0,000116
helplearn -0,009950 -0,000002
helps 1,347074 0,000418
helsinki 2,813411 0,000436
hence 1,347074 0,000418
here 0,301105 0,000093
hererelated -0,009950 -0,000002
hide -0,009950 -0,000006
high 0,223144 0,000242
higher 0,430783 0,000200
highlighting 2,302585 0,000357
highly 0,867501 0,000135
hill 0,867501 0,000135
historically 1,386294 0,000430
histories 2,407946 0,000373
history -0,009950 -0,000039
hlc 3,912023 0,000607
hoeberichts 3,912023 0,000607
hoggson 3,912023 0,000607
hold 1,021651 0,000634
holders 2,407946 0,000747
holding 1,386294 0,000645
holdings 2,302585 0,000714
home 0,653926 0,000203
homes 2,407946 0,000373
homewood 3,506558 0,000544
hong 2,040221 0,000633
hope 1,897120 0,000294
host 1,272966 0,000197
hot 1,966113 0,000305
house 0,916291 0,000284
houses 2,659260 0,000412
how 0,072571 0,000090
however 0,094311 0,000132
hrvatskibahasa 1,427116 0,000221
hsbc 3,218876 0,001997
hsob 3,912023 0,000607
https -0,009950 -0,000002
huge 1,714798 0,000532
hulontalojaku 3,912023 0,000607
hurdles 2,813411 0,000436
hybrid 1,171183 0,000182
hybrids 3,506558 0,000544
ibanidoigbobahasa 3,912023 0,000607
icbc 3,912023 0,000607
ideas 0,891598 0,000138
idhliggalego 2,525729 0,000392
igor 3,218876 0,000499
iii 1,560648 0,000242
illinois 1,966113 0,000305
illustration 2,207275 0,000342
illustrations 2,813411 0,000436
ima 3,506558 0,001087
imaa 3,912023 0,001213
imani 3,912023 0,000607
imm 3,506558 0,000544
immediate 1,609438 0,000250
impact 0,597837 0,000371
implied 2,659260 0,000412
implies 1,560648 0,000242
important 0,287682 0,000134
improve 0,274437 0,000043
improvement 1,203973 0,000373
inasloven 0,616186 0,000096
inasoomaaliga 2,525729 0,000392
inc -0,009950 -0,000006
include 0,061875 0,000096
included 0,400478 0,000062
includes 0,274437 0,000128
including 0,040822 0,000032
income 1,609438 0,000250
incompatibility 2,207275 0,000342
incompatible 1,560648 0,000242
incorporated 1,609438 0,000250
increase 0,544727 0,000591
increased 0,820981 0,000891
increases 1,171183 0,000182
increasing 0,916291 0,000142
increasingly 0,776529 0,000120
indebted 3,506558 0,000544
indefinite 2,659260 0,000412
indefinitely 1,347074 0,000209
index -0,009950 -0,000002
indicator 2,207275 0,000685
indirectly 1,771957 0,000275
indispensable 3,218876 0,000499
individual 0,415515 0,000129
individuals 1,309333 0,001421
indonesiainterlingua 1,660731 0,000258
industrial 0,843970 0,000131
industrialized 3,218876 0,000998
industries 1,560648 0,000726
industry 0,527633 0,001636
information 0,072571 0,000068
informationcite -0,009950 -0,000002
infrastructure 0,713350 0,000221
initiated 1,897120 0,000588
initiative 1,078810 0,000167
innovation 1,078810 0,000167
insolvencies 3,912023 0,000607
installment 3,912023 0,000607
instance 0,510826 0,000079
instances 1,514128 0,000235
instant 1,897120 0,000294
instead 0,301105 0,000047
institute 0,579818 0,000180
institution 1,660731 0,003348
institutional 1,771957 0,000275
institutionalized 3,506558 0,000544
institutions 1,171183 0,002179
instrument 2,207275 0,001369
instruments 1,609438 0,000998
insufficient 1,966113 0,000305
insurance 1,427116 0,001770
insurances 3,506558 0,000544
insured 3,218876 0,000499
integration 0,673345 0,000104
intended 0,494296 0,000077
inter 1,966113 0,000305
interbank 2,995732 0,000465
interest 0,693147 0,002257
interests 1,832581 0,000284
interface 0,616186 0,000096
interfaces 0,713350 0,000111
interior 2,207275 0,000685
internal 0,634878 0,000197
international 0,139262 0,000194
internationalgndfastnationalunited 1,237874 0,000192
internet 0,462035 0,000215
interpretation 1,660731 0,000773
interstate 3,506558 0,000544
invented 1,427116 0,000221
inventionseconomic 3,912023 0,000607
invest 2,207275 0,000342
invested 1,897120 0,000294
investing 1,771957 0,001374
investment 1,171183 0,003632
investments 1,714798 0,000532
investors 1,714798 0,000532
inward 3,506558 0,000544
ira 2,995732 0,000465
iras 3,506558 0,000544
irb 2,995732 0,003716
irregular 3,506558 0,000544
irrera 3,912023 0,000607
irwin 2,659260 0,000412
isbn 0,051293 0,000135
islam 2,813411 0,000436
islamic 2,659260 0,001649
israel 1,897120 0,000294
issue 0,820981 0,001146
issued 1,514128 0,000939
issues 0,527633 0,000245
issuing 2,302585 0,001428
italian 2,040221 0,000949
italy 2,302585 0,001071
italyhidden 3,912023 0,000607
item -0,009950 -0,000002
itself 0,342490 0,000053
james 0,634878 0,000098
jane 2,407946 0,000373
january 0,083382 0,000091
japan 1,309333 0,001015
japanese 1,771957 0,000275
jawakab 3,506558 0,000544
jbankfin 3,506558 0,000544
jerusalem 2,995732 0,000465
jhang 3,912023 0,000607
job 1,203973 0,000373
joseph 0,820981 0,000127
journal 0,198451 0,000092
jpmorgan 2,659260 0,000412
july 0,127833 0,000198
jump -0,009950 -0,000002
june 0,094311 0,000073
jurisdiction 2,407946 0,000373
jurisdictions 2,120264 0,001644
just 0,328504 0,000051
karl 1,966113 0,000305
keep 0,994252 0,000308
keogh 3,506558 0,000544
kept 1,560648 0,000242
key 0,356675 0,000055
kimberly 2,995732 0,000465
kindleberger 3,912023 0,000607
kinds 1,171183 0,000182
king 1,771957 0,000275
kingdom 1,514128 0,000939
kingdomsealing 3,912023 0,000607
kirkwood 3,912023 0,000607
kiswahilikrey 2,659260 0,000412
knights 3,506558 0,001631
knowledgeable 3,218876 0,000499
known 0,127833 0,000079
kogan 3,218876 0,000499
kong 2,040221 0,000633
konknni 3,506558 0,000544
labeling 2,207275 0,000342
lady 3,506558 0,000544
lake 2,813411 0,000873
land 1,347074 0,001044
languages -0,009950 -0,000003
large 0,127833 0,000218
largely 1,272966 0,000197
largest 1,108663 0,001031
last -0,009950 -0,000005
latest 0,994252 0,000154
latin 1,660731 0,000258
latinalatvie 1,203973 0,000187
law 0,755023 0,001873
lawrence 1,386294 0,000215
laws 1,108663 0,000172
lax 3,506558 0,000544
lccn 2,407946 0,000373
lcr 3,506558 0,000544
ldb 3,912023 0,001820
ldbs 3,912023 0,001213
lea 3,506558 0,000544
leach 2,995732 0,000465
lead 0,673345 0,000104
learn 0,494296 0,000077
learning 0,494296 0,000077
least 0,527633 0,000082
led 0,446287 0,000277
ledger 2,040221 0,000633
leeds 3,912023 0,000607
legacy 1,309333 0,000203
legal -0,009950 -0,000008
legislation 1,966113 0,000610
lend 2,995732 0,001858
lender 3,218876 0,000499
lending 2,207275 0,002738
lends 2,995732 0,000465
lent 3,218876 0,000499
leo 2,813411 0,000436
less 0,430783 0,000401
let 1,139434 0,000177
level 0,116534 0,000108
levels 0,755023 0,000117
leverage 1,771957 0,000275
lexisnexis 2,995732 0,000465
liabilities 2,813411 0,001309
liability 2,040221 0,000633
libraries 0,713350 0,000111
library 0,478036 0,000074
license -0,009950 -0,000006
licenses 1,771957 0,000275
lien 3,506558 0,000544
life 0,653926 0,000101
like 0,072571 0,000023
likely 0,994252 0,000154
limit 0,994252 0,000308
limitations 1,139434 0,000353
limited 0,510826 0,000158
lindsay 2,995732 0,000465
lines 1,078810 0,000167
linkpage -0,009950 -0,000002
linkpages 3,218876 0,000499
links -0,009950 -0,000008
lipton 3,912023 0,000607
liquid 2,525729 0,000392
liquidity 1,966113 0,002134
list 0,083382 0,000065
lists 0,597837 0,000093
little 0,820981 0,000255
liverpool 3,912023 0,000607
lnorsk 0,653926 0,000101
loads 2,207275 0,000342
loan 2,040221 0,006011
loans 2,813411 0,008289
local 0,415515 0,000387
localhistories 3,912023 0,000607
locally 1,609438 0,000250
located 1,660731 0,000258
location 0,994252 0,000154
lock 1,832581 0,000284
log -0,009950 -0,000003
lombardmagyar 1,832581 0,000284
lon 3,912023 0,000607
london 0,941609 0,000730
long 0,287682 0,000178
longer 0,755023 0,000351
loo 3,506558 0,000544
looking 1,203973 0,000187
lord 3,506558 0,000544
loss 0,967584 0,000450
losses 1,966113 0,001219
lost 1,514128 0,000235
low 0,478036 0,000148
lowered 2,813411 0,000436
lowers 2,813411 0,000436
ltd 1,203973 0,000560
lubbock 3,912023 0,000607
luhmann 3,506558 0,000544
lux 0,371064 0,000058
lynch 2,659260 0,000412
lzisch 3,218876 0,000499
maarten 3,506558 0,000544
macesich 3,912023 0,000607
machine 0,083382 0,000052
machines 0,776529 0,000241
macon 3,912023 0,000607
macroeconomic 2,525729 0,000392
mail 1,427116 0,000664
main -0,009950 -0,000015
maintaining 1,171183 0,000182
major 0,314711 0,000195
majority 1,139434 0,000177
make 0,235722 0,000439
makeshift 3,912023 0,000607
making 0,328504 0,000408
malagasy 2,040221 0,000316
manage 0,967584 0,001050
managed 1,203973 0,000187
management 0,139262 0,000410
manager 0,994252 0,000154
mandate 2,659260 0,000412
manner 1,469676 0,000228
many 0,061875 0,000134
march 0,116534 0,000199
marchant 3,912023 0,000607
marco 1,966113 0,000305
mariehamn 3,912023 0,000607
mark 0,462035 0,000072
market 0,616186 0,002866
marketable 3,912023 0,001213
markets 1,139434 0,001060
markup 2,040221 0,000316
martim 3,912023 0,000607
martin 0,891598 0,000277
maryland 2,659260 0,000412
mason 2,659260 0,000412
massachusetts 1,514128 0,000235
materialized 2,813411 0,000436
mathematical 0,733969 0,000114
maturity 2,040221 0,000633
mcleay 3,912023 0,000607
mdy 1,514128 0,000235
mead 3,218876 0,000499
meaning 0,544727 0,000084
means 0,198451 0,000123
measurement 1,514128 0,000470
measures 0,941609 0,000146
medici 3,506558 0,001087
medicis 3,912023 0,000607
medieval 2,302585 0,001071
medium 1,203973 0,000373
meet 0,867501 0,000404
melayumfantseminangkabau 3,912023 0,000607
member 1,237874 0,000384
members 0,755023 0,000234
membership 1,832581 0,000284
menu -0,009950 -0,000003
merchant 2,659260 0,001649
merchants 2,813411 0,000436
mere 2,207275 0,001027
merge 1,897120 0,000294
merged 2,040221 0,000316
mergers 2,302585 0,001785
merging 2,995732 0,000465
merrill 3,218876 0,000499
mervyn 3,912023 0,000607
message 0,478036 0,000074
metal 1,714798 0,000532
method 0,210721 0,000098
methods 0,274437 0,000085
michael 0,400478 0,000062
mid 0,994252 0,000463
middle 1,203973 0,000560
millennia 3,218876 0,000499
millennium 2,407946 0,000373
million 0,916291 0,000142
millions 1,560648 0,000242
mind 1,560648 0,000242
minimum 1,469676 0,001595
mirrors 2,995732 0,000465
mishler 3,912023 0,000607
mismanage 3,912023 0,000607
mismatch 2,659260 0,000825
mitsubishi 3,506558 0,000544
mobile -0,009950 -0,000008
models 0,527633 0,000327
modern 0,314711 0,000488
modified 1,203973 0,000187
modify 1,237874 0,000192
module 1,049822 0,000163
moise 3,912023 0,000607
monetary 1,609438 0,000998
monetization 2,995732 0,000465
money 1,171183 0,009625
monks 3,912023 0,000607
monopoly 2,302585 0,000357
monte 2,407946 0,000373
monthly 1,609438 0,000250
months 0,891598 0,000415
moorad 3,912023 0,000607
more 0,010050 0,000030
mortgage 2,525729 0,000783
most 0,040822 0,000114
mostly 0,994252 0,000308
move -0,009950 -0,000008
movement 1,427116 0,000221
moving 0,776529 0,000120
much 0,400478 0,000124
multiple 0,116534 0,000054
mutual 1,966113 0,000610
mutuum 3,912023 0,001213
naissance 3,912023 0,000607
name 0,342490 0,000106
namespace 1,832581 0,000284
narrow 2,407946 0,000373
nation 2,120264 0,001315
national 0,562119 0,001133
nationalities 3,912023 0,000607
nationality 3,912023 0,000607
nations 1,660731 0,000515
nationsbank 3,912023 0,000607
navigation -0,009950 -0,000002
neal 2,813411 0,000436
near 1,171183 0,000363
necessarily 1,049822 0,000326
necessary 0,616186 0,000096
necessities 2,995732 0,000465
need 0,248461 0,000039
needed 0,210721 0,000196
needing 0,597837 0,000371
needs 0,415515 0,000129
neft 3,912023 0,000607
negative 1,078810 0,000167
negotiable 3,912023 0,001213
neobank 3,506558 0,000544
nepal 2,995732 0,001394
net 0,415515 0,000129
netherlands 1,897120 0,000588
netting 3,912023 0,000607
network 0,210721 0,000033
networks 0,446287 0,000069
never 1,021651 0,000158
new 0,010050 0,000028
news 0,446287 0,000069
next 0,400478 0,000062
niall 3,506558 0,000544
noble 2,813411 0,000436
non -0,009950 -0,000003
nonbanks 3,912023 0,000607
noncommercial 3,912023 0,000607
nonprofits 3,912023 0,000607
nordea 3,912023 0,000607
nordio 3,912023 0,000607
normal 1,139434 0,000177
normally 1,514128 0,000939
norsk 0,342490 0,000053
north 1,309333 0,000203
northern 2,659260 0,000412
norton 2,302585 0,000357
not 0,000000 0,000000
notably 1,309333 0,000203
note 0,776529 0,000361
notes 0,415515 0,000451
notice 1,966113 0,000915
notify 2,995732 0,000465
november 0,150823 0,000117
now 0,274437 0,000170
nowadays 2,302585 0,000357
nowhere 3,912023 0,000607
nsfr 3,506558 0,000544
number 0,051293 0,000040
numbers 0,544727 0,000084
numerous 1,203973 0,000187
nynorsknouormandoccitan 3,506558 0,000544
objective 1,386294 0,000430
obligations 2,120264 0,001644
occ 3,912023 0,003033
occasional 2,659260 0,000412
occurred 1,469676 0,000228
oclc 0,891598 0,000830
october 0,139262 0,000086
offer 0,820981 0,000382
offered 1,139434 0,000353
offering 0,994252 0,000308
offers 0,755023 0,000117
office 0,916291 0,000568
officers 2,813411 0,000436
offices 2,813411 0,000436
offset 2,407946 0,000747
offsetting 3,912023 0,000607
offshore 2,040221 0,000949
often 0,127833 0,000040
oftransaction 3,912023 0,000607
ohio 2,813411 0,000436
old 0,994252 0,000771
oldest 2,120264 0,000658
oldid -0,009950 -0,000002
olesperantoeuskara 0,510826 0,000079
one 0,010050 0,000020
ongena 3,912023 0,000607
ongoing 1,560648 0,000242
online 0,415515 0,000193
only 0,051293 0,000040
oordt 3,912023 0,000607
open 0,235722 0,000037
operate 1,049822 0,000326
operated 1,660731 0,000258
operating 0,462035 0,000215
operation 0,713350 0,000111
operational 1,171183 0,000726
operations 0,301105 0,000187
operative 3,218876 0,000499
operator 1,139434 0,000177
opportunities 1,427116 0,000221
opposed 1,347074 0,000209
order 0,094311 0,000073
ordinance 3,506558 0,000544
ordinary 1,272966 0,000987
org -0,009950 -0,000006
organization -0,009950 -0,000005
organizations 0,798508 0,000124
original 0,030459 0,000047
originated 1,771957 0,000550
oromooo 2,659260 0,000412
other -0,009950 -0,000049
others 0,314711 0,000049
otherwise 1,108663 0,000344
otp 3,912023 0,000607
ots 3,506558 0,000544
out 0,261365 0,000122
outreach 3,912023 0,000607
outside 0,798508 0,000124
outward 3,506558 0,000544
over 0,094311 0,000132
overall 0,967584 0,000300
overcome 1,897120 0,000294
overdraft 3,912023 0,002426
overdrafts 3,912023 0,000607
overdrawn 3,912023 0,001213
oversight 2,120264 0,000329
overview 0,616186 0,000096
owe 3,506558 0,000544
owes 3,506558 0,001087
owing 2,813411 0,000436
own 0,371064 0,000173
owned 1,660731 0,001288
owner 1,309333 0,000203
owners 1,660731 0,000258
ownership 1,469676 0,000456
page -0,009950 -0,000008
pagecontentscurrent -0,009950 -0,000002
pageget -0,009950 -0,000002
pages -0,009950 -0,000005
pagesuse 1,469676 0,000228
paid 1,560648 0,001452
pain 3,218876 0,000499
painting 2,995732 0,000465
paper 0,713350 0,000111
par 2,525729 0,000392
parent 1,966113 0,000305
paris 1,714798 0,000266
parker 2,659260 0,000412
part 0,127833 0,000040
participant 2,813411 0,000436
participants 1,832581 0,000284
participating 2,040221 0,000316
participation 1,560648 0,000484
particular 0,301105 0,000187
parties 1,021651 0,000158
partly 2,120264 0,000329
partners 2,302585 0,000357
parts 0,544727 0,000084
party 0,798508 0,000124
paschi 3,912023 0,000607
passage 2,995732 0,000465
passbook 3,912023 0,000607
past 1,049822 0,000163
paulo 2,995732 0,000465
pay 1,272966 0,001777
payable 3,218876 0,000499
payee 3,506558 0,000544
paying 2,207275 0,002054
payment 1,427116 0,002877
payments 1,897120 0,002942
pays 2,525729 0,000392
pazzi 3,912023 0,000607
pdf 0,139262 0,000194
pdfprintable -0,009950 -0,000002
peaked 3,506558 0,000544
pejic 3,912023 0,000607
penguin 2,120264 0,000329
pension 2,120264 0,000329
people 0,356675 0,000166
per 0,616186 0,000096
percent 1,514128 0,000235
perform 0,562119 0,000087
performance 0,261365 0,000041
performed 0,867501 0,000269
performs 1,609438 0,000250
period 1,108663 0,000516
periods 1,660731 0,000258
permanent 1,609438 0,000250
permission 1,897120 0,000294
permit 1,771957 0,000275
person 1,021651 0,000317
personal -0,009950 -0,000011
persons 2,302585 0,000714
perspective 0,820981 0,000127
peruzzi 3,912023 0,000607
phenomenon 2,040221 0,000316
philadelphiafed 3,912023 0,000607
phillips 2,995732 0,000465
phone 1,714798 0,000266
php -0,009950 -0,000002
physical 0,616186 0,000096
pilgrimage 3,912023 0,000607
pilgrims 3,912023 0,001213
pillar 3,218876 0,001497
pioneered 2,407946 0,000373
place 0,597837 0,000185
placed 1,660731 0,000258
places 1,514128 0,000235
plan 0,916291 0,000284
planner 2,525729 0,000392
plans 1,171183 0,000363
plausible 3,218876 0,000499
play 1,139434 0,000353
played 1,771957 0,000275
players 1,966113 0,000610
pledges 3,506558 0,000544
plus 1,203973 0,000187
point 0,301105 0,000047
pokhara 3,912023 0,000607
policy -0,009950 -0,000005
polskiportugu 0,916291 0,000142
popular 0,579818 0,000090
population 1,560648 0,000242
populations 2,302585 0,000357
portal 0,597837 0,000093
portalrecent -0,009950 -0,000002
portals 2,120264 0,000329
portalvte 2,040221 0,000633
portfolio 1,897120 0,000883
portfolios 2,525729 0,000392
portion 1,832581 0,000284
portmanteau 3,506558 0,000544
position 1,171183 0,000545
positive 1,272966 0,000197
possessed 3,912023 0,000607
possibility 1,560648 0,000242
possible 0,287682 0,000045
possibly 1,386294 0,000215
postal 3,218876 0,001497
potential 0,653926 0,000406
potentially 0,755023 0,000117
pounds 3,912023 0,000607
practice 0,371064 0,000115
praeger 2,995732 0,000465
pre 0,941609 0,000146
preauthorized 3,912023 0,000607
precious 2,525729 0,000392
predictable 2,302585 0,000357
prepaid 2,995732 0,000929
prescribe 3,912023 0,001213
present 0,597837 0,000278
presented 1,139434 0,000177
press 0,210721 0,000163
pressure 1,714798 0,000798
prevent 0,891598 0,000138
previous 0,843970 0,000262
price 1,021651 0,000158
pricing 1,609438 0,000499
primacy 3,912023 0,000607
primary 0,527633 0,000327
prime 1,714798 0,000266
princeton 1,660731 0,001030
principal 1,272966 0,000395
principally 3,912023 0,000607
principles 0,597837 0,000464
print -0,009950 -0,000002
prior 0,891598 0,000138
prioritize 2,120264 0,000329
privacy -0,009950 -0,000003
private 0,693147 0,001505
privately 2,207275 0,000342
problem 0,385662 0,000060
problems 0,430783 0,000134
proceeds 2,040221 0,000316
processing 0,356675 0,000111
produced 0,820981 0,000127
product 0,579818 0,000090
production 0,798508 0,000124
products 0,579818 0,000809
professional 0,843970 0,000262
profit -0,009950 -0,000009
profitability 2,207275 0,001369
profitable 2,659260 0,000412
profitmaking 3,912023 0,000607
profits 2,040221 0,000633
program 0,328504 0,000051
programmers 1,347074 0,000209
programs 0,494296 0,000077
project 0,314711 0,000049
projections 3,218876 0,000499
projects -0,009950 -0,000003
prominent 1,660731 0,000258
promise 1,427116 0,000221
promised 2,813411 0,000436
promissory 2,813411 0,001745
promote 1,609438 0,000250
promotes 2,659260 0,000412
promptly 3,218876 0,000499
proper 1,171183 0,000182
prosperous 3,912023 0,000607
protected 0,776529 0,000120
protection 0,994252 0,000154
provide 0,174353 0,000379
provided 0,494296 0,000153
provides 0,261365 0,000122
providing 0,673345 0,000418
provoked 3,912023 0,000607
prudent 3,218876 0,000499
public 0,248461 0,000347
publicly 1,309333 0,000203
published 0,328504 0,000102
publishers 1,514128 0,000470
publishing 0,446287 0,000069
punjab 3,506558 0,000544
purchase 1,469676 0,000684
purity 2,995732 0,000465
purpose 0,356675 0,000166
purposes 0,798508 0,000495
put 0,994252 0,000308
puts 2,525729 0,001175
qinglei 3,912023 0,000607
quality 0,673345 0,000626
quantity 1,469676 0,000456
quarterly 1,832581 0,000284
quasi 1,966113 0,000610
queries 1,897120 0,000294
quickly 0,891598 0,000138
quite 1,514128 0,000235
quotation 2,207275 0,000342
radia 3,218876 0,000499
raise 1,966113 0,000305
raising 2,525729 0,000783
rajhi 3,912023 0,000607
range 0,446287 0,000138
rate 0,755023 0,000937
rates 1,272966 0,001184
rather 0,287682 0,000178
ratings 2,407946 0,000373
ratio 1,469676 0,000684
raviv 3,912023 0,000607
rbaycanca 0,248461 0,000039
reach 1,347074 0,000418
reaction 2,120264 0,000329
readeditview 0,287682 0,000089
readily 2,407946 0,000373
reading 0,342490 0,000106
reads 3,218876 0,000499
real 0,210721 0,000065
really 1,660731 0,000258
reason 1,049822 0,000163
reasonable 1,609438 0,000250
reasons 0,891598 0,000277
recapitalization 3,506558 0,000544
receipt 2,813411 0,001309
receipts 3,218876 0,000998
receives 1,469676 0,000228
receiving 1,714798 0,000798
recent 0,693147 0,000215
recently 1,427116 0,000221
recessions 3,912023 0,000607
record 0,916291 0,000142
recorded 1,237874 0,000192
records 0,994252 0,000154
recurring 3,506558 0,001087
redemption 2,813411 0,000436
redemptions 3,912023 0,000607
redirect 1,832581 0,000852
reduced 1,078810 0,000335
reducing 1,021651 0,000158
reduction 1,237874 0,000192
reductions 2,995732 0,000929
refer 0,867501 0,000135
references 0,020203 0,000006
referred 0,446287 0,000069
refers 0,755023 0,000117
reflected 1,609438 0,000499
reforms 2,813411 0,000436
regional 1,660731 0,000258
regions 1,832581 0,000284
registered -0,009950 -0,000002
regularly 1,771957 0,000550
regulate 2,040221 0,000316
regulated 1,832581 0,002557
regulating 2,407946 0,000747
regulation 1,139434 0,002474
regulations 1,386294 0,001075
regulator 2,525729 0,002350
regulators 2,207275 0,002738
regulatory 1,427116 0,002213
related 0,051293 0,000032
relating 1,609438 0,000250
relation 1,347074 0,000209
relationship 0,891598 0,000691
relatively 1,049822 0,000163
relevant 0,916291 0,000284
religious 2,995732 0,000465
remain 1,078810 0,000167
remaining 1,309333 0,000203
remains 1,237874 0,000384
remittance 3,506558 0,000544
remote 0,843970 0,000393
remove 0,527633 0,000082
renaissance 2,813411 0,001745
repaid 3,506558 0,000544
repay 3,912023 0,000607
repayable 3,912023 0,003033
replacement 1,714798 0,000266
report 0,462035 0,000072
represent 0,733969 0,000114
reprint 3,218876 0,000499
republic 1,714798 0,000266
republicspainisraelotherhistorical 3,506558 0,000544
reputational 2,813411 0,000436
request 1,203973 0,000187
requested 1,897120 0,000294
require 0,462035 0,000215
required 0,274437 0,000298
requirement 1,427116 0,000664
requirements 0,597837 0,000371
reserve 1,832581 0,002557
reserves 2,525729 0,001175
residents 2,995732 0,000465
resort 2,995732 0,000465
resources 0,314711 0,000049
respond 1,660731 0,000258
responding 2,040221 0,000316
responsibilities 2,302585 0,000357
responsibility 1,560648 0,000242
responsible 1,078810 0,000335
restore 2,207275 0,000342
restored 2,995732 0,000465
restricted 1,427116 0,000221
restrictions 1,309333 0,000203
result 0,371064 0,000115
resulted 1,832581 0,000284
resulting 0,798508 0,000371
retail 1,560648 0,003388
retailers 2,120264 0,000329
retained 2,813411 0,000436
retirement 2,813411 0,001309
retrieved -0,009950 -0,000046
return 0,820981 0,000509
reuters 1,660731 0,000258
revenue 1,609438 0,001248
reverse 1,427116 0,000221
review 0,385662 0,000179
revolves 3,218876 0,000499
revolving 3,506558 0,000544
rfs 3,912023 0,000607
richard 0,733969 0,000341
richards 3,506558 0,001631
ride 2,813411 0,000436
riegle 3,912023 0,000607
right 0,478036 0,000074
rights 0,891598 0,000277
rise 0,967584 0,000150
rising 2,207275 0,000685
risk 0,597837 0,004913
risks 1,108663 0,000860
risky 2,302585 0,001071
robbers 3,912023 0,000607
robert 0,579818 0,000090
role 0,634878 0,000197
rom 0,616186 0,000096
roots 2,120264 0,000658
rory 2,995732 0,000465
rothschilds 3,912023 0,001820
route 1,966113 0,000305
routledge 2,407946 0,001120
royal 1,714798 0,000532
rtgs 3,506558 0,001087
rulebook 3,912023 0,000607
rules 0,616186 0,000287
rumantschruna 3,218876 0,000499
run 0,446287 0,000138
rustici 3,912023 0,000607
ryland 3,912023 0,000607
safe 0,994252 0,000308
safety -0,009950 -0,000002
safra 3,506558 0,000544
saint 2,659260 0,000412
sakizayascotsshqipsicilianu 3,912023 0,000607
sakura 3,912023 0,000607
sale 2,040221 0,001265
salt 2,525729 0,000783
same 0,116534 0,000054
satisfy 2,040221 0,000316
save 1,771957 0,000275
savers 3,912023 0,000607
saving 2,040221 0,000316
savings 1,714798 0,006648
scale 0,494296 0,000077
scarce 2,813411 0,000436
scholar 1,309333 0,000203
school 1,078810 0,000167
schouler 3,912023 0,000607
scope 0,941609 0,000146
scotland 3,506558 0,001631
scott 0,891598 0,000138
scramble 3,912023 0,000607
scrutiny 2,813411 0,000436
search -0,009950 -0,000006
seb 3,912023 0,000607
second 0,342490 0,000053
secrecy 2,525729 0,000392
section 0,562119 0,000523
sector 1,386294 0,000215
secured 2,120264 0,000329
securities 1,832581 0,002273
security 0,314711 0,000146
see -0,009950 -0,000015
seem 2,407946 0,000373
seems 1,966113 0,000305
selling 1,514128 0,000704
senior 1,714798 0,000266
sense 1,078810 0,000167
separate 0,693147 0,000215
september 0,150823 0,000117
series 0,328504 0,000051
serve 1,139434 0,000177
served 1,832581 0,000284
service 0,314711 0,000049
services 0,400478 0,001180
servicesbankingthe 3,912023 0,000607
set 0,083382 0,000065
sets 0,776529 0,000120
settlement 1,660731 0,001288
settlements 2,525729 0,000783
several 0,094311 0,000058
shaken 3,912023 0,000607
share 0,616186 0,000382
sharealike -0,009950 -0,000002
shareholders 2,813411 0,000873
shares 1,771957 0,001099
sheet 2,040221 0,000316
shopping 1,966113 0,000305
short -0,009950 -0,000009
shortages 2,659260 0,000412
shortened -0,009950 -0,000002
show 0,867501 0,000135
shut 2,659260 0,000412
sidebar -0,009950 -0,000006
siena 3,506558 0,000544
significant 0,328504 0,000255
signifying 3,506558 0,000544
simi 0,755023 0,000117
similar 0,186330 0,000087
simple 0,150823 0,000023
simply 0,733969 0,000114
since 0,139262 0,000194
singapore 1,897120 0,000294
sister 1,386294 0,000430
site -0,009950 -0,000002
size 0,462035 0,000215
sized 2,407946 0,000747
slams 3,506558 0,000544
slenskaitaliano 0,562119 0,000087
slipping 3,506558 0,000544
slovakia 3,218876 0,000499
sloven 1,514128 0,000235
sma 3,912023 0,000607
small 0,314711 0,000195
smaller 0,994252 0,000154
smart 1,078810 0,000167
smith 1,203973 0,000187
smooth 2,525729 0,000783
socially 2,407946 0,001120
societies 2,040221 0,000316
society 0,673345 0,000418
sociological 2,813411 0,000436
sole 2,120264 0,000329
some 0,040822 0,000089
sometimes 0,301105 0,000140
sought 1,966113 0,000305
sound 1,560648 0,000242
soundness 2,813411 0,000436
source 0,186330 0,000087
sources 0,446287 0,000138
south 1,108663 0,000172
speaking 1,514128 0,000235
special 0,494296 0,000153
specialized 0,843970 0,000131
specific 0,094311 0,000015
specified 0,733969 0,000114
speculation 2,120264 0,000329
spends 3,218876 0,000499
spent 2,040221 0,000316
spfs 3,506558 0,000544
spread 1,309333 0,000812
sqaraqalpaqsha 1,386294 0,000215
srpskisrpskohrvatski 0,510826 0,000079
stability 1,609438 0,000499
stable 0,867501 0,000135
staff 1,469676 0,000228
stage 1,386294 0,000215
standard 0,198451 0,000062
standardised 2,995732 0,000929
standardized 1,203973 0,001307
standards 0,462035 0,000287
standing 1,966113 0,000305
started 0,634878 0,000197
state 0,235722 0,000219
statement -0,009950 -0,000008
statements 0,314711 0,000049
states 0,385662 0,001136
statesfrancebnf 0,510826 0,000079
statistical 0,776529 0,000120
statistics -0,009950 -0,000006
statute 3,912023 0,000607
statutes 3,506558 0,000544
statutory 2,995732 0,001858
steep 3,506558 0,000544
steven 0,916291 0,000142
stevens 2,813411 0,000436
still 0,342490 0,000053
stock 1,386294 0,000645
stop 1,203973 0,000187
store 0,733969 0,000114
stored 0,733969 0,000114
story 1,514128 0,000235
strata 2,407946 0,000373
strategic 1,171183 0,000182
strategies 1,078810 0,000167
stream 1,139434 0,000177
street 1,203973 0,000560
strengths 2,813411 0,000436
stress 1,897120 0,000294
strictly 1,966113 0,000305
stronger 1,966113 0,000305
strongholds 3,912023 0,001213
structure 0,314711 0,000098
structured 0,653926 0,000304
struggle 2,302585 0,001428
study 0,510826 0,000079
sub 1,021651 0,000158
subject 0,527633 0,000327
subordinated 3,506558 0,001631
subprime 3,218876 0,000499
subsection 0,020203 0,000022
substitute 2,659260 0,000412
suburban 3,912023 0,000607
such 0,000000 0,000000
suez 3,218876 0,000499
sufficient 1,309333 0,000203
sufficiently 2,120264 0,000329
suggest 1,771957 0,000275
suggested 1,609438 0,000250
suitcases 3,912023 0,000607
sum 1,347074 0,001044
sumitomo 3,506558 0,000544
sums 2,659260 0,000825
sundasuomisvenskatagalog 1,897120 0,000294
sunset 3,912023 0,000607
super 1,771957 0,000550
supervising 3,218876 0,000998
supervision 2,659260 0,001649
supervisory 2,525729 0,000783
susceptible 2,207275 0,000342
suspect 3,506558 0,000544
sustainability 1,966113 0,000305
sustainable 1,469676 0,000456
swank 3,912023 0,000607
swap 2,407946 0,000373
swift 1,386294 0,000215
switzerland 1,897120 0,000588
switzerlandencyclopedia 3,506558 0,000544
system 0,030459 0,000038
systematic 1,427116 0,000221
systemic 2,120264 0,000658
systems 0,061875 0,000067
table -0,009950 -0,000006
tablecloths 3,912023 0,000607
taken 0,867501 0,000269
taking 0,967584 0,000150
talk 1,203973 0,000187
tallinn 3,506558 0,000544
target 0,673345 0,000209
targeted 1,714798 0,000266
targets 1,272966 0,000395
tatar 1,272966 0,000197
taula 3,506558 0,000544
tax 1,560648 0,000242
taxation 2,525729 0,000392
taxes 2,207275 0,000342
teams 1,469676 0,000228
technologies 0,562119 0,000087
telecommunications 1,469676 0,000456
telegraphic 3,912023 0,000607
telephone 2,207275 0,001027
teller 2,659260 0,002062
templar 3,912023 0,003033
temple 2,525729 0,000783
temples 3,912023 0,000607
tend 1,386294 0,000215
tenth 2,659260 0,000412
term 0,223144 0,000381
terms -0,009950 -0,000019
test 0,673345 0,000104
text -0,009950 -0,000002
textbook 2,302585 0,000357
than 0,072571 0,000203
that 0,000000 0,000000
thecityuk 3,912023 0,000607
then 0,116534 0,000072
theorists 2,813411 0,000436
theory 0,400478 0,000062
there 0,051293 0,000080
therefore 0,478036 0,000148
these 0,040822 0,000127
third 0,356675 0,000166
this -0,009950 -0,000052
thomas 0,527633 0,000082
those 0,235722 0,000183
thought 1,139434 0,000177
three 0,287682 0,000045
thrifts 3,912023 0,001213
throughout 1,078810 0,000167
thus 0,328504 0,000102
tier 1,832581 0,000568
time 0,010050 0,000016
times 0,314711 0,000342
tina 1,771957 0,000275
tithes 3,912023 0,000607
title -0,009950 -0,000002
tnau 3,912023 0,001213
today 0,693147 0,000107
toggle -0,009950 -0,000014
tokyo 2,302585 0,000357
toledo 3,912023 0,000607
tongat 3,912023 0,000607
too 0,634878 0,000197
took 1,237874 0,000576
tools -0,009950 -0,000005
top -0,009950 -0,000003
topic -0,009950 -0,000002
topics 0,653926 0,000101
total 0,673345 0,000104
totaled 3,218876 0,000499
tougher 3,218876 0,000499
toxic 2,302585 0,000357
traced 2,407946 0,000373
trade 1,139434 0,000530
traded 2,120264 0,000658
trademark -0,009950 -0,000002
trading 1,609438 0,000250
traditional 0,544727 0,000169
traditionally 1,897120 0,000588
training 1,078810 0,000167
transaction 1,427116 0,001549
transactions 0,713350 0,001106
transfer 0,693147 0,000537
transferable 3,506558 0,000544
transfers 2,207275 0,001027
transformation 1,272966 0,000197
translated 1,609438 0,000250
transparency 1,560648 0,000242
travel 1,832581 0,000284
travelers 2,995732 0,000465
traveling 2,995732 0,000465
treasury 2,407946 0,001120
tremendous 2,995732 0,000465
trends 1,021651 0,000158
triggered 2,302585 0,000357
trillion 1,966113 0,000305
trouble 2,659260 0,000412
trust 0,967584 0,000450
trustworthiness 3,912023 0,000607
twalonwinaray 3,218876 0,000499
two 0,083382 0,000065
type 0,150823 0,000047
types 0,198451 0,000523
typically 0,223144 0,000138
tyree 3,912023 0,001213
tzebuergeschlietuvi 1,514128 0,000235
ubs 2,407946 0,000747
ucb 3,912023 0,000607
ucla 2,525729 0,000392
ufj 3,912023 0,000607
ukraineyale 2,302585 0,000357
ultimately 1,427116 0,000221
under -0,009950 -0,000017
underdeveloped 3,506558 0,000544
understood 1,469676 0,000228
undertaken 2,525729 0,000392
underwrite 3,506558 0,000544
undetected 3,218876 0,000499
undetermined 3,912023 0,000607
uniform 1,347074 0,000209
union 1,021651 0,000475
unions 2,207275 0,001369
united 0,527633 0,001882
universal 0,994252 0,000308
university 0,186330 0,000173
unless 1,237874 0,000384
unlike 0,798508 0,000248
unprofitable 3,218876 0,000499
unsecured 3,912023 0,001213
unsettled 3,912023 0,001213
until 0,510826 0,000238
unwin 3,506558 0,000544
upon 0,673345 0,000104
urldownload -0,009950 -0,000002
usa 1,427116 0,000221
usd 2,120264 0,000658
use -0,009950 -0,000012
used -0,009950 -0,000005
uses 0,094311 0,000029
using -0,009950 -0,000006
usual 1,966113 0,000305
usually 0,223144 0,000069
utc -0,009950 -0,000002
vahcuenghti 3,912023 0,000607
vakavitinederlands 2,659260 0,000412
value 0,301105 0,000374
valued 1,897120 0,000294
van 0,891598 0,000277
varies 1,427116 0,000221
variety 0,653926 0,000101
variorum 3,912023 0,000607
various 0,223144 0,000138
vary 1,049822 0,000163
vast 1,514128 0,000235
vault 2,525729 0,000392
vaults 3,506558 0,000544
venezuela 2,995732 0,000465
venture 1,832581 0,000568
verification 0,733969 0,000114
verify 1,660731 0,000258
version -0,009950 -0,000002
versus 1,347074 0,000209
very 0,314711 0,000098
via 0,186330 0,000260
video 0,616186 0,000382
view -0,009950 -0,000003
visits 2,407946 0,000373
vol 0,616186 0,000191
volker 3,506558 0,000544
vosa 2,659260 0,000412
voucher 3,912023 0,000607
vte 0,967584 0,000150
vyborg 3,912023 0,000607
wads 3,912023 0,000607
wales 3,218876 0,000499
wall 1,309333 0,000203
warehouse 2,407946 0,000373
warns 2,813411 0,000436
warrior 3,506558 0,000544
washington 1,049822 0,000326
watered 2,659260 0,000412
waves 2,207275 0,000342
way 0,198451 0,000031
ways 0,446287 0,000138
wealth 2,207275 0,000685
wealthy 3,218876 0,000499
weeks 1,771957 0,000275
weighted 1,897120 0,000294
well 0,051293 0,000032
wells 3,218876 0,000499
welsers 3,912023 0,000607
west 1,560648 0,000242
western 1,108663 0,000516
westminster 3,912023 0,000607
westport 2,995732 0,000465
what -0,009950 -0,000006
when 0,030459 0,000071
whenever 2,040221 0,001265
where 0,072571 0,000011
whereas 1,049822 0,000163
whether 0,400478 0,000124
which 0,000000 0,000000
while 0,051293 0,000072
white 1,108663 0,000344
who 0,301105 0,000747
whole 0,916291 0,000284
wholesale 2,995732 0,000929
wholly 3,218876 0,000499
whose 0,776529 0,000361
wikidata 0,562119 0,000087
wikidatawikipedia 0,967584 0,000150
wikimedia -0,009950 -0,000003
wikipedia -0,009950 -0,000017
wikipediacontact -0,009950 -0,000002
wikisource 2,525729 0,000392
wiktionarymedia 1,660731 0,000258
wiley 0,562119 0,000087
wilko 3,912023 0,000607
wire 1,966113 0,000610
withdraw 2,813411 0,000436
withdrawal 2,813411 0,000873
withdrawals 3,506558 0,002719
withdrawn 2,659260 0,000412
within 0,116534 0,000145
without 0,094311 0,000058
word 0,693147 0,000215
words 0,916291 0,000142
work 0,127833 0,000020
workload 2,207275 0,000685
works 0,693147 0,000107
world 0,139262 0,000302
worldbank 3,218876 0,000499
worldwide 1,108663 0,000172
worry 3,218876 0,000499
worth 1,897120 0,000588
written 0,287682 0,000045
www 0,356675 0,000221
yale 2,407946 0,000747
ychi 3,506558 0,000544
year 0,579818 0,000360
years 0,274437 0,000298
yields 2,120264 0,000329
yoon 3,506558 0,000544
york 0,371064 0,000403
yorkshire 3,218876 0,000499
zazaki 1,966113 0,000305
zbekcha 0,462035 0,000072
zealand 2,302585 0,000357
