abdoulmohammad 3,912023 0,000654
ability 0,616186 0,000206
able 0,733969 0,000123
abstracts 2,813411 0,000470
abthorpe 3,912023 0,000654
academic 0,755023 0,001514
acceptance 2,407946 0,002011
access 0,287682 0,000096
accessed 0,916291 0,001990
according 0,301105 0,000151
account -0,009950 -0,000003
accounting 1,386294 0,001390
accounts 1,171183 0,000196
achieving 1,897120 0,000317
acm 0,776529 0,000389
acquire 2,302585 0,000385
acronym 2,207275 0,000737
across 0,415515 0,000555
actions -0,009950 -0,000002
activities 1,171183 0,000391
activity 0,867501 0,000290
adam 1,347074 0,000450
adapt 1,771957 0,000296
adapts 3,506558 0,000586
add -0,009950 -0,000002
addition 0,371064 0,000062
additional -0,009950 -0,000003
addressed 1,272966 0,000213
adelaide 3,912023 0,000654
administration 1,237874 0,000207
administrative 1,966113 0,000657
adopt 2,120264 0,000354
adopted 0,867501 0,000145
adopting 1,897120 0,000317
adoption 0,820981 0,000960
advanced 0,430783 0,000144
advances 1,078810 0,000180
advantage 0,941609 0,000944
advantages 1,309333 0,000656
advisory 2,302585 0,000385
affect 1,347074 0,000675
affecting 1,714798 0,000859
age 1,108663 0,000185
agencies 1,660731 0,000277
agile 2,302585 0,000769
agility 2,813411 0,000470
agree -0,009950 -0,000002
ahmad 2,407946 0,000805
ahmed 2,040221 0,000341
aided 1,771957 0,000296
air 1,714798 0,000286
aisgalego 1,309333 0,000219
akram 3,506558 0,000586
alerts 3,218876 0,000538
alexander 1,237874 0,000207
alfaris 3,912023 0,000654
algorithms 0,693147 0,000116
ali 1,609438 0,000269
aligning 3,912023 0,000654
alignment 1,966113 0,000328
all 0,000000 0,000000
allan 2,407946 0,000402
allen 1,714798 0,000286
allocation 1,347074 0,000225
allowed 0,634878 0,000106
allowing 0,462035 0,000077
allows 0,248461 0,000166
almajali 3,912023 0,000654
almuhayfith 3,912023 0,000654
aloini 3,912023 0,000654
along 0,462035 0,000154
alshar 3,912023 0,000654
also -0,009950 -0,000010
altarawneh 3,912023 0,000654
alternate 2,995732 0,000500
alternative 0,527633 0,000264
alternatively 1,427116 0,000238
alves 3,506558 0,000586
always 0,597837 0,000300
amaral 3,912023 0,000654
ammar 3,506558 0,000586
among 0,356675 0,000060
amp -0,009950 -0,000027
analyses 1,714798 0,000573
analysing 2,659260 0,000444
analysis 0,186330 0,000249
analytics 1,049822 0,000175
analyze 1,469676 0,000246
analyzing 1,347074 0,000225
andreas 1,771957 0,000296
andrew 0,820981 0,000274
angappa 3,912023 0,000654
announcements 3,506558 0,001172
annual 0,776529 0,000259
anol 3,912023 0,000654
another 0,127833 0,000021
antecedents 3,218876 0,000538
anticipate 2,995732 0,000500
any 0,083382 0,000028
anytime 3,506558 0,000586
anywhere 1,560648 0,000261
apis 1,237874 0,000207
app 1,386294 0,000463
appearance -0,009950 -0,000003
appeared 1,203973 0,000201
appliance 2,407946 0,000402
application 0,127833 0,000107
applications 0,094311 0,000236
apply -0,009950 -0,000002
approach 0,261365 0,000306
approval 1,897120 0,000317
april 0,072571 0,000085
architecture 0,462035 0,000232
architectures 1,139434 0,000190
archived 0,040822 0,000055
archiving 3,506558 0,000586
area 0,776529 0,000259
areas 0,755023 0,000883
ariani 3,912023 0,000654
arik 3,912023 0,000654
arising 2,120264 0,000354
arkansas 3,912023 0,001307
aronin 3,912023 0,000654
arora 2,207275 0,000369
around 0,356675 0,000060
arrived 2,302585 0,000385
art 0,713350 0,000119
article 0,040822 0,000014
articleabout -0,009950 -0,000002
articles 0,020203 0,000010
articletalk -0,009950 -0,000002
arxiv 1,078810 0,001081
ashish 2,659260 0,000444
ask 1,832581 0,000306
assembling 2,995732 0,000500
assessing 1,771957 0,000296
assessment 1,309333 0,000656
assets 1,347074 0,000225
association 0,634878 0,000212
assumptions 1,560648 0,000261
atlanta 2,995732 0,000500
attention 1,203973 0,000402
attitudes 3,506558 0,000586
attribution -0,009950 -0,000002
aubert 3,506558 0,000586
audio 0,891598 0,000298
auditing 2,659260 0,000888
auerbach 3,218876 0,000538
august 0,162519 0,000190
australian 2,525729 0,000844
authorization 2,207275 0,000369
automated 0,776529 0,000259
automatically 0,653926 0,000109
automating 2,407946 0,000402
automation 1,237874 0,000620
available -0,009950 -0,000010
avec 3,218876 0,000538
avoiding 1,714798 0,000286
avoids 2,302585 0,000385
away 1,139434 0,000190
azeem 3,912023 0,000654
babak 3,506558 0,000586
back 0,527633 0,000176
backbone 2,407946 0,000402
bahasa 0,186330 0,000031
bahram 3,912023 0,000654
bahrami 3,912023 0,000654
bailey 2,813411 0,000470
balancing 1,832581 0,000306
bao 3,506558 0,000586
baptiste 3,506558 0,001172
bare 2,407946 0,000402
barriers 2,207275 0,000369
based 0,010050 0,000034
basel 2,302585 0,000385
basic 0,235722 0,000039
became 0,579818 0,000097
because 0,127833 0,000107
becomes 0,916291 0,000306
began 0,634878 0,000212
behaves 2,525729 0,000422
behavior 0,462035 0,000077
behind 0,867501 0,000145
benco 3,912023 0,000654
bendoly 3,912023 0,000654
benefit 1,386294 0,000695
benefits 1,237874 0,001241
bennett 3,218876 0,000538
benoit 2,659260 0,000444
berlin 1,469676 0,001719
bernard 1,966113 0,000328
bernsteiner 3,912023 0,000654
besides 1,832581 0,000306
best 0,462035 0,000926
better 0,494296 0,000248
beyond 0,713350 0,000715
bhattacherjee 3,912023 0,000654
bibcode 0,693147 0,001621
bibliography 1,966113 0,000657
bidgoli 3,506558 0,000586
big 0,673345 0,000225
bill 0,941609 0,000157
billing 3,506558 0,001172
billion 1,139434 0,000381
bin 2,525729 0,000422
bit 1,272966 0,000213
blessing 3,912023 0,001307
blockchain 1,660731 0,000555
blogs 1,897120 0,000317
boarischcatal 3,912023 0,000654
boban 3,912023 0,000654
bodies 1,660731 0,000277
bokm 0,127833 0,000021
bond 2,040221 0,000341
boston 1,560648 0,000521
box 1,171183 0,000196
bradford 2,995732 0,000500
breakdown 2,302585 0,000385
breed 2,995732 0,002002
brendan 2,407946 0,000402
bret 3,506558 0,000586
brett 2,525729 0,000422
brief 1,309333 0,000219
brien 2,995732 0,000500
bring 1,560648 0,000261
brings 1,897120 0,000317
british 1,203973 0,000402
bronson 3,506558 0,000586
brown 1,309333 0,000437
bryan 2,525729 0,000422
bss 3,912023 0,000654
budgeting 2,525729 0,000422
burdens 3,912023 0,000654
business 0,301105 0,003823
businesses 1,469676 0,001473
buy 1,514128 0,000253
buying 1,660731 0,000277
byun 3,912023 0,000654
call 0,733969 0,000123
called 0,040822 0,000020
calvert 3,506558 0,000586
cambridge 0,755023 0,000252
came 1,078810 0,000360
capabilities 0,891598 0,000894
capability 1,309333 0,000219
capacity 1,237874 0,000414
capital 1,237874 0,000207
captured 1,714798 0,000286
care 1,514128 0,000253
careful 2,659260 0,000444
carol 2,525729 0,000422
case 0,139262 0,000256
cases 0,478036 0,000080
cash 1,386294 0,001158
castillo 2,659260 0,000444
cat 2,407946 0,000805
categories -0,009950 -0,000003
category 0,116534 0,000039
causal 2,120264 0,000354
cause 0,916291 0,000153
cengage 2,207275 0,000737
center 0,562119 0,000470
centers 1,427116 0,000715
central 0,510826 0,000171
centralize 3,218876 0,000538
centred 3,506558 0,000586
centric 1,966113 0,000328
century 0,891598 0,000149
ceu 3,912023 0,000654
cfo 3,506558 0,000586
cgi 2,525729 0,000844
chain 1,049822 0,001754
chains 1,771957 0,000296
challenge 1,139434 0,000190
challenges 0,941609 0,000787
cham 2,407946 0,000402
chang 2,407946 0,001207
change 0,261365 0,000131
changes 0,356675 0,000834
changesupload -0,009950 -0,000003
changing 0,820981 0,000137
characteristics 1,139434 0,000190
charged 2,525729 0,000422
charles 0,941609 0,000157
chattopadhyay 3,912023 0,001307
checking 1,272966 0,000213
chelsea 3,218876 0,000538
chemical 1,771957 0,000296
chen 1,309333 0,000656
chiat 3,912023 0,000654
chichester 2,813411 0,000470
chieh 3,506558 0,000586
ching 3,506558 0,000586
chofreh 3,912023 0,000654
choi 2,995732 0,000500
choose 1,272966 0,000213
choosing 1,832581 0,000306
chou 2,995732 0,001501
choudhury 3,218876 0,000538
chris 0,994252 0,000166
christian 1,560648 0,000261
christopher 1,139434 0,000381
christy 3,912023 0,000654
chronological 2,995732 0,000500
cid 0,356675 0,000953
circuit 1,203973 0,000201
citation 0,415515 0,000139
cite 0,843970 0,000282
citeseerx 1,347074 0,000450
claim 1,347074 0,000225
clarkston 3,912023 0,000654
class 0,616186 0,000103
cleaner 2,813411 0,000470
clearly 1,771957 0,000296
clemons 3,912023 0,000654
client 0,867501 0,000145
closed 1,021651 0,000171
cloud 0,776529 0,001168
code -0,009950 -0,000005
codified 3,218876 0,000538
coding 1,347074 0,000225
coelho 3,506558 0,000586
cohesively 3,506558 0,000586
coined 1,514128 0,000759
collaborate 2,407946 0,000402
collaborating 2,995732 0,000500
collaboration 1,272966 0,000425
collaborative 1,714798 0,000573
collect 1,714798 0,000286
collections 1,771957 0,000296
college 1,560648 0,000521
columbia 2,302585 0,000385
columbus 3,912023 0,000654
com 0,150823 0,000151
combat 2,040221 0,000341
combine 1,469676 0,000246
commerce 1,021651 0,000683
commissioning 3,506558 0,000586
commissions 3,506558 0,000586
commitments 3,218876 0,000538
common 0,072571 0,000036
commons -0,009950 -0,000005
commonswikiversitywikidata 2,407946 0,000402
communicate 1,386294 0,000232
communicating 1,832581 0,000612
communications 0,733969 0,000490
companies 0,597837 0,001198
company 0,462035 0,001158
comparative 1,897120 0,000317
compared 0,634878 0,000212
comparison 0,446287 0,000075
comparisons 1,832581 0,000306
compatibility 1,108663 0,000185
competitive 1,897120 0,001585
competitiveness 3,218876 0,000538
compilation 1,714798 0,000286
complete 0,713350 0,000119
completed 1,514128 0,000253
completely 0,941609 0,000157
complex 0,261365 0,000044
complexities 2,525729 0,000422
complexity 0,616186 0,000206
compliance 1,514128 0,000759
comply 1,966113 0,000328
component 0,713350 0,000119
components 0,415515 0,000208
composable 3,506558 0,000586
comprehensive 0,941609 0,000472
compromised 2,525729 0,000422
computational 0,755023 0,000126
computer 0,139262 0,000163
computers 0,562119 0,000188
computing 0,301105 0,000352
concept 0,415515 0,000139
concepts 0,400478 0,000134
conceptual 2,040221 0,000682
concern 1,427116 0,000238
conduct -0,009950 -0,000002
conference 0,301105 0,000855
conferences 1,347074 0,000225
confidence 1,832581 0,000306
configurable 2,302585 0,000385
configuration 1,021651 0,001365
configurations 1,966113 0,000657
configurator 3,912023 0,000654
configured 1,714798 0,001146
configuring 2,995732 0,000500
confine 3,506558 0,000586
confused 1,108663 0,000185
connect 1,427116 0,000477
connected 1,108663 0,000185
connection 1,203973 0,000201
connections 1,272966 0,000425
connectivity 1,832581 0,001225
connor 3,506558 0,000586
cons 3,218876 0,000538
considerably 2,525729 0,000422
considered 0,400478 0,000067
considering 1,347074 0,000225
consolidating 3,218876 0,001075
consolidation 2,659260 0,000888
constitute 2,040221 0,000341
consultant 2,525729 0,000422
consultants 2,659260 0,000444
consulting 1,660731 0,000277
contact -0,009950 -0,000003
contacts -0,009950 -0,000002
content -0,009950 -0,000003
contents -0,009950 -0,000005
context 0,494296 0,000165
contextual 2,659260 0,000888
continue 1,139434 0,000190
continuous 1,049822 0,000175
continuously 1,771957 0,000592
contract 1,272966 0,000638
contracts 1,609438 0,000269
contribute -0,009950 -0,000002
control 0,020203 0,000013
conveniently 3,218876 0,000538
cookie -0,009950 -0,000002
copying 2,407946 0,000402
cordeiro 3,912023 0,000654
cordova 3,218876 0,000538
core 0,597837 0,000999
corescholar 3,912023 0,001307
corkindale 3,912023 0,000654
corporate 1,078810 0,000901
corporation 0,916291 0,000153
corporations 1,660731 0,000277
corps 2,659260 0,000444
cost 0,478036 0,000479
costing 2,995732 0,002002
costly 2,207275 0,000737
costs 0,994252 0,000664
coupled 1,832581 0,000306
course 1,139434 0,000190
cover 1,203973 0,000402
covered 1,560648 0,000782
covers 1,660731 0,000555
crc 1,171183 0,000196
create -0,009950 -0,000008
creates 1,309333 0,000219
creating 0,562119 0,000094
creative -0,009950 -0,000002
credit 1,139434 0,000190
credited 2,120264 0,000354
critical 0,653926 0,001092
crm 3,506558 0,002343
cronan 3,912023 0,000654
cross 0,562119 0,000188
crucial 1,386294 0,000232
csfs 3,912023 0,000654
csoonline 3,912023 0,000654
ctt 3,912023 0,001307
cultural 1,427116 0,000477
culture 1,514128 0,000253
cunha 3,218876 0,000538
current 0,385662 0,000129
curve 1,347074 0,000225
custom 1,171183 0,000587
customer 1,139434 0,001523
customers 1,078810 0,001622
customization 2,525729 0,005485
customizations 3,506558 0,001172
customized 2,120264 0,000354
customizing 3,506558 0,000586
cxo 3,506558 0,000586
cybernetics 2,040221 0,000341
cybertech 3,912023 0,000654
cycle 1,049822 0,001052
cycles 1,771957 0,000296
daily 1,427116 0,000238
dalibor 3,506558 0,000586
damage 2,120264 0,000354
daneva 3,912023 0,000654
daniel 0,776529 0,000259
data 0,030459 0,000204
database 0,579818 0,000678
date 0,579818 0,000097
dates 0,430783 0,000072
davenport 2,995732 0,000500
david 0,385662 0,000322
davis 1,771957 0,000296
dead 1,386294 0,000463
dealt 2,659260 0,000444
debbie 3,506558 0,000586
deborah 2,995732 0,000500
decade 1,832581 0,000918
december 0,061875 0,000041
decentralized 1,832581 0,000306
decide 1,714798 0,000286
decision 0,494296 0,000743
decisions 1,078810 0,000721
decreased 3,218876 0,000538
defense 1,609438 0,000538
define 0,798508 0,000400
defined 0,248461 0,000042
definition 0,342490 0,000057
degrees 1,560648 0,000261
dehning 3,912023 0,000654
delaying 3,912023 0,000654
delivered 1,660731 0,000555
delivering 2,302585 0,000385
delivery 1,347074 0,000225
delphi 2,407946 0,000805
demands 2,120264 0,000708
demystified 2,813411 0,000470
deni 3,912023 0,000654
denominator 2,659260 0,000444
departments 1,966113 0,000985
dependencies 1,660731 0,000277
depending 0,673345 0,000112
depends 0,994252 0,000166
deploy 2,302585 0,000769
deployment 1,078810 0,000360
deposit 1,966113 0,000328
describes 0,820981 0,000137
description -0,009950 -0,000002
descriptionshort 0,000000 0,000000
design 0,127833 0,000085
designed 0,261365 0,000087
determinants 2,659260 0,000444
determine 0,733969 0,000123
determinism 3,218876 0,000538
developed 0,127833 0,000043
developers -0,009950 -0,000003
developing 0,673345 0,000337
development 0,083382 0,000056
devices 0,867501 0,000435
diagram 1,832581 0,000306
diane 3,506558 0,000586
differ 1,660731 0,000277
differences 0,967584 0,000323
different 0,020203 0,000003
differs 1,560648 0,000521
difficult 0,597837 0,000100
difficulties 2,040221 0,000341
digital 0,400478 0,000268
dimensional 1,560648 0,000261
direct 0,597837 0,000100
directing 2,813411 0,000470
directions 1,897120 0,000317
directly 0,415515 0,000208
disadvantage 2,525729 0,000422
disadvantages 2,525729 0,001266
disclaimers -0,009950 -0,000002
discussion 1,139434 0,000190
disguise 3,218876 0,000538
displaying 1,966113 0,000328
distributed 0,478036 0,000240
distribution 0,634878 0,000212
distributors 2,659260 0,000444
diversity 2,302585 0,000385
divert 3,506558 0,001172
division 1,386294 0,000463
divisional 3,912023 0,000654
divisions 3,218876 0,000538
dmaithan 3,912023 0,000654
dmy 0,994252 0,000166
dobrin 3,912023 0,000654
documentation 0,867501 0,000145
documents 1,078810 0,000180
dod 2,813411 0,000470
doherty 3,912023 0,000654
doi 0,162519 0,001602
don 0,916291 0,000153
donate -0,009950 -0,000003
doron 3,912023 0,000654
douglas 1,237874 0,000207
download -0,009950 -0,000002
downside 2,813411 0,000470
driven 0,867501 0,000290
drivers 1,469676 0,000246
dss 2,813411 0,000470
due 0,261365 0,000131
dulmin 3,912023 0,000654
dunod 3,506558 0,000586
duran 3,912023 0,000654
dynamic 0,562119 0,000188
each 0,072571 0,000109
early 0,301105 0,000101
earnings 2,302585 0,000385
eases 3,506558 0,000586
easily 0,843970 0,000423
easy 1,021651 0,000171
eatm 3,912023 0,001961
ebrahim 3,912023 0,000654
economic 0,843970 0,000282
economics 0,867501 0,000580
economies 2,207275 0,000369
economy 1,347074 0,001125
edikuncoro 3,912023 0,000654
edit -0,009950 -0,000040
editcommunity -0,009950 -0,000002
edited -0,009950 -0,000003
edp 3,912023 0,000654
eds 0,798508 0,000400
edu 1,108663 0,000556
education 0,579818 0,000484
educational 1,514128 0,000253
educause 3,912023 0,000654
effect 0,843970 0,000423
effective 0,994252 0,000498
effectively 0,994252 0,000166
effectiveness 1,427116 0,000238
effects 0,820981 0,000137
efficiencies 2,525729 0,000422
efficiency 0,673345 0,000337
effort 0,967584 0,000323
egui 3,912023 0,000654
either 0,248461 0,000042
electrical 1,021651 0,000171
electronic 0,634878 0,000424
electronics 1,171183 0,000196
elements 0,415515 0,000069
eliminates 2,407946 0,000402
elisabeth 3,506558 0,000586
ellen 2,813411 0,000940
elsayed 3,506558 0,000586
elsevier 1,203973 0,000603
email 1,469676 0,000246
emails 2,302585 0,000385
emea 2,995732 0,000500
emerald 2,995732 0,001001
emerging 1,139434 0,000381
employ 1,347074 0,000225
employees 1,609438 0,000807
employment 1,897120 0,000317
empty 1,427116 0,000238
emre 3,218876 0,000538
enable 0,798508 0,000133
enabled 0,994252 0,000498
enables 0,693147 0,000232
encyclopedia -0,009950 -0,000003
end 0,261365 0,000131
engineering 0,198451 0,000431
engineeringcomputational 3,912023 0,000654
engineers 1,171183 0,000196
english -0,009950 -0,000003
englishsloven 0,510826 0,000085
englishuse 1,966113 0,000328
enhanced 1,386294 0,000232
enhancing 1,966113 0,000657
enhong 3,912023 0,000654
enlists 3,912023 0,000654
ensure 0,994252 0,000166
ensuring 1,609438 0,000269
enterprise 0,510826 0,010155
enterprises 1,832581 0,002449
entire 0,755023 0,000252
entis 3,912023 0,003268
entitled 2,813411 0,000470
entrepreneurship 2,659260 0,000444
entry 1,309333 0,000437
envelopement 3,912023 0,000654
environment 0,478036 0,000399
epoc 2,995732 0,000500
equipment 1,203973 0,001006
equivalent 1,021651 0,000341
eric 1,078810 0,000180
erick 3,218876 0,000538
erik 1,832581 0,000306
ernest 3,218876 0,000538
erp 2,813411 0,105750
erps 3,912023 0,000654
errol 3,912023 0,000654
error 0,713350 0,000119
errors 0,733969 0,000368
erturk 3,912023 0,000654
espa 0,210721 0,000035
especially 0,415515 0,000069
establishing 1,660731 0,000277
estimated 1,309333 0,000219
estimating 1,966113 0,000328
etc 0,562119 0,000376
european 0,755023 0,000126
evaluate 1,771957 0,000296
evaluation 0,843970 0,000141
even 0,235722 0,000079
eventsrandom -0,009950 -0,000002
every 0,261365 0,000175
evidence 1,309333 0,000219
evolllution 3,912023 0,000654
evolution 0,820981 0,000137
examination 1,832581 0,000918
example 0,030459 0,000020
examples 0,328504 0,000055
exceptional 3,218876 0,000538
exchanged 1,771957 0,000296
execution 0,891598 0,000149
executive 1,347074 0,000225
existing 0,673345 0,000900
expands 2,407946 0,000402
expansion 1,386294 0,000463
expectations 2,120264 0,000354
expense 2,120264 0,000708
expenses 2,302585 0,000385
experience 1,021651 0,000341
experienced 2,207275 0,000369
experiential 3,506558 0,000586
exploration 1,966113 0,000657
exploratory 1,966113 0,000657
exploring 1,966113 0,000328
export -0,009950 -0,000002
extend 1,427116 0,000238
extended 0,755023 0,000252
extending 1,714798 0,000573
extension 0,967584 0,000323
extensions 0,916291 0,000459
extensive 1,272966 0,000213
external 0,030459 0,000025
externally 2,995732 0,000500
extra 1,609438 0,000269
facilitate 1,714798 0,000286
facilitates 1,771957 0,000888
facto 2,207275 0,000369
factor 0,867501 0,000290
factories 2,525729 0,000422
factors 1,021651 0,002389
failure 1,139434 0,000381
fairly 2,120264 0,000354
faisal 3,912023 0,001307
false 1,272966 0,000213
fan 1,897120 0,000317
faq 1,386294 0,000232
farrar 3,218876 0,000538
farzaneh 3,912023 0,000654
faster 0,994252 0,000166
feature 0,616186 0,000309
features 0,371064 0,000248
february 0,061875 0,000041
feedback 1,309333 0,000219
felderer 3,912023 0,000654
felix 2,407946 0,000402
feng 2,659260 0,000444
ferdinand 3,218876 0,000538
ferdows 3,912023 0,000654
fernando 2,525729 0,000422
ferratt 3,912023 0,000654
few 0,653926 0,000218
fewer 1,897120 0,000317
feybi 3,912023 0,000654
field 0,527633 0,000088
fields 0,713350 0,000119
filepermanent -0,009950 -0,000002
files 0,843970 0,000141
filespecial -0,009950 -0,000002
fill 2,407946 0,000402
finance 0,843970 0,000564
financial 0,776529 0,000389
find 0,544727 0,000091
firewall 2,407946 0,000402
firm 1,560648 0,000521
firms 1,514128 0,000506
first 0,020203 0,000017
fit 1,560648 0,000261
fixed 0,494296 0,000083
flexibility 1,660731 0,000277
flexible 1,427116 0,000477
floor 2,207275 0,002581
flow 0,510826 0,000171
focus 0,755023 0,000126
focused 1,078810 0,000541
foley 2,659260 0,000444
following 0,210721 0,000106
forbes 1,427116 0,000238
force 0,867501 0,000145
forcing 2,207275 0,000369
forecasting 1,469676 0,000491
foreign 1,139434 0,000190
formal 0,673345 0,000112
formats 1,609438 0,000269
forms 0,562119 0,000188
fort 3,218876 0,000538
found 0,385662 0,000064
foundation -0,009950 -0,000002
fox 2,120264 0,000354
framework 0,342490 0,000286
fran 0,223144 0,000037
francis 1,347074 0,000675
francisco 1,609438 0,000269
frank 1,309333 0,000219
frazier 3,912023 0,000654
free -0,009950 -0,000003
freeze 2,995732 0,000500
french 1,386294 0,000695
front 1,108663 0,000185
frontiers 2,525729 0,000844
frontline 3,912023 0,000654
fryling 3,912023 0,001307
fulfillment 2,995732 0,000500
full 0,371064 0,000062
fully 0,616186 0,000206
function 0,210721 0,000070
functional 0,733969 0,000613
functionality 0,843970 0,000141
functions 0,356675 0,000596
fundamental 0,867501 0,000290
funds 1,714798 0,000286
funnel 3,912023 0,000654
further 0,139262 0,000023
future 0,274437 0,000321
gable 3,912023 0,001307
gain 1,386294 0,000232
gains 1,514128 0,000506
gale 3,506558 0,014059
gaps 2,525729 0,000844
gartner 2,302585 0,004616
gartnergroup 3,912023 0,000654
gary 1,714798 0,000286
gaze 3,912023 0,000654
general -0,009950 -0,000003
generally 0,287682 0,000048
generate 0,798508 0,000133
generation 0,867501 0,000580
genovese 3,912023 0,000654
george 0,916291 0,000153
getting 1,237874 0,000207
gholamzadeh 3,912023 0,000654
gill 2,813411 0,000470
gillian 3,218876 0,000538
girish 3,912023 0,000654
give 0,843970 0,000141
given 0,261365 0,000044
global 0,478036 0,000479
globalization 2,659260 0,001333
goals 1,237874 0,000207
goes 1,237874 0,000207
golden 2,525729 0,000422
goni 3,912023 0,000654
gooda 3,912023 0,000654
government 0,755023 0,001387
governments 1,386294 0,000232
gradual 2,659260 0,000444
graeme 3,506558 0,000586
grant 1,660731 0,000277
greg 2,120264 0,000354
gren 3,912023 0,000654
groothuis 3,912023 0,000654
ground 1,771957 0,000296
group 0,301105 0,000302
grouped 2,120264 0,000354
grove 3,218876 0,000538
growing 0,891598 0,000149
grown 1,897120 0,000317
growth 0,755023 0,000126
grp 3,912023 0,001961
guay 3,912023 0,000654
guez 3,218876 0,000538
guide 0,356675 0,000119
gunanda 3,912023 0,000654
gunasekaran 3,506558 0,001172
guy 1,966113 0,000657
habermann 3,912023 0,000654
haft 3,912023 0,000654
hajipour 3,912023 0,000654
hall 0,653926 0,000109
handle 0,994252 0,000166
hani 3,912023 0,000654
happened 2,207275 0,000369
hardware 0,579818 0,000291
harmonising 3,912023 0,000654
harmonization 3,218876 0,000538
harnessing 2,813411 0,000470
harreld 3,912023 0,000654
harvard 1,386294 0,000463
hasan 2,302585 0,000385
hashmi 3,912023 0,000654
hasman 3,912023 0,000654
havenhand 3,912023 0,000654
having 0,579818 0,000097
hawaii 3,218876 0,001613
hawamleh 3,912023 0,000654
hayes 2,813411 0,000470
hayman 3,912023 0,000654
head 1,021651 0,000171
health 0,994252 0,000498
healthcare 1,347074 0,000225
heather 2,659260 0,000444
heavily 1,203973 0,000201
heidelberg 2,207275 0,002581
heidi 3,912023 0,000654
help 0,248461 0,000208
helping 1,771957 0,000296
helplearn -0,009950 -0,000002
henderson 3,506558 0,000586
hendratno 3,912023 0,000654
hererelated -0,009950 -0,000002
hhvgh 3,912023 0,000654
hicss 3,506558 0,001172
hide -0,009950 -0,000007
hierarchical 1,897120 0,000317
hierarchies 2,659260 0,000444
high 0,223144 0,000075
higher 0,430783 0,000216
highest 1,514128 0,000253
highly 0,867501 0,000145
hill 0,867501 0,000290
hillegersberg 3,912023 0,000654
hinder 2,995732 0,000500
hines 3,218876 0,000538
history -0,009950 -0,000008
hitt 3,912023 0,000654
hoffer 3,912023 0,000654
holland 2,120264 0,000354
homegrown 3,506558 0,000586
honghua 3,912023 0,000654
hooks 2,525729 0,000422
hoque 3,912023 0,000654
hospitals 2,407946 0,000402
hossein 2,659260 0,000444
hosting 1,560648 0,000261
how 0,072571 0,000048
however 0,094311 0,000079
hritik 3,912023 0,000654
hsien 3,912023 0,000654
https -0,009950 -0,000003
huang 1,897120 0,000317
huei 3,912023 0,000654
human 0,579818 0,000291
hunton 3,912023 0,000654
hybrid 1,171183 0,000391
ian 1,347074 0,000225
ibm 0,693147 0,000116
icime 3,912023 0,000654
icis 3,218876 0,000538
icndc 3,912023 0,000654
icsice 3,912023 0,000654
icsmc 3,912023 0,000654
idea 0,820981 0,000411
identify 0,867501 0,000435
ieee 0,634878 0,000636
iemc 3,912023 0,001307
igi 3,506558 0,000586
ijinfomgt 2,995732 0,000500
ijme 3,912023 0,000654
ijmedinf 3,506558 0,000586
iman 3,912023 0,000654
impact 0,597837 0,000599
implement 0,755023 0,000631
implementation 0,328504 0,002524
implementations 0,733969 0,001349
implemented 0,544727 0,000182
implementing 0,994252 0,000332
implications 1,347074 0,000225
implies 1,560648 0,000261
important 0,287682 0,000048
improve 0,274437 0,000092
improved 0,776529 0,000130
improvement 1,203973 0,000201
improving 1,171183 0,000587
imtiaz 3,912023 0,000654
ina 0,356675 0,000060
inactive 2,120264 0,001063
inadequate 2,525729 0,000422
inc -0,009950 -0,000015
include 0,061875 0,000083
includes 0,274437 0,000046
including 0,040822 0,000027
incompatible 1,560648 0,000261
incomplete 2,040221 0,000341
incorporate 1,560648 0,000521
increase 0,544727 0,000364
increased 0,820981 0,000411
increases 1,171183 0,000391
increasing 0,916291 0,000459
increasingly 0,776529 0,000130
independent 0,713350 0,000358
index -0,009950 -0,000002
indicates 1,272966 0,000213
indmarman 3,506558 0,000586
indonesiaitaliano 1,237874 0,000207
industrial 0,843970 0,000282
industry 0,527633 0,000353
inevitably 3,506558 0,000586
influence 1,078810 0,000360
influences 1,771957 0,000296
influencing 2,207275 0,000369
influential 1,897120 0,000634
inforem 3,912023 0,000654
inform 2,659260 0,000444
information 0,072571 0,000679
informationcite -0,009950 -0,000002
informed 1,560648 0,000261
informs 2,995732 0,001001
infoworld 1,609438 0,000269
infrastructure 0,713350 0,000238
ingolfo 3,912023 0,000654
initial 0,597837 0,000100
initially 0,693147 0,000116
initiatives 2,040221 0,000682
injazz 3,912023 0,000654
inka 3,912023 0,000654
innovation 1,078810 0,001262
insight 2,302585 0,000385
insights 1,427116 0,000477
instead 0,301105 0,000101
institute 0,579818 0,000291
institutes 3,506558 0,000586
institutions 1,171183 0,000196
int 1,560648 0,000261
integrate 1,560648 0,000521
integrated 0,634878 0,001379
integrates 2,659260 0,000444
integrating 1,560648 0,000521
integration 0,673345 0,002137
integrator 3,506558 0,000586
integrators 3,506558 0,001172
intellectual 1,897120 0,000317
intelligence 0,693147 0,000116
intelligent 1,203973 0,000201
intend 2,525729 0,000422
interact 1,514128 0,000253
interaction 0,967584 0,000162
interactive 0,891598 0,000149
interchangeable 3,506558 0,000586
interest 0,693147 0,000116
interfaces 0,713350 0,000596
interfacing 2,659260 0,000888
internal 0,634878 0,000318
internally 1,897120 0,000317
international 0,139262 0,000535
internet 0,462035 0,000386
interpret 1,832581 0,000306
interpretation 1,660731 0,000277
interpreting 2,207275 0,000369
introduction 0,261365 0,000044
introductions 2,302585 0,000385
invasive 2,813411 0,000470
inventionshidden 2,813411 0,000470
inventory 1,966113 0,002299
invest 2,207275 0,000369
investigation 1,609438 0,000269
investment 1,171183 0,000196
investments 1,714798 0,000286
invoice 3,506558 0,000586
invoiced 3,912023 0,000654
invoicing 3,912023 0,000654
involving 1,309333 0,000437
iot 1,714798 0,000573
irani 3,218876 0,000538
ireland 2,995732 0,000500
irwin 2,659260 0,000444
isbn 0,051293 0,000283
islands 2,813411 0,000470
issn 0,478036 0,000479
issues 0,527633 0,000353
item -0,009950 -0,000002
itm 3,912023 0,000654
itmconf 3,912023 0,000654
iuniverse 3,506558 0,000586
ivo 3,506558 0,000586
jacobs 2,995732 0,001001
jacqueline 3,506558 0,000586
jahangir 3,912023 0,000654
james 0,634878 0,000212
january 0,083382 0,000320
jaradat 3,912023 0,000654
jarom 3,912023 0,000654
jbsed 3,912023 0,000654
jclepro 3,506558 0,000586
jcpro 3,506558 0,000586
jctn 3,912023 0,001307
jean 1,514128 0,000759
jeanne 3,912023 0,000654
jeim 3,912023 0,000654
jerald 3,912023 0,000654
jermsittiparsert 3,912023 0,000654
jessie 3,912023 0,000654
jiang 2,525729 0,000422
jing 2,995732 0,000500
jitesh 3,912023 0,000654
jiwat 3,912023 0,000654
joanna 2,659260 0,000444
job 1,203973 0,000402
johannes 2,995732 0,000500
john 0,210721 0,000176
jom 3,912023 0,000654
jordan 1,714798 0,000286
jordanian 3,506558 0,000586
jos 2,407946 0,000805
jose 2,120264 0,000354
joseph 0,820981 0,000274
journal 0,198451 0,001193
jphcs 3,506558 0,001172
jstor 0,843970 0,001692
juliang 3,912023 0,000654
july 0,127833 0,000384
jump -0,009950 -0,000002
june 0,094311 0,000047
just 0,328504 0,000110
kai 2,302585 0,000385
kaihoi 3,912023 0,000654
kannadhasan 3,912023 0,000654
kapulin 3,912023 0,000654
karimi 3,912023 0,000654
karl 1,966113 0,000328
katherine 2,525729 0,000422
kayas 3,912023 0,000654
kept 1,560648 0,000261
kern 3,506558 0,000586
kevin 1,386294 0,000232
key 0,356675 0,000238
khosrow 3,912023 0,000654
kind 1,021651 0,000171
king 1,771957 0,000592
kinkel 3,912023 0,000654
kleme 3,912023 0,000654
knoesis 3,912023 0,000654
knowledge 0,616186 0,000412
koh 3,912023 0,000654
komala 3,912023 0,000654
kovacs 3,218876 0,000538
kraemmerand 3,912023 0,000654
kristi 3,912023 0,000654
kristoffersson 3,912023 0,000654
kriswanto 3,912023 0,000654
kuiper 3,912023 0,000654
kuldeep 3,912023 0,000654
kumar 1,966113 0,000985
kun 3,912023 0,000654
kurbel 3,912023 0,000654
kwak 3,506558 0,000586
lack 0,843970 0,000282
langenwalter 3,912023 0,000654
language 0,186330 0,000031
languages -0,009950 -0,000003
large 0,127833 0,000149
largely 1,272966 0,000213
larger 0,941609 0,000157
larry 1,514128 0,000253
last -0,009950 -0,000003
later 0,223144 0,000075
latter 0,916291 0,000153
laura 2,407946 0,000402
lead 0,673345 0,000225
leading 0,798508 0,000133
learned 1,386294 0,000232
learning 0,494296 0,000743
leary 3,506558 0,000586
leave 2,040221 0,000341
lecture 1,427116 0,000238
ledger 2,040221 0,000341
lee 0,994252 0,000332
legacy 1,309333 0,000219
legal -0,009950 -0,000003
legitimacy 2,995732 0,000500
lenny 3,912023 0,000654
leon 2,813411 0,000470
lequeux 3,912023 0,000654
les 2,525729 0,000844
leslie 2,659260 0,000444
less 0,430783 0,000360
lessons 1,832581 0,001225
let 1,139434 0,000190
lets 1,832581 0,000612
level 0,116534 0,000097
leverages 2,525729 0,000422
leveraging 2,813411 0,000940
levi 2,995732 0,000500
liang 2,995732 0,000500
libraries 0,713350 0,000238
license -0,009950 -0,000002
lied 3,912023 0,000654
liedtka 3,912023 0,000654
lietuvi 2,302585 0,000385
life 0,653926 0,000655
lifecycle 2,120264 0,000354
light 1,078810 0,000180
like 0,072571 0,000012
likely 0,994252 0,000166
limit 0,994252 0,000166
limited 0,510826 0,000085
lin 1,660731 0,000555
lincoln 2,995732 0,000500
link 0,162519 0,000054
linking 2,040221 0,000682
linkpage -0,009950 -0,000002
links -0,009950 -0,000007
linkscs 1,272966 0,000213
list 0,083382 0,000014
literature 1,272966 0,000213
liu 1,427116 0,000477
live 1,203973 0,000402
ller 2,302585 0,000385
local 0,415515 0,000139
location 0,994252 0,000166
locations 1,078810 0,000180
log -0,009950 -0,000003
logistics 1,966113 0,000328
loh 3,506558 0,000586
long 0,287682 0,000240
loose 2,525729 0,000422
loosely 1,897120 0,000634
lorin 3,912023 0,000654
lorna 3,506558 0,000586
loss 0,967584 0,000162
losses 1,966113 0,000328
lot 1,469676 0,000246
louis 1,771957 0,000592
lowest 1,897120 0,000317
ltd 1,203973 0,000402
lucas 2,040221 0,000341
lulu 2,995732 0,000500
lyn 3,912023 0,000654
maata 3,912023 0,000654
machine 0,083382 0,000014
machinery 1,203973 0,000201
madjid 3,912023 0,000654
magyar 1,049822 0,000175
main -0,009950 -0,000018
maint 0,798508 0,000267
maintain 0,941609 0,000315
maintenance 0,843970 0,000564
majority 1,139434 0,000190
make 0,235722 0,000276
makers 2,407946 0,000805
makes 0,415515 0,000069
making 0,328504 0,000604
malik 2,525729 0,000422
mammoth 3,912023 0,000654
man 1,139434 0,000190
manag 3,912023 0,001307
manage 0,967584 0,000970
managed 1,203973 0,000201
management 0,139262 0,001698
managementfinancial 3,912023 0,000654
managementhuman 3,912023 0,000654
managementproduct 3,912023 0,000654
managementsupply 3,912023 0,000654
manager 0,994252 0,000166
managerial 2,407946 0,000402
manages 1,714798 0,000286
managing 1,021651 0,000341
manaqement 3,912023 0,000654
mandana 3,912023 0,000654
manufacturers 1,771957 0,000296
manufacturing 1,469676 0,004665
many 0,061875 0,000062
march 0,116534 0,000078
mardini 3,912023 0,000654
maria 2,407946 0,000402
marine 2,407946 0,000402
marked 1,139434 0,000190
market 0,616186 0,000926
marketing 0,916291 0,000459
mart 2,813411 0,000470
marwan 3,912023 0,001307
mary 1,514128 0,000253
maryam 3,506558 0,000586
massachusetts 1,514128 0,000759
master 1,203973 0,000402
mastering 2,040221 0,000341
match 1,386294 0,000232
matches 1,021651 0,000171
matching 1,171183 0,000391
material 0,867501 0,000145
materials 1,386294 0,001621
matos 3,506558 0,000586
matter 1,386294 0,000232
maya 3,218876 0,000538
mbe 3,912023 0,000654
mccrea 3,912023 0,000654
mcgaughey 3,218876 0,000538
mcgraw 1,108663 0,000370
mcis 3,912023 0,000654
mclean 3,506558 0,000586
means 0,198451 0,000033
measures 0,941609 0,000157
mechanism 0,733969 0,000123
med 2,659260 0,000888
media 0,139262 0,000047
mediated 2,525729 0,000422
mediating 3,506558 0,000586
medium 1,203973 0,000402
meer 3,912023 0,000654
meet 0,867501 0,000435
meeting 1,427116 0,000238
meg 3,506558 0,001172
mehdi 2,813411 0,000470
meirelles 3,912023 0,000654
meiryani 3,912023 0,000654
menu -0,009950 -0,000003
merely 2,207275 0,000369
merode 3,912023 0,000654
method 0,210721 0,000106
methodologies 1,771957 0,000296
methodology 1,108663 0,000370
methods 0,274437 0,000046
metricstream 3,912023 0,000654
miah 3,912023 0,000654
michael 0,400478 0,000201
microsoft 0,579818 0,000194
mid 0,994252 0,000166
migrated 2,659260 0,000444
migrating 2,659260 0,000444
migration 1,714798 0,002865
mike 1,237874 0,000207
miklovic 3,912023 0,000654
milestones 2,525729 0,000422
minefied 3,912023 0,000654
minimising 3,506558 0,000586
minimized 3,218876 0,000538
mining 1,021651 0,000171
mininno 3,912023 0,000654
minnesota 2,525729 0,000844
mis 2,659260 0,001777
mismatch 2,659260 0,000444
mismatches 3,506558 0,000586
missing 0,891598 0,000298
mitigate 1,609438 0,000269
mixture 2,407946 0,000402
mobile -0,009950 -0,000003
model 0,162519 0,000109
modeling 0,867501 0,000145
modelling 1,832581 0,000306
models 0,527633 0,000176
modelsbusiness 3,912023 0,000654
modern 0,314711 0,000158
modernization 3,506558 0,000586
modify 1,237874 0,000414
modular 1,560648 0,000521
modularization 3,506558 0,000586
module 1,049822 0,000175
modules 1,347074 0,001350
mohanraj 3,912023 0,000654
molina 2,813411 0,000470
momoh 3,912023 0,000654
money 1,171183 0,000196
monitoring 1,427116 0,000238
monk 3,912023 0,001307
monolithic 2,813411 0,000940
montgomery 3,912023 0,000654
months 0,891598 0,000298
moor 3,506558 0,000586
moorthy 3,912023 0,000654
more 0,010050 0,000029
moreover 1,560648 0,000261
morris 1,832581 0,000306
most 0,040822 0,000055
motivation 2,120264 0,000354
move -0,009950 -0,000007
moving 0,776529 0,000259
mrp 2,995732 0,001501
muhannad 3,912023 0,000654
multicriteria 3,912023 0,000654
multinational 2,995732 0,001001
multiple 0,116534 0,000117
murrell 3,912023 0,000654
muscatello 3,912023 0,001307
mylopoulos 3,912023 0,000654
myriad 3,218876 0,000538
name 0,342490 0,000057
naming 1,386294 0,000232
nanoscience 3,912023 0,000654
navigation -0,009950 -0,000002
nazzal 3,912023 0,000654
near 1,171183 0,000196
neboj 3,912023 0,000654
nebraska 3,506558 0,000586
necessary 0,616186 0,000309
nederlands 0,415515 0,000069
need 0,248461 0,000208
needed 0,210721 0,000176
needs 0,415515 0,000347
negotiating 2,995732 0,000500
nervous 3,218876 0,000538
network 0,210721 0,000070
networking 1,171183 0,000391
new 0,010050 0,000013
newly 1,560648 0,000261
news 0,446287 0,000149
next 0,400478 0,000268
nguyen 2,525729 0,000422
nicely 3,506558 0,000586
nick 1,469676 0,000246
nigel 2,659260 0,000444
ning 2,407946 0,000402
non -0,009950 -0,000005
norita 3,912023 0,000654
norsk 0,342490 0,000057
northwest 3,506558 0,000586
not 0,000000 0,000000
notes 0,415515 0,000069
notifications 2,525729 0,000422
nouvelles 3,218876 0,000538
november 0,150823 0,000050
now 0,274437 0,000092
number 0,051293 0,000017
objectives 1,660731 0,000277
obtain 1,347074 0,000225
occupationsautomationautomation 3,912023 0,000654
occurs 1,427116 0,000238
october 0,139262 0,000163
odell 3,506558 0,000586
off 0,776529 0,000130
offer 0,820981 0,000549
offered 1,139434 0,000190
offering 0,994252 0,000166
offers 0,755023 0,000126
office 0,916291 0,000459
offset 2,407946 0,000402
often 0,127833 0,000214
old 0,994252 0,000166
oldid -0,009950 -0,000002
oleuskara 1,514128 0,000253
oliver 1,660731 0,000277
once 0,544727 0,000182
one 0,010050 0,000008
onefile 3,912023 0,007842
only 0,051293 0,000017
open 0,235722 0,000158
operate 1,049822 0,000351
operating 0,462035 0,000077
operation 0,713350 0,000238
operational 1,171183 0,000391
operations 0,301105 0,000302
opportunities 1,427116 0,000954
opportunity 1,832581 0,000306
optimization 0,693147 0,000232
optimize 1,560648 0,000261
optimizing 1,469676 0,000491
optional 1,386294 0,000463
options 1,108663 0,000926
oracle 1,108663 0,000370
order 0,094311 0,000095
ordered 1,386294 0,000232
orders 2,120264 0,001771
org -0,009950 -0,000002
organisation 2,207275 0,000369
organisational 3,912023 0,001307
organization -0,009950 -0,000025
organizational 1,609438 0,002689
organizations 0,798508 0,001868
orient 3,912023 0,000654
oriented 0,798508 0,000133
origin 1,108663 0,000370
original 0,030459 0,000031
other -0,009950 -0,000018
others 0,314711 0,000053
out 0,261365 0,000175
outcomes 2,040221 0,000341
output 0,713350 0,000119
outside 0,798508 0,000133
ouyang 3,912023 0,000654
oveisi 3,912023 0,000654
overall 0,967584 0,000485
overcoming 3,218876 0,000538
overreliance 3,912023 0,000654
overwritten 3,218876 0,000538
own 0,371064 0,000496
owner 1,309333 0,000656
ownership 1,469676 0,000491
oxford 0,843970 0,000282
oxley 3,912023 0,000654
pacis 3,912023 0,000654
package 1,078810 0,000180
packages 1,309333 0,000656
packing 2,995732 0,000500
paganelli 3,912023 0,000654
page -0,009950 -0,000002
pagecontentscurrent -0,009950 -0,000002
pageget -0,009950 -0,000002
pages -0,009950 -0,000002
pang 3,218876 0,000538
panjaitan 3,912023 0,000654
panoptic 3,912023 0,000654
paper 0,713350 0,000119
papers 1,203973 0,000201
parente 3,912023 0,000654
paris 1,714798 0,000573
part 0,127833 0,000107
parties 1,021651 0,000171
partner 2,659260 0,000444
partners 2,302585 0,000385
parts 0,544727 0,000091
party 0,798508 0,000267
pass 1,469676 0,000246
past 1,049822 0,000175
path 0,994252 0,000166
patrick 1,714798 0,000286
paul 0,544727 0,000091
payables 3,912023 0,000654
payback 3,912023 0,000654
payment 1,427116 0,000238
payments 1,897120 0,000317
payroll 3,218876 0,001075
pdf 0,139262 0,000116
pdfprintable -0,009950 -0,000002
pedagogical 3,912023 0,000654
pelphrey 3,912023 0,000654
pension 2,120264 0,000354
perceived 1,897120 0,000317
perform 0,562119 0,000094
performance 0,261365 0,000480
period 1,108663 0,000185
personal -0,009950 -0,000002
perspective 0,820981 0,000274
perspectives 1,832581 0,000612
peter 0,494296 0,000083
petkovi 3,912023 0,000654
pettey 3,912023 0,000654
phase 1,560648 0,000261
philip 1,469676 0,000246
php -0,009950 -0,000002
physics 0,994252 0,000332
piazolo 3,912023 0,000654
picking 2,813411 0,000470
place 0,597837 0,000100
plan 0,916291 0,000306
planning 0,941609 0,016045
planningbusiness 3,912023 0,001307
plans 1,171183 0,000391
plant 1,897120 0,002218
platform 0,527633 0,000617
ploder 3,912023 0,000654
plos 2,813411 0,000470
ploso 3,506558 0,000586
pmc 1,272966 0,000213
pmid 0,994252 0,000830
policies 1,237874 0,000620
policy -0,009950 -0,000003
political 1,272966 0,000213
politically 2,813411 0,000470
polskiportugu 0,916291 0,000153
pone 3,218876 0,000538
poor 1,714798 0,000286
portal 0,597837 0,000100
portalrecent -0,009950 -0,000002
pose 1,966113 0,000328
possibly 1,386294 0,000232
post 0,579818 0,000291
postimplementation 3,912023 0,000654
postmodern 3,912023 0,006535
potential 0,653926 0,000437
potomac 3,912023 0,000654
power 0,400478 0,000201
practice 0,371064 0,000124
practices 1,139434 0,001903
practitioner 2,659260 0,000444
prather 3,912023 0,000654
pre 0,941609 0,000157
predictable 2,302585 0,000769
predictably 3,912023 0,000654
predicting 2,207275 0,000369
predicts 2,207275 0,000737
preface 2,525729 0,000422
premises 2,813411 0,002350
preparation 1,897120 0,000634
present 0,597837 0,000100
press 0,210721 0,000246
priatna 3,912023 0,000654
pricing 1,609438 0,000269
principles 0,597837 0,000300
print -0,009950 -0,000002
printing 2,040221 0,000341
prior 0,891598 0,000149
privacy -0,009950 -0,000003
private 0,693147 0,000463
problem 0,385662 0,000129
problematic 2,407946 0,000402
problems 0,430783 0,000072
procedure 1,386294 0,000232
procedures 1,660731 0,000555
proceedings 0,597837 0,000599
process 0,116534 0,000487
processes 0,634878 0,002015
processescustomer 3,912023 0,000654
processing 0,356675 0,000238
procurement 2,813411 0,000470
product 0,579818 0,000775
production 0,798508 0,001201
productivity 1,660731 0,000832
profit -0,009950 -0,000005
profitability 2,207275 0,000369
program 0,328504 0,000110
project 0,314711 0,000578
projectauditors 3,912023 0,000654
projects -0,009950 -0,000013
promise 1,427116 0,000477
proper 1,171183 0,000196
proportion 2,407946 0,000402
proquest 2,207275 0,000369
pros 3,218876 0,000538
protects 2,659260 0,000444
provide 0,174353 0,000087
provided 0,494296 0,000165
providers 1,514128 0,000506
provides 0,261365 0,000218
public 0,248461 0,000457
publications 0,941609 0,000472
published 0,328504 0,000055
publishing 0,446287 0,000298
puor 3,912023 0,000654
purchase 1,469676 0,000737
purchasing 1,897120 0,000634
pursuing 2,995732 0,000500
putaway 3,912023 0,000654
putra 3,912023 0,000654
putri 3,912023 0,000654
putting 2,040221 0,000682
qing 3,506558 0,000586
quality 0,673345 0,000112
quang 3,506558 0,000586
quarterly 1,832581 0,001531
quicker 2,525729 0,000422
quite 1,514128 0,000253
rachel 2,659260 0,000444
radical 2,525729 0,000422
radovilsky 3,912023 0,000654
raeesi 3,506558 0,000586
ragowsky 3,912023 0,000654
ram 1,660731 0,000277
rama 3,912023 0,000654
ramaswamy 3,912023 0,000654
ran 1,966113 0,000657
rand 2,525729 0,000422
ranganathan 3,912023 0,000654
rapid 1,237874 0,000414
rapidly 1,514128 0,000253
ras 3,506558 0,000586
rates 1,272966 0,000638
rather 0,287682 0,000192
rau 3,912023 0,000654
raw 1,272966 0,000213
rayner 3,912023 0,000654
reacting 3,506558 0,000586
reaction 2,120264 0,000708
readeditview 0,287682 0,000096
readily 2,407946 0,000805
readiness 2,659260 0,000444
reads 3,218876 0,000538
real 0,210721 0,000246
realities 3,912023 0,000654
reason 1,049822 0,000175
reborn 3,912023 0,000654
receipt 2,813411 0,000470
receipts 3,218876 0,000538
receivables 3,912023 0,000654
receives 1,469676 0,000246
receiving 1,714798 0,000286
reck 3,912023 0,000654
reconcile 2,813411 0,000470
recruiting 3,218876 0,000538
reduce 0,673345 0,000112
reduces 1,609438 0,000269
reducing 1,021651 0,000341
reengineering 3,506558 0,000586
refer 0,867501 0,000145
references 0,020203 0,000007
referred 0,446287 0,000075
reflected 1,609438 0,000269
reflects 1,832581 0,000306
regarding 1,386294 0,000232
regional 1,660731 0,000832
registered -0,009950 -0,000002
regulatory 1,427116 0,000477
reinhard 2,995732 0,000500
related 0,051293 0,000034
relations 1,386294 0,000232
relationship 0,891598 0,001192
relationships 1,171183 0,000196
relatively 1,049822 0,000351
relevant 0,916291 0,000153
reliability 1,021651 0,000171
reliable 0,616186 0,000103
reliant 2,659260 0,000444
rely 1,139434 0,000190
remain 1,078810 0,000180
replace 1,203973 0,000402
replaced 1,237874 0,000207
replacing 1,609438 0,000269
replenishment 2,995732 0,001001
replicated 3,218876 0,000538
reporting 1,427116 0,000715
repository 1,078810 0,000180
represent 0,733969 0,000123
require 0,462035 0,000232
required 0,274437 0,000138
requirement 1,427116 0,000477
requirements 0,597837 0,000699
requires 0,430783 0,000432
requiring 1,049822 0,000351
research 0,261365 0,000568
resistance 1,897120 0,000317
resource 0,733969 0,011158
resources 0,314711 0,000683
respond 1,660731 0,000277
responding 2,040221 0,000341
responses 1,771957 0,000296
responsibility 1,560648 0,000782
resrep 3,506558 0,001172
restructuring 2,813411 0,000470
resulting 0,798508 0,000133
retailers 2,120264 0,000354
retesting 3,912023 0,000654
rethinking 2,813411 0,000470
retirement 2,813411 0,000940
retrieved -0,009950 -0,000048
reuters 1,660731 0,000277
reuther 3,912023 0,000654
revenue 1,609438 0,000269
review 0,385662 0,000258
rewriting 2,040221 0,000341
ric 3,218876 0,001075
richard 0,733969 0,000123
rigidly 3,506558 0,000586
riposo 3,912023 0,000654
rise 0,967584 0,000323
risk 0,597837 0,000499
risks 1,108663 0,000370
robert 0,579818 0,000097
roc 2,995732 0,000500
rodr 3,218876 0,000538
roel 3,506558 0,000586
role 0,634878 0,000424
roles 1,469676 0,000246
roll 2,207275 0,000369
rolling 2,120264 0,000354
rolls 2,659260 0,000444
rolou 3,912023 0,000654
rom 0,616186 0,000103
ronald 1,714798 0,000859
roos 3,506558 0,000586
root 0,994252 0,000166
rostering 3,912023 0,000654
roy 1,966113 0,000328
royce 3,912023 0,000654
ruhi 3,912023 0,000654
rule 0,941609 0,000157
rules 0,616186 0,000412
run 0,446287 0,000298
running 0,713350 0,000119
runtong 3,912023 0,000654
russkikh 3,912023 0,000654
ruthless 3,912023 0,000654
sabo 3,912023 0,000654
safety -0,009950 -0,000002
sage 2,659260 0,000444
saleem 3,506558 0,000586
sales 1,171183 0,001565
sambath 3,912023 0,000654
same 0,116534 0,000058
sammon 3,506558 0,000586
sankar 3,912023 0,000654
sap 2,525729 0,000844
saqer 3,912023 0,000654
sara 2,995732 0,000500
sarbanes 3,912023 0,000654
sardjono 3,912023 0,000654
satheesh 3,506558 0,000586
satisfaction 2,207275 0,000369
saves 2,659260 0,000444
savin 3,912023 0,000654
savitri 3,912023 0,000654
say 1,078810 0,000180
scalable 1,832581 0,000306
scheduling 1,386294 0,000463
scheer 3,912023 0,000654
schl 3,912023 0,000654
school 1,078810 0,000360
schools 1,609438 0,000269
schuerenberg 3,912023 0,000654
science 0,287682 0,000336
sciences 0,867501 0,000435
scitepress 3,506558 0,000586
scm 2,659260 0,000888
scope 0,941609 0,000315
screens 2,995732 0,000500
scrutiny 2,813411 0,000470
seamless 2,659260 0,000444
sean 1,609438 0,000269
search -0,009950 -0,000008
sebayang 3,912023 0,000654
second 0,342490 0,000057
section 0,562119 0,000094
sector 1,386294 0,001853
security 0,314711 0,000368
see -0,009950 -0,000003
seen 0,776529 0,000130
segmental 3,912023 0,000654
select 1,347074 0,000450
selecting 2,302585 0,000769
selection 1,021651 0,000341
self 0,478036 0,000080
selling 1,514128 0,000253
semantics 1,171183 0,000196
sensitive 1,272966 0,000425
separate 0,693147 0,000232
separation 1,560648 0,000261
september 0,150823 0,000202
septi 3,912023 0,000654
sergey 2,120264 0,000354
sergio 2,995732 0,000500
series 0,328504 0,000384
server 0,653926 0,000109
service 0,314711 0,000210
servicenow 3,912023 0,000654
services 0,400478 0,000401
set 0,083382 0,000014
setiani 3,912023 0,000654
setting 1,171183 0,000391
settings 1,609438 0,000269
setup 2,040221 0,000341
several 0,094311 0,000016
shad 3,912023 0,000654
shafqat 3,912023 0,000654
shahrzad 3,912023 0,000654
shaiti 3,912023 0,000654
shanks 3,912023 0,000654
shaped 2,207275 0,000369
share 0,616186 0,000206
sharealike -0,009950 -0,000002
shared 0,755023 0,000126
sharing 0,967584 0,000162
shaul 3,912023 0,001961
shehab 3,912023 0,000654
shelf 2,659260 0,000444
shelton 3,912023 0,000654
shen 2,659260 0,000444
shi 2,995732 0,001001
shields 3,218876 0,000538
shift 1,347074 0,000225
shih 2,995732 0,000500
shin 2,659260 0,000444
shipping 1,832581 0,000306
shopify 3,506558 0,001172
short -0,009950 -0,000002
shortened -0,009950 -0,000002
shorter 1,714798 0,000286
shouldn 3,218876 0,000538
showing 1,347074 0,000225
shows 1,139434 0,000190
siau 3,912023 0,000654
sidebar -0,009950 -0,000007
siena 3,506558 0,000586
signature 1,714798 0,000573
significant 0,328504 0,000055
similar 0,186330 0,000031
simon 1,108663 0,000185
simple 0,150823 0,000025
simplified 1,609438 0,000269
simulating 2,813411 0,000470
simulation 1,309333 0,000219
since 0,139262 0,000047
single 0,127833 0,000043
singsa 3,912023 0,000654
site -0,009950 -0,000002
size 0,462035 0,000154
skills 1,660731 0,000277
slow 1,514128 0,000253
small 0,314711 0,000210
smaller 0,994252 0,000664
sme 3,912023 0,000654
smes 3,506558 0,001172
smith 1,203973 0,000201
smythe 3,912023 0,001307
soa 2,813411 0,000940
socio 2,813411 0,000470
soft 2,040221 0,000341
software 0,127833 0,000598
softwarebusiness 3,912023 0,000654
softwarecomputer 3,912023 0,000654
sohrabi 3,912023 0,000654
solution 0,776529 0,000778
solutions 0,820981 0,001920
solvers 2,813411 0,000470
solving 1,609438 0,000269
some 0,040822 0,000034
somers 3,912023 0,001307
sons 1,108663 0,000741
sooner 2,813411 0,000470
sources 0,446287 0,000149
sourcing 3,506558 0,000586
south 1,108663 0,000185
sox 3,912023 0,000654
spa 3,912023 0,000654
spasi 3,912023 0,000654
special 0,494296 0,000083
specialist 1,897120 0,000317
specific 0,094311 0,000063
speed 1,049822 0,000175
spend 2,040221 0,000341
spotlight 2,995732 0,000500
springer 0,527633 0,000529
sriyakul 3,912023 0,000654
srm 3,912023 0,001307
srom 1,609438 0,000269
srpskisuomisvenska 1,714798 0,000286
staff 1,469676 0,000491
stages 2,207275 0,000737
staging 3,218876 0,001613
stakeholders 2,302585 0,000769
stakes 3,506558 0,000586
standard 0,198451 0,000099
standardization 1,309333 0,000219
standardizing 2,995732 0,000500
standards 0,462035 0,000154
stanford 1,309333 0,000219
started 0,634878 0,000106
starting 0,755023 0,000126
state 0,235722 0,000079
statement -0,009950 -0,000002
statements 0,314711 0,000105
statementsarticles 0,544727 0,000091
statistical 0,776529 0,000130
statistics -0,009950 -0,000002
status 0,693147 0,000116
stay 1,966113 0,000328
stephan 2,813411 0,000470
stephen 0,867501 0,000145
stephenson 3,506558 0,000586
steps 1,309333 0,000219
still 0,342490 0,000114
storage 0,430783 0,000072
store 0,733969 0,000123
stories 2,407946 0,000402
strategic 1,171183 0,001370
strategies 1,078810 0,000901
strategy 0,891598 0,001192
stratopoulos 3,912023 0,000654
strong 0,776529 0,000130
structure 0,314711 0,000210
structured 0,653926 0,000109
structures 0,673345 0,000225
study 0,510826 0,001109
studyenterprise 3,912023 0,000654
subramanian 3,506558 0,000586
subsection 0,020203 0,000007
subsidiaries 2,659260 0,000444
subsidiary 2,813411 0,000940
substantially 1,966113 0,000328
succeed 2,813411 0,000470
success 1,171183 0,002935
successful 0,843970 0,000423
successor 2,040221 0,000341
such 0,000000 0,000000
sudirwan 3,912023 0,000654
suitable 1,347074 0,000225
suite 1,386294 0,000926
suited 1,514128 0,000506
suites 2,207275 0,000369
sulistio 3,912023 0,000654
summer 1,660731 0,000277
sun 1,237874 0,000207
supplementary 3,218876 0,001075
supplied 2,995732 0,000500
supplier 2,659260 0,001333
suppliers 1,897120 0,001585
supply 1,171183 0,001957
support 0,198451 0,000398
supported 0,634878 0,000106
survey 0,579818 0,000291
surveys 1,714798 0,000286
survive 2,659260 0,000888
sustain 3,218876 0,000538
sustainability 1,966113 0,000657
sustainable 1,469676 0,000737
sutduean 3,912023 0,000654
svensson 3,912023 0,000654
swamidass 3,912023 0,000654
switching 1,660731 0,000277
synchronize 2,813411 0,000470
syst 3,218876 0,000538
system 0,030459 0,000305
systems 0,061875 0,001199
table -0,009950 -0,000007
tables 1,660731 0,000277
tahat 3,912023 0,000654
take 0,527633 0,000264
takes 0,634878 0,000212
tan 2,407946 0,000402
taqbaylit 1,897120 0,000317
targets 1,272966 0,000213
tarigan 3,912023 0,000654
task 0,776529 0,000259
tasks 0,798508 0,000133
tata 2,813411 0,000470
tate 3,218876 0,000538
tauber 3,912023 0,001961
tavana 3,912023 0,000654
taylor 1,203973 0,000603
tech 0,967584 0,000162
technical 0,478036 0,000240
technol 3,912023 0,000654
technological 1,427116 0,000238
technologies 0,562119 0,000094
technology 0,186330 0,000436
ted 2,040221 0,000341
tee 3,218876 0,000538
template 0,328504 0,000055
templates 2,659260 0,000888
ten 1,469676 0,000246
tend 1,386294 0,000232
tennessee 2,813411 0,000470
term 0,223144 0,000224
terminologyoffice 3,912023 0,000654
terms -0,009950 -0,000005
termsproduction 3,912023 0,000654
testing 0,616186 0,000206
text -0,009950 -0,000002
thamizhkani 3,912023 0,000654
than 0,072571 0,000061
that 0,000000 0,000000
thecitywire 3,912023 0,000654
theoretical 0,967584 0,000162
theoretically 1,966113 0,000328
theory 0,400478 0,000067
there 0,051293 0,000034
thereby 1,309333 0,000219
therefore 0,478036 0,000160
thereof 2,040221 0,000341
these 0,040822 0,000075
things 0,843970 0,000141
thinking 1,832581 0,000306
third 0,356675 0,000119
this -0,009950 -0,000030
thomas 0,527633 0,000176
thorough 2,813411 0,000940
thoroughly 2,995732 0,000500
thorsen 3,912023 0,000654
those 0,235722 0,000118
though 0,544727 0,000182
three 0,287682 0,000144
throughout 1,078810 0,000180
thuraisingham 3,912023 0,000654
tian 2,995732 0,000500
tied 2,120264 0,000354
tier 1,832581 0,003368
timbrell 3,912023 0,001307
time 0,010050 0,000025
times 0,314711 0,000053
timing 2,120264 0,000354
timothy 1,714798 0,000286
tinachitumbukadanskdeutscheesti 3,912023 0,000654
ting 3,218876 0,000538
title -0,009950 -0,000003
titlecs 3,218876 0,000538
today 0,693147 0,000232
together 0,579818 0,000097
toggle -0,009950 -0,000007
toni 3,912023 0,001307
tony 1,714798 0,000286
took 1,237874 0,000207
tool 0,653926 0,000218
toolbox 2,407946 0,000402
tools -0,009950 -0,000008
toolset 3,506558 0,000586
top -0,009950 -0,000002
topic -0,009950 -0,000002
total 0,673345 0,000112
tough 2,813411 0,000470
toward 1,108663 0,000185
towards 1,203973 0,000402
track 1,049822 0,000175
tracking 1,237874 0,000414
trademark -0,009950 -0,000002
traditional 0,544727 0,000273
training 1,078810 0,000541
transaction 1,427116 0,000954
transactions 0,713350 0,000119
transfer 0,693147 0,000116
transformation 1,272966 0,000213
transforming 2,120264 0,000708
transition 1,427116 0,000238
transitional 3,506558 0,000586
transparency 1,560648 0,000521
traps 2,525729 0,000422
trees 1,469676 0,000246
trend 1,237874 0,000207
trends 1,021651 0,000171
truly 1,897120 0,000317
truths 3,506558 0,000586
tsai 3,912023 0,001307
tuning 2,995732 0,000500
turban 3,506558 0,001172
twente 2,995732 0,000500
two 0,083382 0,000209
types 0,198451 0,000033
typical 1,139434 0,000381
typically 0,223144 0,000335
uden 3,912023 0,000654
ugly 3,506558 0,000586
umar 3,506558 0,000586
umble 3,912023 0,000654
umblea 3,912023 0,000654
uncg 3,912023 0,001307
under -0,009950 -0,000005
undermining 3,912023 0,000654
understanding 0,562119 0,000376
underwent 3,506558 0,000586
undocumented 3,506558 0,000586
unexpected 2,302585 0,000385
unified 1,560648 0,000261
unique 0,916291 0,000306
unit 0,798508 0,000133
units 1,309333 0,000437
university 0,186330 0,000374
unnecessary 2,302585 0,000385
unsourced 0,446287 0,000224
untouched 3,912023 0,000654
updated 0,867501 0,000145
upgrade 1,832581 0,000918
upgrades 2,525729 0,001266
upgrading 2,995732 0,000500
urlarticles 2,659260 0,000444
urldownload -0,009950 -0,000002
usa 1,427116 0,000477
use -0,009950 -0,000027
used -0,009950 -0,000005
user 0,328504 0,000220
users 0,478036 0,000080
uses 0,094311 0,000016
using -0,009950 -0,000018
usually 0,223144 0,000075
utc -0,009950 -0,000002
utilisation 3,506558 0,000586
utilization 2,407946 0,000402
utilizing 2,040221 0,000341
vahid 3,912023 0,000654
validation 1,237874 0,000207
value 0,301105 0,000101
van 0,891598 0,000298
vanani 3,912023 0,000654
variables 0,891598 0,000149
varied 2,302585 0,000385
variety 0,653926 0,000218
various 0,223144 0,000298
variously 2,813411 0,000470
vary 1,049822 0,000175
varying 1,309333 0,000219
vendor 1,469676 0,001473
vendors 1,514128 0,001771
veni 3,912023 0,000654
venkatesh 3,218876 0,000538
version -0,009950 -0,000002
versions 0,579818 0,000097
very 0,314711 0,000053
vessey 3,912023 0,000654
via 0,186330 0,000093
video 0,616186 0,000103
view -0,009950 -0,000005
viewcontent 3,912023 0,000654
vigeant 3,912023 0,000654
vilpola 3,912023 0,000654
vis 3,218876 0,001075
visible 1,309333 0,000219
viswanath 3,912023 0,000654
vol 0,616186 0,002471
volume 0,616186 0,000103
vouchering 3,912023 0,000654
wagner 2,120264 0,000708
wailes 3,912023 0,000654
wal 3,506558 0,000586
waldner 3,506558 0,001172
walls 2,659260 0,000444
walmart 2,813411 0,000940
walsh 2,659260 0,000444
walter 1,609438 0,000269
wang 1,427116 0,000238
wants 1,966113 0,000328
warehousing 2,407946 0,000402
wave 1,897120 0,000634
way 0,198451 0,000099
wayback 0,478036 0,000160
ways 0,446287 0,000075
web 0,342490 0,000343
webarchive 1,021651 0,000171
weeks 1,771957 0,000296
wei 1,832581 0,000306
weichenberg 3,912023 0,000654
well 0,051293 0,000017
wenrich 3,912023 0,000654
westonjr 3,912023 0,000654
what -0,009950 -0,000015
whatsoever 2,813411 0,000470
when 0,030459 0,000020
whenever 2,040221 0,000341
where 0,072571 0,000012
whereas 1,049822 0,000175
which 0,000000 0,000000
while 0,051293 0,000060
who 0,301105 0,000050
whole 0,916291 0,000306
why 0,494296 0,000083
wieringa 3,912023 0,000654
wifasari 3,912023 0,000654
wikidata 0,562119 0,000094
wikidatause 1,108663 0,000185
wikimedia -0,009950 -0,000005
wikipedia -0,009950 -0,000012
wikipediacontact -0,009950 -0,000002
wiley 0,562119 0,000470
wilhelm 2,302585 0,000385
willcocks 3,506558 0,000586
william 0,713350 0,000119
wilson 1,469676 0,000491
wingreen 3,912023 0,000654
within 0,116534 0,000117
without 0,094311 0,000016
witify 3,912023 0,000654
wolfe 3,506558 0,000586
wong 2,407946 0,000402
wood 2,407946 0,000402
work 0,127833 0,000214
workarounds 3,218876 0,000538
workflow 2,207275 0,000737
workflows 2,995732 0,002002
works 0,693147 0,000116
workstation 2,207275 0,000369
world 0,139262 0,000047
wright 1,714798 0,001146
writing 0,891598 0,000149
written 0,287682 0,000096
xiaoge 3,912023 0,000654
xin 2,659260 0,000444
xinyu 3,912023 0,000654
xiongtao 3,912023 0,000654
xuewei 3,912023 0,000654
yakovlev 3,912023 0,000654
yang 1,966113 0,000657
year 0,579818 0,000097
years 0,274437 0,000092
yogiari 3,912023 0,000654
york 0,371064 0,000124
young 1,897120 0,000317
yunliang 3,912023 0,000654
yusuf 3,912023 0,000654
zahir 3,218876 0,000538
zaid 3,912023 0,000654
zakareya 3,912023 0,000654
zbekcha 0,462035 0,000077
zerbino 3,912023 0,000654
zhang 1,427116 0,001430
zheng 2,302585 0,000385
zhenji 3,912023 0,000654
zhou 2,407946 0,000402
zhu 2,525729 0,000422
zinovy 3,912023 0,000654
zrimsek 3,912023 0,000654
zykov 3,912023 0,000654
