aalean 3,912023 0,000666
abc 2,207275 0,000376
abd 2,995732 0,000510
abdul 3,506558 0,000597
abl 0,733969 0,000250
abu 2,995732 0,000510
accent 2,995732 0,000510
access 0,127833 0,000022
accord 0,287682 0,000196
account -0,009950 -0,000020
accur 1,203973 0,000410
achiev 0,510826 0,000261
across 0,415515 0,000071
act 0,713350 0,000122
action -0,009950 -0,000002
activ 0,356675 0,000547
actual 0,597837 0,000204
ad 0,223144 0,000152
add -0,009950 -0,000003
addit -0,009950 -0,000012
addition 0,967584 0,000165
address 0,342490 0,000058
adher 1,660731 0,000283
adjust 1,078810 0,000184
administr 0,867501 0,000296
adopt 0,415515 0,000496
adsit 3,912023 0,000666
advanc 0,235722 0,000120
advantag 0,693147 0,000236
advoc 1,714798 0,000876
african 2,040221 0,000695
afterward 2,525729 0,000430
agent 0,733969 0,000125
aggress 2,407946 0,000410
agil 2,040221 0,000695
agre -0,009950 -0,000002
agricultur 1,347074 0,000229
ai 1,272966 0,000217
aid 0,843970 0,000144
aim 0,634878 0,000108
airlin 2,407946 0,000410
alex 1,469676 0,000250
ali 1,609438 0,000274
alkalai 3,912023 0,000666
all 0,000000 0,000000
allaboutlean 3,912023 0,000666
allan 2,407946 0,000410
allow 0,061875 0,000021
allyn 3,506558 0,000597
along 0,462035 0,000394
alreadi 0,776529 0,000132
also -0,009950 -0,000029
altern 0,342490 0,000233
although 0,287682 0,000049
aluisio 3,912023 0,000666
amacom 3,506558 0,000597
america 0,967584 0,000659
american 0,415515 0,001557
ammunit 3,506558 0,000597
amoeba 3,506558 0,000597
among 0,356675 0,000182
amount 0,579818 0,000198
amp -0,009950 -0,000024
amsh 3,912023 0,000666
analogu 3,218876 0,000548
analysi 0,186330 0,000095
andreia 3,912023 0,000666
andrew 0,820981 0,000420
anger 3,506558 0,000597
ani 0,083382 0,000057
ann 1,514128 0,000258
annual 0,776529 0,000132
anoth 0,127833 0,000065
answer 1,171183 0,000200
apic 3,506558 0,005376
appear -0,009950 -0,000003
appl 1,203973 0,000205
appli -0,009950 -0,000017
applic 0,030459 0,000052
approach 0,174353 0,000297
april 0,072571 0,000074
arab 1,560648 0,000532
arbitrarili 2,407946 0,000410
arbor 2,995732 0,000510
archiv 0,040822 0,000271
area 0,478036 0,000081
argu 0,994252 0,000339
arn 3,912023 0,000666
arno 3,218876 0,000548
around 0,356675 0,000122
arrang 1,560648 0,000266
arriv 1,469676 0,000501
articl 0,000000 0,000000
articleabout -0,009950 -0,000002
articletalk -0,009950 -0,000002
ashburn 3,218876 0,000548
ask 0,867501 0,000148
asq 3,218876 0,000548
assembl 0,867501 0,000148
assign 0,798508 0,000136
associ 0,127833 0,000174
astn 3,912023 0,000666
attain 2,302585 0,000785
attribut -0,009950 -0,000002
audienc 2,659260 0,000906
auditorium 3,912023 0,000666
august 0,162519 0,000166
australia 1,309333 0,000892
author 0,040822 0,000056
autom 0,597837 0,000407
automobil 2,407946 0,000820
automot 1,897120 0,000323
avail -0,009950 -0,000003
avoid 0,579818 0,000296
awai 1,139434 0,000194
award 1,609438 0,000274
aziz 3,912023 0,000666
back 0,462035 0,000394
bacon 2,659260 0,000453
bahasa 0,186330 0,000032
bakar 3,912023 0,000666
balanc 1,139434 0,000388
banish 3,912023 0,001999
bank 0,941609 0,000160
barkman 3,912023 0,000666
barrier 1,660731 0,000283
base 0,010050 0,000019
basic 0,198451 0,000101
batch 1,771957 0,000302
battleground 3,912023 0,000666
becam 0,579818 0,000296
becaus 0,127833 0,000022
becom 0,274437 0,000374
bed 2,995732 0,000510
bedford 3,218876 0,000548
began 0,634878 0,000216
begin 0,385662 0,000131
belief 1,714798 0,000292
bendix 3,912023 0,000666
benefit 0,776529 0,000926
berni 3,912023 0,000666
best 0,462035 0,000551
better 0,494296 0,000168
beyond 0,713350 0,000608
bicheno 3,912023 0,000666
big 0,673345 0,000344
biggest 1,897120 0,000646
bill 0,776529 0,000132
billesbach 3,912023 0,000666
birgisd 3,912023 0,000666
birna 3,912023 0,000666
bit 1,078810 0,000184
black 1,203973 0,000410
blackburn 3,912023 0,000666
boca 2,120264 0,000361
bodek 3,912023 0,000666
bokm 0,127833 0,000022
book 0,210721 0,000395
boost 1,660731 0,000283
boston 1,560648 0,000266
bostrom 3,218876 0,000548
bowen 3,506558 0,001195
bower 2,813411 0,000479
bradlei 2,407946 0,000820
brazilian 2,659260 0,000453
break 0,733969 0,000250
breakthrough 2,813411 0,000479
brief 1,237874 0,000211
brighthubpm 3,912023 0,000666
bring 1,021651 0,000522
britain 2,207275 0,000376
britannica 1,897120 0,000646
british 1,203973 0,000205
broaden 2,659260 0,000453
brook 1,660731 0,000283
brought 1,832581 0,000312
bruce 1,514128 0,000258
bucci 3,912023 0,000666
buffer 1,609438 0,000274
bui 1,237874 0,000422
build 0,274437 0,000327
built 0,462035 0,000079
bureau 1,609438 0,000274
busi 0,287682 0,000588
businessman 3,506558 0,000597
butterworth 2,995732 0,001021
california 1,021651 0,000174
call 0,030459 0,000031
came 1,078810 0,000184
capabl 0,562119 0,000096
capit 0,994252 0,000169
care 1,237874 0,000211
carei 3,506558 0,000597
carmak 3,912023 0,001999
carolina 2,813411 0,000479
cascad 2,407946 0,000410
case 0,083382 0,000227
cash 1,386294 0,000236
cast 1,832581 0,000624
catal 0,094311 0,000016
catastroph 2,525729 0,000430
categori -0,009950 -0,000005
caulkin 3,912023 0,000666
caus 0,430783 0,000073
celebr 2,302585 0,000392
cell 1,469676 0,000501
cellular 1,714798 0,001753
center 0,415515 0,000212
centuri 0,843970 0,000144
cfm 3,912023 0,000666
cfp 3,506558 0,000597
chain 0,843970 0,002157
challeng 0,400478 0,000136
chang 0,051293 0,000079
changeov 3,912023 0,000666
changesupload -0,009950 -0,000003
chapter 0,891598 0,000608
character 1,203973 0,000205
cheap 2,207275 0,000376
cheaper 2,040221 0,000348
check 0,634878 0,000108
chet 3,506558 0,000597
chichest 2,813411 0,000479
children 1,832581 0,000312
cho 2,525729 0,001291
choic 0,755023 0,000129
chri 0,994252 0,000169
christoph 1,078810 0,000184
chronicl 2,659260 0,000453
church 3,218876 0,000548
cid 0,356675 0,000061
cirp 3,912023 0,000666
citat 0,248461 0,000423
citationsarticl 3,218876 0,000548
cite 0,597837 0,000611
citeseerx 1,347074 0,000229
claim 0,634878 0,000108
clash 2,813411 0,000479
class 0,446287 0,000228
close 0,356675 0,000061
closer 1,660731 0,000849
clutterbuck 3,912023 0,000666
coach 3,506558 0,000597
code -0,009950 -0,000003
coin 0,941609 0,000321
coletta 3,912023 0,000666
colin 2,407946 0,000410
collar 3,218876 0,000548
collect 0,274437 0,000047
collin 2,525729 0,000861
colorado 2,995732 0,000510
columbia 2,302585 0,001177
com 0,150823 0,000206
come 0,356675 0,000122
commerci 0,527633 0,000090
commit 1,108663 0,000378
common -0,009950 -0,000012
commonli 0,342490 0,000058
commonswikidata 1,171183 0,000200
commun 0,139262 0,000024
compact 1,609438 0,000274
compani 0,342490 0,001400
companywid 3,912023 0,000666
comparison 0,371064 0,000063
compet 1,139434 0,000582
competit 1,203973 0,000820
complet 0,223144 0,000038
complex 0,186330 0,000032
compon 0,261365 0,000045
compris 1,714798 0,000292
comput 0,020203 0,000028
con 2,659260 0,000453
concept 0,198451 0,000203
conceptu 1,469676 0,000501
condit 0,579818 0,000296
conduct -0,009950 -0,000003
confer 0,274437 0,000281
confront 2,813411 0,000479
connect 0,430783 0,000073
consequ 0,891598 0,000152
consid 0,274437 0,000094
consider 0,713350 0,000122
consist 0,301105 0,000051
consolid 1,714798 0,000292
constanza 3,912023 0,000666
consult 1,386294 0,000708
consum 0,653926 0,000111
contact -0,009950 -0,000003
contemporan 3,912023 0,000666
contemporari 1,347074 0,000229
content -0,009950 -0,000008
context 0,446287 0,000304
continu 0,174353 0,000386
contract 0,994252 0,000508
contribut -0,009950 -0,000005
control 0,020203 0,000038
convinc 2,302585 0,000392
conwip 3,912023 0,000666
cooki -0,009950 -0,000002
cooper 1,021651 0,000174
copi 0,891598 0,000759
coronaviru 2,995732 0,001021
corp 1,832581 0,000312
corpor 0,562119 0,000479
cost 0,385662 0,000591
count 0,916291 0,000156
countermeasur 2,120264 0,000361
countri 0,867501 0,000739
cover 0,733969 0,000125
covid 1,966113 0,000335
crc 1,171183 0,001397
creat -0,009950 -0,000012
creativ -0,009950 -0,000002
crisi 1,347074 0,000229
critic 0,385662 0,000526
cultur 1,049822 0,000537
cummin 3,506558 0,000597
current 0,210721 0,000072
custom 0,544727 0,001763
cut 1,386294 0,001417
cycl 0,867501 0,001330
dai 0,562119 0,000958
daili 1,427116 0,000243
daman 3,912023 0,001333
dan 0,916291 0,000156
daniel 0,776529 0,001720
darken 3,912023 0,000666
darryl 3,506558 0,000597
databas 0,072571 0,000012
datalatviaisraelotheryal 3,912023 0,000666
datasolv 3,912023 0,000666
date 0,210721 0,000036
dave 1,771957 0,000302
david 0,385662 0,000197
davidson 3,218876 0,000548
debat 1,272966 0,000217
decad 1,078810 0,000184
decemb 0,061875 0,000011
decid 0,867501 0,000148
decis 0,400478 0,000136
decker 3,506558 0,000597
decod 2,302585 0,000392
deepli 3,218876 0,000548
deer 2,995732 0,001021
defect 2,302585 0,001569
defin 0,116534 0,000079
definit 0,186330 0,000032
degre 0,916291 0,000156
delai 1,347074 0,000229
deleg 1,966113 0,000335
deliveri 1,309333 0,000669
demand 0,820981 0,001538
deme 3,506558 0,014934
demingth 3,912023 0,000666
deni 1,609438 0,000274
denni 2,120264 0,000361
depend 0,105361 0,000036
deploi 1,108663 0,000189
describ 0,174353 0,000030
descript -0,009950 -0,000002
descriptionshort 0,000000 0,000000
design 0,040822 0,000056
desir 0,941609 0,000160
despit 1,021651 0,000174
detail 0,510826 0,000174
determin 0,342490 0,000117
detroit 3,912023 0,001333
develop -0,009950 -0,000029
devot 2,040221 0,000348
dfm 3,912023 0,000666
dialogu 2,659260 0,000453
dictionari 0,616186 0,000105
die 2,040221 0,000348
differ 0,010050 0,000009
difficult 0,597837 0,000306
difficulti 1,237874 0,000211
digit 0,400478 0,000068
dillon 3,912023 0,001333
dink 3,912023 0,000666
direct 0,261365 0,000223
directli 0,415515 0,000425
director 1,660731 0,000283
disadvantag 1,966113 0,000335
disast 1,966113 0,001340
disciplin 1,203973 0,000410
disclaim -0,009950 -0,000002
discov 1,108663 0,000189
discuss 0,494296 0,000253
disrupt 1,609438 0,001371
dissert 2,525729 0,000430
distanc 1,514128 0,000258
distinguish 0,733969 0,000125
distribut 0,198451 0,000068
distributor 2,407946 0,000410
disturb 2,813411 0,000479
diversif 2,120264 0,000722
divis 1,237874 0,000633
dna 2,813411 0,000959
doc 1,139434 0,000194
dock 2,995732 0,000510
doctor 1,832581 0,000937
document 0,328504 0,000112
doi 0,162519 0,000166
dombrowski 3,912023 0,000666
domest 1,514128 0,000258
donat -0,009950 -0,000003
done 0,653926 0,000111
dop 3,912023 0,000666
dougla 1,237874 0,000422
dow 2,525729 0,000861
down 0,597837 0,000306
download -0,009950 -0,000002
downsid 2,525729 0,000430
downstream 2,813411 0,000479
drawback 1,966113 0,000335
drew 2,407946 0,000410
drill 3,218876 0,001097
drive 0,867501 0,000148
driven 0,867501 0,000591
drop 0,994252 0,000169
drug 1,609438 0,000548
dub 2,813411 0,000479
ducan 3,912023 0,000666
dude 3,912023 0,000666
due 0,261365 0,000134
dunde 3,912023 0,000666
duplic 1,897120 0,000323
dynam 0,342490 0,000058
each 0,072571 0,000074
earli 0,301105 0,000256
earlier 1,139434 0,000194
earliest 1,021651 0,000522
easi 1,021651 0,000174
easili 0,843970 0,000144
east 1,714798 0,000584
eat 3,506558 0,000597
econom 0,653926 0,000446
economi 1,309333 0,000892
economist 1,514128 0,000774
ed 0,798508 0,000272
edg 0,820981 0,000140
edit -0,009950 -0,000032
editcommun -0,009950 -0,000002
edu 1,108663 0,000189
educ 0,494296 0,000168
edward 1,139434 0,001941
effect 0,274437 0,000327
effici 0,287682 0,000882
effort 0,653926 0,000111
electr 0,891598 0,001215
electron 0,430783 0,000073
element 0,301105 0,000154
elimin 0,867501 0,001034
eliyahu 2,813411 0,000479
els 1,469676 0,000250
elsevi 1,203973 0,000205
elsewher 2,040221 0,000348
emerg 0,527633 0,000180
emot 2,207275 0,000376
emploi 0,673345 0,000344
employ 1,832581 0,000937
employe 1,386294 0,001417
empow 2,302585 0,000392
empower 3,912023 0,000666
enabl 0,274437 0,000094
encount 1,966113 0,000670
encourag 1,203973 0,000410
encyclopedia -0,009950 -0,000002
end 0,186330 0,000063
energi 0,843970 0,000144
engag 1,609438 0,000548
engin 0,061875 0,000126
english -0,009950 -0,000005
englishus 1,966113 0,000335
enhanc 0,510826 0,000174
ensur 0,713350 0,000122
enter 1,049822 0,000179
enterpris 0,446287 0,000532
entir 0,597837 0,000306
environ 0,385662 0,000131
equip 1,078810 0,000368
era 1,386294 0,000472
erect 3,912023 0,000666
ergonom 2,995732 0,000510
error 0,430783 0,000073
especi 0,415515 0,000071
essenti 0,634878 0,000216
essex 3,218876 0,000548
establish 0,634878 0,000216
etc 0,562119 0,000096
ethic 1,309333 0,000223
europ 0,941609 0,000160
evalu 0,562119 0,000192
evan 2,120264 0,000361
even 0,235722 0,000120
event 0,356675 0,000122
eventsrandom -0,009950 -0,000002
everi 0,261365 0,000134
everybodi 3,218876 0,000548
everyth 1,309333 0,000223
evid 1,272966 0,000217
evolut 0,820981 0,000280
exactli 1,171183 0,000200
exampl 0,020203 0,000017
excel 1,714798 0,001169
excess 1,386294 0,000236
exchang 0,579818 0,000099
execut 0,356675 0,000122
exhaust 1,897120 0,000323
exist 0,186330 0,000063
expans 1,309333 0,000223
expect 0,494296 0,000168
experi 0,510826 0,000174
experienc 1,966113 0,000335
experiment 0,916291 0,000156
expert 1,078810 0,000184
explain 0,798508 0,000272
explic 3,912023 0,000666
explicitli 0,916291 0,000156
exploratori 1,966113 0,000670
export -0,009950 -0,000002
expos 1,272966 0,000651
extens 0,342490 0,000175
extern 0,030459 0,000010
extrem 0,941609 0,000160
facilit 0,916291 0,000312
fact 0,579818 0,000099
factor 0,544727 0,000278
factori 1,514128 0,003353
factual 2,659260 0,001359
fad 2,407946 0,000410
fade 3,218876 0,000548
fail 0,693147 0,000236
failur 1,021651 0,000174
fall 0,867501 0,000739
famou 1,771957 0,000302
fashion 1,832581 0,000937
fast 0,673345 0,000229
fatal 2,659260 0,000453
father 2,525729 0,000430
faulti 3,218876 0,000548
fazli 3,912023 0,000666
featur 0,210721 0,000072
februari 0,061875 0,000137
feel 1,832581 0,000312
ferguson 2,659260 0,000453
few 0,653926 0,000111
fileperman -0,009950 -0,000002
filespeci -0,009950 -0,000002
final 0,494296 0,000168
financ 0,843970 0,000144
financi 0,776529 0,000265
find 0,371064 0,000063
finish 1,560648 0,000532
first 0,020203 0,000055
fit 1,203973 0,000410
five 0,776529 0,000397
fix 0,385662 0,000131
flaw 1,469676 0,000501
flawless 3,912023 0,000666
flexibl 1,139434 0,000776
floor 2,120264 0,001445
flow 0,430783 0,001541
focu 0,755023 0,000129
focus 0,653926 0,001448
follow 0,072571 0,000049
forb 1,427116 0,000243
forc 0,597837 0,000102
ford 2,302585 0,002354
forecast 1,078810 0,000184
foreign 1,139434 0,000194
foreword 2,659260 0,000453
form 0,072571 0,000025
formal 0,510826 0,000261
former 1,049822 0,000179
formul 1,714798 0,000292
fort 2,995732 0,001021
forth 1,560648 0,000266
fought 3,218876 0,000548
found 0,274437 0,000281
foundat -0,009950 -0,000005
founder 1,714798 0,000584
four 0,820981 0,001259
fox 2,120264 0,000361
framework 0,287682 0,000049
fran 0,223144 0,000038
frederick 2,659260 0,001359
free -0,009950 -0,000008
front 1,078810 0,000368
fujio 3,912023 0,001333
fulfil 1,771957 0,000302
full 0,371064 0,000126
function 0,030459 0,000005
fundament 0,478036 0,000081
further 0,139262 0,000047
furuya 3,912023 0,000666
futur 0,235722 0,000040
gain 0,616186 0,000105
game 0,478036 0,000081
gear 1,771957 0,000302
gener -0,009950 -0,000015
geoffrei 2,302585 0,001569
geomagnet 3,912023 0,000666
georg 0,843970 0,000144
gerhard 3,218876 0,000548
german 1,386294 0,000472
get 0,430783 0,000147
ggi 3,912023 0,000666
giovanni 2,407946 0,000410
give 0,446287 0,000076
given 0,261365 0,000045
global 0,446287 0,000152
glossari 0,867501 0,000148
gmbh 2,995732 0,000510
go 1,237874 0,000422
goal 0,562119 0,000287
goddard 2,995732 0,003572
goe 1,237874 0,000211
goldratt 2,995732 0,000510
gome 3,218876 0,000548
good 0,616186 0,001260
gov 1,469676 0,000250
govern 0,544727 0,000093
grahovec 3,912023 0,000666
graphic 0,733969 0,000125
grasp 2,995732 0,000510
greatli 1,427116 0,000243
greelei 3,912023 0,001333
gregori 1,660731 0,000283
grew 1,386294 0,000236
grim 3,912023 0,000666
group 0,186330 0,000159
grow 0,653926 0,000111
grown 1,897120 0,000323
guid 0,287682 0,000098
guidanc 1,714798 0,000292
gunnarsd 3,912023 0,000666
hai 2,813411 0,000479
hajli 3,912023 0,000666
half 1,108663 0,000189
hall 0,653926 0,000223
hamrin 3,912023 0,000666
hand 0,494296 0,000168
handl 0,415515 0,000283
hanna 3,506558 0,000597
happen 1,021651 0,000522
harder 2,040221 0,000348
harlei 3,912023 0,000666
harmon 1,714798 0,000292
harvard 1,386294 0,000708
hb 3,912023 0,000666
headquart 2,302585 0,000785
healthcar 1,347074 0,001147
heard 3,506558 0,000597
heart 2,207275 0,000376
heavi 1,609438 0,000274
heavili 1,203973 0,000205
height 1,771957 0,000302
heinemann 2,813411 0,000959
help 0,174353 0,000030
helplearn -0,009950 -0,000002
henri 1,427116 0,000972
here 0,301105 0,000051
hererel -0,009950 -0,000002
hewlett 2,659260 0,002265
hidden 0,843970 0,000144
hide -0,009950 -0,000007
high 0,223144 0,000266
higher 0,430783 0,000147
highli 0,867501 0,000148
hill 0,867501 0,000591
hinder 2,302585 0,000392
hine 3,218876 0,001645
hirano 3,912023 0,000666
hiroyuki 3,506558 0,000597
histori -0,009950 -0,000010
hoff 3,218876 0,000548
hohner 3,912023 0,000666
hold 0,579818 0,000099
holweg 3,912023 0,000666
home 0,616186 0,000210
homewood 3,506558 0,001792
hoon 3,218876 0,000548
hopp 2,659260 0,000453
hoseu 3,912023 0,000666
hospit 2,407946 0,002871
hot 1,966113 0,000335
hour 1,386294 0,000945
hous 0,820981 0,000140
housekeep 3,912023 0,000666
houston 2,813411 0,000479
how 0,072571 0,000049
howev 0,094311 0,000064
http -0,009950 -0,000002
huge 1,660731 0,000566
hum 3,912023 0,000666
human 0,527633 0,000449
hunter 2,407946 0,001231
hyer 3,912023 0,001333
hypothesi 1,897120 0,000323
ibima 3,912023 0,000666
ibm 0,693147 0,000472
idea 0,527633 0,000360
ideal 1,514128 0,000258
identifi 0,356675 0,000304
if 3,218876 0,001097
ijhf 3,912023 0,001333
ill 2,120264 0,001084
imbu 3,912023 0,000666
immedi 0,967584 0,000165
impact 0,544727 0,000464
impart 3,506558 0,000597
implement 0,105361 0,000449
implementor 3,506558 0,000597
implic 1,309333 0,000223
import 0,162519 0,000111
impress 2,813411 0,000479
improp 2,659260 0,000453
improv 0,150823 0,000488
inact 1,966113 0,000335
inadequ 2,525729 0,000430
inasmuch 3,506558 0,000597
inboundlogist 3,912023 0,000666
inc -0,009950 -0,000010
incent 2,040221 0,000348
includ 0,000000 0,000000
incom 1,272966 0,000217
incomplet 1,966113 0,000670
incorpor 0,755023 0,000257
increas 0,287682 0,000539
increment 1,386294 0,000472
indeterminaci 3,912023 0,000666
index -0,009950 -0,000002
indian 1,771957 0,000302
indic 0,356675 0,000061
indirect 2,040221 0,000348
indonesia 1,272966 0,000217
industri 0,356675 0,001276
industrialist 3,912023 0,000666
industryweek 3,218876 0,000548
inflex 3,912023 0,000666
influenc 0,579818 0,000198
info 1,832581 0,000312
inform 0,061875 0,000084
informationcit -0,009950 -0,000002
infosystem 3,218876 0,000548
infrastructur 0,673345 0,000115
ingersol 3,218876 0,000548
inhibit 3,506558 0,001195
innov 0,820981 0,000420
insecur 1,714798 0,000292
insid 0,579818 0,000099
insight 1,309333 0,000223
instead 0,301105 0,000051
institut 0,446287 0,000608
instrument 1,049822 0,000179
insul 3,506558 0,000597
integr 0,174353 0,000059
intellig 0,510826 0,000087
intens 1,427116 0,000486
interest 0,478036 0,000081
interfer 2,120264 0,000361
intern 0,040822 0,000076
internationalgndnationalunit 1,108663 0,000189
interrupt 1,609438 0,000548
introduc 0,210721 0,000144
invent 1,021651 0,000522
inventori 1,832581 0,005932
invest 0,967584 0,000330
involv 0,415515 0,000354
irwin 2,659260 0,001359
isbn 0,051293 0,000245
isixsigma 3,506558 0,000597
island 2,040221 0,000348
issn 0,478036 0,000163
issu 0,314711 0,000214
item -0,009950 -0,000003
itself 0,342490 0,000117
jackson 2,207275 0,000376
jaiswal 3,506558 0,000597
jamaludin 3,912023 0,000666
jame 0,634878 0,000973
jan 1,386294 0,000236
janu 3,218876 0,000548
januari 0,083382 0,000043
japan 1,309333 0,004461
japanes 1,771957 0,004830
jasinowski 3,912023 0,000666
jealou 3,912023 0,000666
jeeferi 3,912023 0,000666
jeffrei 1,514128 0,000258
jerri 2,302585 0,000785
jim 1,514128 0,000258
jit 2,207275 0,010153
jmg 3,912023 0,000666
job 1,171183 0,000200
jogger 3,912023 0,000666
john 0,198451 0,000338
joint 1,171183 0,000200
jonathan 1,347074 0,000229
jone 1,386294 0,003070
joseph 0,820981 0,000280
journal 0,186330 0,000222
juli 0,127833 0,000131
julia 1,514128 0,000258
julian 2,813411 0,000479
jump -0,009950 -0,000002
junction 3,912023 0,000666
june 0,094311 0,000353
just 0,328504 0,003470
justli 3,912023 0,000666
kaizen 3,506558 0,001792
kalleberg 3,912023 0,000666
kamarudin 3,912023 0,000666
kanban 3,218876 0,006032
kasper 3,912023 0,000666
kei 0,314711 0,000322
kempston 3,506558 0,000597
ken 1,966113 0,000335
kent 2,813411 0,000479
kept 1,560648 0,000266
ker 3,912023 0,001333
kevin 1,386294 0,000472
keynot 2,525729 0,000430
kid 2,995732 0,000510
kigwana 3,912023 0,001333
kiichiro 3,912023 0,000666
king 1,771957 0,000302
kinni 3,912023 0,000666
kinsei 3,912023 0,000666
know 0,653926 0,000111
knowledg 0,597837 0,000204
known 0,127833 0,000174
koch 3,912023 0,000666
krafcik 3,912023 0,001999
krolicki 3,912023 0,000666
kusunoki 3,506558 0,000597
kyoshi 3,912023 0,000666
labor 1,832581 0,001873
lack 0,544727 0,000742
landvat 3,912023 0,000666
languag -0,009950 -0,000007
larg 0,127833 0,000109
larger 0,941609 0,000160
largest 1,108663 0,000189
larri 1,514128 0,000258
last -0,009950 -0,000002
late 0,733969 0,000125
later 0,223144 0,000228
latter 0,916291 0,000156
launch 0,941609 0,000160
law 0,653926 0,000111
layout 1,660731 0,000283
lead 0,287682 0,000245
leadership 2,207275 0,001128
lean 2,207275 0,057908
learn 0,162519 0,000083
least 0,527633 0,000090
lectur 1,139434 0,000194
led 0,446287 0,000228
legaci 1,309333 0,000446
legal -0,009950 -0,000002
lenherr 3,912023 0,000666
less 0,430783 0,000587
lesson 1,386294 0,000236
let 0,916291 0,000156
level 0,083382 0,000142
levinson 3,506558 0,000597
lexicon 3,218876 0,000548
licens -0,009950 -0,000002
life 0,653926 0,000446
like 0,051293 0,000044
liker 3,912023 0,000666
limit 0,186330 0,000095
line 0,261365 0,000178
link -0,009950 -0,000019
linkpag -0,009950 -0,000002
linksarticl 1,021651 0,000174
list 0,051293 0,000052
listwebarch 3,506558 0,000597
littl 0,820981 0,000559
live 0,733969 0,000125
lm 3,912023 0,000666
load 0,891598 0,000304
loader 2,207275 0,000376
local 0,314711 0,000107
locat 0,527633 0,000090
loccitanpolskiportugu 3,912023 0,000666
log -0,009950 -0,000005
logic 0,616186 0,000105
logist 1,609438 0,000823
london 0,941609 0,000160
longitudin 3,218876 0,000548
loos 1,609438 0,000274
lose 1,560648 0,000266
lot 1,386294 0,000472
low 0,478036 0,000163
lower 0,673345 0,000115
lowest 1,897120 0,000646
lowson 3,912023 0,000666
ltd 1,203973 0,000820
lubben 3,912023 0,000666
luca 1,714798 0,000292
lulea 3,912023 0,001333
lumbosacr 3,912023 0,000666
lunch 3,218876 0,000548
lux 0,371064 0,000063
mac 1,237874 0,000211
macarthur 3,912023 0,000666
machin 0,040822 0,000063
machinist 3,506558 0,000597
macinn 3,912023 0,000666
made 0,186330 0,000127
magazin 0,755023 0,000129
magyar 1,049822 0,000179
main -0,009950 -0,000005
mainli 1,021651 0,000174
maint 0,798508 0,000952
maintain 0,400478 0,000068
mainten 0,843970 0,000431
make 0,061875 0,000148
makigami 3,912023 0,001333
makota 3,912023 0,000666
man 0,843970 0,000288
manag 0,105361 0,000736
managementinventori 3,912023 0,000666
mani 0,061875 0,000063
manual 0,994252 0,000169
manufactur 1,171183 0,025339
manufacturingmethod 3,912023 0,000666
map 0,616186 0,000315
march 0,116534 0,000298
marchwinski 3,912023 0,000666
margin 1,560648 0,000266
mark 0,261365 0,000089
markedli 2,995732 0,000510
market 0,446287 0,000456
martin 0,843970 0,000288
martinpollin 3,912023 0,000666
maryland 2,659260 0,000453
maslan 3,912023 0,000666
mass 1,309333 0,000446
massei 3,506558 0,000597
match 0,400478 0,000068
materi 0,616186 0,001365
matthia 2,525729 0,000430
matur 1,560648 0,000266
maxim 1,469676 0,000250
mazda 3,912023 0,000666
mba 2,995732 0,000510
mcgraw 1,108663 0,000755
mdy 1,514128 0,000258
meant 1,514128 0,000258
measur 0,371064 0,000126
mechan 0,356675 0,000182
mechatron 3,218876 0,000548
media 0,139262 0,000047
medic 1,108663 0,000378
medizinisch 3,912023 0,000666
meet 0,527633 0,000719
mehran 2,995732 0,000510
member 0,562119 0,000096
memori 0,562119 0,000096
mention 1,237874 0,000211
menu -0,009950 -0,000003
merit 2,659260 0,000453
merril 3,218876 0,000548
mesabi 3,912023 0,000666
method 0,150823 0,000668
methodolog 0,994252 0,002202
metric 1,309333 0,000892
mich 3,912023 0,000666
michael 0,385662 0,000066
michel 1,560648 0,000266
microfilm 3,506558 0,000597
microlithographi 3,912023 0,000666
mid 0,994252 0,000169
middl 1,203973 0,000615
mielk 3,912023 0,000666
mika 3,912023 0,002666
militari 1,469676 0,000250
minimum 1,469676 0,000751
minnesota 2,525729 0,000430
minor 1,309333 0,000223
minut 1,469676 0,000250
mission 1,714798 0,000292
mistakenli 3,218876 0,000548
mitsubishi 3,506558 0,000597
mobil -0,009950 -0,000002
model 0,116534 0,000139
modern 0,314711 0,000268
modi 3,912023 0,000666
mohd 2,813411 0,002396
mokhtar 3,506558 0,000597
monden 3,506558 0,001195
monteiro 3,218876 0,000548
month 0,776529 0,000132
mood 2,813411 0,000479
more 0,010050 0,000033
morph 2,995732 0,000510
mortim 3,912023 0,001333
most 0,040822 0,000035
mostli 0,994252 0,000169
mother 3,506558 0,000597
motion 1,771957 0,000302
motiv 1,272966 0,000217
motor 2,040221 0,001738
motorola 2,995732 0,001531
move -0,009950 -0,000012
movement 1,108663 0,001133
mpfer 3,912023 0,000666
mrp 2,995732 0,003062
much 0,400478 0,000205
muda 3,912023 0,001333
multi 0,342490 0,000058
multipl 0,094311 0,000112
multipli 1,560648 0,000266
mura 3,912023 0,000666
muri 3,912023 0,000666
myth 2,040221 0,000348
najib 3,912023 0,000666
name 0,162519 0,000277
nanci 2,659260 0,000906
nasa 1,897120 0,000323
nash 3,218876 0,000548
nation 0,527633 0,000090
natur 0,356675 0,000365
navig -0,009950 -0,000002
nazmin 3,912023 0,000666
ncr 3,506558 0,000597
near 1,171183 0,000200
nebraska 3,506558 0,000597
necessari 0,616186 0,000420
nederland 0,415515 0,000071
need 0,030459 0,000161
needham 3,506558 0,000597
neg 0,967584 0,000330
net 0,385662 0,000066
network 0,127833 0,000065
neuveden 3,912023 0,000666
nevertheless 1,660731 0,000283
new 0,010050 0,000053
newli 1,560648 0,000266
newstatesman 3,912023 0,000666
next 0,400478 0,000136
nick 1,469676 0,000751
nine 1,771957 0,000604
noel 3,218876 0,000548
non -0,009950 -0,000008
nonstandard 3,218876 0,000548
noon 3,506558 0,000597
norcross 3,912023 0,001333
norman 2,207275 0,000376
norsk 0,342490 0,000058
north 1,309333 0,000446
not 0,000000 0,000000
note 0,150823 0,000103
notic 1,427116 0,000486
notion 1,171183 0,000399
novemb 0,150823 0,000206
now 0,274437 0,000187
nowadai 2,302585 0,000392
nullifi 3,912023 0,000666
number 0,040822 0,000028
numer 0,430783 0,000073
nummi 3,912023 0,000666
object 0,174353 0,000089
observ 0,820981 0,000140
obsolet 1,609438 0,000274
obviou 2,120264 0,000361
occup 2,207275 0,000376
octob 0,139262 0,000569
off 0,673345 0,000115
offer 0,248461 0,000042
offshor 2,040221 0,000348
often 0,127833 0,000044
ohno 3,506558 0,005974
old 0,994252 0,000339
oldid -0,009950 -0,000002
oleuskara 1,514128 0,000258
oliv 1,514128 0,000258
omark 3,912023 0,003332
onli 0,051293 0,000044
onward 2,207275 0,000376
open 0,150823 0,000026
oper 0,010050 0,000014
opinion 1,347074 0,000229
opportun 1,139434 0,000194
oppos 1,237874 0,000211
optim 0,415515 0,000142
optimizationhidden 3,912023 0,000666
order 0,094311 0,000161
oregon 2,813411 0,000959
org -0,009950 -0,000005
organ -0,009950 -0,000010
organiz 1,609438 0,000274
orient 0,653926 0,000111
origin -0,009950 -0,000061
other -0,009950 -0,000029
out 0,261365 0,000223
outcom 1,660731 0,000283
outdat 2,302585 0,000392
output 0,597837 0,000204
outsid 0,776529 0,000397
outsourc 2,207275 0,000376
over 0,094311 0,000129
overburden 3,912023 0,000666
overhead 1,469676 0,000250
overproduct 3,506558 0,000597
overstretch 3,912023 0,000666
own 0,314711 0,000161
ownership 1,469676 0,000250
oxford 0,843970 0,000575
pacif 2,120264 0,000361
packard 2,407946 0,002051
page -0,009950 -0,000019
pagecontentscurr -0,009950 -0,000002
pageget -0,009950 -0,000002
pai 1,021651 0,000174
pandem 2,040221 0,001043
panic 2,659260 0,000906
paper 0,527633 0,000270
paraphras 3,506558 0,000597
part 0,072571 0,000049
partial 0,916291 0,000156
particip 1,021651 0,000696
past 0,994252 0,000169
path 0,798508 0,000136
pathwai 2,659260 0,000906
patient 1,832581 0,000312
paul 0,544727 0,000186
pc 2,407946 0,000820
pdf 0,139262 0,000261
pdfprintabl -0,009950 -0,000002
pederson 3,912023 0,000666
pedro 2,120264 0,000361
peopl 0,356675 0,000425
per 0,616186 0,000210
perceiv 1,771957 0,000302
perfect 1,832581 0,001873
perform 0,040822 0,000028
period 0,713350 0,000729
persist 1,386294 0,000236
person -0,009950 -0,000003
personnel 1,966113 0,000335
perspect 0,733969 0,000125
pettersen 3,506558 0,001195
pharmaci 3,912023 0,000666
phi 2,407946 0,000410
philosophi 0,994252 0,002033
php -0,009950 -0,000002
physic 0,446287 0,000228
picsi 3,912023 0,000666
piec 1,309333 0,000223
pillar 2,659260 0,000453
pilot 2,120264 0,000361
pinha 3,912023 0,000666
pioneer 1,272966 0,000217
place 0,356675 0,000061
plai 0,713350 0,000122
plan 0,430783 0,000440
planet 2,040221 0,000348
plant 1,771957 0,004226
plenert 3,912023 0,001333
plossl 3,912023 0,003332
point 0,186330 0,000063
poka 3,506558 0,000597
polici -0,009950 -0,000007
polit 1,078810 0,000184
pollin 3,218876 0,001097
poor 1,714798 0,000292
popular 0,400478 0,000136
portalrec -0,009950 -0,000002
portland 3,218876 0,001645
pose 1,560648 0,000266
posit 0,616186 0,000210
possibl 0,186330 0,000063
post 0,478036 0,000163
postwar 3,506558 0,000597
potenti 0,371064 0,000063
power 0,261365 0,000089
ppe 3,218876 0,000548
practic 0,186330 0,000381
practition 1,514128 0,000258
precari 3,912023 0,001333
preced 1,427116 0,000243
precis 0,967584 0,000165
prepar 1,139434 0,000582
present 0,287682 0,000147
presid 1,832581 0,001249
press 0,210721 0,000718
prevail 2,813411 0,000479
preval 2,040221 0,000348
prevent 0,634878 0,000216
previous 0,843970 0,000144
price 0,798508 0,000136
primari 0,527633 0,000180
primarili 0,653926 0,000111
princip 1,237874 0,000211
principl 0,385662 0,001248
print -0,009950 -0,000002
priorit 1,609438 0,000274
privaci -0,009950 -0,000003
privat 0,634878 0,000108
prize 1,966113 0,000335
pro 1,237874 0,000211
problem 0,186330 0,000381
proc 2,040221 0,000348
procedia 2,813411 0,000479
proceed 0,579818 0,000395
process 0,051293 0,000253
procir 3,912023 0,000666
procur 2,659260 0,000453
produc 0,342490 0,000583
product 0,174353 0,002851
productionfreight 3,912023 0,000666
profession 0,673345 0,000115
professor 1,660731 0,000283
profit -0,009950 -0,000005
progress 1,171183 0,000200
project -0,009950 -0,000003
promin 1,237874 0,000422
promot 0,891598 0,000152
proper 1,171183 0,000200
propos 0,510826 0,000087
protect 0,462035 0,000157
proud 3,912023 0,000666
proven 1,771957 0,000302
provid 0,061875 0,000084
public 0,127833 0,000174
publish 0,105361 0,000090
pull 1,897120 0,002586
purchas 1,139434 0,000776
pursu 1,966113 0,000335
push 1,203973 0,000205
pvt 2,659260 0,000453
qualiti 0,634878 0,001622
quantit 1,469676 0,000250
quantiti 1,049822 0,000179
quarantin 3,506558 0,000597
quarter 1,897120 0,000323
quaternari 3,506558 0,000597
question 0,597837 0,000204
queue 1,660731 0,000283
quick 1,609438 0,001097
quickli 0,891598 0,000456
quinari 3,506558 0,000597
quit 1,347074 0,000459
quotat 1,469676 0,001252
qureshi 3,912023 0,000666
race 1,427116 0,000243
radic 2,407946 0,000410
radicular 3,912023 0,000666
radnor 3,912023 0,000666
raleigh 3,912023 0,000666
ran 1,966113 0,000670
randewich 3,912023 0,000666
rang 0,371064 0,000063
rapid 1,203973 0,000205
rapidli 1,514128 0,000258
rate 0,673345 0,000344
rather 0,287682 0,000147
raton 2,120264 0,000361
raw 1,272966 0,000651
rawson 3,912023 0,001999
razak 3,506558 0,000597
rbaycanca 0,248461 0,000042
reach 0,755023 0,000129
read 0,162519 0,000028
readeditview 0,287682 0,000098
real 0,210721 0,000036
realiti 1,237874 0,000211
reason 0,328504 0,000056
rebirth 3,506558 0,000597
rebrand 2,659260 0,000906
rebuild 2,813411 0,000479
recal 2,813411 0,000479
receiv 0,400478 0,000273
recent 0,562119 0,000287
recept 2,659260 0,000453
recogn 1,021651 0,000696
recognit 1,078810 0,000184
recommend 0,891598 0,000152
reconstruct 1,832581 0,000937
redesign 2,525729 0,000430
redirect 0,673345 0,000115
reduc 0,274437 0,000468
reduct 1,203973 0,002051
redund 1,714798 0,000292
refer -0,009950 -0,000014
regain 3,218876 0,000548
regim 2,120264 0,000361
regist -0,009950 -0,000002
regular 0,867501 0,000296
reinvent 2,525729 0,000861
rel 0,634878 0,000108
relat 0,030459 0,000031
relationship 0,653926 0,000111
reliabl 0,371064 0,000063
remain 0,400478 0,000136
remanufactur 3,912023 0,000666
renault 3,912023 0,000666
render 0,994252 0,000169
reorgan 2,659260 0,000906
repair 2,407946 0,001231
repco 3,912023 0,001333
repetit 2,120264 0,001445
replenish 2,995732 0,000510
report 0,261365 0,000223
repres 0,235722 0,000040
request 0,776529 0,000132
requir 0,051293 0,000061
research 0,223144 0,000228
resourc 0,248461 0,000254
respect 0,544727 0,000093
respond 1,049822 0,000358
respons 0,415515 0,000637
rest 1,049822 0,000358
restrict 0,755023 0,000257
result 0,139262 0,000071
resuppli 3,912023 0,000666
retail 1,386294 0,000708
retool 3,912023 0,000666
retriev -0,009950 -0,000071
reuter 1,609438 0,000548
review 0,314711 0,000268
revis 1,021651 0,000348
revolut 1,272966 0,001084
rework 2,813411 0,001917
rgen 2,813411 0,000479
richard 0,733969 0,000250
right 0,314711 0,000054
rise 0,916291 0,000468
risk 0,579818 0,000296
rival 2,302585 0,000392
river 1,309333 0,000223
rizzardo 3,912023 0,000666
rmg 3,912023 0,001999
robert 0,527633 0,000449
roebuck 3,912023 0,000666
role 0,527633 0,000090
rom 0,616186 0,000105
roo 3,218876 0,002193
root 0,733969 0,000125
roser 3,506558 0,000597
rout 1,108663 0,000189
ruffa 3,506558 0,000597
rule 0,510826 0,000261
run 0,248461 0,000042
safeti -0,009950 -0,000005
sai 0,616186 0,000105
said 0,755023 0,000129
sale 1,049822 0,000358
sam 1,347074 0,000229
same 0,116534 0,000079
sanusi 3,912023 0,000666
saw 1,832581 0,000624
scale 0,371064 0,000253
schedul 1,021651 0,000696
schniederjan 3,912023 0,000666
schonberg 3,506558 0,000597
school 0,867501 0,000443
schuster 2,302585 0,001569
scienc 0,274437 0,000140
scientif 0,673345 0,000574
scm 2,659260 0,000906
scope 0,891598 0,000152
scotland 3,506558 0,000597
scottish 3,912023 0,000666
scrap 2,995732 0,002041
search -0,009950 -0,000007
second 0,328504 0,000112
secondari 1,309333 0,000223
section 0,446287 0,000076
sector 1,171183 0,003791
secur 0,274437 0,000047
see -0,009950 -0,000012
seek 1,021651 0,000522
seem 1,560648 0,000266
seen 0,776529 0,000265
semin 2,407946 0,000410
send 1,108663 0,000189
senna 3,912023 0,000666
sepehri 3,912023 0,000666
sepheri 3,912023 0,001333
septemb 0,150823 0,000128
sequenc 0,820981 0,000140
seri 0,328504 0,000112
serv 0,713350 0,000122
servic 0,210721 0,000574
set 0,051293 0,000017
setup 1,897120 0,000970
seven 1,469676 0,000501
sever 0,072571 0,000099
shall 2,659260 0,000453
sharealik -0,009950 -0,000002
shatter 2,995732 0,000510
shewhart 3,506558 0,001792
shift 1,021651 0,000348
shigeo 3,506558 0,004779
shine 3,506558 0,000597
shingeo 3,912023 0,000666
shingo 3,506558 0,005974
shipment 2,525729 0,000430
shook 3,506558 0,000597
shop 1,771957 0,001509
short -0,009950 -0,000008
shortag 2,302585 0,000392
shorten -0,009950 -0,000002
show 0,400478 0,000205
side 0,579818 0,000198
sidebar -0,009950 -0,000007
sight 2,407946 0,000410
sigma 2,302585 0,001569
signal 0,755023 0,000129
signific 0,261365 0,000134
sigr 3,912023 0,000666
similar 0,150823 0,000077
similarli 0,843970 0,000144
simon 1,021651 0,000870
simpl 0,150823 0,000051
simpli 0,733969 0,000125
simplic 1,897120 0,000323
simplifi 0,820981 0,000140
simpson 2,995732 0,000510
sin 3,218876 0,000548
sinc 0,139262 0,000024
singl 0,127833 0,000065
site -0,009950 -0,000002
situat 0,776529 0,000397
six 1,309333 0,000892
size 0,342490 0,000175
skidelki 3,912023 0,000666
skill 1,427116 0,000729
sku 2,995732 0,001531
slash 2,207275 0,000376
slenskaitaliano 0,562119 0,000096
small 0,314711 0,000322
smaller 0,994252 0,000678
smed 3,506558 0,001195
smooth 1,966113 0,000670
smoother 3,506558 0,000597
social 0,510826 0,000261
societi 0,653926 0,000557
sociolog 1,660731 0,000283
softwar 0,127833 0,000131
soldier 2,813411 0,000479
solut 0,478036 0,000326
solv 0,820981 0,000280
some 0,040822 0,000056
someth 1,347074 0,000229
song 1,897120 0,000323
soul 3,912023 0,000666
sourc 0,094311 0,000016
southfield 3,912023 0,000666
space 0,415515 0,000283
speaker 2,302585 0,000785
spear 3,506558 0,001195
spearman 2,995732 0,000510
special 0,235722 0,000120
specialist 1,660731 0,000283
specif 0,051293 0,000052
specifi 0,446287 0,000228
spent 2,040221 0,000348
spie 2,995732 0,000510
sponsor 1,714798 0,000584
sponsorship 3,218876 0,000548
spread 1,171183 0,000200
springer 0,527633 0,000090
staat 3,506558 0,001195
stabil 1,469676 0,000250
staff 1,469676 0,000250
stage 1,139434 0,000194
stamford 3,912023 0,000666
standard 0,094311 0,000129
start 0,261365 0,000134
state 0,083382 0,000128
statement -0,009950 -0,000007
statementsarticl 0,544727 0,000093
statesfrancebnf 0,510826 0,000087
statist -0,009950 -0,000007
statistician 2,525729 0,000861
statu 0,693147 0,000118
stem 2,040221 0,000348
step 0,713350 0,000851
stephen 0,843970 0,000288
steve 1,078810 0,000184
steven 0,867501 0,000148
stevenson 2,995732 0,000510
stick 2,813411 0,000479
still 0,342490 0,000175
stir 3,506558 0,001195
stock 1,309333 0,000669
stockpil 2,995732 0,001531
stori 1,237874 0,000422
storm 2,207275 0,000376
strateg 1,171183 0,000399
strategi 0,733969 0,000625
stream 0,733969 0,000875
streamlin 2,525729 0,000430
strengthen 2,120264 0,000361
stress 1,660731 0,000566
strong 0,776529 0,000132
struggl 1,771957 0,000302
student 1,049822 0,000179
studi 0,314711 0,000858
subsect 0,020203 0,000007
subsequ 0,916291 0,000156
success 0,494296 0,000421
successfulli 1,427116 0,000243
such 0,000000 0,000000
suggest 0,820981 0,000699
sugimori 3,506558 0,000597
summar 1,469676 0,000250
summari 1,469676 0,000501
suomisvenska 2,040221 0,000348
superflu 3,912023 0,000666
superior 2,813411 0,000479
supermarket 2,995732 0,000510
supplant 2,995732 0,000510
suppli 0,994252 0,004065
supplier 1,832581 0,004059
support 0,150823 0,000077
suppos 1,771957 0,000302
surf 2,207275 0,000376
suri 3,506558 0,001195
surviv 1,609438 0,000274
sustain 1,171183 0,000200
suzaki 3,912023 0,000666
sweden 2,302585 0,000392
switch 0,916291 0,000156
symposimm 3,912023 0,000666
symposium 1,309333 0,000223
syndrom 2,813411 0,000479
synonym 1,966113 0,000335
system 0,010050 0,000079
systemat 1,078810 0,000184
tabl -0,009950 -0,000003
taiichi 3,506558 0,004182
take 0,210721 0,000108
taken 0,867501 0,000148
takt 3,912023 0,002666
talk 1,108663 0,000189
target 0,462035 0,000630
task 0,415515 0,000071
taylor 1,203973 0,001026
teach 1,469676 0,001001
teacher 2,813411 0,000479
team 0,634878 0,000324
tebbo 3,912023 0,000666
techniqu 0,385662 0,000460
technolog 0,116534 0,000159
teller 2,659260 0,000453
templ 2,525729 0,000430
templat 0,301105 0,000051
temporari 1,966113 0,000335
ten 1,347074 0,000229
tend 1,108663 0,000189
term -0,009950 -0,000022
terminolog 1,237874 0,000422
tertiari 2,407946 0,000410
testament 3,912023 0,000666
text -0,009950 -0,000002
textil 2,407946 0,000410
than 0,072571 0,000099
that 0,000000 0,000000
themselv 0,843970 0,000144
then 0,116534 0,000119
there 0,051293 0,000035
these 0,040822 0,000042
thesi 1,832581 0,000312
thi -0,009950 -0,000036
thing 0,798508 0,000544
think 1,049822 0,001610
thinker 3,506558 0,000597
thoma 0,527633 0,000180
those 0,235722 0,000161
though 0,544727 0,000093
threat 1,309333 0,000223
three 0,287682 0,000392
throughout 1,078810 0,000919
throughput 2,120264 0,001084
thu 0,314711 0,000161
time 0,000000 0,000000
tinadanskdeutscheestiespa 2,659260 0,000453
titl -0,009950 -0,000007
titlec 3,218876 0,000548
todai 0,693147 0,000354
toggl -0,009950 -0,000007
toilet 3,218876 0,000548
tokagawa 3,912023 0,000666
told 2,407946 0,000410
tomorrow 2,525729 0,000430
too 0,634878 0,000324
tool -0,009950 -0,000019
toolbox 2,407946 0,000820
top -0,009950 -0,000003
topic -0,009950 -0,000003
total 0,673345 0,000688
toward 0,713350 0,000122
town 2,995732 0,000510
toyoda 3,912023 0,000666
toyota 2,813411 0,023485
tp 3,506558 0,004182
tqc 3,912023 0,001999
tqm 2,995732 0,001531
trace 1,427116 0,000972
trade 0,916291 0,000156
trademark -0,009950 -0,000002
tradit 0,544727 0,000278
train 0,967584 0,000659
transform 0,544727 0,000093
transit 1,171183 0,000200
translat 0,798508 0,000544
transport 0,994252 0,000169
transportinventorywork 3,912023 0,000666
tri 1,427116 0,000243
triumph 3,506558 0,001195
truck 2,525729 0,000861
true 0,776529 0,000265
try 0,994252 0,000169
ttir 3,912023 0,001333
turn 0,776529 0,000397
two 0,083382 0,000170
type 0,051293 0,000017
uchikawa 3,506558 0,000597
ultim 1,139434 0,000388
unambigu 2,659260 0,000453
uncertainti 1,237874 0,000211
under -0,009950 -0,000010
underli 0,693147 0,000118
underpin 2,407946 0,000410
understand 0,342490 0,000117
unemploy 2,207275 0,000376
uneven 3,218876 0,000548
unexpect 2,302585 0,000392
unfit 1,609438 0,000548
uniform 1,347074 0,000229
unit 0,248461 0,000212
univers 0,139262 0,000119
unlik 0,653926 0,000111
unnecessari 2,302585 0,000392
unsourc 0,446287 0,000304
until 0,510826 0,000087
upon 0,673345 0,000229
upshot 3,912023 0,000666
upton 3,506558 0,001195
urban 1,966113 0,000670
urlal 3,912023 0,000666
urldownload -0,009950 -0,000002
user 0,274437 0,000047
usual 0,198451 0,000034
utc -0,009950 -0,000002
util 0,597837 0,000306
vagu 1,660731 0,000283
valentin 2,813411 0,000479
valu 0,162519 0,000443
vancouv 3,506558 0,001792
varianc 1,660731 0,000283
variat 0,994252 0,000169
variou 0,223144 0,000114
vendor 1,139434 0,000194
ventil 3,506558 0,000597
ventur 1,714798 0,000292
veri 0,314711 0,000054
verif 0,733969 0,000375
verifi 1,237874 0,001054
verlagsgesellschaft 3,912023 0,000666
version -0,009950 -0,000003
versu 1,347074 0,000459
vetterli 3,506558 0,000597
via 0,186330 0,000127
view -0,009950 -0,000002
viewpoint 1,966113 0,000335
vishal 3,218876 0,000548
visibl 1,021651 0,000348
visit 1,714798 0,000584
visual 0,562119 0,000096
voic 1,514128 0,000258
voluntari 2,407946 0,000410
voss 3,506558 0,000597
vsm 3,912023 0,001333
vte 0,967584 0,000165
vtelean 3,912023 0,000666
vulner 0,994252 0,000169
wadel 3,912023 0,000666
wage 2,302585 0,000392
wai 0,105361 0,000197
wait 1,771957 0,000302
walker 2,525729 0,000861
wallac 2,525729 0,000430
wallei 3,912023 0,000666
walmart 2,813411 0,000479
walt 3,912023 0,000666
walter 1,514128 0,001032
wang 1,427116 0,000243
want 0,820981 0,000280
wantuck 3,912023 0,000666
war 1,078810 0,000735
ward 2,995732 0,001021
warehous 2,302585 0,000392
wari 3,218876 0,000548
warn 1,272966 0,000434
warranti 2,525729 0,000430
wash 2,995732 0,000510
wast 1,660731 0,007922
wastag 3,912023 0,000666
watch 1,237874 0,000211
wayback 0,478036 0,000163
wealth 2,207275 0,001128
weather 1,897120 0,000323
web 0,342490 0,000117
week 1,171183 0,000998
weekend 3,218876 0,000548
welcom 1,966113 0,000335
well 0,051293 0,000061
wemmerlov 3,912023 0,001333
weren 3,912023 0,000666
west 1,560648 0,000266
western 1,108663 0,000378
westinghous 3,506558 0,000597
what -0,009950 -0,000020
when 0,030459 0,000021
whenev 2,040221 0,000695
where 0,072571 0,000049
which 0,000000 0,000000
while 0,051293 0,000061
white 1,108663 0,000189
who 0,301105 0,000308
whole 0,916291 0,000156
wholesal 2,525729 0,000430
whose 0,776529 0,000132
why 0,494296 0,000337
wide 0,210721 0,000215
wight 3,912023 0,000666
wikidata 0,562119 0,000096
wikidataus 1,108663 0,000189
wikimedia -0,009950 -0,000005
wikipedia -0,009950 -0,000022
wikipediacontact -0,009950 -0,000002
wilei 0,562119 0,000287
william 0,616186 0,000840
winkel 3,506558 0,000597
winslow 3,912023 0,000666
winter 2,040221 0,000348
wip 2,525729 0,000430
wissenschaftlich 3,912023 0,000666
within 0,116534 0,000079
without 0,094311 0,000048
woe 3,912023 0,000666
womack 3,506558 0,007766
won 1,469676 0,000250
wordpress 2,407946 0,000410
work 0,030459 0,000130
worker 1,427116 0,001945
workforc 2,813411 0,000959
workman 3,912023 0,001333
workshop 1,347074 0,000229
world 0,139262 0,000451
wors 2,040221 0,000348
worth 1,897120 0,000323
write 0,527633 0,000090
written 0,287682 0,000049
wrong 1,560648 0,000266
wrote 1,078810 0,000368
wwii 3,506558 0,002987
www 0,356675 0,000061
xerox 2,995732 0,000510
yasuhiro 3,506558 0,001195
ye 2,120264 0,000361
year 0,162519 0,000166
yet 0,891598 0,000152
yoke 3,506558 0,000597
york 0,371064 0,000885
youtub 1,272966 0,000217
zamberi 3,912023 0,000666
zero 0,693147 0,000236
zip 2,120264 0,001806
zoe 3,912023 0,000666
