abraham 2,525729 0,001859
absenc 2,040221 0,001001
access 0,127833 0,000220
accord 0,287682 0,000071
account -0,009950 -0,000005
accur 1,203973 0,000295
acid 2,207275 0,000542
acm 0,755023 0,000556
acquisit 1,203973 0,000591
acronym 2,120264 0,001040
actian 3,912023 0,000960
action -0,009950 -0,000002
activerecord 3,912023 0,000960
ad 0,198451 0,000243
ada 1,609438 0,000395
adaba 3,912023 0,000960
adapt 0,798508 0,000196
add -0,009950 -0,000022
addison 1,203973 0,000295
addit -0,009950 -0,000007
adher 1,660731 0,001222
admin 2,813411 0,000690
administr 0,867501 0,000426
adopt 0,415515 0,000510
adstar 3,912023 0,000960
advanc 0,235722 0,000058
advantag 0,693147 0,000510
against 0,462035 0,000113
agenc 1,108663 0,000544
ago 0,967584 0,000712
agre -0,009950 -0,000002
aid 0,843970 0,000207
aim 0,634878 0,000156
airlin 2,407946 0,000591
airtabl 3,912023 0,000960
aisgaeilgegalego 1,427116 0,000350
aker 3,912023 0,000960
ala 2,995732 0,000735
alan 1,049822 0,000515
alemannisch 3,218876 0,000790
algebra 1,347074 0,000661
algol 1,897120 0,000465
alleg 2,407946 0,000591
allianc 1,832581 0,000450
allow 0,061875 0,000015
alpha 1,832581 0,000450
alphabet 1,469676 0,000361
altern 0,342490 0,000672
although 0,287682 0,000071
altibas 3,912023 0,000960
amazon 1,309333 0,000642
ambigu 1,386294 0,000340
ambra 3,912023 0,000960
american 0,415515 0,000612
among 0,356675 0,000088
amor 3,506558 0,002581
amp -0,009950 -0,000012
analyt 0,798508 0,000588
andi 1,714798 0,000421
angela 2,813411 0,002071
annal 2,040221 0,000501
anoth 0,127833 0,000031
ansi 2,207275 0,005957
anymor 2,525729 0,000620
anywher 1,560648 0,000383
apach 1,386294 0,001020
api 0,798508 0,000784
apl 2,040221 0,000501
appear -0,009950 -0,000007
appli -0,009950 -0,000002
applic 0,030459 0,000052
approach 0,174353 0,000043
approv 1,272966 0,000312
approxim 0,891598 0,000219
apptio 3,912023 0,000960
april 0,072571 0,000142
ar 1,049822 0,000258
architectur 0,400478 0,000295
archiv 0,040822 0,000280
area 0,478036 0,000117
argu 0,994252 0,000244
armstrong 2,040221 0,000501
arora 2,207275 0,003249
arrai 0,994252 0,001220
articl 0,000000 0,000000
articleabout -0,009950 -0,000002
articletalk -0,009950 -0,000002
arvind 2,813411 0,000690
ashdown 3,912023 0,002879
aspir 2,659260 0,000652
assembl 0,867501 0,000426
assign 0,798508 0,000196
associ 0,127833 0,000063
aster 3,912023 0,000960
asturianuaz 1,427116 0,000350
atlant 2,120264 0,000520
atlanta 2,995732 0,000735
atom 1,309333 0,000321
attempt 0,478036 0,000117
attribut -0,009950 -0,000002
august 0,162519 0,000159
aurora 2,525729 0,000620
ausgew 3,506558 0,000860
author 0,040822 0,000020
autogener 3,912023 0,000960
autom 0,597837 0,000293
avail -0,009950 -0,000012
avoid 0,579818 0,000142
axiom 2,302585 0,000565
azur 1,771957 0,000869
babbag 2,813411 0,001380
backward 1,514128 0,000371
baer 3,506558 0,002581
bahasa 0,186330 0,000046
bank 0,941609 0,000693
base 0,010050 0,000032
basic 0,198451 0,000341
beaulieu 3,912023 0,000960
becam 0,579818 0,000427
becaus 0,127833 0,000094
began 0,634878 0,000312
begin 0,385662 0,000095
behav 1,427116 0,000700
behavior 0,342490 0,000168
bellamkonda 3,912023 0,002879
belong 1,347074 0,000330
berkelei 1,514128 0,000371
beth 2,995732 0,002205
bibcod 0,693147 0,000170
big 0,673345 0,000330
bigint 3,218876 0,000790
bigqueri 3,912023 0,000960
binari 0,916291 0,001124
bind 1,469676 0,000361
blob 2,525729 0,000620
blockchain 1,609438 0,000395
blue 1,560648 0,001532
boarischbosanskibrezhoneg 2,407946 0,000591
boi 3,506558 0,000860
bokm 0,127833 0,000031
book 0,210721 0,000052
boolean 1,560648 0,000766
box 0,843970 0,000207
boyc 3,912023 0,004799
boycedeveloperiso 3,912023 0,000960
brandon 2,120264 0,000520
break 0,733969 0,000180
briefli 2,659260 0,000652
build 0,274437 0,000135
builder 2,407946 0,000591
built 0,462035 0,000113
bureau 1,609438 0,000395
busi 0,287682 0,000423
businessentitiescurr 3,912023 0,000960
bydataloginfluencedcql 3,912023 0,000960
bydonald 3,912023 0,000960
byiso 3,912023 0,000960
cach 1,386294 0,000340
calculu 1,560648 0,001532
calif 3,506558 0,000860
call 0,030459 0,000015
cambridg 0,755023 0,000185
caml 2,040221 0,000501
canada 1,427116 0,000350
candid 1,897120 0,000465
cap 1,560648 0,000383
carbon 1,609438 0,000395
card 0,994252 0,000244
cari 3,218876 0,000790
case 0,083382 0,000123
catal 0,094311 0,000023
categor 1,171183 0,000287
categori -0,009950 -0,000015
caus 0,430783 0,000106
cdbm 3,912023 0,000960
cell 1,469676 0,000361
center 0,415515 0,000714
central 0,478036 0,000117
centric 1,966113 0,000482
centuri 0,843970 0,000207
ceo 1,714798 0,000421
certifi 1,714798 0,000841
challeng 0,400478 0,000098
chamberlin 3,912023 0,011517
chamberlinraymond 3,912023 0,000960
chang 0,051293 0,000063
changesupload -0,009950 -0,000005
chappl 3,218876 0,000790
chapter 0,891598 0,000219
char 2,659260 0,000652
charact 0,843970 0,001864
charl 0,941609 0,000462
chart 1,309333 0,000321
chatham 3,912023 0,000960
chess 2,813411 0,000690
chicago 1,609438 0,000395
chri 0,994252 0,000244
cid 0,356675 0,000263
cipher 2,659260 0,000652
citat 0,248461 0,000061
citeseerx 1,347074 0,000330
citi 1,272966 0,000937
clarion 3,218876 0,000790
class 0,446287 0,000438
classic 0,544727 0,000134
classifi 0,967584 0,000475
claus 2,040221 0,003504
cleaner 2,659260 0,000652
clickhous 3,912023 0,000960
client 0,713350 0,000175
clob 3,912023 0,000960
closer 1,660731 0,000407
closur 1,771957 0,000435
cloud 0,733969 0,000720
cloudant 3,912023 0,000960
clustrix 3,912023 0,000960
cobol 1,966113 0,000482
cockroachdb 3,506558 0,000860
codasyl 3,506558 0,000860
codd 2,659260 0,005219
code -0,009950 -0,000024
cogno 3,912023 0,001920
collect 0,274437 0,000135
colleg 1,514128 0,000371
column 1,660731 0,005297
com 0,150823 0,000148
command 0,891598 0,000437
comment 1,049822 0,000258
commerci 0,527633 0,000906
committe 1,309333 0,000642
common -0,009950 -0,000015
commonli 0,342490 0,000252
commonstextbook 2,659260 0,000652
commonswikibookswikiversitywikidata 2,302585 0,000565
commun 0,139262 0,000137
compani 0,342490 0,000168
compar 0,342490 0,000084
comparison 0,371064 0,000819
compat 0,693147 0,000170
compil 0,755023 0,000185
complement 1,966113 0,000482
complet 0,223144 0,000219
complex 0,186330 0,000091
complianc 1,514128 0,001857
compon 0,261365 0,000192
compris 1,714798 0,000421
comput 0,020203 0,000069
concaten 2,407946 0,000591
concept 0,198451 0,000243
concret 1,771957 0,000435
concurr 0,994252 0,000488
condit 0,579818 0,000142
condor 3,506558 0,000860
conduct -0,009950 -0,000002
confer 0,274437 0,000067
conflict 1,309333 0,000321
conform 1,272966 0,000937
connect 0,430783 0,000317
conserv 1,897120 0,000465
consist 0,301105 0,000148
consortium 1,771957 0,000435
constitu 2,659260 0,000652
constraint 1,139434 0,000559
construct 0,579818 0,000711
constructor 2,659260 0,000652
consult 1,386294 0,000340
contact -0,009950 -0,000005
contain 0,162519 0,000040
contemporari 1,347074 0,000330
content -0,009950 -0,000010
contribut -0,009950 -0,000002
control 0,020203 0,000040
convent 0,891598 0,000219
cooki -0,009950 -0,000002
cooper 1,021651 0,000251
corp 1,832581 0,000899
corpor 0,562119 0,000552
correctli 1,832581 0,000450
correspond 0,798508 0,000196
countri 0,867501 0,000213
cql 3,912023 0,000960
creat -0,009950 -0,000012
creation 0,653926 0,000160
creativ -0,009950 -0,000002
crimin 1,771957 0,000435
criteria 1,609438 0,000395
critic 0,385662 0,000568
crud 2,995732 0,000735
cubrid 3,912023 0,000960
cue 2,813411 0,001380
current 0,210721 0,000155
cursor 2,659260 0,001305
custom 0,544727 0,000401
cynefin 3,912023 0,000960
cypher 3,218876 0,000790
darwen 3,912023 0,001920
data 0,030459 0,000456
databas 0,072571 0,001318
databasespi 3,912023 0,000960
datacom 3,912023 0,000960
dataczech 1,171183 0,000287
dataeas 3,912023 0,000960
dataflex 3,912023 0,000960
datagrip 3,912023 0,000960
datalog 2,995732 0,002940
dataphor 3,506558 0,000860
date 0,210721 0,000569
datenbanksystem 3,506558 0,000860
datetim 3,506558 0,002581
dax 3,912023 0,000960
dbase 3,506558 0,000860
dbeaver 3,912023 0,000960
dbedit 3,912023 0,000960
dbforg 3,912023 0,000960
dbm 2,659260 0,001305
dbmss 3,506558 0,000860
dbvisual 3,912023 0,000960
dcl 3,506558 0,000860
ddl 3,506558 0,000860
debat 1,272966 0,000312
decemb 0,061875 0,000106
decfloat 3,912023 0,000960
decid 0,867501 0,000213
decim 1,660731 0,000815
decis 0,400478 0,000098
declar 1,108663 0,001360
deduct 2,525729 0,000620
deep 1,078810 0,000794
defer 2,407946 0,000591
defin 0,116534 0,000343
definit 0,186330 0,000274
delet 1,139434 0,000559
demystifi 2,659260 0,000652
denot 1,386294 0,000340
der 1,609438 0,000395
derbi 3,912023 0,000960
describ 0,174353 0,000171
descript -0,009950 -0,000005
descriptionshort 0,000000 0,000000
design 0,040822 0,000070
despit 1,021651 0,000501
determin 0,342490 0,000084
develop -0,009950 -0,000032
develothon 3,912023 0,000960
deviat 1,771957 0,000435
devot 2,040221 0,000501
diagnost 2,040221 0,000501
diana 2,995732 0,002205
dictionari 0,616186 0,000151
differ 0,010050 0,000005
difficult 0,597837 0,000293
digit 0,400478 0,000098
dimens 1,347074 0,000330
diplomica 3,506558 0,000860
directli 0,415515 0,000102
disambigu 1,049822 0,000515
disciplinestat 2,995732 0,000735
disclaim -0,009950 -0,000002
discuss 0,494296 0,000243
disk 1,469676 0,000721
displaystyl 1,386294 0,000340
distinct 0,544727 0,000401
distribut 0,198451 0,000438
dml 3,506558 0,000860
dmx 3,218876 0,000790
dmy 0,994252 0,000244
doctrin 2,407946 0,000591
document 0,328504 0,000725
doi 0,162519 0,000199
doll 3,912023 0,000960
domain 0,544727 0,000267
donald 1,347074 0,002313
donat -0,009950 -0,000005
doubl 0,843970 0,000207
download -0,009950 -0,000002
dql 3,506558 0,000860
draft 1,427116 0,001401
dram 3,218876 0,000790
drda 3,912023 0,003839
drive 0,867501 0,000213
driver 1,237874 0,000304
drop 0,994252 0,000244
duckdb 3,912023 0,000960
due 0,261365 0,000064
duplic 1,897120 0,001396
dynam 0,342490 0,000252
eagl 3,506558 0,000860
earli 0,301105 0,000295
easier 1,049822 0,000515
edgar 2,659260 0,003262
edit -0,009950 -0,000061
editcommun -0,009950 -0,000002
educ 0,494296 0,000121
eduquest 3,912023 0,000960
effect 0,274437 0,000135
effici 0,287682 0,000071
eik 3,912023 0,000960
either 0,248461 0,000061
electron 0,430783 0,000106
element 0,301105 0,000517
elimin 0,867501 0,000213
elixir 1,771957 0,000435
ell 3,912023 0,000960
embed 0,755023 0,000556
emploi 0,673345 0,000165
empress 3,912023 0,000960
empti 1,386294 0,000340
enabl 0,274437 0,000067
encyclopedia -0,009950 -0,000002
end 0,186330 0,000046
endors 2,995732 0,000735
enforc 0,916291 0,000225
engin 0,061875 0,000091
english -0,009950 -0,000015
englishpag 3,506558 0,000860
englishsloven 0,510826 0,000125
enhanc 0,510826 0,000125
enterpris 0,446287 0,000328
enterprisedb 3,912023 0,000960
entir 0,597837 0,000293
entiti 0,843970 0,000414
entri 1,203973 0,000295
environ 0,385662 0,000095
equival 0,820981 0,000201
erlang 1,714798 0,000421
espa 0,210721 0,000052
especi 0,415515 0,000204
ess 3,912023 0,001920
essenti 0,634878 0,000156
evalu 0,562119 0,000276
evaluierung 3,506558 0,000860
eventsrandom -0,009950 -0,000002
exact 1,427116 0,000350
exampl 0,020203 0,000040
exasol 3,912023 0,000960
exist 0,186330 0,000183
explicitli 0,916291 0,000225
export -0,009950 -0,000002
express 0,544727 0,000802
extend 0,385662 0,000095
extens 0,342490 0,000756
extensionarticl 3,912023 0,000960
extern 0,030459 0,000022
extremedb 3,912023 0,000960
facil 0,891598 0,000875
facilit 0,916291 0,000225
factor 0,544727 0,000134
fals 1,237874 0,000304
featur 0,210721 0,000310
februari 0,061875 0,000091
feder 1,021651 0,000251
fellow 2,813411 0,001380
fernando 2,525729 0,000620
fetch 1,966113 0,000965
field 0,314711 0,000077
file 0,446287 0,000219
filemak 3,506558 0,000860
filenam 1,897120 0,000465
fileperman -0,009950 -0,000002
filespeci -0,009950 -0,000002
financi 0,776529 0,000191
find 0,371064 0,000091
fip 3,218876 0,004738
firebird 3,506558 0,000860
first 0,020203 0,000030
firstli 2,659260 0,000652
five 0,776529 0,000191
flashsystem 3,912023 0,000960
flaw 1,469676 0,000361
float 1,347074 0,000661
floppi 3,506558 0,000860
flow 0,430783 0,000423
fold 2,207275 0,001083
follow 0,072571 0,000071
foo 2,207275 0,001625
footbal 2,995732 0,000735
forc 0,597837 0,000147
foreign 1,139434 0,000280
form 0,072571 0,000018
formal 0,510826 0,000125
format 0,634878 0,000467
formatdatabasestandardiso 3,912023 0,000960
former 1,049822 0,000515
forth 1,560648 0,000383
fortran 1,560648 0,000766
foss 1,966113 0,000482
foundat -0,009950 -0,000020
foundationdb 3,218876 0,000790
foxpro 3,506558 0,000860
framework 0,287682 0,000353
fran 0,223144 0,000055
frana 3,912023 0,000960
francisco 1,609438 0,000395
frank 1,203973 0,000295
fred 1,966113 0,000482
free -0,009950 -0,000002
freeli 1,966113 0,000482
frequenc 1,078810 0,000265
frontbas 3,912023 0,000960
fulfil 1,771957 0,000435
full 0,371064 0,000091
fulli 0,616186 0,000302
function 0,030459 0,000052
fundament 0,478036 0,000117
gari 1,714798 0,000841
geeta 3,912023 0,002879
gene 2,040221 0,000501
gener -0,009950 -0,000010
gerstner 3,912023 0,000960
gillespi 3,912023 0,000960
ginni 3,912023 0,000960
global 0,446287 0,000219
globalfoundri 3,912023 0,000960
gone 2,207275 0,000542
googl 0,579818 0,000285
got 1,897120 0,000465
govern 0,544727 0,000267
gql 3,912023 0,000960
grammar 1,966113 0,000482
granit 2,525729 0,000620
graph 0,967584 0,000712
graphql 2,659260 0,000652
great 0,941609 0,000231
greenplum 3,506558 0,000860
gremlin 3,506558 0,000860
grid 1,660731 0,000407
group 0,186330 0,000229
guid 0,287682 0,000353
hak 1,897120 0,000465
hakozaki 3,912023 0,000960
hana 3,912023 0,000960
handl 0,415515 0,000102
hard 1,049822 0,000258
harvei 2,813411 0,000690
haskel 1,514128 0,000371
hat 1,966113 0,000482
hawker 3,912023 0,000960
hdl 1,049822 0,000258
head 0,867501 0,000213
heidisql 3,912023 0,000960
helix 2,995732 0,000735
helplearn -0,009950 -0,000002
hererel -0,009950 -0,000002
hermann 2,995732 0,002205
heron 3,506558 0,000860
hibern 2,995732 0,001470
hidden 0,843970 0,000207
hide -0,009950 -0,000010
hierarch 1,832581 0,000450
high 0,223144 0,000055
higher 0,430783 0,000106
hill 0,867501 0,000213
himself 2,995732 0,000735
histori -0,009950 -0,000046
hlter 3,506558 0,000860
holocaust 3,912023 0,000960
honolulu 3,506558 0,000860
host 0,755023 0,000185
hour 1,386294 0,000340
howev 0,094311 0,000046
hrvatskibahasa 1,427116 0,000350
hsqldb 3,506558 0,000860
html 1,078810 0,000265
htmlmajor 3,912023 0,000960
htsql 3,912023 0,000960
http -0,009950 -0,000002
hugh 1,714798 0,000841
hurslei 3,912023 0,000960
iahc 2,813411 0,000690
ibm 0,693147 0,004081
ibphoenix 3,912023 0,000960
id 0,994252 0,000244
ident 0,820981 0,000201
identifi 0,356675 0,000088
idm 3,218876 0,000790
iec 1,897120 0,011636
ieciniti 3,912023 0,000960
ieee 0,634878 0,000156
ignit 3,218876 0,000790
ignor 1,078810 0,000265
ilog 3,912023 0,000960
imped 2,302585 0,001695
imper 1,560648 0,000383
implement 0,105361 0,000336
implementationsmanydialect 3,912023 0,000960
import 0,162519 0,000199
ina 0,356675 0,000088
inasloven 0,616186 0,000151
inc -0,009950 -0,000012
incent 2,040221 0,000501
incident 3,912023 0,000960
includ 0,000000 0,000000
incompat 1,272966 0,001249
incorpor 0,755023 0,000370
index -0,009950 -0,000007
india 1,171183 0,000287
indic 0,356675 0,000263
individu 0,314711 0,000077
indonesiainterlingua 1,660731 0,000407
industri 0,356675 0,000088
influenc 0,579818 0,000142
influenti 1,897120 0,000465
infobright 3,912023 0,000960
inform 0,061875 0,000152
informa 3,218876 0,000790
informalnam 3,912023 0,000960
informationcit -0,009950 -0,000002
informix 3,506558 0,000860
infrastructur 0,673345 0,000165
ingr 3,506558 0,002581
inherit 1,609438 0,000395
initi 0,235722 0,000231
insert 1,560648 0,000766
insid 0,579818 0,000142
insignific 3,218876 0,000790
instead 0,301105 0,000148
institut 0,446287 0,000657
integ 1,139434 0,000559
integr 0,174353 0,000257
intellig 0,510826 0,000125
interact 0,356675 0,000088
interbas 3,912023 0,000960
interchang 1,714798 0,000841
interest 0,478036 0,000117
interfac 0,494296 0,000243
intern 0,040822 0,000100
internationalgndfastnationalunit 1,237874 0,000304
internet 0,462035 0,000227
interoper 1,609438 0,001185
intersystem 3,506558 0,001721
interv 1,386294 0,000680
interview 1,427116 0,001401
intrins 1,714798 0,000421
introduc 0,210721 0,000310
invent 1,021651 0,000251
invok 1,714798 0,000421
iri 2,040221 0,000501
isam 3,912023 0,000960
isbl 3,912023 0,001920
isbn 0,051293 0,000101
iso 1,309333 0,011564
ispolskiportugu 1,771957 0,000435
issu 0,314711 0,000154
item -0,009950 -0,000002
itself 0,342490 0,000168
jami 2,995732 0,000735
jan 1,386294 0,000340
januari 0,083382 0,000184
java 0,891598 0,001750
javascript 1,021651 0,001003
jdbc 2,813411 0,001380
jessica 2,525729 0,000620
jim 1,514128 0,000743
john 0,198451 0,000097
johnson 1,714798 0,000421
join 1,386294 0,000680
joint 1,171183 0,000287
jooq 3,912023 0,001920
jose 2,120264 0,001040
journal 0,186330 0,000046
jpql 3,912023 0,001920
jrt 3,912023 0,001920
json 1,347074 0,001322
jtc 2,659260 0,001957
juli 0,127833 0,000125
julia 1,514128 0,000371
jump -0,009950 -0,000002
june 0,094311 0,000324
kaleida 3,912023 0,000960
kaufmann 1,897120 0,000465
kei 0,314711 0,000540
kenexa 3,912023 0,000960
keypunch 3,506558 0,000860
keyword 1,897120 0,000465
kind 0,673345 0,000165
kinza 3,912023 0,000960
kju 3,912023 0,001920
known 0,127833 0,000031
kotlin 1,897120 0,000465
krishna 3,218876 0,001579
kulkarni 2,813411 0,000690
kurd 2,995732 0,000735
kyndryl 3,912023 0,000960
lab 1,171183 0,001149
label 1,049822 0,000258
laboratori 1,309333 0,000642
lack 0,544727 0,000401
lanc 2,659260 0,001957
languag -0,009950 -0,000178
languagedesign 3,912023 0,000960
languagesdeclar 3,506558 0,000860
languagesin 3,912023 0,000960
languagesprogram 2,120264 0,001040
languagesrel 3,912023 0,000960
larg 0,127833 0,000220
larger 0,941609 0,000231
last -0,009950 -0,000002
late 0,733969 0,000180
later 0,223144 0,000164
latinalatvi 1,203973 0,000295
lawyer 2,407946 0,000591
lbd 3,912023 0,000960
ldap 2,525729 0,000620
lead 0,287682 0,000071
learn 0,162519 0,000080
learson 3,912023 0,000960
least 0,527633 0,000259
leav 1,078810 0,000265
left 0,916291 0,000225
legal -0,009950 -0,000005
lenovo 3,218876 0,000790
less 0,430783 0,000106
let 0,916291 0,000450
letter 0,843970 0,000207
level 0,083382 0,000041
lexic 2,040221 0,000501
lexmark 3,912023 0,000960
librari 0,356675 0,000350
libreoffic 3,218876 0,000790
licens -0,009950 -0,000007
life 0,653926 0,000160
like 0,051293 0,000050
limit 0,186330 0,000137
link -0,009950 -0,000015
linkpag -0,009950 -0,000002
linq 3,218876 0,003159
linter 2,995732 0,000735
linux 0,916291 0,000225
lisp 1,386294 0,000340
list 0,051293 0,000189
liter 1,714798 0,000841
littl 0,820981 0,000201
lnorsk 0,653926 0,000160
local 0,314711 0,000077
locat 0,527633 0,000129
lock 1,309333 0,000321
log -0,009950 -0,000007
logic 0,616186 0,000454
lombardmagyar 1,832581 0,000450
lorentz 3,506558 0,002581
loshin 3,506558 0,000860
lotu 2,120264 0,001040
loui 1,771957 0,000435
lower 0,673345 0,000165
lua 1,897120 0,000465
luann 3,912023 0,000960
lucif 3,506558 0,000860
lulu 2,995732 0,000735
lux 0,371064 0,000091
machin 0,040822 0,000030
machineri 1,203973 0,000295
made 0,186330 0,000046
magnet 1,966113 0,000482
mahc 2,995732 0,000735
main -0,009950 -0,000015
mainfram 2,207275 0,001083
maintain 0,400478 0,000098
mainten 0,843970 0,000207
major 0,223144 0,000109
make 0,061875 0,000061
manag 0,105361 0,000569
mani 0,061875 0,000076
manifesto 2,302585 0,000565
manipul 0,673345 0,000661
march 0,116534 0,000286
mari 1,347074 0,001322
mariadb 3,506558 0,000860
mark 0,261365 0,000064
marker 2,813411 0,000690
mashup 2,407946 0,000591
match 0,400478 0,000197
mathematica 2,407946 0,000591
mathtt 3,912023 0,022075
matlab 1,660731 0,000407
maxdb 3,912023 0,000960
mcgraw 1,108663 0,000272
mcjone 3,912023 0,000960
mdarrai 3,912023 0,000960
mdx 3,218876 0,000790
mean 0,083382 0,000020
media 0,139262 0,000205
meet 0,527633 0,000129
melayu 0,820981 0,000201
melton 3,506558 0,000860
member 0,562119 0,000138
memori 0,562119 0,000138
menu -0,009950 -0,000005
mer 2,995732 0,000735
merg 1,514128 0,000371
merger 1,966113 0,000482
messag 0,400478 0,000098
method 0,150823 0,000074
michael 0,385662 0,000095
michel 1,560648 0,000383
microelectron 3,218876 0,000790
microprocessor 2,407946 0,001182
microscop 2,995732 0,000735
microsoft 0,579818 0,001138
midrang 3,912023 0,001920
mike 1,237874 0,000304
mimer 3,506558 0,004301
mind 1,347074 0,000330
minor 1,309333 0,000321
minut 1,469676 0,000361
mirror 1,897120 0,000465
mismatch 2,525729 0,002479
mobil -0,009950 -0,000002
model 0,116534 0,000515
modif 1,386294 0,000680
modul 0,820981 0,000201
modular 1,427116 0,000350
monetdb 3,912023 0,000960
mongodb 2,525729 0,000620
month 0,776529 0,000191
montreal 3,218876 0,000790
morgan 1,309333 0,000321
morgenthal 3,912023 0,001920
mosh 2,995732 0,000735
move -0,009950 -0,000015
mql 3,912023 0,000960
msql 3,912023 0,000960
mudd 3,912023 0,000960
multi 0,342490 0,000084
multidimension 2,302585 0,000565
multimedia 1,386294 0,000340
multipl 0,094311 0,000046
multiset 3,218876 0,000790
mump 3,912023 0,000960
museum 1,660731 0,000407
mutat 2,302585 0,000565
mysql 2,525729 0,001859
name 0,162519 0,000439
nation 0,527633 0,001036
navi 3,218876 0,000790
navicat 3,912023 0,000960
navig -0,009950 -0,000007
nchar 3,912023 0,001920
nclob 3,912023 0,000960
ndl 3,912023 0,000960
necessarili 1,049822 0,000258
nederland 0,415515 0,000102
need 0,030459 0,000022
net 0,385662 0,000284
netezza 3,506558 0,000860
network 0,127833 0,000031
new 0,010050 0,000012
newer 1,309333 0,000321
newsql 2,995732 0,000735
nexusdb 3,912023 0,000960
nist 1,771957 0,000435
non -0,009950 -0,000005
nonscalar 3,912023 0,000960
nonstop 3,506558 0,000860
normal 0,673345 0,000165
norsk 0,342490 0,000084
nosql 2,813411 0,003451
notat 0,941609 0,000231
note 0,150823 0,000074
novemb 0,150823 0,000148
null 1,309333 0,002570
number 0,040822 0,000020
numer 0,430783 0,000423
nuodb 3,912023 0,000960
nynorsk 2,302585 0,000565
object 0,174353 0,000727
observ 0,820981 0,000201
obviou 2,120264 0,000520
ocaml 1,966113 0,000482
occur 0,510826 0,000251
ocl 3,912023 0,000960
octob 0,139262 0,000342
odbc 2,813411 0,001380
offer 0,248461 0,000061
offic 0,733969 0,000180
offici 0,653926 0,000963
olap 2,995732 0,000735
olb 3,912023 0,000960
old 0,994252 0,000244
older 1,237874 0,000304
oldid -0,009950 -0,000002
olesperantoeuskara 0,510826 0,000125
oltp 3,912023 0,000960
omit 1,714798 0,000421
omni 3,912023 0,000960
onlin 0,415515 0,000306
opel 3,912023 0,000960
open 0,150823 0,000037
openoffic 2,995732 0,000735
openqasm 3,912023 0,000960
oper 0,010050 0,000012
oppel 3,912023 0,000960
optim 0,415515 0,000204
option 0,527633 0,000129
oql 3,506558 0,000860
oracl 1,078810 0,006882
oral 2,995732 0,002940
order 0,094311 0,000069
ordinari 1,272966 0,000312
org -0,009950 -0,000012
organ -0,009950 -0,000007
orient 0,653926 0,001283
origin -0,009950 -0,000081
orm 2,995732 0,000735
orthogon 2,302585 0,001130
osborn 2,995732 0,000735
osprei 3,506558 0,000860
outer 2,302585 0,000565
outlin 0,562119 0,000138
outsid 0,776529 0,000191
over 0,094311 0,000069
overbrac 3,912023 0,005759
overload 1,897120 0,000465
overview 0,616186 0,000302
overwrit 2,659260 0,000652
pacelc 2,995732 0,000735
packag 0,776529 0,000572
page -0,009950 -0,000010
pagecontentscurr -0,009950 -0,000002
pageget -0,009950 -0,000002
palmisano 3,912023 0,000960
panorama 3,912023 0,000960
paper 0,527633 0,000129
paradigmdeclarativefamilyqueri 3,912023 0,000960
paradox 2,659260 0,000652
pars 1,514128 0,000371
part 0,072571 0,000178
parti 0,616186 0,000151
particular 0,301105 0,000148
particularli 0,597837 0,000147
partit 1,347074 0,000330
pascal 1,347074 0,000661
patrick 1,714798 0,000421
pattern 0,494296 0,000243
paul 0,544727 0,000267
pdf 0,139262 0,000307
pdfprintabl -0,009950 -0,000002
peopl 0,356675 0,000088
percona 3,912023 0,001920
perez 2,813411 0,000690
perform 0,040822 0,000010
period 0,713350 0,000175
perl 1,347074 0,000661
persist 1,386294 0,001701
person -0,009950 -0,000010
peter 0,446287 0,000109
pgadmin 3,912023 0,000960
pgq 3,912023 0,000960
philip 1,469676 0,000361
phono 2,525729 0,000620
php -0,009950 -0,000005
phpliteadmin 3,912023 0,000960
phpmyadmin 3,912023 0,000960
phpsqliteadmin 3,912023 0,000960
piemont 1,427116 0,000350
place 0,356675 0,000088
plan 0,430783 0,000211
planet 2,040221 0,000501
platform 0,400478 0,000295
platformwebsitewww 3,912023 0,000960
plex 3,912023 0,000960
plu 1,203973 0,000295
plumb 2,995732 0,000735
point 0,186330 0,000046
polici -0,009950 -0,000005
polit 1,078810 0,000265
polyhedra 3,912023 0,000960
polymorph 1,966113 0,000482
popul 1,309333 0,000642
popular 0,400478 0,000295
port 1,272966 0,000625
portabl 1,203973 0,000295
portal 0,494296 0,000243
portalrec -0,009950 -0,000002
postgr 3,506558 0,000860
postgresql 2,813411 0,008973
potenti 0,371064 0,000091
power 0,261365 0,000128
powerpc 2,813411 0,000690
powershel 3,506558 0,000860
practic 0,186330 0,000046
precis 0,967584 0,000475
predefin 2,525729 0,002479
predic 2,659260 0,001305
prepar 1,139434 0,000280
prereleas 3,912023 0,000960
press 0,210721 0,000052
pride 3,218876 0,000790
primari 0,527633 0,000259
primarili 0,653926 0,000160
principl 0,385662 0,000095
print -0,009950 -0,000002
prior 0,891598 0,000437
prioriti 1,609438 0,000395
privaci -0,009950 -0,000005
pro 1,237874 0,000304
procedur 0,867501 0,001915
proceed 0,579818 0,000142
process 0,051293 0,000088
produc 0,342490 0,000084
product 0,174353 0,000214
productshardwarecurr 3,912023 0,000960
profession 0,673345 0,000330
profit -0,009950 -0,000002
program 0,116534 0,000486
programm 0,693147 0,000170
programmingdatabas 3,912023 0,000960
programmingsql 3,912023 0,000960
progress 1,171183 0,000287
project -0,009950 -0,000012
prolog 1,897120 0,000465
promontori 3,912023 0,000960
pronounc 2,207275 0,001625
pronunci 2,659260 0,001305
pronunciationsal 3,506558 0,000860
properti 0,314711 0,000077
propos 0,510826 0,000125
proprietari 1,171183 0,000862
protocol 0,527633 0,000129
prototyp 1,386294 0,000340
psm 3,912023 0,000960
pub 2,207275 0,003249
public 0,127833 0,000063
publish 0,105361 0,000078
pun 2,995732 0,000735
purchas 1,139434 0,000280
purequeri 3,912023 0,000960
purpos 0,248461 0,000061
python 0,916291 0,000674
qbe 3,506558 0,000860
qiskit 3,506558 0,000860
quantum 1,171183 0,000575
quasirel 3,912023 0,000960
quel 3,506558 0,003441
queri 1,139434 0,012859
raku 2,040221 0,000501
rank 1,272966 0,000312
rare 1,108663 0,000272
ration 1,660731 0,000407
raymond 1,966113 0,001447
rbaycanca 0,248461 0,000061
rdb 3,218876 0,003159
rdbm 2,813411 0,002071
rdbmss 3,506558 0,002581
rdf 2,120264 0,000520
reach 0,755023 0,000185
read 0,162519 0,000040
readabl 1,309333 0,000321
readeditview 0,287682 0,000141
real 0,210721 0,000052
realli 1,660731 0,000407
reason 0,328504 0,000242
receiv 0,400478 0,000098
recent 0,562119 0,000276
record 0,400478 0,000590
recount 3,506558 0,000860
recurs 1,514128 0,000743
red 1,237874 0,000304
redirect 0,673345 0,000165
redshift 3,912023 0,000960
reduct 1,203973 0,000295
redwood 3,912023 0,002879
ref 2,407946 0,000591
refer -0,009950 -0,000017
referenti 2,813411 0,000690
regard 0,776529 0,000191
regardless 1,272966 0,000312
regist -0,009950 -0,000002
registr 2,407946 0,000591
regular 0,867501 0,000213
reilli 1,078810 0,000529
reinsch 3,912023 0,000960
relat 0,030459 0,000351
releas 0,415515 0,000408
releasesql 3,912023 0,000960
remot 0,776529 0,000572
ren 2,407946 0,000591
replac 0,494296 0,000121
repli 2,995732 0,000735
replic 1,609438 0,000395
report 0,261365 0,000064
repres 0,235722 0,000058
republicspainisraelotheryal 2,659260 0,000652
request 0,776529 0,000191
requir 0,051293 0,000025
research 0,223144 0,000383
reserv 1,272966 0,000625
respect 0,544727 0,000134
restrict 0,755023 0,000185
result 0,139262 0,000137
retail 1,386294 0,000340
rethinkdb 3,506558 0,000860
retriev -0,009950 -0,000081
return 0,510826 0,000125
reunion 3,912023 0,001920
review 0,314711 0,000077
revis 1,021651 0,001504
rewrit 1,560648 0,000383
rfc 1,714798 0,000841
right 0,314711 0,000077
roadblock 3,506558 0,000860
rochest 2,659260 0,000652
roeser 3,912023 0,002879
rom 0,616186 0,000151
roman 1,660731 0,000407
rome 2,302585 0,000565
rometti 3,912023 0,000960
routin 1,897120 0,000931
row 1,714798 0,003786
rubi 1,347074 0,000330
rugbi 3,912023 0,000960
rule 0,510826 0,000251
run 0,248461 0,000061
runa 0,916291 0,000225
runtim 1,309333 0,000321
rust 1,427116 0,000350
ryan 1,560648 0,000383
sa 1,347074 0,000330
saa 2,995732 0,000735
sabr 3,506558 0,000860
saenz 3,912023 0,000960
safeti -0,009950 -0,000002
sai 0,616186 0,000151
said 0,755023 0,000185
samuel 1,714798 0,000421
san 1,203973 0,000886
sand 2,813411 0,000690
sap 2,525729 0,002479
saw 1,832581 0,000450
scalar 2,525729 0,000620
scan 1,660731 0,000407
schema 1,771957 0,001739
schemata 3,912023 0,000960
scicomp 3,912023 0,000960
scienc 0,274437 0,000135
scientif 0,673345 0,000165
scope 0,891598 0,000219
scratch 1,771957 0,000435
search -0,009950 -0,000012
seattl 2,659260 0,000652
sebastopol 2,207275 0,001083
second 0,328504 0,000161
secondli 2,813411 0,000690
section 0,446287 0,000109
see -0,009950 -0,000027
select 0,371064 0,000091
selectr 3,912023 0,000960
self 0,478036 0,000117
sell 1,139434 0,000280
semant 0,891598 0,000437
semicolon 2,207275 0,000542
sens 1,049822 0,000258
sensit 1,078810 0,000265
septemb 0,150823 0,000074
sequel 3,912023 0,015356
sequenc 0,820981 0,000201
seri 0,328504 0,000161
server 0,597837 0,001907
servic 0,210721 0,000103
session 1,469676 0,000361
set 0,051293 0,000076
sever 0,072571 0,000071
shafranovich 3,912023 0,000960
shard 2,813411 0,000690
share 0,301105 0,000295
sharealik -0,009950 -0,000002
shell 1,049822 0,000515
shellei 3,218876 0,000790
short -0,009950 -0,000002
shortcut 2,525729 0,000620
shorten -0,009950 -0,000005
show 0,400478 0,000098
shqipsimpl 1,203973 0,000295
shrikanth 3,912023 0,002879
siddelei 3,912023 0,000960
sidebar -0,009950 -0,000010
sigfidet 3,912023 0,000960
sigmod 2,407946 0,000591
simi 0,755023 0,000185
similar 0,150823 0,000037
simon 1,021651 0,000251
simula 2,040221 0,000501
sinc 0,139262 0,000068
singl 0,127833 0,000063
singlestor 3,912023 0,000960
sirkin 3,912023 0,000960
sister 1,386294 0,000680
site -0,009950 -0,000005
size 0,342490 0,000084
skillsbuild 3,912023 0,000960
slenskaitaliano 0,562119 0,000138
slogan 3,218876 0,000790
smallint 3,912023 0,000960
smalltalk 1,714798 0,000421
smart 1,049822 0,000258
smarter 2,525729 0,000620
snowflak 2,995732 0,001470
softwar 0,127833 0,000533
soliddb 3,912023 0,000960
solut 0,478036 0,000117
somebodi 3,218876 0,000790
somewhat 2,040221 0,000501
soql 3,912023 0,000960
sourc 0,094311 0,000046
spanner 3,912023 0,000960
sparql 2,407946 0,001182
speak 1,139434 0,000280
specif 0,051293 0,000088
specifi 0,446287 0,000547
sport 2,040221 0,000501
spss 2,659260 0,000652
sql 1,171183 0,068673
sqlalchemi 3,506558 0,000860
sqlbase 3,912023 0,000960
sqlclr 3,912023 0,000960
sqldata 3,912023 0,000960
sqlinternet 3,912023 0,000960
sqlite 2,813411 0,000690
sqlyog 3,912023 0,000960
sqream 3,912023 0,000960
sqsh 3,912023 0,000960
squar 1,203973 0,000591
squirrel 3,506558 0,000860
srpskisrpskohrvatski 0,510826 0,000125
stabl 0,867501 0,000213
standard 0,094311 0,001458
standardkonformit 3,506558 0,000860
standardqueri 3,912023 0,000960
standardslist 2,813411 0,000690
stanford 1,309333 0,000321
star 1,609438 0,000395
starkei 3,912023 0,000960
statement -0,009950 -0,000056
statementsarticl 0,544727 0,000134
statesfrancebnf 0,510826 0,000125
statist -0,009950 -0,000005
statu 0,693147 0,000170
storag 0,430783 0,000423
store 0,356675 0,000875
stream 0,733969 0,000180
strictli 1,966113 0,000482
string 1,049822 0,000773
stripe 2,659260 0,000652
strive 2,407946 0,000591
strongli 1,560648 0,000383
strongoscross 3,912023 0,000960
structur 0,139262 0,000512
studio 1,609438 0,001579
subcommitte 2,995732 0,001470
subdivid 2,995732 0,000735
subject 0,478036 0,000117
sublanguag 3,506558 0,000860
subqueri 3,912023 0,000960
subscript 1,714798 0,000421
subsect 0,020203 0,000015
subsidiari 2,302585 0,000565
suggest 0,820981 0,000201
sum 1,203973 0,000295
sundeep 3,912023 0,002879
suomisvenskatagalog 1,171183 0,000287
superkei 2,995732 0,000735
superscript 3,912023 0,000960
supersed 1,966113 0,000482
supplier 1,832581 0,000450
support 0,150823 0,000370
surrog 2,040221 0,000501
swap 1,966113 0,000482
swift 1,386294 0,000340
sybas 3,506558 0,000860
syntax 1,171183 0,002011
system 0,010050 0,000084
systemsdata 3,912023 0,000960
systemshidden 2,207275 0,000542
systemstyp 2,995732 0,000735
tabl -0,009950 -0,000029
talig 3,506558 0,000860
task 0,415515 0,000102
tatar 1,272966 0,000312
tcl 2,525729 0,000620
team 0,634878 0,000312
technic 0,478036 0,000235
technica 1,347074 0,000330
technolog 0,116534 0,000172
techrepubl 2,302585 0,001130
techtarget 2,995732 0,001470
teller 2,659260 0,000652
tempor 1,714798 0,001262
tend 1,108663 0,000272
teradata 3,218876 0,000790
term -0,009950 -0,000007
termin 0,941609 0,000231
terminolog 1,237874 0,000304
test 0,248461 0,000122
tetun 2,813411 0,000690
text -0,009950 -0,000007
textstyl 2,659260 0,003262
texttt 3,912023 0,001920
theorem 1,171183 0,000287
theoret 0,776529 0,000191
theori 0,400478 0,000098
think 1,049822 0,000515
thinkcentr 3,912023 0,000960
thinkpad 3,506558 0,000860
third 0,342490 0,000084
thoma 0,527633 0,000388
though 0,544727 0,000267
thought 1,108663 0,000272
three 0,287682 0,000141
thu 0,314711 0,000077
thunder 3,506558 0,000860
tidb 3,912023 0,000960
time 0,000000 0,000000
timelin 0,733969 0,000360
timescaledb 3,912023 0,000960
timestamp 2,040221 0,000501
timesten 3,506558 0,000860
tinacymraegdanskdeutscheesti 2,302585 0,000565
titl -0,009950 -0,000005
tivoli 3,912023 0,000960
toad 3,912023 0,001920
toggl -0,009950 -0,000012
tool -0,009950 -0,000022
top -0,009950 -0,000002
topic -0,009950 -0,000007
tora 3,912023 0,000960
toronto 2,995732 0,000735
tour 2,302585 0,000565
tournament 3,506558 0,000860
tower 2,525729 0,000620
trademark -0,009950 -0,000005
trafodion 3,912023 0,000960
transact 0,673345 0,000991
transbas 3,912023 0,000960
transcript 2,525729 0,000620
transit 1,171183 0,000287
tresel 3,912023 0,000960
trigger 1,514128 0,001114
true 0,776529 0,000191
truncat 2,407946 0,001182
truth 1,714798 0,000421
tube 2,995732 0,000735
tunnel 2,120264 0,000520
tupl 2,040221 0,002002
two 0,083382 0,000061
type 0,051293 0,000554
typewrit 3,912023 0,000960
typic 0,186330 0,000046
udc 3,506558 0,000860
ulietuvi 1,049822 0,000258
under -0,009950 -0,000002
underbrac 3,912023 0,002879
underground 2,995732 0,000735
understand 0,342490 0,000168
unidata 3,506558 0,000860
union 0,994252 0,000732
uniqu 0,867501 0,000638
unisi 3,218876 0,000790
univers 0,139262 0,000205
unknown 1,108663 0,000272
unmanag 3,506558 0,000860
unquot 2,995732 0,001470
unsourc 0,446287 0,000219
until 0,510826 0,000125
unwil 3,912023 0,000960
updat 0,342490 0,000336
upon 0,673345 0,000165
upper 1,660731 0,000407
url 1,203973 0,000295
urldownload -0,009950 -0,000002
usa 1,427116 0,002101
user 0,274437 0,000471
usual 0,198451 0,000049
utc -0,009950 -0,000002
utilis 2,407946 0,000591
vacuum 2,813411 0,000690
valu 0,162519 0,000399
varbinari 3,912023 0,000960
varchar 3,912023 0,000960
vari 0,478036 0,000586
variabl 0,494296 0,000121
varieti 0,616186 0,000151
vax 2,407946 0,000591
vectorwis 3,912023 0,000960
vendor 1,139434 0,002516
verlag 1,832581 0,000450
versa 2,302585 0,000565
version -0,009950 -0,000017
vertica 3,506558 0,000860
vesqu 3,912023 0,000960
via 0,186330 0,000046
vice 1,660731 0,000407
view -0,009950 -0,000005
vika 3,218876 0,002369
vincent 1,771957 0,000435
virtual 0,462035 0,000227
virtuoso 3,506558 0,000860
visual 0,562119 0,000276
voltdb 3,912023 0,000960
volum 0,616186 0,000151
vowel 2,995732 0,000735
vsam 3,912023 0,000960
vte 0,967584 0,000475
vtedatabas 2,995732 0,000735
vteibmhistori 3,912023 0,000960
vteintern 2,813411 0,000690
vteprogram 2,040221 0,000501
vtequeri 3,912023 0,000960
vtesqlvers 3,912023 0,000960
wagner 2,120264 0,000520
wai 0,105361 0,000103
wallac 2,525729 0,000620
war 1,078810 0,000265
warehous 2,302585 0,001130
watson 2,040221 0,002002
watsonx 2,995732 0,000735
weather 1,897120 0,000931
web 0,342490 0,000084
websit 0,527633 0,000259
webspher 3,506558 0,000860
well 0,051293 0,000013
weslei 1,078810 0,000265
what -0,009950 -0,000012
which 0,000000 0,000000
while 0,051293 0,000025
whitemarsh 3,912023 0,000960
whitespac 2,207275 0,000542
whose 0,776529 0,000381
wide 0,210721 0,000258
wiki 1,427116 0,000350
wikibook 1,386294 0,000680
wikibooksresourc 1,660731 0,000407
wikidata 0,562119 0,000138
wikidataarticl 1,171183 0,000287
wikidataus 1,108663 0,000272
wikimedia -0,009950 -0,000005
wikipedia -0,009950 -0,000020
wikipediacontact -0,009950 -0,000002
wikiversitydata 2,302585 0,000565
window 0,891598 0,000437
wip 2,525729 0,000620
within 0,116534 0,000057
without 0,094311 0,000046
word 0,446287 0,000219
work 0,030459 0,000022
workbench 3,506558 0,001721
workgroup 3,506558 0,000860
workload 1,966113 0,000482
workshop 1,347074 0,000330
world 0,139262 0,000102
write 0,527633 0,000259
written 0,287682 0,000212
www 0,356675 0,000175
xml 1,203973 0,004135
xpath 3,218876 0,000790
xqj 2,995732 0,000735
xqueri 2,659260 0,001957
xtradb 3,912023 0,000960
yamato 3,912023 0,000960
yasar 3,506558 0,000860
ydb 3,912023 0,000960
year 0,162519 0,000199
yeswebsitewww 3,912023 0,000960
yor 2,040221 0,000501
york 0,371064 0,000091
yql 3,912023 0,001920
yugabytedb 3,912023 0,000960
yyyi 3,506558 0,000860
zbekcha 0,462035 0,000113
zemk 3,912023 0,000960
zen 2,207275 0,000542
zip 2,120264 0,000520
zloof 3,912023 0,000960
