abraham 2,525729 0,001859
absence 2,040221 0,001001
access 0,287682 0,000353
accessed 0,916291 0,000225
accessing 1,386294 0,000340
according 0,301105 0,000074
account -0,009950 -0,000005
accurately 1,771957 0,000435
acid 2,207275 0,000542
acm 0,776529 0,000572
acquisition 1,427116 0,000350
acquisitions 2,120264 0,000520
acronym 2,207275 0,001083
actian 3,912023 0,000960
actions -0,009950 -0,000002
activerecord 3,912023 0,000960
ada 1,660731 0,000407
adabas 3,912023 0,000960
adaptive 1,897120 0,000465
add -0,009950 -0,000005
added 0,415515 0,000510
addison 1,203973 0,000295
addition 0,371064 0,000182
additional -0,009950 -0,000002
adds 1,203973 0,002068
adhere 2,207275 0,001083
adhering 3,218876 0,000790
adminer 3,912023 0,000960
administration 1,237874 0,000607
adopted 0,867501 0,001064
adstar 3,912023 0,000960
advanced 0,430783 0,000106
advantage 0,941609 0,000231
advantages 1,309333 0,000642
against 0,462035 0,000113
agencies 1,660731 0,000407
agency 1,237874 0,000304
ago 0,967584 0,000712
agree -0,009950 -0,000002
aid 1,237874 0,000304
aim 1,347074 0,000330
airline 3,218876 0,000790
airtable 3,912023 0,000960
aisgaeilgegalego 1,427116 0,000350
akers 3,912023 0,000960
ala 2,995732 0,000735
alan 1,049822 0,000515
alemannisch 3,218876 0,000790
algebra 1,560648 0,000766
algol 1,897120 0,000465
alleged 2,813411 0,000690
alliance 2,040221 0,000501
allows 0,248461 0,000061
alpha 1,832581 0,000450
alphabetical 1,771957 0,000435
alternatively 1,427116 0,000350
alternatives 1,609438 0,002764
although 0,287682 0,000071
altibase 3,912023 0,000960
amazon 1,309333 0,000642
ambiguity 2,995732 0,000735
ambra 3,912023 0,000960
american 0,446287 0,000657
among 0,356675 0,000088
amor 3,506558 0,002581
amp -0,009950 -0,000012
analytical 2,207275 0,000542
analytics 1,049822 0,000515
andy 1,714798 0,000421
angela 2,813411 0,002071
annals 2,120264 0,000520
another 0,127833 0,000031
ansi 2,207275 0,005957
anymore 2,525729 0,000620
anywhere 1,560648 0,000383
apache 1,386294 0,001020
api 0,916291 0,000674
apis 1,237874 0,000304
apl 2,040221 0,000501
appearance -0,009950 -0,000005
appeared 1,203973 0,000295
application 0,127833 0,000188
applications 0,094311 0,000023
apply -0,009950 -0,000002
approach 0,261365 0,000064
approved 1,897120 0,000465
approximate 1,966113 0,000482
apptio 3,912023 0,000960
april 0,072571 0,000142
architecture 0,462035 0,000340
archived 0,040822 0,000270
archives 1,966113 0,000482
areas 0,755023 0,000185
argue 1,832581 0,000450
armstrong 2,040221 0,000501
arora 2,207275 0,003249
array 1,021651 0,000752
arrays 1,427116 0,000700
ars 1,309333 0,000321
article 0,040822 0,000030
articleabout -0,009950 -0,000002
articles 0,020203 0,000015
articletalk -0,009950 -0,000002
arvind 2,813411 0,000690
ashdown 3,912023 0,002879
aspirations 3,506558 0,000860
assemblies 2,995732 0,000735
assembly 1,139434 0,000280
assigned 1,237874 0,000304
associates 2,120264 0,000520
association 0,634878 0,000156
aster 3,912023 0,000960
asturianuaz 1,427116 0,000350
atlanta 2,995732 0,000735
atlantic 2,120264 0,000520
atom 1,897120 0,000465
attempt 1,049822 0,000258
attribution -0,009950 -0,000002
august 0,162519 0,000159
aurora 2,525729 0,000620
ausgew 3,506558 0,000860
authority 0,083382 0,000041
autogenerated 3,912023 0,000960
automated 0,776529 0,000191
automation 1,237874 0,000304
available -0,009950 -0,000012
avoided 2,407946 0,000591
axioms 2,302585 0,000565
azure 1,771957 0,000869
babbage 2,813411 0,001380
backward 1,897120 0,000465
baer 3,506558 0,002581
bahasa 0,186330 0,000046
banks 1,560648 0,001149
base 0,755023 0,000556
based 0,010050 0,000022
bases 2,207275 0,000542
basic 0,235722 0,000405
beaulieu 3,912023 0,000960
became 0,579818 0,000427
because 0,127833 0,000094
began 0,634878 0,000312
begin 1,309333 0,000321
behave 1,609438 0,000395
behaves 2,525729 0,000620
behavior 0,462035 0,000227
bellamkonda 3,912023 0,002879
belonged 3,506558 0,000860
berkeley 1,514128 0,000371
beth 2,995732 0,002205
bibcode 0,693147 0,000170
big 0,673345 0,000330
bigint 3,218876 0,000790
bigquery 3,912023 0,000960
binary 0,916291 0,001124
bindings 2,120264 0,000520
blob 2,659260 0,000652
blockchain 1,660731 0,000407
blue 1,560648 0,001532
boarischbosanskibrezhoneg 2,407946 0,000591
bokm 0,127833 0,000031
books 0,544727 0,000134
boolean 1,609438 0,000790
boxes 2,120264 0,000520
boy 3,506558 0,000860
boyce 3,912023 0,004799
boycedeveloperiso 3,912023 0,000960
brandon 2,120264 0,000520
break 1,272966 0,000312
briefly 2,659260 0,000652
builder 2,659260 0,000652
building 0,415515 0,000102
buildings 2,207275 0,000542
built 0,462035 0,000113
bureau 1,660731 0,000407
business 0,301105 0,000443
businessentitiescurrent 3,912023 0,000960
bydataloginfluencedcql 3,912023 0,000960
bydonald 3,912023 0,000960
byiso 3,912023 0,000960
cach 3,506558 0,000860
calculus 1,560648 0,001532
calif 3,506558 0,000860
call 0,733969 0,000180
called 0,040822 0,000010
cambridge 0,755023 0,000185
caml 2,040221 0,000501
canada 1,427116 0,000350
candidate 2,040221 0,000501
cap 1,714798 0,000421
carbon 1,609438 0,000395
card 1,272966 0,000312
cary 3,506558 0,000860
case 0,139262 0,000137
cases 0,478036 0,000235
catal 0,094311 0,000023
categorical 1,771957 0,000435
categories -0,009950 -0,000005
category 0,116534 0,000114
caused 1,049822 0,000258
cdbms 3,912023 0,000960
cell 1,609438 0,000395
center 0,562119 0,000965
central 0,510826 0,000125
centric 1,966113 0,000482
century 0,891598 0,000219
ceos 3,912023 0,000960
certified 1,966113 0,000482
certify 3,506558 0,000860
challenge 1,139434 0,000280
chamberlin 3,912023 0,011517
chamberlinraymond 3,912023 0,000960
change 0,261365 0,000064
changed 0,941609 0,000462
changes 0,356675 0,000088
changesupload -0,009950 -0,000005
changing 0,820981 0,000201
chapple 3,218876 0,000790
chapter 0,941609 0,000231
char 2,659260 0,000652
character 1,108663 0,002448
charles 0,941609 0,000462
chart 1,771957 0,000435
chatham 3,912023 0,000960
chess 2,813411 0,000690
chicago 1,609438 0,000395
chris 0,994252 0,000244
cid 0,356675 0,000263
cipher 2,813411 0,000690
citation 0,415515 0,000102
citeseerx 1,347074 0,000330
city 1,309333 0,000964
clarion 3,218876 0,000790
classed 3,912023 0,000960
classes 0,967584 0,000712
classic 0,967584 0,000237
classified 1,272966 0,000312
classifying 2,120264 0,000520
clause 2,120264 0,003121
clauses 2,813411 0,000690
cleaner 2,813411 0,000690
clickhouse 3,912023 0,000960
client 0,867501 0,000213
clob 3,912023 0,000960
closer 1,660731 0,000407
closure 1,897120 0,000465
cloud 0,776529 0,000762
cloudant 3,912023 0,000960
clustrix 3,912023 0,000960
cobol 1,966113 0,000482
cockroachdb 3,506558 0,000860
codasyl 3,506558 0,000860
codd 2,659260 0,005219
code -0,009950 -0,000024
cognos 3,912023 0,001920
collection 0,527633 0,000129
collections 1,771957 0,000435
college 1,560648 0,000383
column 1,966113 0,003859
columns 2,407946 0,002954
com 0,150823 0,000148
command 1,021651 0,000501
comments 1,514128 0,000371
commercial 0,653926 0,000802
commercially 1,832581 0,000899
committee 1,347074 0,000661
common 0,072571 0,000071
commonly 0,342490 0,000252
commons -0,009950 -0,000005
commonstextbooks 2,659260 0,000652
commonswikibookswikiversitywikidata 2,302585 0,000565
communications 0,733969 0,000360
community 0,616186 0,000302
company 0,462035 0,000227
comparable 2,120264 0,000520
comparison 0,446287 0,000985
compatibility 1,108663 0,000272
compiled 1,386294 0,000340
complemented 3,506558 0,000860
complete 0,713350 0,000175
completely 0,941609 0,000231
completeness 2,120264 0,001040
complex 0,261365 0,000064
complexity 0,616186 0,000151
compliance 1,514128 0,001857
components 0,415515 0,000306
comprising 2,813411 0,000690
computer 0,139262 0,000239
computers 0,562119 0,000552
computing 0,301105 0,000222
concatenation 2,813411 0,000690
concept 0,415515 0,000306
concepts 0,400478 0,000197
concrete 1,832581 0,000450
concurrency 1,386294 0,000340
concurrently 2,813411 0,000690
conditions 0,843970 0,000207
condor 3,506558 0,000860
conduct -0,009950 -0,000002
conference 0,301105 0,000074
conflicts 2,659260 0,000652
conformance 2,207275 0,000542
conforming 2,302585 0,000565
conforms 2,525729 0,000620
connected 1,108663 0,000272
connections 1,272966 0,000625
conservancy 3,506558 0,000860
consisting 1,469676 0,000361
consists 1,078810 0,000265
consortium 1,771957 0,000435
constituent 2,995732 0,000735
constraint 2,040221 0,000501
constraints 1,309333 0,000321
constructed 1,609438 0,000790
constructors 2,813411 0,000690
constructs 2,120264 0,001561
consulting 1,660731 0,000407
contact -0,009950 -0,000002
contacts -0,009950 -0,000002
contained 1,309333 0,000321
contemporary 1,347074 0,000330
content -0,009950 -0,000002
contents -0,009950 -0,000007
contribute -0,009950 -0,000002
control 0,020203 0,000040
conventional 1,237874 0,000304
cookie -0,009950 -0,000002
cooperate 2,525729 0,000620
corp 2,207275 0,001083
corporation 0,916291 0,000899
correctly 1,832581 0,000450
corresponding 1,171183 0,000287
countries 0,994252 0,000244
cql 3,912023 0,000960
create -0,009950 -0,000007
created 0,430783 0,000211
creation 0,693147 0,000170
creative -0,009950 -0,000002
criminal 2,207275 0,000542
criteria 1,609438 0,000395
criticism 1,171183 0,000287
criticisms 2,120264 0,001561
critics 2,302585 0,001130
crud 2,995732 0,000735
cubrid 3,912023 0,000960
cue 3,506558 0,001721
current 0,385662 0,000284
cursor 2,659260 0,001305
customer 1,139434 0,000839
cynefin 3,912023 0,000960
cypher 3,218876 0,000790
darwen 3,912023 0,001920
data 0,030459 0,000456
database 0,579818 0,009246
databases 0,127833 0,000282
databasespy 3,912023 0,000960
datacom 3,912023 0,000960
dataczech 1,171183 0,000287
dataease 3,912023 0,000960
dataflex 3,912023 0,000960
datagrip 3,912023 0,000960
datalog 3,218876 0,003159
dataphor 3,506558 0,000860
date 0,579818 0,001423
datenbanksysteme 3,506558 0,000860
dates 0,430783 0,000106
datetime 3,506558 0,002581
dax 3,912023 0,000960
dbase 3,506558 0,000860
dbeaver 3,912023 0,000960
dbedit 3,912023 0,000960
dbforge 3,912023 0,000960
dbms 2,813411 0,001380
dbmss 3,506558 0,000860
dbvisualizer 3,912023 0,000960
dcl 3,506558 0,000860
ddl 3,506558 0,000860
debate 1,560648 0,000383
december 0,061875 0,000106
decfloat 3,912023 0,000960
decide 1,714798 0,000421
decimal 1,897120 0,000931
decisions 1,078810 0,000265
declarative 1,897120 0,001396
declared 1,714798 0,000421
declaring 2,813411 0,000690
deductive 2,813411 0,000690
deep 1,078810 0,000794
defers 3,912023 0,000960
define 0,798508 0,000196
defined 0,248461 0,000427
defines 0,776529 0,000762
definition 0,342490 0,000420
definitions 0,891598 0,000219
delete 1,609438 0,000790
demystified 2,813411 0,000690
denoted 1,897120 0,000465
der 1,609438 0,000395
derby 3,912023 0,000960
described 0,430783 0,000423
description -0,009950 -0,000005
descriptionshort 0,000000 0,000000
design 0,127833 0,000125
designed 0,261365 0,000192
despite 1,021651 0,000501
determine 0,733969 0,000180
developed 0,127833 0,000157
developer 0,820981 0,000403
developers -0,009950 -0,000002
developing 0,673345 0,000165
development 0,083382 0,000082
develothon 3,912023 0,000960
deviates 3,912023 0,000960
devoted 2,407946 0,000591
diagnostics 2,207275 0,000542
diana 2,995732 0,002205
dictionary 0,673345 0,000165
different 0,020203 0,000010
difficult 0,597837 0,000293
digital 0,400478 0,000098
dimension 1,832581 0,000450
diplomica 3,506558 0,000860
directly 0,415515 0,000102
disambiguation 1,049822 0,000515
disciplinestatic 2,995732 0,000735
disclaimers -0,009950 -0,000002
discusses 2,040221 0,000501
discussion 1,139434 0,000280
disk 1,469676 0,000721
displaystyle 1,386294 0,000340
distinct 0,916291 0,000225
distinction 1,272966 0,000312
distinctive 2,995732 0,000735
distributed 0,478036 0,001056
dml 3,506558 0,000860
dmx 3,218876 0,000790
dmy 0,994252 0,000244
doctrine 2,525729 0,000620
document 0,673345 0,000165
documentation 0,867501 0,001064
documents 1,078810 0,000794
doi 0,162519 0,000199
doll 3,912023 0,000960
domain 0,562119 0,000276
donald 1,347074 0,002313
donate -0,009950 -0,000005
double 0,916291 0,000225
download -0,009950 -0,000002
dql 3,506558 0,000860
draft 1,514128 0,001114
drafts 2,659260 0,000652
dram 3,218876 0,000790
drda 3,912023 0,003839
drive 1,309333 0,000321
drivers 1,469676 0,000361
dropping 2,659260 0,000652
duckdb 3,912023 0,000960
due 0,261365 0,000064
duplicate 2,525729 0,000620
duplicates 2,995732 0,001470
dynamic 0,562119 0,000276
dynamics 1,347074 0,000330
eagle 3,506558 0,000860
early 0,301105 0,000295
easier 1,049822 0,000515
edgar 2,659260 0,003262
edit -0,009950 -0,000059
editcommunity -0,009950 -0,000002
edited -0,009950 -0,000002
education 0,579818 0,000142
eduquest 3,912023 0,000960
effect 0,843970 0,000207
effects 0,820981 0,000201
efficient 0,494296 0,000121
eike 3,912023 0,000960
either 0,248461 0,000061
electronic 0,634878 0,000156
element 1,021651 0,000251
elements 0,415515 0,000612
eliminates 2,407946 0,000591
elixir 1,771957 0,000435
ell 3,912023 0,000960
embedded 0,867501 0,000426
embedding 1,771957 0,000435
employed 1,272966 0,000312
empress 3,912023 0,000960
empty 1,427116 0,000350
enables 0,693147 0,000170
encyclopedia -0,009950 -0,000002
end 0,261365 0,000064
endorsement 3,506558 0,000860
enforces 2,813411 0,000690
engine 0,693147 0,000510
engineer 1,386294 0,000340
engineering 0,198451 0,000097
english -0,009950 -0,000015
englishpages 3,506558 0,000860
englishsloven 0,510826 0,000125
enhancements 1,897120 0,000465
enterprise 0,510826 0,000376
enterprisedb 3,912023 0,000960
entire 0,755023 0,000185
entirely 1,386294 0,000340
entities 1,139434 0,000280
entity 1,309333 0,000321
entry 1,309333 0,000321
environment 0,478036 0,000117
equivalent 1,021651 0,000251
erlang 1,714798 0,000421
espa 0,210721 0,000052
especially 0,415515 0,000204
ess 3,912023 0,001920
essentially 1,514128 0,000371
evaluated 2,120264 0,000520
evaluating 1,771957 0,000435
evaluierung 3,506558 0,000860
eventsrandom -0,009950 -0,000002
exact 1,427116 0,000350
example 0,030459 0,000052
examples 0,328504 0,000081
exasol 3,912023 0,000960
existence 1,469676 0,000721
existing 0,673345 0,000165
exists 1,049822 0,000258
explicitly 0,916291 0,000225
export -0,009950 -0,000002
express 1,427116 0,000350
expression 1,021651 0,000752
expressions 1,386294 0,000340
expressive 3,218876 0,000790
extended 0,755023 0,000185
extensible 1,609438 0,000395
extension 0,967584 0,000237
extensionarticles 3,912023 0,000960
extensions 0,916291 0,001574
external 0,030459 0,000022
extremedb 3,912023 0,000960
facilitates 1,771957 0,000435
facilities 1,171183 0,000575
facility 1,660731 0,000815
factors 1,021651 0,000251
false 1,272966 0,000312
features 0,371064 0,000546
february 0,061875 0,000091
federated 2,302585 0,000565
fellow 2,995732 0,000735
fellows 3,506558 0,000860
fernando 2,525729 0,000620
fetch 2,302585 0,001130
fields 0,713350 0,000175
file 0,616186 0,000302
filemaker 3,506558 0,000860
filename 2,040221 0,000501
filepermanent -0,009950 -0,000002
filespecial -0,009950 -0,000002
financial 0,776529 0,000191
finding 1,021651 0,000251
fips 3,218876 0,004738
firebird 3,506558 0,000860
first 0,020203 0,000030
firstly 2,659260 0,000652
five 0,776529 0,000191
flashsystem 3,912023 0,000960
flaws 1,966113 0,000482
float 1,966113 0,000482
floating 1,660731 0,000407
floppy 3,506558 0,000860
flow 0,510826 0,000501
folded 3,218876 0,000790
folding 3,506558 0,000860
follow 1,078810 0,000265
following 0,210721 0,000155
foo 2,207275 0,001625
football 2,995732 0,000735
force 0,867501 0,000213
foreign 1,139434 0,000280
form 0,162519 0,000040
formalized 2,302585 0,000565
format 0,941609 0,000693
formatdatabasestandardiso 3,912023 0,000960
former 1,049822 0,000515
forth 1,560648 0,000383
fortran 1,560648 0,000766
foss 1,966113 0,000482
foundation -0,009950 -0,000020
foundationdb 3,218876 0,000790
foxpro 3,506558 0,000860
framework 0,342490 0,000420
fran 0,223144 0,000055
frana 3,912023 0,000960
francisco 1,609438 0,000395
frank 1,309333 0,000321
fred 1,966113 0,000482
free -0,009950 -0,000002
freely 1,966113 0,000482
frequency 1,078810 0,000265
frontbase 3,912023 0,000960
fulfill 2,525729 0,000620
full 0,371064 0,000091
fully 0,616186 0,000302
function 0,210721 0,000052
functionality 0,843970 0,000207
functions 0,356675 0,000438
fundamentals 1,309333 0,000321
gary 1,714798 0,000841
geeta 3,912023 0,002879
gene 2,040221 0,000501
general -0,009950 -0,000005
generally 0,287682 0,000071
generational 2,040221 0,000501
gerstner 3,912023 0,000960
gillespie 3,912023 0,000960
ginni 3,912023 0,000960
global 0,478036 0,000117
globalfoundries 3,912023 0,000960
globally 1,514128 0,000371
gone 2,207275 0,000542
google 0,579818 0,000285
got 1,897120 0,000465
government 0,755023 0,000370
gql 3,912023 0,000960
grammar 1,966113 0,000482
granite 2,525729 0,000620
graph 0,994252 0,000732
graphql 2,659260 0,000652
great 0,941609 0,000231
greenplum 3,506558 0,000860
gremlin 3,506558 0,000860
grid 1,832581 0,000450
group 0,301105 0,000295
groups 0,891598 0,000219
guide 0,356675 0,000350
guided 2,407946 0,000591
hak 1,897120 0,000465
hakozaki 3,912023 0,000960
hana 3,912023 0,000960
handling 0,798508 0,000196
hard 1,078810 0,000265
harvey 2,813411 0,000690
haskell 1,514128 0,000371
hat 1,966113 0,000482
having 0,579818 0,000142
hawker 3,912023 0,000960
hdl 1,049822 0,000258
head 1,021651 0,000251
heidisql 3,912023 0,000960
helix 2,995732 0,000735
helplearn -0,009950 -0,000002
hererelated -0,009950 -0,000002
hermann 2,995732 0,002205
heron 3,506558 0,000860
hibernate 2,995732 0,001470
hidden 0,843970 0,000207
hide -0,009950 -0,000010
hierarchical 1,897120 0,000465
high 0,223144 0,000055
higher 0,430783 0,000106
hill 0,867501 0,000213
himself 2,995732 0,000735
history -0,009950 -0,000046
hlter 3,506558 0,000860
holocaust 3,912023 0,000960
honolulu 3,506558 0,000860
host 1,272966 0,000312
hour 2,525729 0,000620
however 0,094311 0,000046
hrvatskibahasa 1,427116 0,000350
hsqldb 3,506558 0,000860
html 1,078810 0,000265
htmlmajor 3,912023 0,000960
htsql 3,912023 0,000960
https -0,009950 -0,000002
hugh 2,659260 0,001305
hursley 3,912023 0,000960
iahc 2,813411 0,000690
ibm 0,693147 0,004081
ibphoenix 3,912023 0,000960
identify 0,867501 0,000213
identity 1,309333 0,000321
ides 2,040221 0,000501
idms 3,506558 0,000860
iec 1,897120 0,011636
iecinitial 3,912023 0,000960
ieee 0,634878 0,000156
ignite 3,506558 0,000860
ignored 1,832581 0,000450
ilog 3,912023 0,000960
impedance 2,995732 0,002205
imperative 1,660731 0,000407
implement 0,755023 0,000185
implementation 0,328504 0,000242
implementations 0,733969 0,001080
implementationsmanydialects 3,912023 0,000960
implemented 0,544727 0,000134
implementers 3,506558 0,000860
implements 1,347074 0,000330
important 0,287682 0,000282
importing 2,659260 0,000652
ina 0,356675 0,000088
inasloven 0,616186 0,000151
inc -0,009950 -0,000012
incentive 2,659260 0,000652
incidentally 3,912023 0,000960
include 0,061875 0,000046
includes 0,274437 0,000135
including 0,040822 0,000060
incompatibility 2,207275 0,001083
incompatible 1,560648 0,000766
incorporate 1,560648 0,000383
incorporating 1,832581 0,000450
index -0,009950 -0,000007
india 1,171183 0,000287
indicates 1,272966 0,000312
indicators 2,207275 0,000542
indices 2,120264 0,000520
individual 0,415515 0,000102
indonesiainterlingua 1,660731 0,000407
industry 0,527633 0,000129
influenced 1,203973 0,000295
influential 1,897120 0,000465
infobright 3,912023 0,000960
informa 3,218876 0,000790
informal 1,469676 0,000361
informally 2,525729 0,000620
informalname 3,912023 0,000960
information 0,072571 0,000142
informationcite -0,009950 -0,000002
informix 3,506558 0,000860
infrastructure 0,713350 0,000175
ingres 3,506558 0,002581
inheritance 1,966113 0,000482
initialism 3,218876 0,000790
initially 0,693147 0,000340
initiatives 2,040221 0,000501
insert 2,207275 0,001083
inside 0,755023 0,000185
insignificant 3,218876 0,000790
instead 0,301105 0,000148
institute 0,579818 0,000854
integer 1,272966 0,000625
integrate 1,560648 0,000383
integrated 0,634878 0,000156
integration 0,673345 0,000330
integrity 1,427116 0,000700
intelligence 0,693147 0,000170
interactive 0,891598 0,000219
interbase 3,912023 0,000960
interchange 2,120264 0,001040
interested 1,832581 0,000450
interface 0,616186 0,000151
interfaces 0,713350 0,000175
internal 0,634878 0,000312
international 0,139262 0,000273
internationalgndfastnationalunited 1,237874 0,000304
internet 0,462035 0,000227
interoperability 1,660731 0,001222
intersystems 3,506558 0,001721
interval 1,514128 0,000743
interview 1,560648 0,001149
interviewed 2,813411 0,000690
intrinsically 3,506558 0,000860
introduced 0,371064 0,000546
inventions 2,995732 0,000735
invoked 2,120264 0,000520
iris 2,302585 0,000565
isam 3,912023 0,000960
isbl 3,912023 0,001920
isbn 0,051293 0,000101
iso 1,309333 0,011564
ispolskiportugu 1,771957 0,000435
issue 0,820981 0,000403
item -0,009950 -0,000002
itself 0,342490 0,000168
jamie 2,995732 0,000735
jan 1,386294 0,000340
january 0,083382 0,000184
java 0,891598 0,001750
javascript 1,021651 0,001003
jdbc 2,813411 0,001380
jessica 2,525729 0,000620
jim 1,514128 0,000743
john 0,210721 0,000103
johnson 1,714798 0,000421
join 2,040221 0,000501
joins 2,995732 0,000735
joint 1,171183 0,000287
jooq 3,912023 0,001920
jose 2,120264 0,001040
journal 0,198451 0,000049
jpql 3,912023 0,001920
jrt 3,912023 0,001920
json 1,347074 0,001322
jtc 2,659260 0,001957
julia 1,514128 0,000371
july 0,127833 0,000125
jump -0,009950 -0,000002
june 0,094311 0,000324
kaleida 3,912023 0,000960
kaufmann 1,897120 0,000465
kenexa 3,912023 0,000960
key 0,356675 0,000525
keypunch 3,912023 0,000960
keys 1,514128 0,000371
keywords 2,040221 0,000501
kinds 1,171183 0,000287
kinza 3,912023 0,000960
kju 3,912023 0,001920
known 0,127833 0,000031
kotlin 1,897120 0,000465
krishna 3,218876 0,001579
kulkarni 2,813411 0,000690
kurd 2,995732 0,000735
kyndryl 3,912023 0,000960
lab 2,120264 0,001040
label 1,714798 0,000421
laboratory 1,609438 0,000790
labs 1,386294 0,000680
lack 0,843970 0,000414
lacks 2,040221 0,000501
lance 2,659260 0,001957
language 0,186330 0,002789
languagedesigned 3,912023 0,000960
languages -0,009950 -0,000029
languagesdeclarative 3,506558 0,000860
languagesin 3,912023 0,000960
languagesprogramming 2,120264 0,001040
languagesrelational 3,912023 0,000960
large 0,127833 0,000220
larger 0,941609 0,000231
last -0,009950 -0,000002
late 0,755023 0,000185
later 0,223144 0,000164
latinalatvie 1,203973 0,000295
lawyer 2,995732 0,000735
lbd 3,912023 0,000960
ldap 2,525729 0,000620
leading 0,798508 0,000196
learning 0,494296 0,000243
learson 3,912023 0,000960
least 0,527633 0,000259
leaving 1,714798 0,000421
left 0,916291 0,000225
legal -0,009950 -0,000002
legalizes 3,912023 0,000960
lenovo 3,218876 0,000790
less 0,430783 0,000106
lets 1,832581 0,000899
letter 1,237874 0,000304
level 0,116534 0,000057
lexical 2,207275 0,000542
lexmark 3,912023 0,000960
library 0,478036 0,000469
libreoffice 3,218876 0,000790
license -0,009950 -0,000007
life 0,653926 0,000160
like 0,072571 0,000071
limit 0,994252 0,000488
limited 0,510826 0,000125
linkpage -0,009950 -0,000002
links -0,009950 -0,000015
linq 3,218876 0,003159
linter 3,218876 0,000790
linux 0,916291 0,000225
lisp 1,386294 0,000340
list 0,083382 0,000266
lists 0,597837 0,000293
literal 2,040221 0,001001
little 0,820981 0,000201
lnorsk 0,653926 0,000160
local 0,415515 0,000102
located 1,660731 0,000407
lock 1,832581 0,000450
log -0,009950 -0,000007
logic 0,755023 0,000556
lombardmagyar 1,832581 0,000450
lorentz 3,506558 0,002581
loshin 3,506558 0,000860
lotus 2,120264 0,001040
louis 1,771957 0,000435
lower 0,776529 0,000191
lua 1,897120 0,000465
luann 3,912023 0,000960
lucifer 3,506558 0,000860
lulu 2,995732 0,000735
lux 0,371064 0,000091
machine 0,083382 0,000020
machinery 1,203973 0,000295
machines 0,776529 0,000381
made 0,186330 0,000046
magnetic 2,302585 0,000565
mahc 2,995732 0,000735
main -0,009950 -0,000015
mainframe 2,525729 0,001239
maintained 1,078810 0,000265
maintenance 0,843970 0,000207
major 0,314711 0,000154
make 0,235722 0,000116
making 0,328504 0,000161
manage 0,967584 0,000237
managed 1,203973 0,000295
management 0,139262 0,000615
manager 0,994252 0,000488
manifesto 2,302585 0,000565
manipulate 1,469676 0,000361
manipulating 2,302585 0,000565
manipulation 0,994252 0,000488
many 0,061875 0,000076
march 0,116534 0,000286
mariadb 3,506558 0,000860
mark 0,462035 0,000113
marker 3,218876 0,000790
mary 1,514128 0,001486
mashup 2,525729 0,000620
matching 1,171183 0,000575
mathematica 2,407946 0,000591
mathtt 3,912023 0,022075
matlab 1,660731 0,000407
maxdb 3,912023 0,000960
mcgraw 1,108663 0,000272
mcjones 3,912023 0,000960
mdarray 3,912023 0,000960
mdx 3,218876 0,000790
means 0,198451 0,000049
media 0,139262 0,000205
meeting 1,427116 0,000350
melayu 0,820981 0,000201
melton 3,506558 0,000860
member 1,237874 0,000304
memory 0,579818 0,000142
menu -0,009950 -0,000005
merative 3,912023 0,000960
merge 1,897120 0,000465
mergers 2,302585 0,000565
messages 1,078810 0,000265
method 0,210721 0,000052
methods 0,274437 0,000067
michael 0,400478 0,000098
michels 3,912023 0,000960
microelectronics 3,218876 0,000790
microprocessors 2,813411 0,001380
microscope 3,912023 0,000960
microsoft 0,579818 0,001138
midrange 3,912023 0,001920
mike 1,237874 0,000304
mimer 3,506558 0,004301
mind 1,560648 0,000383
minor 1,469676 0,000361
minute 2,302585 0,000565
mirroring 3,218876 0,000790
mismatch 2,659260 0,002610
mobile -0,009950 -0,000002
model 0,162519 0,000598
modeler 2,995732 0,000735
modeling 0,867501 0,000213
models 0,527633 0,000129
modification 1,560648 0,000383
modifications 2,302585 0,000565
modularity 2,813411 0,000690
modules 1,347074 0,000330
monetdb 3,912023 0,000960
mongodb 2,525729 0,000620
month 1,660731 0,000407
montreal 3,218876 0,000790
morgan 1,309333 0,000321
morgenthaler 3,912023 0,001920
mosh 3,912023 0,000960
move -0,009950 -0,000012
moving 0,776529 0,000191
mql 3,912023 0,000960
msql 3,912023 0,000960
mudd 3,912023 0,000960
multi 0,342490 0,000084
multidimensional 2,302585 0,000565
multimedia 1,386294 0,000340
multiple 0,116534 0,000057
multiset 3,218876 0,000790
mumps 3,912023 0,000960
museum 1,714798 0,000421
mutators 3,912023 0,000960
mysql 2,525729 0,001859
name 0,342490 0,000588
named 0,820981 0,000403
names 0,673345 0,000330
national 0,562119 0,001103
navicat 3,912023 0,000960
navigation -0,009950 -0,000002
navigational 3,218876 0,001579
navy 3,218876 0,000790
nchar 3,912023 0,001920
nclob 3,912023 0,000960
ndl 3,912023 0,000960
necessarily 1,049822 0,000258
nederlands 0,415515 0,000102
need 0,248461 0,000061
needed 0,210721 0,000103
net 0,415515 0,000306
netezza 3,506558 0,000860
network 0,210721 0,000052
new 0,010050 0,000012
newer 1,309333 0,000321
newsql 2,995732 0,000735
nexusdb 3,912023 0,000960
nist 1,771957 0,000435
non -0,009950 -0,000005
nonscalar 3,912023 0,000960
nonstop 3,506558 0,000860
normalization 2,302585 0,000565
norsk 0,342490 0,000084
nosql 2,813411 0,003451
notation 1,203973 0,000295
notes 0,415515 0,000204
november 0,150823 0,000148
null 1,347074 0,001983
nulls 3,912023 0,001920
number 0,051293 0,000013
numbers 0,544727 0,000134
numeric 1,427116 0,001401
nuodb 3,912023 0,000960
nynorsk 2,302585 0,000565
object 0,544727 0,002138
objects 0,544727 0,000134
observers 2,659260 0,000652
obvious 2,120264 0,000520
ocaml 1,966113 0,000482
occur 0,916291 0,000225
occurs 1,427116 0,000350
ocl 3,912023 0,000960
october 0,139262 0,000342
odbc 2,813411 0,001380
offered 1,139434 0,000280
office 0,916291 0,000225
official 0,733969 0,000900
officially 1,660731 0,000407
olap 2,995732 0,000735
olb 3,912023 0,000960
old 0,994252 0,000244
older 1,237874 0,000304
oldid -0,009950 -0,000002
olesperantoeuskara 0,510826 0,000125
oltp 3,912023 0,000960
omit 3,218876 0,000790
omnis 3,912023 0,000960
one 0,010050 0,000020
online 0,415515 0,000306
opel 3,912023 0,000960
open 0,235722 0,000058
openoffice 2,995732 0,000735
openqasm 3,912023 0,000960
operating 0,462035 0,000227
operation 0,713350 0,000175
operations 0,301105 0,000074
operators 1,237874 0,000304
oppel 3,912023 0,000960
optimization 0,693147 0,000170
optimizer 2,525729 0,000620
optional 1,386294 0,000340
oql 3,506558 0,000860
oracle 1,108663 0,007072
oral 2,995732 0,002940
order 0,094311 0,000069
ordinary 1,272966 0,000312
org -0,009950 -0,000012
organization -0,009950 -0,000007
oriented 0,798508 0,001567
original 0,030459 0,000239
originally 0,820981 0,000201
orms 3,218876 0,000790
orthogonality 2,995732 0,001470
osborne 3,218876 0,000790
osprey 3,506558 0,000860
outer 2,302585 0,000565
outline 0,653926 0,000160
outside 0,798508 0,000196
over 0,094311 0,000069
overbrace 3,912023 0,005759
overloading 2,407946 0,000591
overview 0,616186 0,000302
overwriting 2,995732 0,000735
pacelc 2,995732 0,000735
package 1,078810 0,000265
packages 1,309333 0,000642
page -0,009950 -0,000002
pagecontentscurrent -0,009950 -0,000002
pageget -0,009950 -0,000002
pages -0,009950 -0,000007
palmisano 3,912023 0,000960
panorama 3,912023 0,000960
paper 0,713350 0,000175
paradigmdeclarativefamilyquery 3,912023 0,000960
paradox 2,995732 0,000735
parsing 1,714798 0,000421
part 0,127833 0,000282
particular 0,301105 0,000148
particularly 0,597837 0,000147
parties 1,021651 0,000251
partition 1,660731 0,000407
parts 0,544727 0,000134
pascal 1,386294 0,000680
patrick 1,714798 0,000421
pattern 0,891598 0,000437
paul 0,544727 0,000267
pdf 0,139262 0,000307
pdfprintable -0,009950 -0,000002
people 0,356675 0,000088
percona 3,912023 0,001920
perez 2,813411 0,000690
performance 0,261365 0,000064
period 1,108663 0,000272
perl 1,386294 0,000680
persistence 2,207275 0,001625
persistent 1,660731 0,000815
personal -0,009950 -0,000010
peter 0,494296 0,000121
pgadmin 3,912023 0,000960
pgq 3,912023 0,000960
philip 1,469676 0,000361
phonos 2,525729 0,000620
php -0,009950 -0,000005
phpliteadmin 3,912023 0,000960
phpmyadmin 3,912023 0,000960
phpsqliteadmin 3,912023 0,000960
piemont 1,427116 0,000350
place 0,597837 0,000147
plan 0,916291 0,000225
planet 2,120264 0,000520
planning 0,941609 0,000231
platform 0,527633 0,000259
platforms 0,776529 0,000191
platformwebsitewww 3,912023 0,000960
plex 3,912023 0,000960
plumbing 3,218876 0,000790
plus 1,203973 0,000295
point 0,301105 0,000074
policy -0,009950 -0,000005
politics 1,771957 0,000435
polyhedra 3,912023 0,000960
polymorphic 2,525729 0,000620
popular 0,579818 0,000427
population 1,560648 0,000766
portability 1,771957 0,000435
portal 0,597837 0,000293
portalrecent -0,009950 -0,000002
ported 1,966113 0,000965
postgres 3,506558 0,000860
postgresql 2,813411 0,008973
potential 0,653926 0,000160
power 0,400478 0,000197
powerpc 2,813411 0,000690
powershell 3,506558 0,000860
practicality 3,506558 0,000860
precisely 1,609438 0,000395
precision 1,469676 0,000361
predefined 2,525729 0,002479
predicate 2,995732 0,000735
predicates 2,995732 0,000735
prepare 2,525729 0,000620
prerelease 3,912023 0,000960
press 0,210721 0,000052
prides 3,912023 0,000960
primarily 0,653926 0,000160
primary 0,527633 0,000259
principle 1,078810 0,000265
print -0,009950 -0,000002
prior 0,891598 0,000437
priorities 2,407946 0,000591
privacy -0,009950 -0,000005
pro 1,347074 0,000330
procedural 2,040221 0,003504
procedure 1,386294 0,000340
procedures 1,660731 0,000407
proceedings 0,597837 0,000147
processing 0,356675 0,000613
produce 0,916291 0,000225
product 0,579818 0,000427
products 0,579818 0,000285
productshardwarecurrent 3,912023 0,000960
professionals 1,427116 0,000700
profit -0,009950 -0,000002
program 0,328504 0,000403
programmability 3,506558 0,000860
programming 0,446287 0,001204
programmingdatabase 3,912023 0,000960
programmingsql 3,912023 0,000960
programs 0,494296 0,000121
progress 1,560648 0,000383
project 0,314711 0,000154
projects -0,009950 -0,000007
prolog 1,897120 0,000465
promontory 3,912023 0,000960
pronounced 2,659260 0,001305
pronouncing 3,506558 0,000860
pronunciation 2,659260 0,001305
pronunciationsall 3,506558 0,000860
property 0,776529 0,000191
proposed 0,713350 0,000175
proprietary 1,171183 0,000862
protocols 0,967584 0,000237
prototype 1,609438 0,000395
psm 3,912023 0,000960
pub 2,207275 0,003249
public 0,248461 0,000122
published 0,328504 0,000161
publishing 0,446287 0,000109
pun 3,218876 0,000790
purchase 1,469676 0,000361
purequery 3,912023 0,000960
purpose 0,356675 0,000088
python 0,916291 0,000674
qbe 3,506558 0,000860
qiskit 3,506558 0,000860
quantum 1,171183 0,000575
quasirelational 3,912023 0,000960
quel 3,506558 0,003441
queries 1,897120 0,005120
query 1,427116 0,012254
raku 2,040221 0,000501
ranking 1,966113 0,000482
rarely 1,514128 0,000371
rational 1,966113 0,000482
raymond 1,966113 0,001447
rbaycanca 0,248461 0,000061
rdb 3,218876 0,001579
rdbms 2,813411 0,002071
rdbmss 3,506558 0,002581
rdbs 3,912023 0,001920
rdf 2,120264 0,000520
reach 1,347074 0,000330
read 0,843970 0,000207
readability 2,120264 0,000520
readeditview 0,287682 0,000141
real 0,210721 0,000052
really 1,660731 0,000407
reasons 0,891598 0,000656
receive 1,108663 0,000272
recent 0,693147 0,000170
recently 1,427116 0,000350
record 0,916291 0,000450
recorded 1,237874 0,000304
records 0,994252 0,000732
recounts 3,912023 0,000960
recursive 1,771957 0,000869
red 1,237874 0,000304
redirects 1,078810 0,000265
redshift 3,912023 0,000960
reduction 1,237874 0,000304
redwood 3,912023 0,002879
ref 2,407946 0,000591
reference 0,478036 0,000586
references 0,020203 0,000010
referential 2,813411 0,000690
regarded 1,966113 0,000482
regardless 1,272966 0,000312
registered -0,009950 -0,000002
registration 2,407946 0,000591
regular 1,049822 0,000258
reilly 1,078810 0,000529
reinsch 3,912023 0,000960
related 0,051293 0,000063
relation 1,347074 0,000330
relational 1,714798 0,016828
relations 1,386294 0,000340
release 0,579818 0,000569
releasesql 3,912023 0,000960
remote 0,843970 0,000621
ren 2,525729 0,000620
replaced 1,237874 0,000304
replication 2,040221 0,000501
reply 3,218876 0,000790
reports 1,049822 0,000258
representing 1,108663 0,000272
republicspainisraelotheryale 2,659260 0,000652
requests 1,237874 0,000304
required 0,274437 0,000067
requires 0,430783 0,000106
research 0,261365 0,000449
reservation 3,506558 0,000860
reserved 2,120264 0,000520
respectively 0,967584 0,000237
restricted 1,427116 0,000350
result 0,371064 0,000182
results 0,446287 0,000219
retail 1,560648 0,000383
rethinkdb 3,506558 0,000860
retrieve 1,771957 0,000869
retrieved -0,009950 -0,000076
returns 1,560648 0,000383
reunion 3,912023 0,001920
review 0,385662 0,000095
revised 1,832581 0,000450
revision 1,347074 0,000661
revisions 2,407946 0,001772
rewriting 2,040221 0,000501
rfc 1,714798 0,000841
right 0,478036 0,000117
roadblock 3,912023 0,000960
rochester 2,659260 0,000652
roeser 3,912023 0,002879
rom 0,616186 0,000151
romanizations 2,813411 0,000690
rome 2,302585 0,000565
rometty 3,912023 0,000960
routines 2,525729 0,001239
row 2,207275 0,002708
rows 2,302585 0,002260
ruby 1,347074 0,000330
rugby 3,912023 0,000960
rule 0,941609 0,000231
rules 0,616186 0,000151
runa 0,916291 0,000225
runs 1,171183 0,000287
runtime 1,347074 0,000330
rust 1,427116 0,000350
ryan 1,560648 0,000383
saa 3,912023 0,000960
sabre 3,912023 0,000960
saenz 3,912023 0,000960
safety -0,009950 -0,000002
said 0,755023 0,000185
samuel 1,714798 0,000421
san 1,272966 0,000937
sand 2,995732 0,000735
sap 2,525729 0,002479
sas 1,771957 0,000435
saw 1,832581 0,000450
says 1,309333 0,000321
scalar 2,525729 0,000620
scanning 2,120264 0,000520
schema 1,897120 0,001396
schemas 2,302585 0,000565
schemata 3,912023 0,000960
scicomp 3,912023 0,000960
science 0,287682 0,000141
scientific 0,693147 0,000170
scope 0,941609 0,000231
scratch 1,771957 0,000435
search -0,009950 -0,000012
seattle 2,659260 0,000652
sebastopol 2,207275 0,001083
second 0,342490 0,000168
secondly 2,813411 0,000690
section 0,562119 0,000138
see -0,009950 -0,000027
select 1,347074 0,000330
selectric 3,912023 0,000960
self 0,478036 0,000117
selling 1,514128 0,000371
semantics 1,171183 0,000575
semicolon 2,525729 0,000620
sense 1,078810 0,000265
sensitivity 2,525729 0,000620
september 0,150823 0,000074
sequel 3,912023 0,015356
sequences 1,514128 0,000371
series 0,328504 0,000161
server 0,653926 0,002086
service 0,314711 0,000154
sessions 2,659260 0,000652
set 0,083382 0,000102
sets 0,776529 0,000191
several 0,094311 0,000093
shafranovich 3,912023 0,000960
sharding 2,995732 0,000735
share 0,616186 0,000151
sharealike -0,009950 -0,000002
shared 0,755023 0,000556
shell 1,237874 0,000607
shelley 3,218876 0,000790
short -0,009950 -0,000002
shortcut 2,659260 0,000652
shortened -0,009950 -0,000005
showing 1,347074 0,000330
shqipsimple 1,203973 0,000295
shrikanth 3,912023 0,002879
siddeley 3,912023 0,000960
sidebar -0,009950 -0,000010
sigfidet 3,912023 0,000960
sigmod 2,407946 0,000591
simi 0,755023 0,000185
similar 0,186330 0,000046
simon 1,108663 0,000272
simula 2,040221 0,000501
since 0,139262 0,000068
single 0,127833 0,000063
singlestore 3,912023 0,000960
sirkin 3,912023 0,000960
sister 1,386294 0,000680
site -0,009950 -0,000002
sites 1,609438 0,000395
size 0,462035 0,000113
skillsbuild 3,912023 0,000960
slenskaitaliano 0,562119 0,000138
slogan 3,218876 0,000790
smallint 3,912023 0,000960
smalltalk 1,714798 0,000421
smarter 2,525729 0,000620
smarts 3,912023 0,000960
snowflake 2,995732 0,001470
software 0,127833 0,000533
soliddb 3,912023 0,000960
solutions 0,820981 0,000201
somebody 3,218876 0,000790
somewhat 2,040221 0,000501
soql 3,912023 0,000960
sources 0,446287 0,000219
spanner 3,912023 0,000960
sparql 2,407946 0,001182
speaking 1,514128 0,000371
specific 0,094311 0,000093
specification 0,941609 0,000231
specifications 1,237874 0,000607
specifies 1,714798 0,000421
specify 1,272966 0,000937
specifying 1,897120 0,000465
sports 2,207275 0,000542
spss 2,659260 0,000652
sql 1,171183 0,068673
sqlalchemy 3,506558 0,000860
sqlbase 3,912023 0,000960
sqlclr 3,912023 0,000960
sqldata 3,912023 0,000960
sqlinternet 3,912023 0,000960
sqlite 2,813411 0,000690
sqlyog 3,912023 0,000960
sqream 3,912023 0,000960
sqsh 3,912023 0,000960
square 1,609438 0,000790
squirrel 3,506558 0,000860
srpskisrpskohrvatski 0,510826 0,000125
stable 0,867501 0,000213
standard 0,198451 0,001948
standardization 1,309333 0,002249
standardized 1,203973 0,000295
standardkonformit 3,506558 0,000860
standardquery 3,912023 0,000960
standards 0,462035 0,001700
standardslist 2,813411 0,000690
stanford 1,309333 0,000321
star 2,040221 0,000501
starkey 3,912023 0,000960
statement -0,009950 -0,000015
statements 0,314711 0,001313
statementsarticles 0,544727 0,000134
statesfrancebnf 0,510826 0,000125
statistical 0,776529 0,000191
statistics -0,009950 -0,000002
status 0,693147 0,000170
storage 0,430783 0,000423
store 0,733969 0,000360
stored 0,733969 0,001080
stores 1,272966 0,000312
storing 1,171183 0,000287
stream 1,139434 0,000280
strictly 1,966113 0,000482
string 1,171183 0,000862
stripe 3,912023 0,000960
strive 2,659260 0,000652
strongly 1,560648 0,000383
strongoscross 3,912023 0,000960
structural 1,386294 0,000340
structure 0,314711 0,000077
structured 0,653926 0,002086
studio 1,660731 0,001630
subcommittee 2,995732 0,001470
subdivided 3,218876 0,000790
subject 0,527633 0,000129
sublanguages 3,506558 0,000860
subqueries 3,912023 0,000960
subscript 3,506558 0,000860
subsection 0,020203 0,000015
subsidiaries 2,659260 0,000652
suggest 1,771957 0,000435
sum 1,347074 0,000330
sundeep 3,912023 0,002879
suomisvenskatagalog 1,171183 0,000287
superkey 2,995732 0,000735
superscript 3,912023 0,000960
superseded 2,207275 0,000542
suppliers 1,897120 0,000465
support 0,198451 0,000390
supported 0,634878 0,000312
surrogate 2,207275 0,000542
swaps 2,407946 0,000591
swift 1,386294 0,000340
sybase 3,506558 0,000860
syntax 1,171183 0,002011
system 0,030459 0,000149
systems 0,061875 0,000213
systemsdata 3,912023 0,000960
systemshidden 2,207275 0,000542
systemstypes 2,995732 0,000735
table -0,009950 -0,000020
tables 1,660731 0,001630
taligent 3,506558 0,000860
task 0,776529 0,000191
tatar 1,272966 0,000312
tcl 2,525729 0,000620
team 0,776529 0,000191
teams 1,469676 0,000361
technica 1,347074 0,000330
technical 0,478036 0,000235
technology 0,186330 0,000274
techrepublic 2,302585 0,001130
techtarget 2,995732 0,001470
teller 2,659260 0,000652
temporal 1,771957 0,001304
tend 1,386294 0,000340
teradata 3,218876 0,000790
terminator 2,659260 0,000652
terminology 1,309333 0,000321
terms -0,009950 -0,000007
test 0,673345 0,000165
testing 0,616186 0,000151
tetun 2,813411 0,000690
text -0,009950 -0,000007
textstyle 2,659260 0,003262
texttt 3,912023 0,001920
theorem 1,171183 0,000287
theoretical 0,967584 0,000237
theory 0,400478 0,000098
think 1,309333 0,000642
thinkcentre 3,912023 0,000960
thinkpad 3,506558 0,000860
third 0,356675 0,000088
thomas 0,527633 0,000388
though 0,544727 0,000267
thought 1,139434 0,000280
three 0,287682 0,000141
thunder 3,506558 0,000860
thus 0,328504 0,000081
tidb 3,912023 0,000960
time 0,010050 0,000012
timeline 0,776529 0,000381
times 0,314711 0,000154
timescaledb 3,912023 0,000960
timestamp 2,525729 0,000620
timesten 3,506558 0,000860
tinacymraegdanskdeutscheesti 2,302585 0,000565
title -0,009950 -0,000005
tivoli 3,912023 0,000960
toad 3,912023 0,001920
toggle -0,009950 -0,000012
tools -0,009950 -0,000022
top -0,009950 -0,000002
topic -0,009950 -0,000005
topics 0,653926 0,000160
tora 3,912023 0,000960
toronto 2,995732 0,000735
tour 2,407946 0,000591
tournament 3,506558 0,000860
towers 3,218876 0,000790
trademark -0,009950 -0,000005
trafodion 3,912023 0,000960
transact 3,506558 0,000860
transaction 1,427116 0,001401
transactions 0,713350 0,000175
transbase 3,912023 0,000960
transcript 2,995732 0,000735
transitive 3,506558 0,000860
treseler 3,912023 0,000960
trigger 1,897120 0,000465
triggers 2,525729 0,001239
true 0,776529 0,000191
truncate 3,506558 0,001721
truth 1,771957 0,000435
tube 3,218876 0,000790
tunneling 3,506558 0,000860
tuple 2,525729 0,001859
tuples 2,302585 0,000565
two 0,083382 0,000061
type 0,150823 0,000370
types 0,198451 0,001607
typewriters 3,912023 0,000960
typically 0,223144 0,000055
typing 1,560648 0,000383
udc 3,506558 0,000860
ulietuvi 1,049822 0,000258
under -0,009950 -0,000002
underbrace 3,912023 0,002879
underground 2,995732 0,000735
understanding 0,562119 0,000276
unidata 3,506558 0,000860
union 1,021651 0,000501
unions 2,207275 0,000542
unique 0,916291 0,000450
uniquely 2,525729 0,000620
unisys 3,218876 0,000790
universal 0,994252 0,000488
universe 2,207275 0,001083
university 0,186330 0,000091
unknown 1,171183 0,000287
unmanaged 3,506558 0,000860
unquoted 2,995732 0,001470
unsourced 0,446287 0,000219
until 0,510826 0,000125
unwilling 3,912023 0,000960
update 0,527633 0,000518
upon 0,673345 0,000165
upper 1,660731 0,000407
url 1,237874 0,000304
urldownload -0,009950 -0,000002
usa 1,427116 0,002101
use -0,009950 -0,000017
used -0,009950 -0,000012
useful 0,634878 0,000156
usefulness 2,525729 0,000620
user 0,328504 0,000322
users 0,478036 0,000352
uses 0,094311 0,000069
using -0,009950 -0,000007
usually 0,223144 0,000055
utc -0,009950 -0,000002
utilising 3,218876 0,000790
vacuum 3,218876 0,000790
value 0,301105 0,000295
valued 1,897120 0,001396
values 0,597837 0,000440
varbinary 3,912023 0,000960
varchar 3,912023 0,000960
variables 0,891598 0,000219
variety 0,653926 0,000160
vary 1,049822 0,000258
varying 1,309333 0,001285
vax 2,525729 0,000620
vectorwise 3,912023 0,000960
vendor 1,469676 0,001803
vendors 1,514128 0,001486
verlag 1,832581 0,000450
versa 2,302585 0,000565
version -0,009950 -0,000012
versions 0,579818 0,000285
vertica 3,506558 0,000860
vesque 3,912023 0,000960
via 0,186330 0,000046
vice 1,660731 0,000407
view -0,009950 -0,000005
vikas 3,218876 0,002369
vincent 1,771957 0,000435
virtual 0,527633 0,000129
virtually 2,120264 0,000520
virtuoso 3,506558 0,000860
visual 0,843970 0,000414
voltdb 3,912023 0,000960
volume 0,616186 0,000151
vowels 3,218876 0,000790
vsam 3,912023 0,000960
vte 0,967584 0,000475
vtedatabase 2,995732 0,000735
vteibmhistory 3,912023 0,000960
vteinternational 2,813411 0,000690
vteprogramming 2,040221 0,000501
vtequery 3,912023 0,000960
vtesqlversions 3,912023 0,000960
wagner 2,120264 0,000520
wallace 2,525729 0,000620
war 1,272966 0,000312
warehouse 2,407946 0,001182
watson 2,040221 0,002002
watsonx 2,995732 0,000735
ways 0,446287 0,000438
weather 1,966113 0,000965
web 0,342490 0,000084
website 0,634878 0,000312
websphere 3,506558 0,000860
well 0,051293 0,000013
wesley 1,078810 0,000265
what -0,009950 -0,000012
which 0,000000 0,000000
while 0,051293 0,000025
whitemarsh 3,912023 0,000960
whitespace 2,207275 0,000542
whose 0,776529 0,000381
wide 0,597837 0,000440
widely 0,342490 0,000168
wiki 1,427116 0,000350
wikibooks 1,427116 0,000700
wikibooksresources 1,660731 0,000407
wikidata 0,562119 0,000138
wikidataarticles 1,171183 0,000287
wikidatause 1,108663 0,000272
wikimedia -0,009950 -0,000005
wikipedia -0,009950 -0,000020
wikipediacontact -0,009950 -0,000002
wikiversitydata 2,302585 0,000565
window 1,560648 0,000766
wip 2,659260 0,000652
within 0,116534 0,000057
without 0,094311 0,000046
word 0,693147 0,000170
words 0,916291 0,000225
work 0,127833 0,000063
workbench 3,912023 0,001920
workgroup 3,506558 0,000860
working 0,478036 0,000117
workload 2,207275 0,000542
workshop 1,469676 0,000361
world 0,139262 0,000102
write 0,941609 0,000462
written 0,287682 0,000212
www 0,356675 0,000175
xml 1,203973 0,004135
xpath 3,218876 0,000790
xqj 2,995732 0,000735
xquery 2,659260 0,001957
xtradb 3,912023 0,000960
yamato 3,912023 0,000960
yasar 3,506558 0,000860
ydb 3,912023 0,000960
year 0,579818 0,000285
years 0,274437 0,000202
yeswebsitewww 3,912023 0,000960
yor 2,040221 0,000501
york 0,371064 0,000091
yql 3,912023 0,001920
yugabytedb 3,912023 0,000960
yyyy 3,506558 0,000860
zbekcha 0,462035 0,000113
zemke 3,912023 0,000960
zen 2,207275 0,000542
zip 2,302585 0,000565
zloof 3,912023 0,000960
