abil 0,562119 0,000682
accept 0,634878 0,000257
access 0,127833 0,000207
account -0,009950 -0,000008
acid 2,207275 0,008922
across 0,415515 0,000504
action -0,009950 -0,000004
activespac 3,912023 0,001581
actual 0,597837 0,000483
ad 0,198451 0,000160
adam 1,203973 0,000973
adapt 0,798508 0,000323
add -0,009950 -0,000004
addison 1,203973 0,000487
addit -0,009950 -0,000012
address 0,342490 0,000277
administr 0,867501 0,000351
adopt 0,415515 0,000504
advanc 0,235722 0,000286
advoc 1,714798 0,000693
aerospik 3,912023 0,003163
agensgraph 3,912023 0,004744
agnost 3,218876 0,001301
agre -0,009950 -0,000004
ahead 1,427116 0,000577
ai 0,673345 0,000272
aira 3,912023 0,001581
aka 2,525729 0,001021
algebra 1,347074 0,001089
allegrograph 3,912023 0,004744
allow 0,061875 0,000050
along 0,462035 0,000187
alongsid 1,660731 0,000671
alreadi 0,776529 0,000314
altern 0,342490 0,000138
altogeth 2,207275 0,000892
amazon 1,309333 0,003705
among 0,356675 0,000144
amp -0,009950 -0,000008
analog 1,021651 0,000826
analysi 0,186330 0,000151
analysisdatabas 3,912023 0,001581
analyt 0,798508 0,000323
ann 1,514128 0,000612
anoth 0,127833 0,000103
anticip 1,897120 0,000767
apach 1,386294 0,003922
apacheignit 3,912023 0,001581
aphyr 3,912023 0,001581
api 0,798508 0,000646
appear -0,009950 -0,000012
appli -0,009950 -0,000016
applic 0,030459 0,000049
approach 0,174353 0,000211
appropri 0,867501 0,000701
april 0,072571 0,000029
aql 3,912023 0,001581
arangodb 3,912023 0,009488
arbitrari 1,049822 0,000424
archiv 0,040822 0,000066
armstrong 2,040221 0,000825
around 0,356675 0,000144
arrai 0,994252 0,000804
articl 0,000000 0,000000
articleabout -0,009950 -0,000004
articletalk -0,009950 -0,000004
arxiv 1,078810 0,000436
aspect 0,616186 0,000249
associ 0,127833 0,000052
assum 0,891598 0,000360
atom 1,309333 0,000529
attempt 0,478036 0,000193
attent 1,203973 0,000487
attribut -0,009950 -0,000004
august 0,162519 0,000131
avail -0,009950 -0,000016
axiom 2,302585 0,000931
azur 1,771957 0,005014
back 0,462035 0,000374
barrier 1,660731 0,002014
base 0,010050 0,000024
basex 3,912023 0,001581
basic 0,198451 0,000080
batch 1,771957 0,000716
becaus 0,127833 0,000103
behavior 0,342490 0,000277
ben 1,309333 0,001058
benchmark 1,427116 0,001154
better 0,494296 0,000200
bibcod 0,693147 0,000280
big 0,673345 0,001089
bigtabl 3,912023 0,003163
binari 0,916291 0,000370
bind 1,469676 0,000594
blockchain 1,609438 0,000651
blog 0,713350 0,001153
bokm 0,127833 0,000052
brief 1,237874 0,001001
bson 2,995732 0,001211
bushik 3,912023 0,001581
cach 1,386294 0,003362
calculu 1,560648 0,000631
call 0,030459 0,000062
candid 1,897120 0,000767
cannot 0,314711 0,000127
cap 1,560648 0,001892
capabl 0,562119 0,000227
capretz 3,506558 0,001417
carlo 1,714798 0,000693
case 0,083382 0,000034
cassandra 3,218876 0,005204
catal 0,094311 0,000038
catch 1,966113 0,000795
categori -0,009950 -0,000020
caus 0,430783 0,000174
center 0,415515 0,000168
central 0,478036 0,000193
certain 0,274437 0,000111
challeng 0,400478 0,000162
chalmer 3,218876 0,001301
chang 0,051293 0,000062
changesupload -0,009950 -0,000008
chappl 3,218876 0,001301
characterist 0,843970 0,000682
choos 0,916291 0,000370
christof 3,506558 0,004252
cid 0,356675 0,000144
citeseerx 1,347074 0,000544
claim 0,634878 0,000257
class 0,446287 0,000180
classif 1,021651 0,001239
classifi 0,967584 0,000391
clone 2,207275 0,000892
cloud 0,733969 0,001483
cluster 1,272966 0,000515
clusterpoint 3,912023 0,001581
codd 2,659260 0,001075
code -0,009950 -0,000008
coher 2,302585 0,000931
collect 0,274437 0,000998
column 1,660731 0,005370
com 0,150823 0,000853
combin 0,261365 0,000106
comment 1,049822 0,001273
common -0,009950 -0,000020
commonli 0,342490 0,000138
commonswikidata 1,171183 0,000473
compani 0,342490 0,000138
compar 0,342490 0,000138
comparison 0,371064 0,001350
complet 0,223144 0,000090
complex 0,186330 0,000151
compon 0,261365 0,000106
compound 1,897120 0,000767
compr 2,813411 0,001137
comput 0,020203 0,000033
computation 2,207275 0,000892
concept 0,198451 0,000241
concurr 0,994252 0,000804
conduct -0,009950 -0,000004
conf 2,407946 0,000973
confer 0,274437 0,000111
configur 0,798508 0,000323
connect 0,430783 0,000174
consequ 0,891598 0,000360
consid 0,274437 0,000333
consist 0,301105 0,001095
consolid 1,714798 0,000693
contact -0,009950 -0,000008
contain 0,162519 0,000066
content -0,009950 -0,000020
contribut -0,009950 -0,000004
control 0,020203 0,000016
cooki -0,009950 -0,000004
cosmo 3,912023 0,011069
cost 0,385662 0,000156
couchbas 3,912023 0,011069
couchdb 3,912023 0,003163
creat -0,009950 -0,000008
creativ -0,009950 -0,000004
crud 2,995732 0,002422
current 0,210721 0,000170
cursor 2,659260 0,001075
custom 0,544727 0,000220
cypher 3,218876 0,003903
dadbhawala 3,912023 0,001581
dan 0,916291 0,000741
data 0,030459 0,000702
databas 0,072571 0,003344
datalog 2,995732 0,001211
dataset 1,714798 0,000693
datastor 3,218876 0,001301
date 0,210721 0,000170
dbm 2,659260 0,001075
death 1,897120 0,000767
decemb 0,061875 0,000100
defin 0,116534 0,000047
definit 0,186330 0,000151
degruyt 3,912023 0,001581
delai 1,347074 0,000544
depart 0,843970 0,000682
depend 0,105361 0,000043
der 1,609438 0,000651
descript -0,009950 -0,000004
descriptionshort 0,000000 0,000000
design 0,040822 0,000132
desir 0,941609 0,000381
detail 0,510826 0,000206
develop -0,009950 -0,000012
dex 3,506558 0,001417
dharmesh 3,912023 0,001581
dictionari 0,616186 0,000498
differ 0,010050 0,000045
direct 0,261365 0,000106
directori 1,560648 0,000631
disclaim -0,009950 -0,000004
discret 1,049822 0,000424
discuss 0,494296 0,000200
disk 1,469676 0,001188
distil 2,659260 0,001075
distinct 0,544727 0,000220
distribut 0,198451 0,000722
dmy 0,994252 0,000402
doc 1,139434 0,000921
document 0,328504 0,003983
documentdb 3,912023 0,001581
doesn 1,609438 0,000651
doi 0,162519 0,000066
domin 1,021651 0,000413
domino 3,912023 0,001581
donat -0,009950 -0,000008
done 0,653926 0,000264
download -0,009950 -0,000004
drive 0,867501 0,000701
due 0,261365 0,000106
dummi 2,407946 0,000973
durabl 2,813411 0,001137
dynamodb 3,912023 0,009488
earli 0,301105 0,000243
easi 1,021651 0,000413
easili 0,843970 0,000341
edit -0,009950 -0,000076
editcommun -0,009950 -0,000004
edlich 3,912023 0,001581
effici 0,287682 0,000349
elasticsearch 2,995732 0,002422
element 0,301105 0,000122
emerg 0,527633 0,000640
emploi 0,673345 0,000272
encapsul 2,120264 0,000857
encod 1,203973 0,001460
encyclopedia -0,009950 -0,000004
enforc 0,916291 0,000370
engin 0,061875 0,000100
english -0,009950 -0,000008
enterpris 0,446287 0,000180
environ 0,385662 0,000312
era 1,386294 0,000560
es 1,897120 0,000767
etc 0,562119 0,000227
evalu 0,562119 0,000682
event 0,356675 0,000144
eventsrandom -0,009950 -0,000004
eventu 0,798508 0,001291
exampl 0,020203 0,000073
excel 1,714798 0,000693
excess 1,386294 0,000560
exhaust 1,897120 0,000767
exhibit 2,207275 0,000892
exist 0,186330 0,000075
export -0,009950 -0,000004
expos 1,272966 0,000515
extend 0,385662 0,000312
extens 0,342490 0,000415
extern 0,030459 0,000025
extract 1,108663 0,000448
extrem 0,941609 0,000381
facet 2,995732 0,001211
fast 0,673345 0,000272
faster 0,994252 0,000402
featur 0,210721 0,000256
feder 1,021651 0,000413
field 0,314711 0,000636
fileperman -0,009950 -0,000004
filespeci -0,009950 -0,000004
filter 1,108663 0,000896
finit 1,560648 0,000631
fire 1,560648 0,001262
firestor 3,912023 0,001581
fix 0,385662 0,000468
flexibl 1,139434 0,000461
flockdb 3,912023 0,001581
focu 0,755023 0,000305
follow 0,072571 0,000059
foreign 1,139434 0,001842
form 0,072571 0,000059
format 0,634878 0,000513
foundat -0,009950 -0,000004
foundationdb 3,218876 0,002602
fowler 2,659260 0,003225
fran 0,223144 0,000090
free -0,009950 -0,000004
full 0,371064 0,000450
fulli 0,616186 0,000249
function 0,030459 0,000025
fundament 0,478036 0,000193
further 0,139262 0,000113
futur 0,235722 0,000095
ganesh 3,912023 0,001581
geeksforgeek 2,525729 0,001021
gemston 2,813411 0,001137
gener -0,009950 -0,000020
gennet 3,912023 0,001581
get 0,430783 0,000522
gigaspac 3,912023 0,001581
giraph 3,506558 0,001417
goe 1,237874 0,000500
googl 0,579818 0,000703
graph 0,967584 0,011342
graphql 2,659260 0,001075
gremlin 3,506558 0,002835
groling 3,506558 0,001417
group 0,186330 0,000075
guid 0,287682 0,000233
gun 2,525729 0,002042
handl 0,415515 0,000672
hard 1,049822 0,000424
hardwar 0,579818 0,000234
hazelcast 3,912023 0,001581
hbase 3,506558 0,004252
hdd 3,912023 0,001581
help 0,174353 0,000070
helplearn -0,009950 -0,000004
hererel -0,009950 -0,000004
hide -0,009950 -0,000016
hierarchi 1,469676 0,000594
higashino 3,912023 0,001581
high 0,223144 0,001082
histori -0,009950 -0,000020
hoc 2,302585 0,000931
hochschul 3,506558 0,001417
hold 0,579818 0,000234
home 0,616186 0,000249
hoopla 3,912023 0,001581
horizont 1,897120 0,001534
hossain 3,506558 0,001417
howev 0,094311 0,000152
html 1,078810 0,000436
http -0,009950 -0,000016
hybrid 1,139434 0,000461
hypert 3,912023 0,001581
ibm 0,693147 0,001401
ieee 0,634878 0,000257
igbobahasa 3,506558 0,001417
iggyfernandez 3,912023 0,001581
ignit 3,218876 0,007806
ilya 2,302585 0,001861
implement 0,105361 0,000170
inabl 2,659260 0,001075
inc -0,009950 -0,000004
includ 0,000000 0,000000
incorpor 0,755023 0,000305
increas 0,287682 0,000116
independ 0,527633 0,000213
index -0,009950 -0,000048
indonesia 1,272966 0,000515
infinispan 3,506558 0,001417
infinitegraph 3,912023 0,003163
infinitydb 3,912023 0,004744
inform 0,061875 0,000100
informationcit -0,009950 -0,000004
infoworld 1,609438 0,000651
insert 1,560648 0,000631
instead 0,301105 0,000365
int 1,514128 0,000612
integ 1,139434 0,000461
integr 0,174353 0,000282
intellig 0,510826 0,000206
interfac 0,494296 0,000799
intern 0,040822 0,000017
internet 0,462035 0,000187
intersystem 3,506558 0,002835
invert 2,302585 0,000931
invest 0,967584 0,000391
investig 1,078810 0,000436
involv 0,415515 0,000168
isbn 0,051293 0,000083
isol 1,427116 0,000577
item -0,009950 -0,000004
itself 0,342490 0,000277
jade 3,506558 0,001417
jakob 2,813411 0,001137
januari 0,083382 0,000337
janusgraph 3,912023 0,001581
java 0,891598 0,003243
javascript 1,021651 0,001652
jbase 3,912023 0,001581
jdbc 2,813411 0,001137
jepsen 3,912023 0,001581
johan 2,995732 0,001211
join 1,386294 0,007845
json 1,347074 0,000544
juli 0,127833 0,000103
jump -0,009950 -0,000004
june 0,094311 0,000076
kai 1,966113 0,000795
katsov 3,912023 0,003163
keep 0,733969 0,000297
kei 0,314711 0,004834
kelli 2,302585 0,000931
kind 0,673345 0,000272
kirit 3,912023 0,001581
known 0,127833 0,000052
krishnan 3,506558 0,001417
kulkarni 2,813411 0,001137
label 1,049822 0,000424
lack 0,544727 0,000661
languag -0,009950 -0,000048
larg 0,127833 0,000155
last -0,009950 -0,000012
late 0,733969 0,000297
latest 0,994252 0,000402
latinamagyar 3,506558 0,001417
lawrenc 1,386294 0,000560
layer 0,713350 0,000288
leavitt 3,912023 0,001581
legal -0,009950 -0,000004
lena 2,995732 0,001211
less 0,430783 0,000174
level 0,083382 0,000034
lexicograph 3,506558 0,001417
licens -0,009950 -0,000004
lightweight 1,609438 0,000651
like 0,051293 0,000166
limit 0,186330 0,000075
link -0,009950 -0,000036
linkpag -0,009950 -0,000004
list 0,051293 0,000124
lith 3,912023 0,001581
live 0,733969 0,000297
lmdb 3,912023 0,003163
log -0,009950 -0,000016
lookup 2,302585 0,001861
lose 1,560648 0,000631
lost 1,514128 0,000612
low 0,478036 0,001739
lpolskiportugu 2,302585 0,000931
machin 0,040822 0,000017
made 0,186330 0,000075
main -0,009950 -0,000028
maintain 0,400478 0,000162
make 0,061875 0,000050
man 0,843970 0,000341
manag 0,105361 0,000383
managementdistribut 3,506558 0,001417
mani 0,061875 0,000125
manner 1,469676 0,000594
manual 0,994252 0,000402
map 0,616186 0,000498
mapreduc 3,506558 0,001417
marc 1,771957 0,001432
march 0,116534 0,000565
mark 0,261365 0,000106
market 0,446287 0,000180
marklog 3,506558 0,011339
marshal 2,040221 0,000825
martin 0,843970 0,000682
materi 0,616186 0,000249
matter 1,049822 0,000424
mattson 3,912023 0,001581
mccreari 3,912023 0,001581
mean 0,083382 0,000135
measur 0,371064 0,000150
mechan 0,356675 0,000144
med 2,659260 0,001075
media 0,139262 0,000056
medien 3,912023 0,001581
memcach 3,506558 0,001417
memcachedb 3,912023 0,001581
memori 0,562119 0,000682
menu -0,009950 -0,000008
mere 1,609438 0,000651
metadata 1,347074 0,000544
method 0,150823 0,000122
metric 1,309333 0,000529
microsoft 0,579818 0,000234
middlewar 1,832581 0,000741
mike 1,237874 0,000500
millisecond 3,506558 0,001417
minim 0,579818 0,000234
misconcept 2,407946 0,000973
mobil -0,009950 -0,000004
model 0,116534 0,001178
moder 2,813411 0,002274
modern 0,314711 0,000127
mohan 3,506558 0,001417
mongodb 2,525729 0,013272
moniruzzaman 3,912023 0,001581
mortal 2,995732 0,001211
mostli 0,994252 0,000402
move -0,009950 -0,000020
movement 1,108663 0,000896
much 0,400478 0,000162
multi 0,342490 0,000969
multipl 0,094311 0,000152
multivalu 3,218876 0,002602
mvbase 3,912023 0,001581
mventerpris 3,912023 0,001581
mysql 2,525729 0,002042
name 0,162519 0,000197
nativ 1,078810 0,000436
navig -0,009950 -0,000004
neal 2,813411 0,001137
necessari 0,616186 0,000249
necessarili 1,049822 0,000849
nederland 0,415515 0,000168
need 0,030459 0,000062
neo 2,120264 0,002571
neptun 3,218876 0,001301
nest 1,609438 0,001301
net 0,385662 0,000156
network 0,127833 0,000103
networkworld 3,912023 0,001581
neubauer 3,912023 0,001581
new 0,010050 0,000004
newsql 2,995732 0,002422
next 0,400478 0,000162
node 0,867501 0,001052
non -0,009950 -0,000060
none 1,609438 0,001301
nonsensql 3,912023 0,001581
norel 3,912023 0,001581
normal 0,673345 0,000817
norsk 0,342490 0,000138
northgat 3,912023 0,001581
nosql 2,813411 0,080741
nosqldata 3,912023 0,001581
nosqldefinit 3,912023 0,001581
notabl 0,616186 0,000249
note 0,150823 0,000061
novemb 0,150823 0,000244
null 1,309333 0,000529
number 0,040822 0,000066
object 0,174353 0,000634
objectdatabas 3,912023 0,001581
objectdb 3,912023 0,001581
objectstor 3,912023 0,001581
octob 0,139262 0,000113
odaba 3,912023 0,001581
odbc 2,813411 0,001137
odbm 3,912023 0,001581
offer 0,248461 0,000201
often 0,127833 0,000258
oldenbourg 3,912023 0,001581
oldid -0,009950 -0,000004
olesperantoeuskara 0,510826 0,000206
ontotext 3,912023 0,001581
open 0,150823 0,000427
openinsight 3,912023 0,001581
openlink 3,912023 0,004744
openqm 3,912023 0,001581
oper 0,010050 0,000024
optim 0,415515 0,001176
oracl 1,078810 0,001744
order 0,094311 0,000152
orend 3,912023 0,001581
org -0,009950 -0,000012
organ -0,009950 -0,000016
orient 0,653926 0,002115
orientdb 3,506558 0,011339
origin -0,009950 -0,000024
oskarsson 3,912023 0,001581
outlin 0,562119 0,000227
over 0,094311 0,000076
overcom 1,714798 0,000693
overlap 1,309333 0,000529
overview 0,616186 0,000498
owlim 3,912023 0,003163
pacelc 2,995732 0,001211
page -0,009950 -0,000012
pagecontentscurr -0,009950 -0,000004
pageget -0,009950 -0,000004
pai 1,021651 0,000413
pair 1,309333 0,001058
paper 0,527633 0,000427
paramet 0,755023 0,000305
partit 1,347074 0,000544
pdf 0,139262 0,000450
pdfprintabl -0,009950 -0,000004
per 0,616186 0,000498
perform 0,040822 0,000182
persist 1,386294 0,001681
person -0,009950 -0,000004
perst 3,912023 0,001581
peter 0,446287 0,000180
php -0,009950 -0,000004
pick 1,609438 0,001952
place 0,356675 0,000144
plan 0,430783 0,000174
platform 0,400478 0,000324
player 1,469676 0,000594
point 0,186330 0,000075
polici -0,009950 -0,000008
polyglot 3,218876 0,002602
popular 0,400478 0,000162
portalrec -0,009950 -0,000004
possibl 0,186330 0,000075
post 0,478036 0,000193
power 0,261365 0,000106
practic 0,186330 0,000075
pramod 3,912023 0,001581
precis 0,967584 0,000391
present 0,287682 0,000116
prevent 0,634878 0,000257
primit 1,514128 0,000612
principl 0,385662 0,000156
print -0,009950 -0,000004
priorit 1,609438 0,000651
privaci -0,009950 -0,000008
proc 2,040221 0,000825
procedur 0,867501 0,000351
process 0,051293 0,000083
product 0,174353 0,000070
profit -0,009950 -0,000004
profium 3,912023 0,003163
program 0,116534 0,000141
project -0,009950 -0,000004
promis 1,078810 0,000436
proper 1,171183 0,000473
properti 0,314711 0,000127
protocol 0,527633 0,000213
provid 0,061875 0,000075
public 0,127833 0,000052
put 0,755023 0,000305
python 0,916291 0,000741
qizx 3,912023 0,001581
queri 1,139434 0,012435
ram 1,660731 0,000671
rang 0,371064 0,000300
rate 0,673345 0,000272
rather 0,287682 0,000233
ravendb 3,912023 0,001581
rbaycanca 0,248461 0,000100
rdbm 2,813411 0,002274
rdf 2,120264 0,005999
reach 0,755023 0,000305
reactiv 2,659260 0,001075
read 0,162519 0,000328
readeditview 0,287682 0,000233
readm 2,995732 0,001211
real 0,210721 0,000170
realiti 1,237874 0,000500
realm 2,120264 0,000857
record 0,400478 0,000647
redi 3,506558 0,004252
redirect 0,673345 0,000272
redisgraph 3,912023 0,001581
refer -0,009950 -0,000020
referenti 2,813411 0,001137
reflect 0,562119 0,000227
regist -0,009950 -0,000004
reintroduc 3,912023 0,001581
relat 0,030459 0,000480
relationship 0,653926 0,000264
repeat 1,469676 0,000594
replac 0,494296 0,000400
replic 1,609438 0,001952
report 0,261365 0,000106
repres 0,235722 0,000381
requir 0,051293 0,000062
resolv 1,309333 0,000529
respect 0,544727 0,000220
rest 1,049822 0,000424
restrict 0,755023 0,000305
rethinkdb 3,506558 0,001417
retriev -0,009950 -0,000129
revel 2,995732 0,002422
rewrit 1,560648 0,000631
riak 3,912023 0,003163
richer 3,218876 0,001301
right 0,314711 0,000127
risk 0,579818 0,000234
river 1,309333 0,000529
road 1,272966 0,000515
roberto 1,897120 0,000767
rocket 2,120264 0,003428
rotat 2,040221 0,000825
row 1,714798 0,001386
rubi 1,347074 0,000544
rule 0,510826 0,000413
sadalag 3,912023 0,001581
safeti -0,009950 -0,000004
sai 0,616186 0,000249
sandi 2,995732 0,001211
sarang 3,912023 0,001581
scala 2,040221 0,000825
scalabl 1,203973 0,003407
scale 0,371064 0,000750
scan 1,660731 0,001343
schema 1,771957 0,002865
scienc 0,274437 0,000222
scofield 3,912023 0,003163
scylladb 3,506558 0,002835
search -0,009950 -0,000024
second 0,328504 0,000133
secondari 1,309333 0,000529
see -0,009950 -0,000016
seeger 3,506558 0,002835
select 0,371064 0,000150
semant 0,891598 0,001081
sens 1,049822 0,001273
sensibl 2,813411 0,001137
separ 0,400478 0,000162
septemb 0,150823 0,000122
sequenc 0,820981 0,000332
sergei 1,966113 0,000795
serializ 3,506558 0,001417
server 0,597837 0,000242
servic 0,210721 0,000170
setup 1,897120 0,000767
sever 0,072571 0,000029
shard 2,813411 0,003412
share 0,301105 0,000122
sharealik -0,009950 -0,000004
short -0,009950 -0,000008
shorten -0,009950 -0,000004
shqipsimpl 1,203973 0,000487
sidebar -0,009950 -0,000016
signific 0,261365 0,000106
similar 0,150823 0,000061
simpl 0,150823 0,000061
simplest 2,040221 0,000825
sinc 0,139262 0,000113
singl 0,127833 0,000155
site -0,009950 -0,000004
slenskaitaliano 0,562119 0,000227
slideshar 3,912023 0,001581
smaller 0,994252 0,000402
social 0,510826 0,000413
softwar 0,127833 0,000310
solid 1,171183 0,000473
solut 0,478036 0,000580
sometim 0,301105 0,000122
sourc 0,094311 0,000229
sparkse 3,912023 0,001581
sparql 2,407946 0,007786
specif 0,051293 0,000062
speed 0,941609 0,000761
spreadsheet 2,120264 0,000857
springer 0,527633 0,000213
spur 2,525729 0,001021
sql 1,171183 0,008995
sqrrl 3,912023 0,001581
srpskisuomisvenska 1,714798 0,000693
ssd 3,506558 0,001417
stackexchang 3,912023 0,001581
stale 3,912023 0,003163
standard 0,094311 0,000152
start 0,261365 0,000106
state 0,083382 0,000034
statement -0,009950 -0,000004
statist -0,009950 -0,000004
stefan 1,560648 0,000631
still 0,342490 0,000277
storag 0,430783 0,001393
storagedata 3,912023 0,001581
store 0,356675 0,006343
storesstructur 3,912023 0,001581
strategi 0,733969 0,000297
strauch 3,912023 0,004744
strict 1,609438 0,000651
string 1,049822 0,000849
strozzi 3,912023 0,006325
structur 0,139262 0,000450
stuttgart 3,912023 0,001581
subcategori 2,995732 0,001211
subsect 0,020203 0,000016
suggest 0,820981 0,000332
suitabl 1,237874 0,000500
sullivan 2,525729 0,001021
superkei 2,995732 0,001211
support 0,150823 0,000732
surrog 2,040221 0,000825
sym 3,912023 0,001581
system 0,010050 0,000069
systemshidden 2,207275 0,000892
systemstyp 2,995732 0,001211
tabl -0,009950 -0,000040
tag 1,309333 0,000529
tailor 1,966113 0,000795
tarantool 3,912023 0,001581
task 0,415515 0,000336
techniqu 0,385662 0,000312
technolog 0,116534 0,000141
term -0,009950 -0,000020
terminusdb 3,912023 0,004744
text -0,009950 -0,000008
theorem 1,171183 0,001420
theori 0,400478 0,000162
therefor 0,478036 0,000193
thing 0,798508 0,000323
though 0,544727 0,000220
three 0,287682 0,000116
throughput 2,120264 0,000857
thu 0,314711 0,000382
tibco 3,218876 0,001301
time 0,000000 0,000000
tinadeutscheestiespa 3,218876 0,001301
titl -0,009950 -0,000004
tiwari 3,506558 0,001417
toggl -0,009950 -0,000016
tool -0,009950 -0,000020
top -0,009950 -0,000004
topic -0,009950 -0,000008
topolog 1,514128 0,000612
trademark -0,009950 -0,000004
tradit 0,544727 0,000440
transact 0,673345 0,001905
transport 0,994252 0,000402
trigger 1,514128 0,000612
tripl 1,966113 0,005563
triplestor 3,506558 0,002835
trivial 2,207275 0,000892
tupl 2,040221 0,000825
two 0,083382 0,000034
type 0,051293 0,000166
typesaf 3,912023 0,001581
typic 0,186330 0,000075
under -0,009950 -0,000004
unidata 3,506558 0,001417
uniqu 0,867501 0,000701
univers 0,139262 0,000281
unlik 0,653926 0,000264
unstructur 2,407946 0,000973
until 0,510826 0,000206
updat 0,342490 0,000277
urldownload -0,009950 -0,000004
user 0,274437 0,000333
usernam 2,407946 0,002920
usual 0,198451 0,000241
utc -0,009950 -0,000004
valu 0,162519 0,001708
vari 0,478036 0,000386
variabl 0,494296 0,001399
variou 0,223144 0,000180
vector 1,237874 0,000500
veloc 2,207275 0,000892
vendor 1,139434 0,000461
versant 3,912023 0,001581
version -0,009950 -0,000012
via 0,186330 0,000075
view -0,009950 -0,000012
virtual 0,462035 0,000560
virtuoso 3,506558 0,007087
visibl 1,021651 0,000413
vogel 3,912023 0,001581
voldemort 3,506558 0,001417
volum 0,616186 0,000498
vtedatabas 2,995732 0,001211
wai 0,105361 0,000085
web 0,342490 0,000277
well 0,051293 0,000041
werner 2,813411 0,001137
weslei 1,078810 0,000436
what -0,009950 -0,000012
which 0,000000 0,000000
while 0,051293 0,000104
whitepap 3,218876 0,001301
whose 0,776529 0,000314
wide 0,210721 0,000341
wider 1,714798 0,000693
wies 3,912023 0,001581
wikidataus 1,108663 0,000448
wikimedia -0,009950 -0,000008
wikipedia -0,009950 -0,000024
wikipediacontact -0,009950 -0,000004
window 0,891598 0,000360
wire 0,941609 0,000381
within 0,116534 0,000141
without 0,094311 0,000038
wordpress 2,407946 0,000973
work 0,030459 0,000025
workload 1,966113 0,000795
world 0,139262 0,000056
write 0,527633 0,000640
www 0,356675 0,000288
xml 1,203973 0,000973
xqj 2,995732 0,001211
xqueri 2,659260 0,001075
yaml 2,525729 0,001021
ycsb 3,912023 0,001581
ye 1,966113 0,017484
zicari 3,912023 0,001581
zodb 3,912023 0,001581
