ability 0,616186 0,000747
acceptable 2,120264 0,000857
access 0,287682 0,000116
accessible 1,021651 0,000413
accessing 1,386294 0,001121
account -0,009950 -0,000008
acid 2,207275 0,008922
across 0,415515 0,000504
actions -0,009950 -0,000004
activespaces 3,912023 0,001581
actual 0,941609 0,000761
adam 1,347074 0,001089
adaptable 2,659260 0,001075
add -0,009950 -0,000004
added 0,415515 0,000336
addison 1,203973 0,000487
addition 0,371064 0,000150
additional -0,009950 -0,000008
addressed 1,272966 0,000515
addressing 1,469676 0,000594
administration 1,237874 0,000500
adoption 0,820981 0,000996
advanced 0,430783 0,000522
advocates 1,966113 0,000795
aerospike 3,912023 0,003163
agensgraph 3,912023 0,004744
agnostic 3,218876 0,001301
agree -0,009950 -0,000004
ahead 1,427116 0,000577
aira 3,912023 0,001581
ais 1,272966 0,000515
aka 2,525729 0,001021
algebra 1,560648 0,001262
allegrograph 3,912023 0,004744
allow 0,287682 0,000116
allows 0,248461 0,000100
along 0,462035 0,000187
alongside 1,660731 0,000671
already 0,776529 0,000314
alternative 0,527633 0,000213
altogether 2,207275 0,000892
amazon 1,309333 0,003705
among 0,356675 0,000144
amp -0,009950 -0,000008
analogous 1,609438 0,001301
analysis 0,186330 0,000151
analysisdatabase 3,912023 0,001581
analytics 1,049822 0,000424
ann 1,966113 0,000795
another 0,127833 0,000103
anticipated 2,207275 0,000892
apache 1,386294 0,003922
apacheignite 3,912023 0,001581
aphyr 3,912023 0,001581
api 0,916291 0,000741
appearance -0,009950 -0,000008
appears 1,427116 0,000577
application 0,127833 0,000103
applications 0,094311 0,000076
applied 0,356675 0,000144
apply -0,009950 -0,000008
applying 1,469676 0,000594
approach 0,261365 0,000211
approaches 0,733969 0,000297
appropriate 0,891598 0,000360
appropriately 2,659260 0,001075
april 0,072571 0,000029
aql 3,912023 0,001581
arangodb 3,912023 0,009488
arbitrary 1,049822 0,000424
archived 0,040822 0,000066
armstrong 2,040221 0,000825
around 0,356675 0,000144
array 1,021651 0,000826
article 0,040822 0,000050
articleabout -0,009950 -0,000004
articles 0,020203 0,000024
articletalk -0,009950 -0,000004
arxiv 1,078810 0,000436
aspects 0,776529 0,000314
associative 2,040221 0,000825
assume 1,660731 0,000671
atomicity 3,506558 0,001417
attempted 1,897120 0,000767
attention 1,203973 0,000487
attribution -0,009950 -0,000004
august 0,162519 0,000131
availability 1,469676 0,001188
available -0,009950 -0,000008
axioms 2,302585 0,000931
azure 1,771957 0,005014
back 0,527633 0,000427
barriers 2,207275 0,002677
based 0,010050 0,000024
basex 3,912023 0,001581
basic 0,235722 0,000095
batch 1,897120 0,000767
because 0,127833 0,000103
behavior 0,462035 0,000187
behaviors 2,040221 0,000825
ben 1,309333 0,001058
benchmark 1,966113 0,000795
benchmarks 2,302585 0,000931
better 0,494296 0,000200
bibcode 0,693147 0,000280
big 0,673345 0,001089
bigtable 3,912023 0,003163
binary 0,916291 0,000370
bindings 2,120264 0,000857
blockchain 1,660731 0,000671
blog 0,776529 0,000942
blogging 3,218876 0,001301
bokm 0,127833 0,000052
brief 1,309333 0,001058
bson 2,995732 0,001211
bushik 3,912023 0,001581
cach 3,506558 0,002835
cache 1,714798 0,001386
caching 2,120264 0,001714
calculus 1,560648 0,000631
called 0,040822 0,000083
candidate 2,040221 0,000825
cannot 0,314711 0,000127
cap 1,714798 0,002079
capability 1,309333 0,000529
capretz 3,506558 0,001417
carlo 2,207275 0,000892
cases 0,478036 0,000193
cassandra 3,218876 0,005204
catal 0,094311 0,000038
catching 3,218876 0,001301
categories -0,009950 -0,000016
category 0,116534 0,000047
cause 0,916291 0,000370
center 0,562119 0,000227
central 0,510826 0,000206
certain 0,274437 0,000111
challenge 1,139434 0,000461
chalmers 3,218876 0,001301
changed 0,941609 0,000381
changes 0,356675 0,000288
changesupload -0,009950 -0,000008
chapple 3,218876 0,001301
characteristic 1,560648 0,000631
characteristics 1,139434 0,000461
choose 1,272966 0,000515
christof 3,506558 0,004252
cid 0,356675 0,000144
citeseerx 1,347074 0,000544
claim 1,347074 0,000544
class 0,616186 0,000249
classification 1,049822 0,001273
classify 2,120264 0,000857
clones 2,813411 0,001137
cloud 0,776529 0,001569
clusterpoint 3,912023 0,001581
clusters 2,040221 0,000825
codd 2,659260 0,001075
code -0,009950 -0,000008
coherence 2,995732 0,001211
collection 0,527633 0,001280
collections 1,771957 0,002149
column 1,966113 0,004768
columns 2,407946 0,001947
com 0,150823 0,000853
combined 0,798508 0,000323
comment 1,771957 0,000716
comments 1,514128 0,001224
common 0,072571 0,000117
commonly 0,342490 0,000138
commons -0,009950 -0,000004
commonswikidata 1,171183 0,000473
companies 0,597837 0,000242
compared 0,634878 0,000257
comparison 0,446287 0,001443
comparisons 1,832581 0,000741
completely 0,941609 0,000381
complex 0,261365 0,000106
complexity 0,616186 0,000249
components 0,415515 0,000168
compound 2,207275 0,000892
compr 2,813411 0,001137
computational 0,755023 0,000610
computationally 2,207275 0,000892
computer 0,139262 0,000113
concept 0,415515 0,000336
concepts 0,400478 0,000162
concurrency 1,386294 0,000560
concurrent 1,272966 0,000515
conduct -0,009950 -0,000004
conf 2,407946 0,000973
conference 0,301105 0,000122
configurations 1,966113 0,000795
connected 1,108663 0,000448
consequently 1,514128 0,000612
considered 0,400478 0,000486
consistency 1,897120 0,003834
consistent 1,108663 0,000896
consisting 1,469676 0,000594
consists 1,078810 0,000436
consolidating 3,218876 0,001301
contact -0,009950 -0,000004
contacts -0,009950 -0,000004
contains 0,634878 0,000257
content -0,009950 -0,000004
contents -0,009950 -0,000016
contribute -0,009950 -0,000004
control 0,020203 0,000016
cookie -0,009950 -0,000004
cosmos 3,912023 0,011069
cost 0,478036 0,000193
couchbase 3,912023 0,011069
couchdb 3,912023 0,003163
create -0,009950 -0,000008
creative -0,009950 -0,000004
crud 2,995732 0,002422
current 0,385662 0,000156
currently 0,755023 0,000305
cursor 2,659260 0,001075
custom 1,171183 0,000473
cypher 3,218876 0,003903
dadbhawala 3,912023 0,001581
dan 0,967584 0,000782
data 0,030459 0,000702
database 0,579818 0,016874
databases 0,127833 0,002170
datalog 3,218876 0,001301
datasets 1,966113 0,000795
datastore 3,218876 0,001301
date 0,579818 0,000234
dates 0,430783 0,000174
dbms 2,813411 0,001137
death 1,966113 0,000795
december 0,061875 0,000100
defining 1,021651 0,000413
definition 0,342490 0,000277
degruyter 3,912023 0,001581
delays 2,525729 0,001021
department 0,941609 0,000381
departs 3,506558 0,001417
depending 0,673345 0,000272
der 1,609438 0,000651
description -0,009950 -0,000004
descriptionshort 0,000000 0,000000
design 0,127833 0,000258
designed 0,261365 0,000317
desired 1,347074 0,000544
details 0,916291 0,000370
developer 0,820981 0,000664
developers -0,009950 -0,000004
dex 3,506558 0,001417
dharmesh 3,912023 0,001581
dictionary 0,673345 0,000544
differ 1,660731 0,000671
different 0,020203 0,000065
differently 1,966113 0,001589
direct 0,597837 0,000242
directory 1,714798 0,000693
disclaimers -0,009950 -0,000004
discretely 3,506558 0,001417
discuss 1,660731 0,000671
disk 1,469676 0,000594
disks 2,813411 0,001137
distilled 3,912023 0,001581
distinct 0,916291 0,000370
distributed 0,478036 0,001739
dmy 0,994252 0,000402
docs 1,309333 0,001058
document 0,673345 0,005716
documentation 0,867501 0,000701
documentdb 3,912023 0,001581
documents 1,078810 0,003052
doesn 1,609438 0,000651
doi 0,162519 0,000066
dominate 2,525729 0,001021
domino 3,912023 0,001581
donate -0,009950 -0,000008
done 0,653926 0,000264
dos 1,714798 0,000693
download -0,009950 -0,000004
drive 1,309333 0,000529
drives 1,966113 0,000795
due 0,261365 0,000106
dummies 2,407946 0,000973
durability 3,218876 0,001301
dynamodb 3,912023 0,009488
early 0,301105 0,000243
easily 0,843970 0,000341
easy 1,021651 0,000413
edit -0,009950 -0,000072
editcommunity -0,009950 -0,000004
edited -0,009950 -0,000004
edlich 3,912023 0,001581
efficient 0,494296 0,000400
efficiently 1,237874 0,000500
elasticsearch 2,995732 0,002422
elements 0,415515 0,000168
emerged 1,139434 0,000461
emergence 1,714798 0,000693
emerging 1,139434 0,000461
employs 2,407946 0,000973
encapsulate 2,995732 0,001211
encode 2,407946 0,000973
encodings 2,525729 0,002042
encyclopedia -0,009950 -0,000004
enforce 2,040221 0,000825
engine 0,693147 0,000560
engineering 0,198451 0,000080
engines 1,237874 0,000500
english -0,009950 -0,000008
enterprise 0,510826 0,000206
environment 0,478036 0,000193
environments 0,941609 0,000381
era 1,427116 0,000577
ese 3,912023 0,001581
etc 0,562119 0,000227
evaluated 2,120264 0,000857
evaluation 0,843970 0,000682
event 0,843970 0,000341
eventsrandom -0,009950 -0,000004
eventual 2,302585 0,001861
eventually 0,867501 0,000701
example 0,030459 0,000037
examples 0,328504 0,000797
excel 2,813411 0,001137
excessive 1,897120 0,000767
exhaustive 2,207275 0,000892
exhibit 2,407946 0,000973
exist 0,653926 0,000264
export -0,009950 -0,000004
expose 2,302585 0,000931
extended 0,755023 0,000305
extending 1,714798 0,000693
extensible 1,609438 0,000651
extension 0,967584 0,000782
external 0,030459 0,000025
extraction 1,660731 0,000671
extreme 1,514128 0,000612
faceted 3,912023 0,001581
fast 0,673345 0,000272
faster 0,994252 0,000402
feature 0,616186 0,000249
features 0,371064 0,000300
federated 2,302585 0,000931
fields 0,713350 0,001442
filepermanent -0,009950 -0,000004
filespecial -0,009950 -0,000004
filtering 1,771957 0,001432
finite 1,660731 0,000671
fire 1,660731 0,001343
firestore 3,912023 0,001581
fixed 0,494296 0,000599
flexibility 1,660731 0,000671
flockdb 3,912023 0,001581
focus 0,755023 0,000305
follows 0,891598 0,000721
foreign 1,139434 0,001842
formats 1,609438 0,000651
formatting 2,302585 0,000931
forms 0,562119 0,000454
foundation -0,009950 -0,000004
foundationdb 3,218876 0,002602
fowler 2,659260 0,003225
fran 0,223144 0,000090
free -0,009950 -0,000004
full 0,371064 0,000450
fully 0,616186 0,000249
functionality 0,843970 0,000341
functions 0,356675 0,000144
fundamental 0,867501 0,000351
further 0,139262 0,000113
future 0,274437 0,000111
ganesh 3,912023 0,001581
geeksforgeeks 2,525729 0,001021
gemstone 3,506558 0,001417
general -0,009950 -0,000012
generally 0,287682 0,000116
generation 0,867501 0,000351
gennet 3,912023 0,001581
get 0,733969 0,000593
gets 1,469676 0,000594
gigaspaces 3,912023 0,001581
giraph 3,506558 0,001417
goes 1,237874 0,000500
google 0,579818 0,000703
graph 0,994252 0,011253
graphql 2,659260 0,001075
graphs 1,660731 0,000671
gremlin 3,506558 0,002835
grolinger 3,506558 0,001417
grouping 2,302585 0,000931
guide 0,356675 0,000288
gun 3,218876 0,002602
handling 0,798508 0,001291
hard 1,078810 0,000436
hardware 0,579818 0,000234
hazelcast 3,912023 0,001581
hbase 3,506558 0,004252
hdd 3,912023 0,001581
help 0,248461 0,000100
helplearn -0,009950 -0,000004
hererelated -0,009950 -0,000004
hide -0,009950 -0,000016
hierarchies 2,659260 0,001075
higashino 3,912023 0,001581
high 0,223144 0,001082
history -0,009950 -0,000020
hoc 2,302585 0,000931
hochschule 3,506558 0,001417
hold 1,021651 0,000413
home 0,653926 0,000264
hoopla 3,912023 0,001581
horizontal 2,040221 0,000825
horizontally 3,218876 0,001301
hossain 3,506558 0,001417
however 0,094311 0,000152
html 1,078810 0,000436
http 1,021651 0,000413
https -0,009950 -0,000012
hybrid 1,171183 0,000473
hypertable 3,912023 0,001581
ibm 0,693147 0,001401
ieee 0,634878 0,000257
igbobahasa 3,506558 0,001417
iggyfernandez 3,912023 0,001581
ignite 3,506558 0,008504
ilya 2,302585 0,001861
implementation 0,328504 0,000133
implementations 0,733969 0,000593
implemented 0,544727 0,000220
inability 2,659260 0,001075
inc -0,009950 -0,000004
include 0,061875 0,000125
including 0,040822 0,000050
incorporate 1,560648 0,000631
increasing 0,916291 0,000370
independent 0,713350 0,000288
index -0,009950 -0,000008
indexed 1,966113 0,003179
indexes 2,040221 0,002474
indexing 1,771957 0,002149
indonesia 1,272966 0,000515
infinispan 3,506558 0,001417
infinitegraph 3,912023 0,003163
infinitydb 3,912023 0,004744
information 0,072571 0,000117
informationcite -0,009950 -0,000004
infoworld 1,609438 0,000651
insertion 2,525729 0,001021
instead 0,301105 0,000365
int 1,560648 0,000631
integer 1,272966 0,000515
integration 0,673345 0,000544
integrity 1,427116 0,001154
intelligence 0,693147 0,000280
interface 0,616186 0,000747
interfaces 0,713350 0,000288
international 0,139262 0,000056
internet 0,462035 0,000187
intersystems 3,506558 0,002835
inverted 2,813411 0,001137
investigating 2,525729 0,001021
investments 1,714798 0,000693
involving 1,309333 0,000529
isbn 0,051293 0,000083
isolation 1,714798 0,000693
item -0,009950 -0,000004
itself 0,342490 0,000277
jade 3,506558 0,001417
jakob 2,813411 0,001137
january 0,083382 0,000337
janusgraph 3,912023 0,001581
java 0,891598 0,003243
javascript 1,021651 0,001652
jbase 3,912023 0,001581
jdbc 2,813411 0,001137
jepsen 3,912023 0,001581
johan 2,995732 0,001211
join 2,040221 0,003299
joining 2,813411 0,001137
joins 2,995732 0,010898
json 1,347074 0,000544
july 0,127833 0,000103
jump -0,009950 -0,000004
june 0,094311 0,000076
kai 2,302585 0,000931
katsov 3,912023 0,003163
keeping 1,427116 0,000577
kelly 2,302585 0,000931
key 0,356675 0,005046
keys 1,514128 0,001836
kind 1,021651 0,000413
kirit 3,912023 0,001581
known 0,127833 0,000052
krishnan 3,506558 0,001417
kulkarni 2,813411 0,001137
label 1,714798 0,000693
lack 0,843970 0,001023
language 0,186330 0,000603
languages -0,009950 -0,000016
large 0,127833 0,000155
last -0,009950 -0,000012
late 0,755023 0,000305
latest 0,994252 0,000402
latinamagyar 3,506558 0,001417
lawrence 1,386294 0,000560
layer 0,867501 0,000351
leavitt 3,912023 0,001581
legal -0,009950 -0,000004
lena 2,995732 0,001211
less 0,430783 0,000174
level 0,116534 0,000047
lexicographic 3,506558 0,001417
license -0,009950 -0,000004
lightweight 1,609438 0,000651
like 0,072571 0,000235
limitations 1,139434 0,000461
link 0,162519 0,000066
linking 2,040221 0,000825
linkpage -0,009950 -0,000004
links -0,009950 -0,000028
list 0,083382 0,000202
lith 3,912023 0,001581
live 1,203973 0,000487
lmdb 3,912023 0,003163
log -0,009950 -0,000012
logging 1,966113 0,000795
lookup 2,407946 0,000973
lookups 3,218876 0,001301
losing 2,120264 0,000857
lost 1,514128 0,000612
low 0,478036 0,001739
lpolskiportugu 2,302585 0,000931
machines 0,776529 0,000314
made 0,186330 0,000075
main -0,009950 -0,000028
maintains 2,040221 0,000825
makes 0,415515 0,000168
making 0,328504 0,000133
manage 0,967584 0,000391
management 0,139262 0,000338
managementdistributed 3,912023 0,001581
managers 1,427116 0,000577
managing 1,021651 0,000413
manner 1,469676 0,000594
manning 2,040221 0,000825
manual 1,237874 0,000500
many 0,061875 0,000125
map 1,171183 0,000473
mapreduce 3,506558 0,001417
maps 1,469676 0,000594
marc 1,771957 0,001432
march 0,116534 0,000565
marked 1,139434 0,000461
market 0,616186 0,000249
marklogic 3,506558 0,011339
marshaled 3,912023 0,001581
martin 0,891598 0,000721
materialized 2,813411 0,001137
matter 1,386294 0,000560
mattson 3,912023 0,001581
mccreary 3,912023 0,001581
mean 0,755023 0,000610
meaning 0,544727 0,000220
means 0,198451 0,000080
measured 1,021651 0,000413
mechanisms 1,171183 0,000473
med 2,659260 0,001075
media 0,139262 0,000056
medien 3,912023 0,001581
memcached 3,506558 0,001417
memcachedb 3,912023 0,001581
memory 0,579818 0,000703
menu -0,009950 -0,000008
mere 2,207275 0,000892
metadata 1,347074 0,000544
method 0,210721 0,000170
metric 1,966113 0,000795
microsoft 0,579818 0,000234
middleware 1,832581 0,000741
mike 1,237874 0,000500
milliseconds 3,506558 0,001417
minimal 1,347074 0,000544
misconceptions 2,813411 0,001137
mobile -0,009950 -0,000004
model 0,162519 0,001248
modeled 1,897120 0,000767
modeling 0,867501 0,000351
models 0,527633 0,000853
moderate 3,218876 0,002602
modern 0,314711 0,000127
mohan 3,506558 0,001417
mongodb 2,525729 0,013272
moniruzzaman 3,912023 0,001581
mortals 3,912023 0,001581
mostly 0,994252 0,000402
move -0,009950 -0,000016
movement 1,427116 0,001154
moving 0,776529 0,000314
much 0,400478 0,000162
multi 0,342490 0,000969
multiple 0,116534 0,000188
multivalue 3,506558 0,002835
mvbase 3,912023 0,001581
mventerprise 3,912023 0,001581
mysql 2,525729 0,002042
name 0,342490 0,000415
native 1,078810 0,000436
navigation -0,009950 -0,000004
neal 2,813411 0,001137
necessarily 1,049822 0,000849
necessary 0,616186 0,000249
nederlands 0,415515 0,000168
need 0,248461 0,000201
needed 0,210721 0,000085
needs 0,415515 0,000336
neo 2,120264 0,002571
neptune 3,218876 0,001301
nesting 3,218876 0,002602
net 0,415515 0,000168
network 0,210721 0,000085
networks 0,446287 0,000180
networkworld 3,912023 0,001581
neubauer 3,912023 0,001581
new 0,010050 0,000004
newsql 2,995732 0,002422
next 0,400478 0,000162
node 1,203973 0,000973
nodes 1,108663 0,000448
non -0,009950 -0,000060
none 1,609438 0,001301
nonsensql 3,912023 0,001581
norel 3,912023 0,001581
normalization 2,302585 0,000931
normalized 2,525729 0,002042
norsk 0,342490 0,000138
northgate 3,912023 0,001581
nosql 2,813411 0,080741
nosqldata 3,912023 0,001581
nosqldefinition 3,912023 0,001581
notable 0,941609 0,000381
notes 0,415515 0,000168
november 0,150823 0,000244
null 1,347074 0,000544
number 0,051293 0,000083
object 0,544727 0,001541
objectdatabase 3,912023 0,001581
objectdb 3,912023 0,001581
objectivity 3,218876 0,001301
objects 0,544727 0,000220
objectstore 3,912023 0,001581
october 0,139262 0,000113
odaba 3,912023 0,001581
odbc 2,813411 0,001137
odbms 3,912023 0,001581
offer 0,820981 0,000332
offers 0,755023 0,000305
often 0,127833 0,000258
oldenbourg 3,912023 0,001581
oldid -0,009950 -0,000004
olesperantoeuskara 0,510826 0,000206
one 0,010050 0,000020
ontotext 3,912023 0,001581
open 0,235722 0,000667
openinsight 3,912023 0,001581
openlink 3,912023 0,004744
openqm 3,912023 0,001581
operating 0,462035 0,000187
operations 0,301105 0,000609
optimization 0,693147 0,001121
optimize 1,560648 0,000631
optimized 1,714798 0,000693
optimizer 2,525729 0,001021
oracle 1,108663 0,001793
order 0,094311 0,000038
ordered 1,386294 0,001121
ordering 1,897120 0,000767
orend 3,912023 0,001581
org -0,009950 -0,000012
organization -0,009950 -0,000004
organize 2,207275 0,000892
organized 1,469676 0,000594
organizing 1,771957 0,000716
orientdb 3,506558 0,011339
oriented 0,798508 0,002582
original 0,030459 0,000062
originally 0,820981 0,000332
oskarsson 3,912023 0,001581
others 0,314711 0,000127
outline 0,653926 0,000264
over 0,094311 0,000076
overcome 1,897120 0,000767
overlap 1,832581 0,000741
overview 0,616186 0,000498
owlim 3,912023 0,003163
pacelc 2,995732 0,001211
page -0,009950 -0,000008
pagecontentscurrent -0,009950 -0,000004
pageget -0,009950 -0,000004
pages -0,009950 -0,000004
pairs 1,832581 0,001481
paper 0,713350 0,000288
papers 1,203973 0,000487
parameters 1,021651 0,000413
partition 1,660731 0,000671
pay 1,272966 0,000515
pdf 0,139262 0,000450
pdfprintable -0,009950 -0,000004
per 0,616186 0,000498
perform 0,562119 0,000454
performance 0,261365 0,000845
performing 1,272966 0,000515
persistence 2,207275 0,001784
persistent 1,660731 0,000671
personal -0,009950 -0,000004
perst 3,912023 0,001581
peter 0,494296 0,000200
php -0,009950 -0,000004
pick 2,040221 0,002474
places 1,514128 0,000612
plan 0,916291 0,000370
platform 0,527633 0,000213
platforms 0,776529 0,000314
player 1,966113 0,000795
points 0,867501 0,000351
policy -0,009950 -0,000008
polyglot 3,218876 0,002602
popular 0,579818 0,000234
portalrecent -0,009950 -0,000004
possible 0,287682 0,000116
post 0,579818 0,000234
powerful 1,108663 0,000448
practical 0,634878 0,000257
pramod 3,912023 0,001581
precise 2,407946 0,000973
presentations 2,813411 0,001137
prevent 0,891598 0,000360
primitive 1,832581 0,000741
principle 1,078810 0,000436
print -0,009950 -0,000004
prioritize 2,120264 0,000857
privacy -0,009950 -0,000008
proc 2,302585 0,000931
procedure 1,386294 0,000560
processing 0,356675 0,000577
production 0,798508 0,000323
profit -0,009950 -0,000004
profium 3,912023 0,003163
programming 0,446287 0,000541
projects -0,009950 -0,000004
promise 1,427116 0,000577
proper 1,171183 0,000473
properties 0,693147 0,000280
protocols 0,967584 0,000391
provide 0,174353 0,000070
provides 0,261365 0,000106
providing 0,673345 0,000272
public 0,248461 0,000100
put 0,994252 0,000402
python 0,916291 0,000741
qizx 3,912023 0,001581
queries 1,897120 0,007668
query 1,427116 0,008653
querying 2,525729 0,002042
ram 1,660731 0,000671
ranges 2,302585 0,000931
ranging 1,897120 0,000767
rated 3,218876 0,001301
rather 0,287682 0,000233
ravendb 3,912023 0,001581
rbaycanca 0,248461 0,000100
rdbms 2,813411 0,002274
rdf 2,120264 0,005999
reach 1,347074 0,000544
reactive 2,813411 0,001137
readeditview 0,287682 0,000233
reading 0,342490 0,000277
readme 2,995732 0,001211
reads 3,218876 0,003903
real 0,210721 0,000170
reality 1,272966 0,000515
realm 2,207275 0,000892
record 0,916291 0,000741
records 0,994252 0,000804
redirects 1,078810 0,000436
redis 3,506558 0,004252
redisgraph 3,912023 0,001581
reference 0,478036 0,000193
references 0,020203 0,000016
referential 2,813411 0,001137
referring 2,120264 0,000857
refers 0,755023 0,000305
reflects 1,832581 0,000741
registered -0,009950 -0,000004
reintroduced 3,912023 0,001581
related 0,051293 0,000021
relation 1,347074 0,000544
relational 1,714798 0,023566
relations 1,386294 0,001681
relationship 0,891598 0,000360
repeats 2,995732 0,001211
replace 1,203973 0,000487
replaces 2,207275 0,000892
replication 2,040221 0,002474
reporting 1,427116 0,000577
represented 0,967584 0,000782
represents 0,891598 0,000721
require 0,462035 0,000374
requiring 1,049822 0,000424
resolve 1,966113 0,000795
respect 1,560648 0,000631
rest 1,108663 0,000448
restrictions 1,309333 0,000529
rethinkdb 3,506558 0,001417
retrieval 1,347074 0,001089
retrieve 1,771957 0,001432
retrieved -0,009950 -0,000101
retrieves 3,912023 0,001581
retrieving 2,302585 0,001861
revelation 3,506558 0,002835
rewriting 2,040221 0,000825
riak 3,912023 0,003163
richer 3,218876 0,001301
right 0,478036 0,000193
risk 0,597837 0,000242
river 1,309333 0,000529
road 1,427116 0,000577
roberto 1,897120 0,000767
rocket 2,120264 0,003428
rotating 2,525729 0,001021
row 2,207275 0,000892
rows 2,302585 0,000931
ruby 1,347074 0,000544
rules 0,616186 0,000498
sadalage 3,912023 0,001581
safety -0,009950 -0,000004
sandy 3,506558 0,001417
sarang 3,912023 0,001581
say 1,078810 0,000436
scala 2,040221 0,000825
scalability 1,469676 0,002376
scalable 1,832581 0,002222
scale 0,494296 0,000599
scales 2,120264 0,000857
scaling 1,609438 0,000651
scans 2,995732 0,002422
schema 1,897120 0,003067
science 0,287682 0,000233
scofield 3,912023 0,003163
scylladb 3,506558 0,002835
search -0,009950 -0,000020
searches 1,560648 0,000631
second 0,342490 0,000138
secondary 1,386294 0,000560
see -0,009950 -0,000016
seeger 3,506558 0,002835
selective 2,302585 0,000931
semantic 1,272966 0,000515
semantics 1,171183 0,000947
sense 1,078810 0,001308
sensible 2,813411 0,001137
separate 0,693147 0,000280
september 0,150823 0,000122
sequence 0,994252 0,000402
sergey 2,120264 0,000857
serializability 3,912023 0,001581
server 0,653926 0,000264
service 0,314711 0,000127
services 0,400478 0,000162
setups 3,218876 0,001301
several 0,094311 0,000038
sharded 3,506558 0,002835
sharding 2,995732 0,001211
sharealike -0,009950 -0,000004
sharing 0,967584 0,000391
short -0,009950 -0,000008
shortened -0,009950 -0,000004
shqipsimple 1,203973 0,000487
sidebar -0,009950 -0,000016
significant 0,328504 0,000133
similar 0,186330 0,000075
simple 0,150823 0,000061
simplest 2,040221 0,000825
since 0,139262 0,000113
single 0,127833 0,000155
site -0,009950 -0,000004
slenskaitaliano 0,562119 0,000227
slideshare 3,912023 0,001581
smaller 0,994252 0,000402
social 0,527633 0,000427
software 0,127833 0,000310
solid 1,347074 0,000544
solutions 0,820981 0,000996
sometimes 0,301105 0,000122
source 0,186330 0,000452
sparksee 3,912023 0,001581
sparql 2,407946 0,007786
specific 0,094311 0,000114
speed 1,049822 0,000849
spreadsheet 2,525729 0,001021
springer 0,527633 0,000213
spurred 2,995732 0,001211
sql 1,171183 0,008995
sqrrl 3,912023 0,001581
srpskisuomisvenska 1,714798 0,000693
ssd 3,506558 0,001417
stackexchange 3,912023 0,001581
stale 3,912023 0,003163
standard 0,198451 0,000160
standardized 1,203973 0,000487
standards 0,462035 0,000187
started 0,634878 0,000257
state 0,235722 0,000095
statement -0,009950 -0,000004
statistics -0,009950 -0,000004
stefan 1,560648 0,000631
still 0,342490 0,000277
storage 0,430783 0,001393
storagedata 3,912023 0,001581
store 0,733969 0,008604
stored 0,733969 0,000297
stores 1,272966 0,005660
storesstructured 3,912023 0,001581
storing 1,171183 0,001420
strategies 1,078810 0,000436
strauch 3,912023 0,004744
strict 1,609438 0,000651
string 1,171183 0,000947
strozzi 3,912023 0,006325
structure 0,314711 0,000382
structured 0,653926 0,001057
structures 0,673345 0,000272
stuttgart 3,912023 0,001581
subcategories 3,506558 0,001417
subsection 0,020203 0,000016
suggests 1,771957 0,000716
suitability 2,813411 0,001137
sullivan 2,525729 0,001021
superkey 2,995732 0,001211
support 0,198451 0,000722
supported 0,634878 0,000257
supporting 0,843970 0,000341
supports 0,867501 0,000351
surrogate 2,207275 0,000892
sym 3,912023 0,001581
system 0,030459 0,000049
systems 0,061875 0,000325
systemshidden 2,207275 0,000892
systemstypes 2,995732 0,001211
table -0,009950 -0,000028
tables 1,660731 0,002014
tags 1,897120 0,000767
tailored 2,302585 0,000931
tarantool 3,912023 0,001581
task 0,776529 0,000314
tasks 0,798508 0,000323
techniques 0,544727 0,000440
technology 0,186330 0,000226
term 0,223144 0,000271
terminusdb 3,912023 0,004744
terms -0,009950 -0,000008
text -0,009950 -0,000008
theorem 1,171183 0,001420
theory 0,400478 0,000162
therefore 0,478036 0,000193
things 0,843970 0,000341
though 0,544727 0,000220
three 0,287682 0,000116
throughput 2,120264 0,000857
thus 0,328504 0,000398
tibco 3,218876 0,001301
time 0,010050 0,000008
tinadeutscheestiespa 3,218876 0,001301
title -0,009950 -0,000004
tiwari 3,912023 0,001581
toggle -0,009950 -0,000016
tools -0,009950 -0,000020
top -0,009950 -0,000004
topic -0,009950 -0,000004
topics 0,653926 0,000264
topologies 3,912023 0,001581
trademark -0,009950 -0,000004
traditional 0,544727 0,000440
transaction 1,427116 0,002884
transactions 0,713350 0,000577
transport 1,203973 0,000487
trigger 1,897120 0,000767
triple 2,525729 0,007146
triplestore 3,912023 0,003163
trivial 2,302585 0,000931
tuple 2,525729 0,001021
two 0,083382 0,000034
type 0,150823 0,000244
types 0,198451 0,000321
typesafe 3,912023 0,001581
typically 0,223144 0,000090
under -0,009950 -0,000004
unidata 3,506558 0,001417
unique 0,916291 0,000741
universal 0,994252 0,000402
universe 2,207275 0,002677
university 0,186330 0,000075
unlike 0,798508 0,000323
unstructured 2,407946 0,000973
until 0,510826 0,000206
updates 1,203973 0,000973
urldownload -0,009950 -0,000004
use -0,009950 -0,000032
used -0,009950 -0,000004
user 0,328504 0,000266
username 2,525729 0,003063
users 0,478036 0,000193
using -0,009950 -0,000028
usually 0,223144 0,000271
utc -0,009950 -0,000004
value 0,301105 0,003043
values 0,597837 0,000242
variable 0,843970 0,002388
varies 1,427116 0,000577
various 0,223144 0,000180
varying 1,309333 0,000529
vector 1,309333 0,000529
velocity 2,207275 0,000892
vendor 1,469676 0,000594
versant 3,912023 0,001581
version -0,009950 -0,000008
versioned 3,912023 0,001581
via 0,186330 0,000075
view -0,009950 -0,000008
views 1,609438 0,000651
virtualization 2,207275 0,002677
virtuoso 3,506558 0,007087
visible 1,309333 0,000529
vogels 3,912023 0,001581
voldemort 3,506558 0,001417
volume 0,616186 0,000498
vtedatabase 2,995732 0,001211
ways 0,446287 0,000361
web 0,342490 0,000277
well 0,051293 0,000041
werner 2,813411 0,001137
wesley 1,078810 0,000436
what -0,009950 -0,000012
which 0,000000 0,000000
while 0,051293 0,000104
whitepaper 3,218876 0,001301
whose 0,776529 0,000314
wide 0,597837 0,000967
wider 1,714798 0,000693
wiese 3,912023 0,001581
wikidatause 1,108663 0,000448
wikimedia -0,009950 -0,000008
wikipedia -0,009950 -0,000024
wikipediacontact -0,009950 -0,000004
windows 1,021651 0,000413
wired 1,237874 0,000500
within 0,116534 0,000141
without 0,094311 0,000038
wordpress 2,407946 0,000973
work 0,127833 0,000052
workloads 2,525729 0,001021
works 0,693147 0,000280
world 0,139262 0,000056
write 0,941609 0,000381
writes 2,813411 0,002274
www 0,356675 0,000288
xml 1,203973 0,000973
xqj 2,995732 0,001211
xquery 2,659260 0,001075
yaml 2,525729 0,001021
ycsb 3,912023 0,001581
yes 2,120264 0,018854
zicari 3,912023 0,001581
zodb 3,912023 0,001581
