abdel 3,912023 0,000679
abdulla 3,912023 0,000679
abil 0,562119 0,000390
abiquo 3,506558 0,000609
abl 0,733969 0,000255
abstract 0,713350 0,000991
acceler 1,021651 0,000355
accept 0,634878 0,000110
access 0,127833 0,000555
accident 1,771957 0,000308
accommod 1,897120 0,000329
accord 0,287682 0,000549
account -0,009950 -0,000009
accur 1,203973 0,000209
achiev 0,510826 0,000266
achil 3,912023 0,000679
acm 0,755023 0,000393
acquir 1,203973 0,000209
across 0,415515 0,000289
act 0,713350 0,000372
action -0,009950 -0,000005
activ 0,356675 0,000124
ad 0,198451 0,000034
add -0,009950 -0,000002
addison 1,203973 0,000209
addit -0,009950 -0,000012
addition 0,967584 0,000840
address 0,342490 0,000297
adequ 1,660731 0,000288
adher 1,660731 0,000288
adjust 1,078810 0,000187
administr 0,867501 0,000301
adopt 0,415515 0,000505
advanc 0,235722 0,000123
advantag 0,693147 0,000361
adventur 2,813411 0,000489
affect 0,693147 0,000241
afrikaan 1,108663 0,000193
ag 0,867501 0,000151
against 0,462035 0,000080
agenc 1,108663 0,000193
agenda 2,407946 0,000418
agent 0,733969 0,000127
aggreg 1,514128 0,000263
agil 2,040221 0,000354
agnostic 3,912023 0,000679
agre -0,009950 -0,000003
agreement 1,078810 0,001311
aim 0,634878 0,000220
air 1,660731 0,000288
aisfryskgaeilg 3,912023 0,000679
alex 1,469676 0,000255
alexand 1,237874 0,000430
algorithm 0,462035 0,000321
ali 1,609438 0,000279
alibaba 2,659260 0,000924
align 1,272966 0,000663
allianc 1,832581 0,000318
alloc 0,941609 0,000654
allow 0,061875 0,000097
almost 0,798508 0,000139
alongsid 1,660731 0,000288
alter 1,469676 0,000255
altern 0,342490 0,000238
altogeth 2,207275 0,000383
amazon 1,309333 0,002728
ambit 3,218876 0,000559
amdahl 3,218876 0,000559
american 0,415515 0,000144
ami 2,659260 0,000462
among 0,356675 0,000062
amorph 3,218876 0,000559
amount 0,579818 0,000201
amp -0,009950 -0,000022
analysi 0,186330 0,000032
analyt 0,798508 0,000277
anand 2,813411 0,000489
andi 1,714798 0,000596
angel 2,120264 0,000368
ani 0,083382 0,000145
announc 0,733969 0,000382
anoth 0,127833 0,000089
anthoni 1,714798 0,000298
apart 1,897120 0,000329
api 0,798508 0,000693
app 1,021651 0,000177
appear -0,009950 -0,000005
appl 1,203973 0,000209
appli -0,009950 -0,000002
applianc 1,966113 0,000341
applic 0,030459 0,000323
approach 0,174353 0,000061
appropri 0,867501 0,000301
approxim 0,891598 0,000155
appscal 3,506558 0,000609
apress 1,966113 0,000341
april 0,072571 0,000189
arbitrari 1,049822 0,000182
architect 2,407946 0,000836
architectur 0,400478 0,000904
archiv 0,040822 0,000305
area 0,478036 0,000166
ariel 3,912023 0,000679
armando 3,912023 0,000679
armbrust 3,912023 0,000679
arrai 0,994252 0,000691
arrang 1,560648 0,000271
articl 0,000000 0,000000
articleabout -0,009950 -0,000002
articletalk -0,009950 -0,000002
artifici 0,994252 0,000173
aspect 0,616186 0,000107
assess 1,021651 0,000177
asset 1,139434 0,000198
assign 0,798508 0,000139
assist 1,139434 0,000396
associ 0,127833 0,000022
asymmetr 2,407946 0,000418
ateji 3,912023 0,000679
athow 3,912023 0,000679
atmo 3,506558 0,000609
attack 0,867501 0,001054
attempt 0,478036 0,000083
attract 1,771957 0,000308
attribut -0,009950 -0,000003
august 0,162519 0,000198
aura 3,506558 0,000609
authent 1,347074 0,000234
author 0,040822 0,000021
autom 0,597837 0,000208
automat 0,462035 0,000401
autonom 1,469676 0,000255
avail -0,009950 -0,000010
averag 0,967584 0,000336
aw 2,302585 0,002799
awai 1,139434 0,000198
awar 1,203973 0,000209
awwad 3,912023 0,000679
azur 1,771957 0,002769
backend 2,120264 0,000368
backup 2,207275 0,000383
bacon 2,659260 0,000462
bad 1,347074 0,000234
bahasa 0,186330 0,000032
balanc 1,139434 0,000791
bandwidth 1,832581 0,000318
banyumasan 3,218876 0,000559
barbara 2,120264 0,000368
barcelona 2,525729 0,000439
barrier 1,660731 0,000288
basa 2,407946 0,000418
base 0,010050 0,000012
basi 0,820981 0,000285
basic 0,198451 0,000034
bear 1,966113 0,000341
becam 0,579818 0,000101
becaus 0,127833 0,000089
becom 0,274437 0,000143
began 0,634878 0,000110
belong 1,347074 0,000234
benefit 0,776529 0,000809
benjamin 1,386294 0,000241
beowulf 3,912023 0,000679
berengaut 3,912023 0,000679
beta 1,386294 0,000241
better 0,494296 0,000086
bhaskar 3,218876 0,000559
big 0,673345 0,000234
bigelow 3,506558 0,000609
bill 0,776529 0,000405
billion 1,078810 0,000562
bit 1,078810 0,000187
bitcoin 2,407946 0,000418
bittman 3,912023 0,001359
block 0,597837 0,000311
blog 0,713350 0,000124
bloor 3,912023 0,000679
bokm 0,127833 0,000022
bonifac 3,912023 0,000679
boost 1,660731 0,000288
bosanskicat 3,506558 0,000609
bound 1,171183 0,000203
boundari 1,427116 0,000248
box 0,843970 0,000440
brandon 2,120264 0,000368
bratton 3,912023 0,000679
breach 1,714798 0,001489
break 0,733969 0,000127
bridl 3,912023 0,000679
broad 1,203973 0,000627
broader 1,309333 0,000455
broadli 2,207275 0,000383
broker 1,966113 0,000341
browser 1,021651 0,000355
btc 2,995732 0,000520
budget 1,832581 0,001273
bui 1,237874 0,000430
build 0,274437 0,000334
bumpi 3,912023 0,000679
bundl 1,514128 0,000263
burden 2,040221 0,000354
bureau 1,609438 0,000559
burst 2,302585 0,001999
busi 0,287682 0,001049
butler 2,525729 0,000439
cacer 3,912023 0,000679
cach 1,386294 0,000722
cacm 3,218876 0,000559
calcul 0,916291 0,000159
call 0,030459 0,000011
cambridg 0,755023 0,000131
cannot 0,314711 0,000109
capabl 0,562119 0,001171
capac 1,237874 0,000645
capit 0,994252 0,000691
carefulli 1,897120 0,000329
carneiro 3,912023 0,000679
carrier 1,966113 0,000341
case 0,083382 0,000087
categori -0,009950 -0,000021
center 0,415515 0,000722
central 0,478036 0,000166
certain 0,274437 0,000095
cgroup 2,813411 0,000489
challeng 0,400478 0,001113
chang 0,051293 0,000027
changesupload -0,009950 -0,000003
channel 1,049822 0,000182
chapel 2,659260 0,000462
characterist 0,843970 0,000586
charg 1,272966 0,000221
charm 3,506558 0,000609
checkpoint 3,218876 0,000559
chief 1,609438 0,000279
choic 0,755023 0,000131
choos 0,916291 0,000159
chou 2,659260 0,000462
christaki 3,912023 0,000679
christoph 1,078810 0,000187
cid 0,356675 0,000310
cilk 3,506558 0,000609
cio 2,525729 0,001316
citat 0,248461 0,000129
cite 0,597837 0,000208
citrix 2,813411 0,000489
claim 0,634878 0,000220
classif 1,021651 0,000177
classifi 0,967584 0,000168
claybrook 3,912023 0,000679
click 1,714798 0,000298
client 0,713350 0,001363
clone 2,207275 0,000383
close 0,356675 0,000062
closer 1,660731 0,000288
cloud 0,733969 0,047665
cloudbiolinux 3,912023 0,000679
cloudbolt 3,506558 0,000609
cloudburst 3,912023 0,001359
cloudlet 3,912023 0,000679
cloudstack 3,506558 0,000609
clove 3,912023 0,000679
cluster 1,272966 0,001326
cmt 3,912023 0,000679
cnet 1,609438 0,000279
coarrai 3,912023 0,000679
cocain 3,506558 0,000609
code -0,009950 -0,000007
coher 2,302585 0,000800
collabor 0,941609 0,000327
colloc 3,506558 0,000609
com 0,150823 0,000262
coma 3,912023 0,000679
combin 0,261365 0,000091
come 0,356675 0,000124
commensur 2,995732 0,000520
commerc 1,021651 0,000355
commerci 0,527633 0,000092
commiss 1,309333 0,000682
common -0,009950 -0,000010
commonli 0,342490 0,000119
commonswikiquotewikidata 2,302585 0,000400
commun 0,139262 0,000314
compani 0,342490 0,000595
compaq 3,506558 0,001218
compar 0,342490 0,000178
comparison 0,371064 0,000258
compat 0,693147 0,000120
compens 1,966113 0,000341
compet 1,139434 0,000198
complet 0,223144 0,000039
complex 0,186330 0,000097
compli 1,897120 0,000329
complianc 1,514128 0,001840
complic 1,427116 0,000248
compon 0,261365 0,000045
compos 1,171183 0,000407
composit 1,386294 0,000481
comput 0,020203 0,000593
computerworld 1,609438 0,000279
computingbusi 3,506558 0,000609
computingcloud 3,912023 0,000679
computinggener 3,218876 0,000559
con 2,659260 0,000462
concept 0,198451 0,000276
concern 0,597837 0,000830
concert 2,995732 0,000520
concurr 0,994252 0,000173
condit 0,579818 0,000201
conduct -0,009950 -0,000003
confer 0,274437 0,000095
configur 0,798508 0,001109
confus 0,693147 0,000120
connect 0,430783 0,000299
consid 0,274437 0,000095
consider 0,713350 0,000124
constraint 1,139434 0,000198
consum 0,653926 0,001817
contact -0,009950 -0,000003
contain 0,162519 0,000085
contemporari 1,347074 0,000234
content -0,009950 -0,000009
contract 0,994252 0,000173
contrast 0,891598 0,000155
contribut -0,009950 -0,000002
control 0,020203 0,000077
conveni 1,609438 0,000279
convers 0,776529 0,000135
cooki -0,009950 -0,000002
cooper 1,021651 0,000355
coordin 1,309333 0,000455
core 0,579818 0,000302
corpor 0,562119 0,000195
correspond 0,798508 0,000139
cost 0,385662 0,002076
coupl 1,514128 0,000263
court 1,427116 0,000496
creat -0,009950 -0,000012
creativ -0,009950 -0,000002
credit 0,867501 0,000301
critic 0,385662 0,000067
cross 0,562119 0,000195
crowd 2,525729 0,000439
cuda 3,912023 0,000679
custom 0,544727 0,002459
cut 1,386294 0,000241
dai 0,562119 0,000098
danielson 3,912023 0,000679
dark 2,120264 0,000368
data 0,030459 0,000376
databas 0,072571 0,000088
dataflow 3,218876 0,001118
datajapanczech 1,469676 0,000255
date 0,210721 0,000037
davi 1,347074 0,000234
david 0,385662 0,000201
deadlock 3,506558 0,000609
decad 1,078810 0,000187
decemb 0,061875 0,000054
decentr 1,714798 0,000298
decid 0,867501 0,000151
decis 0,400478 0,000278
dedic 1,272966 0,000442
deep 1,078810 0,000187
deepli 3,218876 0,000559
defens 1,386294 0,000241
defin 0,116534 0,000121
definit 0,186330 0,000356
deft 3,506558 0,000609
delet 1,139434 0,000198
deliber 1,771957 0,000615
deliv 1,078810 0,000937
deliveri 1,309333 0,000455
demand 0,820981 0,001711
depart 0,843970 0,000147
depend 0,105361 0,000110
deploi 1,108663 0,001348
deploy 1,049822 0,002188
describ 0,174353 0,000061
descript -0,009950 -0,000002
descriptionshort 0,000000 0,000000
design 0,040822 0,000028
desktop 1,347074 0,000468
despit 1,021651 0,000177
detail 0,510826 0,000266
detect 0,755023 0,000131
determin 0,342490 0,000059
determinist 1,771957 0,000308
develop -0,009950 -0,000029
deviat 1,771957 0,000308
devic 0,634878 0,000992
dew 3,506558 0,001218
differ 0,010050 0,000017
digit 0,400478 0,000139
digitalocean 2,813411 0,000489
direct 0,261365 0,000091
directli 0,415515 0,000144
directori 1,560648 0,000271
disast 1,966113 0,000683
disclaim -0,009950 -0,000002
disk 1,469676 0,000255
distinct 0,544727 0,000095
distinguish 0,733969 0,000510
distribut 0,198451 0,000689
diverg 1,966113 0,000341
divid 1,049822 0,000182
doc 1,139434 0,000396
document 0,328504 0,000057
doi 0,162519 0,000310
dollar 1,514128 0,000263
domin 1,021651 0,000177
don 0,916291 0,000159
donat -0,009950 -0,000003
done 0,653926 0,000114
donohu 3,912023 0,001359
doorstep 3,912023 0,000679
down 0,597837 0,000104
download -0,009950 -0,000002
downtim 2,995732 0,001040
dpaa 3,912023 0,003396
drawback 1,966113 0,000341
drew 2,407946 0,000418
drive 0,867501 0,000753
dropbox 3,218876 0,002236
dryad 3,506558 0,000609
due 0,261365 0,000136
dummi 2,407946 0,000418
dynam 0,342490 0,000119
easili 0,843970 0,000147
ebitda 3,218876 0,000559
ebizq 3,912023 0,000679
econom 0,653926 0,000114
economi 1,309333 0,000227
edg 0,820981 0,000713
edit -0,009950 -0,000009
editcommun -0,009950 -0,000002
educ 0,494296 0,000086
effect 0,274437 0,000238
effici 0,287682 0,000250
effort 0,653926 0,000227
either 0,248461 0,000173
elast 2,407946 0,002091
electr 0,891598 0,000155
element 0,301105 0,000105
elig 2,525729 0,000439
elimin 0,867501 0,000151
els 1,469676 0,000255
elsevi 1,203973 0,000209
emagin 3,912023 0,000679
email 1,469676 0,000255
embarrassingli 3,912023 0,000679
emc 2,995732 0,000520
emerg 0,527633 0,000092
emploi 0,673345 0,000117
enabl 0,274437 0,000477
encompass 1,660731 0,000288
encrypt 1,139434 0,000396
encyclopedia -0,009950 -0,000005
end 0,186330 0,000226
enforc 0,916291 0,000159
engag 1,609438 0,000279
engin 0,061875 0,000064
english -0,009950 -0,000003
englisharticl 2,995732 0,000520
englishsloven 0,510826 0,000089
enhanc 0,510826 0,000089
enterpris 0,446287 0,000697
entir 0,597837 0,000104
entiti 0,843970 0,000293
entri 1,203973 0,000418
entrust 3,506558 0,000609
environ 0,385662 0,000938
environment 1,049822 0,000365
equip 1,078810 0,000562
era 1,386294 0,000241
eric 1,078810 0,000187
erl 2,995732 0,000520
ermittelbar 3,912023 0,000679
error 0,430783 0,000150
erscheinungsort 3,912023 0,000679
espa 0,210721 0,000037
especi 0,415515 0,000072
essenti 0,634878 0,000331
establish 0,634878 0,000110
estim 0,820981 0,000143
etc 0,562119 0,000195
eucalyptu 3,506558 0,000609
eugen 1,966113 0,000341
europ 0,941609 0,000327
european 0,733969 0,000637
even 0,235722 0,000082
event 0,356675 0,000062
eventsrandom -0,009950 -0,000002
exact 1,427116 0,000248
exampl 0,020203 0,000025
exceed 2,120264 0,000368
excel 1,714798 0,000298
except 0,733969 0,000127
exchang 0,579818 0,000201
exclus 1,272966 0,000442
execut 0,356675 0,000248
exist 0,186330 0,000129
expand 0,776529 0,000135
expect 0,494296 0,000086
expenditur 2,525729 0,002631
expens 1,108663 0,000385
experienc 1,966113 0,000683
experiment 0,916291 0,000159
expertis 1,897120 0,001318
explain 0,798508 0,000139
explicit 1,171183 0,000407
explor 0,820981 0,000143
export -0,009950 -0,000002
expos 1,272966 0,000221
express 0,544727 0,000095
extend 0,385662 0,000268
extens 0,342490 0,000119
extern 0,030459 0,000021
extra 1,609438 0,000279
extraterritori 3,506558 0,001827
fabien 3,912023 0,000679
face 1,021651 0,000532
facil 0,891598 0,000155
facilit 0,916291 0,000159
factor 0,544727 0,000473
factual 2,659260 0,000462
failov 3,912023 0,000679
failur 1,021651 0,000532
fair 1,427116 0,000248
fall 0,867501 0,000151
fallaci 3,218876 0,000559
fastconnect 3,912023 0,000679
favor 1,139434 0,000198
feasibl 1,771957 0,000308
februari 0,061875 0,000011
fee 1,714798 0,000893
fern 3,218876 0,000559
fewer 1,897120 0,000329
fiber 2,040221 0,000354
fiction 2,120264 0,000368
file 0,446287 0,000775
fileperman -0,009950 -0,000002
filespeci -0,009950 -0,000002
final 0,494296 0,000086
financi 0,776529 0,000135
find 0,371064 0,000129
finop 3,912023 0,000679
firewal 2,120264 0,000736
firm 1,171183 0,000203
first 0,020203 0,000004
fisa 3,912023 0,000679
five 0,776529 0,000135
flat 2,207275 0,000383
flatt 3,912023 0,000679
flexera 3,912023 0,002038
flexibl 1,139434 0,000396
flow 0,430783 0,000150
flynn 2,813411 0,000489
focu 0,755023 0,000393
fog 2,813411 0,001954
follow 0,072571 0,000038
footprint 2,207275 0,000383
forb 1,427116 0,000248
forc 0,597837 0,000208
forecast 1,078810 0,000562
foreign 1,139434 0,000396
foresaw 3,912023 0,000679
forese 3,218876 0,000559
form 0,072571 0,000050
fortran 1,560648 0,000271
fortun 2,207275 0,000383
forum 1,203973 0,000418
foundat -0,009950 -0,000002
foundri 2,995732 0,000520
fox 2,120264 0,000368
fpga 2,407946 0,000418
fragment 1,897120 0,000329
framework 0,287682 0,000150
fran 0,223144 0,000039
franci 1,347074 0,000234
free -0,009950 -0,000005
frequenc 1,078810 0,000187
fujitsu 3,506558 0,000609
full 0,371064 0,000064
fulli 0,616186 0,000214
function 0,030459 0,000011
fund 0,941609 0,000164
fundament 0,478036 0,000249
further 0,139262 0,000073
furthermor 1,272966 0,000442
futur 0,235722 0,000082
gabriel 2,302585 0,000400
gain 0,616186 0,000214
gall 3,912023 0,000679
game 0,478036 0,000166
gap 1,347074 0,000234
gartner 2,302585 0,005198
gatewai 2,302585 0,000400
gdpr 2,813411 0,001466
genai 2,995732 0,000520
gener -0,009950 -0,000014
get 0,430783 0,000224
giant 1,660731 0,000288
give 0,446287 0,000077
given 0,261365 0,000045
global 0,446287 0,000542
glossari 0,867501 0,000151
goal 0,562119 0,000195
googl 0,579818 0,001007
gordon 1,966113 0,000341
gou 3,912023 0,000679
govconnect 3,912023 0,001359
govern 0,544727 0,000284
gpgpu 2,995732 0,000520
gpuopen 3,912023 0,000679
grab 3,218876 0,001118
granc 3,506558 0,000609
great 0,941609 0,000164
greater 0,755023 0,000131
green 0,916291 0,000159
greenbutton 3,506558 0,000609
greenqloud 3,506558 0,001218
grew 1,386294 0,000241
grid 1,660731 0,001153
griffith 2,995732 0,000520
group 0,186330 0,000065
grow 0,653926 0,000114
guangyu 3,912023 0,000679
guest 2,813411 0,000489
gui 1,309333 0,000227
guid 0,287682 0,000050
gunho 3,912023 0,000679
guo 2,813411 0,000977
gustafson 3,912023 0,000679
hacker 1,309333 0,000682
haff 3,912023 0,000679
hak 1,897120 0,000329
half 1,108663 0,000193
halper 3,506558 0,000609
hamdaqa 3,912023 0,001359
hand 0,494296 0,000172
handl 0,415515 0,000144
hardwar 0,579818 0,001812
harm 1,771957 0,000615
harvard 1,386294 0,000481
hasan 2,302585 0,000400
hausenbla 3,912023 0,000679
hawaii 3,218876 0,000559
hdl 1,049822 0,000182
hector 2,995732 0,000520
heel 3,506558 0,000609
helion 3,506558 0,000609
help 0,174353 0,000091
helplearn -0,009950 -0,000002
hererel -0,009950 -0,000002
heroku 2,995732 0,000520
heterogen 2,302585 0,000800
hft 3,506558 0,000609
hicss 3,506558 0,001218
hidden 0,843970 0,000293
hide -0,009950 -0,000007
high 0,223144 0,000155
higher 0,430783 0,000150
highli 0,867501 0,000301
hipaa 3,506558 0,000609
histori -0,009950 -0,000010
hitachi 3,912023 0,000679
hoffman 2,525729 0,000439
hole 2,040221 0,000354
hors 2,120264 0,001473
host 0,755023 0,001180
hous 0,820981 0,000428
howev 0,094311 0,000066
hpx 3,912023 0,000679
hring 3,912023 0,000679
hrvatskiidobahasa 1,203973 0,000209
http -0,009950 -0,000002
hub 2,040221 0,000354
huge 1,660731 0,000288
hui 2,659260 0,000462
human 0,527633 0,000275
hundr 1,237874 0,000215
hurwitz 3,912023 0,000679
hvd 3,506558 0,000609
hybrid 1,139434 0,004353
hyperjack 3,912023 0,000679
hyperscal 3,912023 0,002717
hypervisor 2,407946 0,001254
iaa 3,506558 0,008524
iam 3,912023 0,000679
ibm 0,693147 0,000722
iciw 3,912023 0,001359
icloud 3,218876 0,001118
idc 2,813411 0,001954
ident 0,820981 0,000713
identifi 0,356675 0,000310
idl 2,302585 0,000400
idpl 3,506558 0,000609
iec 1,897120 0,001647
ieee 0,634878 0,000220
ijim 3,912023 0,000679
iland 3,506558 0,000609
imag 0,494296 0,000172
impact 0,544727 0,000095
imped 2,302585 0,000800
implement 0,105361 0,000073
implicit 1,514128 0,000263
import 0,162519 0,000028
impos 2,040221 0,000354
imposs 1,309333 0,000227
improv 0,150823 0,000131
ina 0,356675 0,000062
inasloven 0,616186 0,000107
inc -0,009950 -0,000003
incent 2,040221 0,000354
includ 0,000000 0,000000
increas 0,287682 0,000200
increasingli 0,776529 0,000270
incur 2,207275 0,000383
indefinit 1,237874 0,000430
independ 0,527633 0,000183
index -0,009950 -0,000003
indic 0,356675 0,000062
individu 0,314711 0,000164
indonesia 1,272966 0,000221
indu 3,912023 0,000679
industri 0,356675 0,000186
ineffici 1,897120 0,000329
infect 2,407946 0,000418
influenc 0,579818 0,000201
inform 0,061875 0,000097
informationcit -0,009950 -0,000002
informationweek 2,302585 0,001199
infrastructur 0,673345 0,005028
infrastructurehidden 3,912023 0,000679
initi 0,235722 0,000123
inject 1,386294 0,000241
inktank 3,506558 0,000609
innov 0,820981 0,000143
insecur 1,714798 0,000298
insid 0,579818 0,000201
insight 1,309333 0,000227
instal 0,994252 0,001036
instead 0,301105 0,000261
institut 0,446287 0,000387
instruct 1,108663 0,000385
integr 0,174353 0,000484
intellig 0,510826 0,000444
intens 1,427116 0,000248
interact 0,356675 0,000186
interconnect 1,966113 0,000683
interfac 0,494296 0,000257
intern 0,040822 0,000128
internationalgndfastnationalunit 1,237874 0,000215
internet 0,462035 0,000722
interrupt 1,609438 0,000559
intrigu 3,506558 0,000609
intrins 1,714798 0,000298
introduc 0,210721 0,000037
introduct 0,210721 0,000037
invalid 1,714798 0,000298
invest 0,967584 0,000504
involv 0,415515 0,000216
inward 3,506558 0,000609
ion 2,813411 0,000489
iot 1,714798 0,000298
ipaa 3,912023 0,003396
isbn 0,051293 0,000232
ismail 3,912023 0,000679
iso 1,309333 0,002046
isol 1,427116 0,000991
issn 0,478036 0,000166
issu 0,314711 0,000437
item -0,009950 -0,000002
jamal 3,506558 0,000609
jame 0,634878 0,000220
januari 0,083382 0,000101
jatind 3,218876 0,000559
jean 1,514128 0,000263
jelast 2,995732 0,000520
jen 2,525729 0,000439
jestch 3,912023 0,000679
jim 1,514128 0,000263
job 1,171183 0,000813
john 0,198451 0,000138
joseph 0,820981 0,000143
journal 0,186330 0,000129
joyent 3,218876 0,000559
jstor 0,843970 0,000147
juan 2,207275 0,000383
judith 2,813411 0,000489
juli 0,127833 0,000222
julia 1,514128 0,000263
jump -0,009950 -0,000002
junsheng 3,912023 0,000679
juridiqu 3,506558 0,000609
jurisdict 1,832581 0,000318
kanak 3,912023 0,000679
karim 2,813411 0,000489
karp 2,995732 0,000520
katz 2,302585 0,000400
kaufman 3,506558 0,000609
kavi 3,912023 0,000679
kei 0,314711 0,000109
keller 2,995732 0,000520
kernel 1,171183 0,000407
kiswahili 1,771957 0,000308
knowledg 0,597837 0,000208
known 0,127833 0,000044
konwinski 3,912023 0,000679
krissi 3,912023 0,000679
kurt 2,995732 0,000520
labor 1,832581 0,000318
lack 0,544727 0,000378
landscap 1,771957 0,000308
languag -0,009950 -0,000007
laptop 2,120264 0,000368
larg 0,127833 0,000133
largest 1,108663 0,000385
lark 3,506558 0,000609
last -0,009950 -0,000002
latenc 1,897120 0,000988
later 0,223144 0,000039
latinalatvi 1,203973 0,000209
launch 0,941609 0,000491
laura 2,407946 0,000836
law 0,653926 0,001135
lawson 2,995732 0,000520
layer 0,713350 0,000248
lead 0,287682 0,000100
leader 1,714798 0,000596
leak 1,832581 0,000636
leakag 2,995732 0,000520
leaki 3,506558 0,002436
learn 0,162519 0,000113
lee 0,994252 0,000173
legaci 1,309333 0,000455
legal -0,009950 -0,000007
legisl 1,897120 0,000329
leitao 3,506558 0,000609
less 0,430783 0,000299
level 0,083382 0,000188
lever 3,506558 0,000609
leverag 1,237874 0,000645
levi 2,120264 0,000368
libguestf 3,506558 0,000609
libr 2,659260 0,000462
librari 0,356675 0,000124
libvirt 3,218876 0,000559
licens -0,009950 -0,000003
like 0,051293 0,000080
limit 0,186330 0,000291
lindner 3,218876 0,000559
line 0,261365 0,000045
ling 2,813411 0,000489
link -0,009950 -0,000007
linkpag -0,009950 -0,000002
linksarticl 1,021651 0,000177
linod 3,506558 0,000609
linthicum 3,506558 0,000609
linux 0,916291 0,000636
list 0,051293 0,000018
liu 1,427116 0,000248
live 0,733969 0,000127
lo 1,386294 0,000241
load 0,891598 0,000310
local 0,314711 0,000109
locat 0,527633 0,000366
lock 1,309333 0,000682
lockout 3,506558 0,000609
log -0,009950 -0,000003
london 0,941609 0,000164
long 0,287682 0,000050
look 0,478036 0,000083
loop 1,347074 0,000234
loos 1,609438 0,000279
lorain 3,506558 0,000609
loss 0,891598 0,000310
lou 2,995732 0,000520
low 0,478036 0,000249
lower 0,673345 0,000117
lowi 3,912023 0,000679
lui 2,659260 0,000924
lunacloud 3,506558 0,000609
machin 0,040822 0,000078
made 0,186330 0,000032
magazin 0,755023 0,000131
magic 2,302585 0,000800
magyar 1,049822 0,000182
mahmood 3,218876 0,000559
maik 3,506558 0,000609
main -0,009950 -0,000022
mainfram 2,207275 0,000383
maintain 0,400478 0,000348
mainten 0,843970 0,000440
majeur 3,218876 0,000559
make 0,061875 0,000054
malinverno 3,912023 0,000679
maltai 3,912023 0,000679
malwar 1,897120 0,000659
man 0,843970 0,000147
manag 0,105361 0,000732
mani 0,061875 0,000054
manual 0,994252 0,000173
manycor 3,912023 0,000679
mar 2,120264 0,000368
march 0,116534 0,000020
marcia 3,506558 0,000609
margaret 2,525729 0,000877
mark 0,261365 0,000045
market 0,446287 0,000852
marko 3,506558 0,000609
mass 1,309333 0,000227
massimo 2,995732 0,000520
massiv 1,609438 0,000559
match 0,400478 0,000070
matei 2,995732 0,000520
mcc 3,218876 0,000559
mckinsei 2,813411 0,000977
mean 0,083382 0,000029
measur 0,371064 0,000193
mechan 0,356675 0,000124
media 0,139262 0,000097
meet 0,527633 0,000275
melayu 0,820981 0,000143
mell 3,506558 0,001218
memori 0,562119 0,000488
menu -0,009950 -0,000003
merino 3,506558 0,000609
messag 0,400478 0,000139
met 1,966113 0,000341
meta 1,386294 0,000241
metaphor 2,407946 0,001672
meter 2,995732 0,001040
method 0,150823 0,000052
metric 1,309333 0,000455
metzler 3,912023 0,000679
michael 0,385662 0,000335
michel 1,560648 0,000271
microservic 2,302585 0,000800
microsoft 0,579818 0,001107
microsystem 1,897120 0,000329
middl 1,203973 0,000209
middlewar 1,832581 0,000318
migrat 1,427116 0,001735
millard 3,912023 0,000679
million 0,843970 0,000147
mimd 3,912023 0,000679
mind 1,347074 0,000234
mindspher 3,506558 0,000609
minim 0,579818 0,000101
miranti 3,218876 0,000559
misconcept 2,407946 0,000418
misconfigur 3,912023 0,000679
misd 3,912023 0,000679
mit 0,776529 0,000405
mitig 1,347074 0,000702
mix 0,891598 0,000155
mobil -0,009950 -0,000012
model 0,116534 0,000870
modifi 0,527633 0,000092
mohammad 2,302585 0,000800
monei 1,171183 0,000203
monetari 1,609438 0,000559
monitor 1,021651 0,000532
monthli 1,609438 0,000279
mosco 3,912023 0,000679
move -0,009950 -0,000009
mpi 3,912023 0,000679
multi 0,342490 0,000476
multicloud 3,912023 0,000679
multipl 0,094311 0,000115
multiprocess 1,832581 0,000636
multiprocessor 3,218876 0,000559
multisit 3,912023 0,000679
multiten 3,912023 0,000679
multithread 1,832581 0,000318
murugesan 3,912023 0,000679
nader 3,912023 0,000679
namespac 1,560648 0,000271
nasa 1,897120 0,000659
nation 0,527633 0,000458
nativ 1,078810 0,000749
natur 0,356675 0,000062
navig -0,009950 -0,000002
nayan 3,912023 0,000679
near 1,171183 0,000203
nearli 1,139434 0,000198
necessari 0,616186 0,000107
necessarili 1,049822 0,000182
nederland 0,415515 0,000072
need 0,030459 0,000090
negoti 1,771957 0,000308
nelson 2,040221 0,000354
net 0,385662 0,000067
netlifi 3,506558 0,001218
network 0,127833 0,000644
new 0,010050 0,000005
nextcloud 3,506558 0,000609
nicht 3,506558 0,000609
nimbu 3,218876 0,000559
nimbula 3,506558 0,000609
ning 2,407946 0,000418
nist 1,771957 0,002769
non -0,009950 -0,000003
nondisclosur 3,506558 0,000609
norsk 0,342490 0,000059
notabl 0,616186 0,000107
note 0,150823 0,000052
notifi 2,120264 0,000368
noumen 3,912023 0,000679
nov 1,966113 0,000683
novemb 0,150823 0,000052
nsa 2,302585 0,000400
numa 3,912023 0,000679
number 0,040822 0,000043
numin 3,912023 0,000679
nurul 3,912023 0,000679
object 0,174353 0,000030
oblig 1,832581 0,000318
observ 0,820981 0,000143
obstacl 2,407946 0,000418
occur 0,510826 0,000089
octob 0,139262 0,000145
off 0,673345 0,000117
offer 0,248461 0,000820
offic 0,733969 0,000637
offici 0,653926 0,000114
often 0,127833 0,000200
oldid -0,009950 -0,000002
olesperantoeuskara 0,510826 0,000089
ondemand 3,506558 0,000609
onedr 3,506558 0,001827
onlin 0,415515 0,000289
onto 1,660731 0,000577
opac 3,912023 0,000679
open 0,150823 0,000052
openacc 3,912023 0,000679
opencl 3,506558 0,000609
opendesk 3,506558 0,000609
openhmpp 3,912023 0,000679
openio 3,506558 0,000609
openmp 3,506558 0,000609
opennebula 3,506558 0,000609
openqrm 3,506558 0,000609
openshift 2,813411 0,000489
openstack 3,218876 0,001677
oper 0,010050 0,000037
opex 3,912023 0,000679
optim 0,415515 0,000577
option 0,527633 0,000183
oracl 1,078810 0,001311
order 0,094311 0,000049
org -0,009950 -0,000003
organ -0,009950 -0,000045
organiz 1,609438 0,000279
orient 0,653926 0,000227
origin -0,009950 -0,000071
orionvm 3,506558 0,000609
otherwis 1,108663 0,000193
out 0,261365 0,000045
outag 2,995732 0,000520
outlin 0,562119 0,000098
outpost 3,506558 0,001218
output 0,597837 0,000104
outsourc 2,207275 0,000383
outsystem 3,506558 0,000609
outward 3,506558 0,000609
over 0,094311 0,000115
overhead 1,469676 0,000255
overrun 3,506558 0,001827
overshadow 3,912023 0,000679
oversight 2,120264 0,000368
overview 0,616186 0,000107
ovirt 2,813411 0,000489
owncloud 3,506558 0,000609
owner 1,171183 0,000203
ownership 1,469676 0,000766
oxford 0,843970 0,000147
paa 3,218876 0,008384
packag 0,776529 0,000135
packt 2,120264 0,000368
page -0,009950 -0,000017
pagecontentscurr -0,009950 -0,000002
pageget -0,009950 -0,000002
pagesarticl 2,407946 0,000418
pageswikipedia 2,659260 0,000462
pai 1,021651 0,000532
paid 1,560648 0,000271
paolo 2,207275 0,000383
paradigm 0,941609 0,000327
parallel 0,941609 0,002126
paramet 0,755023 0,000131
part 0,072571 0,000050
parti 0,616186 0,000428
particip 1,021651 0,000177
particularli 0,597837 0,000311
partit 1,347074 0,000468
pasquier 3,218876 0,000559
password 1,609438 0,000559
patch 1,560648 0,000271
pattern 0,494296 0,000172
patterson 2,525729 0,000439
payment 1,347074 0,000234
pdf 0,139262 0,000218
pdfprintabl -0,009950 -0,000002
pearson 1,347074 0,000234
peer 1,771957 0,001538
pem 3,912023 0,000679
penetr 2,995732 0,000520
per 0,616186 0,000214
percentag 1,427116 0,000248
perform 0,040822 0,000050
period 0,713350 0,000248
permit 1,203973 0,000209
person -0,009950 -0,000010
personnel 1,966113 0,000341
perspect 0,733969 0,000127
peter 0,446287 0,000077
pezzini 3,912023 0,000679
phish 2,407946 0,000418
phone 1,386294 0,000241
php -0,009950 -0,000002
physic 0,446287 0,000852
pipelin 2,120264 0,001104
place 0,356675 0,000124
plan 0,430783 0,000299
platespin 3,506558 0,000609
platform 0,400478 0,002086
pleas 0,755023 0,000262
point 0,186330 0,000065
poli 2,659260 0,000462
polici -0,009950 -0,000012
polskiportugu 0,916291 0,000159
polycloud 3,912023 0,000679
pool 1,660731 0,001442
popular 0,400478 0,000070
portabl 1,203973 0,000209
portalrec -0,009950 -0,000002
portion 1,560648 0,000271
pose 1,560648 0,000271
possibl 0,186330 0,000162
potenti 0,371064 0,000193
power 0,261365 0,000091
powl 3,912023 0,000679
practic 0,186330 0,000097
pram 3,218876 0,000559
pre 0,941609 0,000164
precis 0,967584 0,000168
predict 0,733969 0,000382
predix 3,218876 0,000559
predominantli 3,506558 0,000609
preemptiv 2,407946 0,000418
prefer 0,798508 0,000277
prehistori 3,218876 0,000559
premis 2,407946 0,004599
press 0,210721 0,000220
prevent 0,634878 0,000331
previous 0,843970 0,000147
price 0,798508 0,000416
primari 0,527633 0,000183
principl 0,385662 0,000067
print -0,009950 -0,000002
priorit 1,609438 0,000838
privaci -0,009950 -0,000026
privat 0,634878 0,003197
prize 1,966113 0,000341
pro 1,237874 0,000430
proactiv 2,659260 0,000462
problem 0,186330 0,000129
problemat 2,407946 0,000418
procedur 0,867501 0,000151
proceed 0,579818 0,000101
process 0,051293 0,000134
processor 1,021651 0,000710
product 0,174353 0,000061
profit -0,009950 -0,000003
program 0,116534 0,000142
progress 1,171183 0,000407
project -0,009950 -0,000007
promis 1,078810 0,000187
promot 0,891598 0,000155
prone 2,120264 0,000368
proper 1,171183 0,000203
propon 2,207275 0,000383
propos 0,510826 0,000089
proposit 2,120264 0,000736
protect 0,462035 0,000481
proton 3,218876 0,000559
provid 0,061875 0,000752
provis 1,660731 0,001730
proxim 2,659260 0,000462
psg 3,912023 0,000679
pthread 3,218876 0,000559
public 0,127833 0,000799
publish 0,105361 0,000037
purpos 0,248461 0,000086
put 0,755023 0,000131
puttini 3,912023 0,000679
pvm 3,912023 0,000679
pythonanywher 3,218876 0,000559
qian 2,407946 0,000418
qiang 3,218876 0,000559
qo 3,506558 0,000609
qualiti 0,634878 0,000331
quantiti 1,049822 0,000182
question 0,597837 0,000104
quotat 1,469676 0,000510
rabkin 3,912023 0,000679
race 1,427116 0,000248
rackspac 3,506558 0,001827
raftlib 3,912023 0,000679
rainer 2,995732 0,000520
rais 1,237874 0,000215
ramesh 3,506558 0,000609
randi 2,659260 0,000462
rapid 1,203973 0,000418
rapidli 1,514128 0,000263
rate 0,673345 0,000117
rather 0,287682 0,000100
raw 1,272966 0,000221
rbaycanca 0,248461 0,000043
reach 0,755023 0,000918
read 0,162519 0,000141
readview 1,309333 0,000455
real 0,210721 0,000073
realiti 1,237874 0,000215
realloc 3,912023 0,000679
rean 3,912023 0,000679
reassign 3,506558 0,000609
receiv 0,400478 0,000070
recent 0,562119 0,000390
recogn 1,021651 0,000177
record 0,400478 0,000070
recoveri 1,714798 0,000298
redirect 0,673345 0,000117
reduc 0,274437 0,000334
redund 1,714798 0,000893
reevalu 2,995732 0,000520
refer -0,009950 -0,000026
refin 1,386294 0,000241
reflect 0,562119 0,000098
refresh 2,659260 0,000462
regard 0,776529 0,000135
region 1,108663 0,000385
regist -0,009950 -0,000002
regul 0,916291 0,000796
regulatori 1,427116 0,000743
reilli 1,078810 0,000562
relat 0,030459 0,000011
relationship 0,653926 0,000114
releas 0,415515 0,000216
reli 0,562119 0,000098
reliabl 0,371064 0,000064
relianc 2,525729 0,000439
remain 0,400478 0,000070
remot 0,776529 0,000809
remov 0,301105 0,000157
replac 0,494296 0,000086
replic 1,609438 0,000559
report 0,261365 0,000408
repres 0,235722 0,000041
republicspainlatviaisraelotheridref 3,912023 0,000679
request 0,776529 0,000135
requestor 3,912023 0,000679
requir 0,051293 0,000178
research 0,223144 0,000116
reserv 1,272966 0,000221
resid 1,714798 0,000596
resourc 0,248461 0,001337
respect 0,544727 0,000189
respond 1,049822 0,000365
respons 0,415515 0,000433
restrict 0,755023 0,000131
result 0,139262 0,000145
retain 1,832581 0,000318
retriev -0,009950 -0,000081
reveal 1,203973 0,000627
revenu 1,514128 0,000263
review 0,314711 0,000055
revis 1,021651 0,000177
rfc 1,714798 0,000893
ricardo 2,120264 0,000368
richard 0,733969 0,000127
rid 3,912023 0,000679
right 0,314711 0,000055
rightscal 3,506558 0,000609
rightsiz 3,912023 0,000679
risk 0,579818 0,000302
rje 3,912023 0,000679
road 1,272966 0,000221
robin 1,714798 0,000298
robot 1,347074 0,000702
robust 1,049822 0,000365
rocm 3,912023 0,000679
rodero 3,912023 0,000679
roger 1,139434 0,000198
rous 3,912023 0,001359
router 1,714798 0,000298
rubesh 3,912023 0,000679
run 0,248461 0,000733
runa 0,916291 0,000159
ruparelia 3,912023 0,000679
ryan 1,560648 0,000271
saa 2,995732 0,009363
safe 0,916291 0,000159
safeti -0,009950 -0,000003
sai 0,616186 0,000214
said 0,755023 0,000131
salcedo 3,912023 0,000679
sale 1,049822 0,000182
salesforc 3,506558 0,000609
samer 3,912023 0,000679
san 1,203973 0,000209
sandbox 2,302585 0,000400
sap 2,525729 0,000439
save 0,994252 0,000518
saw 1,832581 0,000636
scalabl 1,203973 0,002509
scale 0,371064 0,000580
scalr 3,506558 0,000609
schmelmer 3,912023 0,000679
schmidt 2,207275 0,000383
schultz 3,506558 0,000609
schuster 2,302585 0,000400
scienc 0,274437 0,000191
scotsshqip 2,659260 0,000462
scout 2,813411 0,000489
seafil 3,506558 0,000609
search -0,009950 -0,000009
searchcloudcomput 3,912023 0,001359
section 0,446287 0,000310
secur 0,274437 0,001811
see -0,009950 -0,000010
seen 0,776529 0,000405
segment 1,108663 0,000193
select 0,371064 0,000129
self 0,478036 0,000332
sell 1,139434 0,000198
semi 0,843970 0,000147
send 1,108663 0,000193
sensit 1,078810 0,000562
sensor 1,347074 0,000234
separ 0,400478 0,000070
septemb 0,150823 0,000157
seri 0,328504 0,000114
seriou 1,832581 0,000636
serv 0,713350 0,000372
server 0,597837 0,001246
serverless 3,506558 0,003653
servic 0,210721 0,005854
set 0,051293 0,000036
setup 1,897120 0,000659
seven 1,469676 0,000255
sever 0,072571 0,000038
shape 1,078810 0,000375
share 0,301105 0,000837
shareabl 3,912023 0,000679
sharealik -0,009950 -0,000002
shift 1,021651 0,000532
short -0,009950 -0,000002
shorten -0,009950 -0,000003
shorter 1,714798 0,000298
shurma 3,912023 0,000679
side 0,579818 0,000101
sidebar -0,009950 -0,000007
sigcomm 3,506558 0,000609
sign 0,916291 0,000159
signific 0,261365 0,000227
silent 2,659260 0,000462
silver 1,771957 0,000308
simd 3,506558 0,000609
simi 0,755023 0,000131
similar 0,150823 0,000079
similarli 0,843970 0,000147
simon 1,021651 0,000177
simpl 0,150823 0,000052
simpli 0,733969 0,000127
simplifi 0,820981 0,000285
simt 3,912023 0,000679
simultan 0,891598 0,000310
singh 1,714798 0,000298
singl 0,127833 0,000133
sir 2,525729 0,000439
siri 2,813411 0,000489
sisd 3,912023 0,000679
site -0,009950 -0,000003
sla 3,506558 0,004262
slenskaitaliano 0,562119 0,000098
slowdown 3,218876 0,001118
sluiman 3,912023 0,000679
small 0,314711 0,000109
smart 1,049822 0,000182
smartcloud 3,912023 0,000679
smt 3,912023 0,000679
softwar 0,127833 0,000821
sole 1,609438 0,000279
solut 0,478036 0,000581
someon 1,832581 0,000318
someth 1,347074 0,000468
sometim 0,301105 0,000105
son 1,049822 0,000729
sourc 0,094311 0,000066
sourceview 1,309333 0,000455
sovereignti 2,995732 0,002081
space 0,415515 0,000144
spain 2,207275 0,000383
spam 1,660731 0,000288
special 0,235722 0,000246
specialist 1,660731 0,000288
specif 0,051293 0,000080
specul 1,714798 0,000298
speed 0,941609 0,000327
speedup 2,813411 0,000489
spend 1,347074 0,002573
spike 2,659260 0,000462
splunk 3,218876 0,000559
spmt 3,912023 0,000679
springer 0,527633 0,000183
srinivasan 3,506558 0,000609
srom 1,609438 0,000279
srpskisuomisvenska 1,714798 0,000298
stack 0,843970 0,000293
stai 1,771957 0,000308
stake 2,040221 0,000354
stamped 3,912023 0,000679
stand 1,078810 0,000187
standard 0,094311 0,000246
start 0,261365 0,000136
startup 1,660731 0,000288
starvat 3,912023 0,000679
state 0,083382 0,000087
statement -0,009950 -0,000003
statementsarticl 0,544727 0,000095
statesfrancebnf 0,510826 0,000089
statist -0,009950 -0,000002
statista 2,407946 0,000836
statu 0,693147 0,000120
step 0,713350 0,000124
stephen 0,843970 0,000147
steve 1,078810 0,000187
steven 0,867501 0,000151
still 0,342490 0,000059
stoica 3,218876 0,000559
stolen 2,207275 0,000383
storag 0,430783 0,001870
store 0,356675 0,000495
strategi 0,733969 0,000255
stream 0,733969 0,000127
strict 1,609438 0,000279
strong 0,776529 0,000135
stronger 1,966113 0,000341
structur 0,139262 0,000048
studi 0,314711 0,000055
stuff 2,659260 0,000462
subject 0,478036 0,000083
submit 1,427116 0,000248
subscript 1,714798 0,000596
subsect 0,020203 0,000011
substanti 1,237874 0,000430
success 0,494296 0,000172
suit 0,891598 0,000310
suitabl 1,237874 0,000645
sun 1,237874 0,000430
super 1,771957 0,000308
supercharg 3,506558 0,000609
superscalar 3,912023 0,000679
suppli 0,994252 0,000173
supplier 1,832581 0,000636
support 0,150823 0,000183
survei 0,462035 0,000080
surveil 1,560648 0,000542
suscept 2,207275 0,000383
sustain 1,171183 0,000203
swiss 2,040221 0,000354
switch 0,916291 0,000159
symmetr 1,897120 0,000329
synchron 1,386294 0,000241
system 0,010050 0,000047
systol 3,912023 0,000679
tabl -0,009950 -0,000003
tablet 1,832581 0,000318
take 0,210721 0,000146
task 0,415515 0,000289
taxat 2,525729 0,000439
taxonomi 2,525729 0,000439
taylor 1,203973 0,000418
tbb 3,506558 0,000609
tech 0,843970 0,000147
technic 0,478036 0,000166
technolog 0,116534 0,000486
techradar 3,506558 0,000609
techtarget 2,995732 0,000520
telecom 2,659260 0,000462
telescript 3,912023 0,000679
templat 0,301105 0,000052
tempor 1,714798 0,000298
temporari 1,966113 0,000341
tenant 3,218876 0,000559
tension 2,995732 0,000520
term -0,009950 -0,000007
terpan 3,912023 0,000679
text -0,009950 -0,000002
theodor 2,813411 0,000489
theoret 0,776529 0,000135
theori 0,400478 0,000070
thick 3,506558 0,000609
thin 2,207275 0,000767
thing 0,798508 0,000277
third 0,342490 0,000238
thoma 0,527633 0,000366
thoo 3,912023 0,000679
though 0,544727 0,000095
thought 1,108663 0,000193
thousand 1,386294 0,000241
thread 1,386294 0,000722
threat 1,309333 0,000455
three 0,287682 0,000150
thu 0,314711 0,000055
tier 1,660731 0,000288
tim 0,867501 0,000151
time 0,000000 0,000000
timefram 3,506558 0,000609
timothi 1,714798 0,000596
tinadanskdeutscheesti 1,309333 0,000227
titl -0,009950 -0,000002
togeth 0,579818 0,000201
toggl -0,009950 -0,000009
tong 3,506558 0,000609
tool -0,009950 -0,000016
toolkit 1,427116 0,000248
top -0,009950 -0,000010
topic -0,009950 -0,000002
toward 0,713350 0,000248
trade 0,916291 0,000477
trademark -0,009950 -0,000002
tradit 0,544727 0,000284
transfer 0,544727 0,000189
transpar 1,237874 0,000645
trillion 1,897120 0,001977
trojan 2,407946 0,001254
trust 0,820981 0,000143
tung 2,525729 0,000439
turbul 2,813411 0,000489
twinarai 2,302585 0,000400
two 0,083382 0,000014
type 0,051293 0,000018
typic 0,186330 0,000388
ubiquit 1,469676 0,000255
ucsb 3,912023 0,000679
ulietuvi 1,049822 0,000182
ultra 2,302585 0,000400
uma 3,912023 0,000679
unauthor 1,897120 0,001318
uncov 2,813411 0,000489
under -0,009950 -0,000010
underli 0,693147 0,000963
understand 0,342490 0,000357
undertak 2,659260 0,000924
unilater 3,912023 0,000679
union 0,994252 0,000173
unit 0,248461 0,000086
univers 0,139262 0,000048
unknown 1,108663 0,000193
unleash 2,525729 0,000439
unless 1,237874 0,000215
unlimit 2,302585 0,000400
unmet 3,506558 0,000609
unpredict 2,813411 0,000489
unsourc 0,446287 0,000155
unus 2,302585 0,000800
upc 3,218876 0,000559
updat 0,342490 0,000238
upfront 3,218876 0,001118
urldownload -0,009950 -0,000002
usag 0,579818 0,000201
user 0,274437 0,002192
usual 0,198451 0,000034
utc -0,009950 -0,000002
util 0,597837 0,000830
uyghurcheti 2,302585 0,000400
valu 0,162519 0,000169
vaquero 3,912023 0,000679
vari 0,478036 0,000415
variabl 0,494296 0,000086
variat 0,994252 0,000345
variou 0,223144 0,000232
vcloud 2,813411 0,000489
vdc 3,506558 0,000609
vector 1,237874 0,000215
vendor 1,139434 0,001781
vercel 3,218876 0,001118
verif 0,733969 0,000127
verifi 1,237874 0,000215
version -0,009950 -0,000002
verso 3,218876 0,000559
via 0,186330 0,000032
vidhyacharan 3,912023 0,000679
view -0,009950 -0,000003
vincent 1,771957 0,000308
virtual 0,462035 0,002246
visibl 1,021651 0,000177
visual 0,562119 0,000098
vlan 3,218876 0,000559
vocabulari 1,966113 0,000683
vtecloud 3,506558 0,000609
vteparallel 3,912023 0,000679
vulner 0,994252 0,000345
wai 0,105361 0,000037
wakam 3,506558 0,000609
warrant 2,659260 0,000462
wavemak 2,813411 0,000489
wayback 0,478036 0,000249
web 0,342490 0,000595
webarch 1,021651 0,000177
websit 0,527633 0,000092
weisser 3,912023 0,000679
well 0,051293 0,000036
weslei 1,078810 0,000187
what -0,009950 -0,000010
whati 2,813411 0,000977
wherebi 1,897120 0,000329
whether 0,400478 0,000139
which 0,000000 0,000000
while 0,051293 0,000053
white 1,108663 0,000193
who 0,301105 0,000157
whole 0,916291 0,000159
whose 0,776529 0,000135
wide 0,210721 0,000073
wikidata 0,562119 0,000098
wikidatawikipedia 0,967584 0,000168
wikimedia -0,009950 -0,000005
wikipedia -0,009950 -0,000014
wikipediacontact -0,009950 -0,000002
wikiquot 1,966113 0,000341
wilei 0,562119 0,000390
window 0,891598 0,000464
wire 0,941609 0,000164
within 0,116534 0,000263
without 0,094311 0,000180
work 0,030459 0,000037
workdai 2,995732 0,000520
workforc 2,813411 0,000489
workload 1,966113 0,002390
workspac 2,525729 0,000439
workstat 1,771957 0,000308
world 0,139262 0,000097
worldwid 1,108663 0,000578
write 0,527633 0,000092
written 0,287682 0,000050
xiong 3,218876 0,000559
yard 3,218876 0,000559
year 0,162519 0,000056
yearli 2,525729 0,000439
yongp 3,912023 0,000679
yujian 3,912023 0,000679
yunchuan 3,912023 0,000679
zadara 3,506558 0,000609
zaharia 3,218876 0,000559
zaigham 3,912023 0,000679
zbekcha 0,462035 0,000080
zero 0,693147 0,000120
zhang 1,427116 0,000248
zhigou 3,912023 0,000679
zhu 2,525729 0,000439
ziff 2,995732 0,000520
zoho 3,506558 0,000609
zpl 3,912023 0,000679
zraqou 3,912023 0,000679
