abl 0,733969 0,000087
absolut 1,660731 0,000196
academ 0,693147 0,000082
accept 0,634878 0,000150
access 0,127833 0,000060
accident 1,771957 0,000627
accommod 1,897120 0,000224
accord 0,287682 0,000204
account -0,009950 -0,000004
achiev 0,510826 0,000120
acm 0,755023 0,000089
acquisit 1,203973 0,000142
act 0,713350 0,000084
action -0,009950 -0,000001
activest 3,912023 0,000461
ad 0,198451 0,000023
ada 1,609438 0,000190
adapt 0,798508 0,000094
add -0,009950 -0,000002
addit -0,009950 -0,000004
addition 0,967584 0,000228
adher 1,660731 0,000196
admin 2,813411 0,000332
administ 2,207275 0,000521
administr 0,867501 0,000307
adopt 0,415515 0,000392
advanc 0,235722 0,000083
advantag 0,693147 0,000082
advoc 1,714798 0,000202
advocaci 2,525729 0,000298
affect 0,693147 0,000082
afl 2,995732 0,000353
again 1,078810 0,000127
agent 0,733969 0,000087
aggress 2,407946 0,000284
ago 0,967584 0,000114
agpl 2,813411 0,000332
agre -0,009950 -0,000005
agreement 1,078810 0,000382
ahead 1,427116 0,000168
aid 0,843970 0,000100
aim 0,634878 0,000299
aisfryskgaeilgegalego 2,813411 0,000332
aix 2,659260 0,000314
aka 2,525729 0,000298
alan 1,049822 0,000248
alexa 2,525729 0,000596
allison 3,506558 0,000413
allow 0,061875 0,000022
allus 3,912023 0,000461
almalinux 3,506558 0,000413
alon 1,272966 0,000150
alpha 1,832581 0,000216
alpin 3,506558 0,001240
alpinelinux 3,912023 0,000461
alreadi 0,776529 0,000183
alsa 3,912023 0,000461
alt 2,407946 0,000284
altern 0,342490 0,000242
although 0,287682 0,000373
altu 3,912023 0,000923
amanda 3,218876 0,000380
amazon 1,309333 0,000154
amd 2,813411 0,000663
american 0,415515 0,000098
amongst 2,120264 0,000250
amor 3,506558 0,000413
amp -0,009950 -0,000016
analysi 0,186330 0,000066
analyst 1,272966 0,000300
anand 2,813411 0,000332
anatomi 2,407946 0,000284
andalusia 3,912023 0,000461
andrew 0,820981 0,000484
andri 3,912023 0,000461
android 1,272966 0,003302
andru 3,912023 0,000461
anduino 3,506558 0,000413
angel 2,120264 0,000500
ani 0,083382 0,000069
anim 1,021651 0,000241
anjuta 3,912023 0,000461
ankush 3,506558 0,000413
anniversari 2,525729 0,000298
announc 0,733969 0,000173
annual 0,776529 0,000092
anoth 0,127833 0,000045
ansi 2,207275 0,000260
antergo 3,506558 0,000413
antitrust 3,506558 0,000413
antix 3,506558 0,000413
anvin 3,912023 0,000461
anybodi 3,506558 0,000413
anyon 1,386294 0,000654
anywher 1,560648 0,000184
aosp 3,506558 0,000413
apach 1,386294 0,000163
api 0,798508 0,000847
app 1,021651 0,000482
apparmor 3,506558 0,000413
appear -0,009950 -0,000005
appl 1,203973 0,000852
appli -0,009950 -0,000001
applic 0,030459 0,000065
approach 0,174353 0,000021
approv 1,272966 0,000300
apr 2,995732 0,000353
april 0,072571 0,000205
apsl 2,813411 0,000332
apt 2,995732 0,000353
ar 1,049822 0,000248
aragon 1,171183 0,000138
arc 2,040221 0,000241
arch 1,897120 0,000895
archbang 3,506558 0,000413
architectur 0,400478 0,000425
archiv 0,040822 0,000741
archlab 3,506558 0,000413
ari 2,040221 0,000241
arm 1,469676 0,000347
around 0,356675 0,000252
articl 0,000000 0,000000
articleabout -0,009950 -0,000001
articletalk -0,009950 -0,000001
artist 1,771957 0,000209
artix 3,506558 0,000413
asahi 3,506558 0,000413
ask 0,867501 0,000205
aspect 0,616186 0,000073
assembl 0,867501 0,000307
assign 0,798508 0,000094
associ 0,127833 0,000090
assum 0,891598 0,000210
astra 3,506558 0,000413
asturianuava 2,525729 0,000298
asturix 3,506558 0,000413
asymptot 2,302585 0,000271
attach 1,514128 0,000179
attempt 0,478036 0,000113
attend 2,302585 0,000271
attribut -0,009950 -0,000005
audi 3,506558 0,000413
audio 0,891598 0,000210
audioo 3,218876 0,000380
aug 2,659260 0,000314
august 0,162519 0,000690
aurora 2,525729 0,000298
austrumi 3,506558 0,000413
author 0,040822 0,000029
auto 1,514128 0,000179
autocraci 3,912023 0,000461
autom 0,597837 0,000141
automat 0,462035 0,000054
automobil 2,407946 0,000284
avail -0,009950 -0,000020
avoid 0,579818 0,000068
aw 2,302585 0,000271
awai 1,139434 0,000134
awio 3,912023 0,000461
awk 3,218876 0,000759
axbo 3,912023 0,000461
ayisyenkurd 2,813411 0,000332
azur 1,771957 0,000209
back 0,462035 0,000109
backbox 3,506558 0,000413
backtrack 3,218876 0,000380
bacon 2,659260 0,000314
bahasa 0,186330 0,000022
balsa 3,506558 0,000413
banyumasan 3,218876 0,000380
barrett 2,813411 0,000332
barri 2,207275 0,000781
basa 2,407946 0,000568
base 0,010050 0,000034
bash 3,912023 0,001384
basi 0,820981 0,000194
basic 0,198451 0,000234
bazaar 2,525729 0,000893
bazzit 3,506558 0,000413
becam 0,579818 0,000410
becaus 0,127833 0,000060
becom 0,274437 0,000065
beer 2,525729 0,000298
beerwar 2,995732 0,000353
befehl 3,912023 0,000461
began 0,634878 0,000599
begin 0,385662 0,000091
belief 1,714798 0,000202
bell 1,714798 0,000607
ben 1,309333 0,000309
benedict 3,506558 0,000413
benjamin 1,386294 0,000327
benson 2,995732 0,000353
bentson 3,912023 0,000461
benz 3,506558 0,000413
bergelt 3,912023 0,000461
berkelei 1,514128 0,000179
besid 1,832581 0,000216
besset 3,912023 0,000461
best 0,462035 0,000054
better 0,494296 0,000058
bharat 3,506558 0,000413
bibcod 0,693147 0,000082
big 0,673345 0,000079
billion 1,078810 0,000636
binari 0,916291 0,000216
bind 1,469676 0,000173
bioinformat 1,660731 0,000196
biolog 1,427116 0,000168
bionic 2,995732 0,000706
bioslax 3,506558 0,000413
birthdai 2,659260 0,000314
bit 1,078810 0,000254
black 1,203973 0,000142
blackarch 3,506558 0,000413
blackberri 2,813411 0,000332
blag 3,506558 0,000413
blankon 3,506558 0,000413
blaze 2,525729 0,000298
blender 3,912023 0,000461
block 0,597837 0,000141
blog 0,713350 0,000168
blue 1,560648 0,000184
board 0,843970 0,000100
boarischbosanskibrezhoneg 2,407946 0,000284
bob 1,832581 0,000216
bodhi 3,506558 0,000413
bodi 0,867501 0,000205
bokm 0,127833 0,000015
book 0,210721 0,000025
boot 1,966113 0,000927
bootload 3,218876 0,000759
borland 3,218876 0,000380
born 1,966113 0,000232
boston 1,560648 0,000184
bourn 3,912023 0,000461
bradlei 2,407946 0,000284
branch 1,021651 0,000120
brand 1,386294 0,000327
brazil 2,207275 0,000260
brazilian 2,659260 0,000314
breach 1,714798 0,000202
breakup 3,218876 0,000380
brett 2,525729 0,000298
brian 1,108663 0,000131
bridgeo 2,995732 0,000353
bring 1,021651 0,000120
broad 1,203973 0,000142
broadcast 1,832581 0,000216
brockmeier 3,912023 0,000461
brouwer 3,912023 0,000461
brown 1,237874 0,000146
bruce 1,514128 0,000357
bryan 2,525729 0,000298
bsczi 3,506558 0,000413
bsd 1,832581 0,002809
bstj 3,218876 0,000380
bu 1,966113 0,000232
budgi 3,506558 0,000413
build 0,274437 0,000129
built 0,462035 0,000381
bundl 1,514128 0,000179
busi 0,287682 0,000305
busybox 3,506558 0,002894
byfield 3,912023 0,000461
byminix 3,912023 0,000461
cachyo 3,506558 0,000413
cagr 3,218876 0,000380
caixa 3,506558 0,000413
calcul 0,916291 0,000108
caldera 3,218876 0,000380
california 1,021651 0,000120
call 0,030459 0,000050
calyxo 3,506558 0,000413
cannot 0,314711 0,000074
canon 1,714798 0,000202
cantril 3,912023 0,001384
capabl 0,562119 0,000066
capsul 3,912023 0,000461
captur 0,916291 0,000108
car 1,309333 0,000154
card 0,994252 0,000117
career 2,120264 0,000250
carefulli 1,897120 0,000224
carla 3,218876 0,000380
carri 0,967584 0,000114
casad 3,912023 0,000461
case 0,083382 0,000020
casual 3,218876 0,000380
catal 0,094311 0,000011
catalyst 2,813411 0,000332
categori -0,009950 -0,000007
cathedr 2,995732 0,001060
caus 0,430783 0,000051
cbt 3,912023 0,000461
cddl 2,813411 0,000332
ceas 2,659260 0,000314
cebuano 2,407946 0,000284
celadon 3,506558 0,000413
celebr 2,302585 0,000271
cengag 2,207275 0,000260
center 0,415515 0,000049
cento 3,218876 0,000380
central 0,478036 0,000056
certain 0,274437 0,000065
certif 1,078810 0,000509
certifi 1,714798 0,000607
chakra 2,813411 0,000332
challeng 0,400478 0,000047
chanc 1,660731 0,000196
chang 0,051293 0,000042
changesupload -0,009950 -0,000002
chao 2,207275 0,000260
chapter 0,891598 0,000105
charg 1,272966 0,000450
chatroom 3,912023 0,000461
cheap 2,207275 0,000260
check 0,634878 0,000075
cherri 3,218876 0,000380
chicken 3,506558 0,000413
chimera 3,506558 0,000413
china 0,967584 0,000228
chip 1,309333 0,000154
chipmunk 3,912023 0,000461
choic 0,755023 0,000356
choos 0,916291 0,000216
chri 0,994252 0,000117
christoph 1,078810 0,000254
chrome 1,966113 0,000232
chromebook 3,912023 0,001384
chromeo 2,995732 0,002119
chromiumo 2,813411 0,000332
cid 0,356675 0,000042
cinnamon 3,506558 0,000827
cio 2,525729 0,000298
circl 1,966113 0,000232
citat 0,248461 0,000029
cite 0,597837 0,000141
citi 1,272966 0,000300
clang 3,506558 0,000413
clarif 1,832581 0,000432
classic 0,544727 0,000064
clear 1,049822 0,000124
clearo 3,506558 0,000413
cli 2,040221 0,001925
client 0,713350 0,000084
clinu 3,912023 0,000461
clinux 3,912023 0,000461
clockwis 3,912023 0,000461
clone 2,207275 0,000260
close 0,356675 0,000252
cloud 0,733969 0,000173
cluster 1,272966 0,000300
clutter 2,995732 0,000353
coar 3,912023 0,000461
code -0,009950 -0,000039
codec 2,813411 0,000332
codelit 3,912023 0,000461
coher 2,302585 0,000543
collabor 0,941609 0,000222
collect 0,274437 0,000194
coloro 3,506558 0,000413
com 0,150823 0,000516
combin 0,261365 0,000123
come 0,356675 0,000042
command 0,891598 0,000526
commemor 3,912023 0,000461
comment 1,049822 0,000248
commerc 1,021651 0,000120
commerci 0,527633 0,000809
commod 1,469676 0,000347
commodor 3,506558 0,000413
common -0,009950 -0,000014
commonli 0,342490 0,000121
commonsnew 2,659260 0,000314
commonswikibookswikiquotewikiversitywikidata 2,302585 0,000271
commun 0,139262 0,000230
comp 2,407946 0,001420
compani 0,342490 0,000283
compar 0,342490 0,000081
comparison 0,371064 0,000613
compat 0,693147 0,000899
compatibilitylay 3,218876 0,000380
compet 1,139434 0,000134
competitor 1,966113 0,000232
compil 0,755023 0,001335
complet 0,223144 0,000210
complex 0,186330 0,000044
complic 1,427116 0,000168
compon 0,261365 0,000586
compos 1,171183 0,000138
composit 1,386294 0,000490
compositor 3,912023 0,000461
compound 1,897120 0,000224
comprehens 0,867501 0,000102
compris 1,714798 0,000202
comptia 3,506558 0,000827
comput 0,020203 0,000088
computerworld 1,609438 0,000190
con 2,659260 0,000314
conceiv 2,120264 0,000250
concept 0,198451 0,000047
condit 0,579818 0,000068
conduct -0,009950 -0,000001
confer 0,274437 0,000065
configur 0,798508 0,000565
confin 2,525729 0,000298
confirm 1,514128 0,000179
connect 0,430783 0,000051
consent 2,302585 0,000271
consid 0,274437 0,000194
consist 0,301105 0,000036
consol 1,897120 0,000671
construct 0,579818 0,000068
consult 1,386294 0,000163
consum 0,653926 0,000077
contact -0,009950 -0,000002
contain 0,162519 0,000326
contemporari 1,347074 0,000159
content -0,009950 -0,000006
context 0,446287 0,000053
continu 0,174353 0,000041
contribut -0,009950 -0,000005
contributor 1,832581 0,000432
control 0,020203 0,000014
controversi 1,171183 0,000690
convent 0,891598 0,000210
convention 2,813411 0,000332
cook 1,771957 0,001045
cooki -0,009950 -0,000001
cooper 1,021651 0,000120
coordin 1,309333 0,000154
copi 0,891598 0,000210
copyabl 3,912023 0,000461
copyleft 2,813411 0,003649
copyright 1,897120 0,001790
corbet 2,995732 0,000353
core 0,579818 0,000273
corel 3,506558 0,000413
coreutil 3,912023 0,000923
corpor 0,562119 0,000331
correspond 0,798508 0,000094
cost 0,385662 0,000182
counter 1,660731 0,000392
countri 0,867501 0,000102
coupl 1,514128 0,000179
cours 0,967584 0,000342
cover 0,733969 0,000260
cowork 3,912023 0,000461
cox 2,302585 0,000271
cpu 1,347074 0,000318
crdroid 3,506558 0,000413
creat -0,009950 -0,000015
creation 0,653926 0,000154
creativ -0,009950 -0,000002
creator 1,469676 0,000347
crew 3,506558 0,000413
critic 0,385662 0,000182
croce 3,912023 0,000461
cross 0,562119 0,000133
crunchbang 3,506558 0,000413
crux 3,506558 0,000413
crystal 2,813411 0,000332
crystallab 3,912023 0,000923
cub 3,506558 0,000413
culmin 2,525729 0,000298
cultur 1,049822 0,000124
curiou 3,218876 0,000380
current 0,210721 0,000050
custom 0,544727 0,000128
cyanogenmod 3,506558 0,000413
cyborg 3,218876 0,000380
cygwin 2,995732 0,000353
cynthia 2,525729 0,000298
da 2,040221 0,000481
daemon 2,659260 0,001254
dai 0,562119 0,000133
damn 2,995732 0,000706
dan 0,916291 0,000108
daniel 0,776529 0,000275
darl 2,659260 0,000314
darwin 2,302585 0,000271
darwinian 3,506558 0,000413
daryl 3,912023 0,000461
data 0,030459 0,000014
databas 0,072571 0,000017
dataczech 1,171183 0,000138
date 0,210721 0,000323
dave 1,771957 0,000418
davi 1,347074 0,000159
david 0,385662 0,000227
davor 3,912023 0,000461
dead 1,386294 0,000327
deal 0,843970 0,000199
debat 1,272966 0,000300
debian 2,407946 0,004827
debianubuntu 3,506558 0,000413
decemb 0,061875 0,000336
deck 3,218876 0,000380
deepin 3,506558 0,000413
default 0,693147 0,000245
defin 0,116534 0,000014
definit 0,186330 0,000088
deflat 2,813411 0,000332
defragment 2,813411 0,000332
delai 1,347074 0,000159
dell 2,407946 0,000284
della 3,218876 0,000380
delphi 2,407946 0,000284
demand 0,820981 0,000097
demolinux 3,506558 0,000413
demonstr 0,994252 0,000234
denni 2,120264 0,000500
depend 0,105361 0,000025
depth 1,427116 0,000337
deriv 0,494296 0,000233
descend 2,525729 0,000298
describ 0,174353 0,000021
descript -0,009950 -0,000002
descriptionshort 0,000000 0,000000
design 0,040822 0,000096
desktop 1,347074 0,004447
deterg 3,912023 0,000923
determin 0,342490 0,000040
deutschdolnoserbskieesti 3,912023 0,000461
develop -0,009950 -0,000065
developercommun 3,912023 0,000461
developerwork 3,506558 0,000413
devic 0,634878 0,001871
devot 2,040221 0,000241
devuan 3,506558 0,000413
diamond 2,302585 0,000543
die 2,040221 0,000241
differ 0,010050 0,000012
differenti 0,916291 0,000216
difficult 0,597837 0,000070
digit 0,400478 0,000283
digitalocean 2,813411 0,000663
dilemma 2,525729 0,000298
direct 0,261365 0,000062
directli 0,415515 0,000147
director 1,660731 0,000196
directori 1,560648 0,000184
disambigu 1,049822 0,000124
disclaim -0,009950 -0,000001
discontinu 1,514128 0,000179
discontinuedandroid 3,506558 0,000413
discuss 0,494296 0,000058
disk 1,469676 0,000520
dislik 3,506558 0,000413
dismiss 2,302585 0,000271
displac 2,525729 0,000298
displai 0,755023 0,000623
disput 1,309333 0,000154
distribut 0,198451 0,001942
distributionsandroidlineageo 3,506558 0,000413
distributor 2,407946 0,000284
distro 2,995732 0,001060
distrowatch 3,912023 0,002306
divers 1,469676 0,000520
divest 2,995732 0,000353
divesto 3,506558 0,000413
dna 2,813411 0,000332
document 0,328504 0,000232
dog 2,813411 0,000332
doi 0,162519 0,000019
dollar 1,514128 0,000179
domain 0,544727 0,000321
domest 1,514128 0,000179
domin 1,021651 0,000723
donat -0,009950 -0,000002
donna 3,506558 0,000413
doudoulinux 3,506558 0,000413
dougla 1,237874 0,000146
download -0,009950 -0,000002
dpkg 3,912023 0,000461
dragon 3,218876 0,000380
dragonfli 2,659260 0,000314
dragora 3,506558 0,000413
dreamhost 3,912023 0,000461
dreamlinux 3,506558 0,000413
dreamwork 3,912023 0,000461
dri 3,912023 0,000461
driven 0,867501 0,000102
driver 1,237874 0,000876
drm 2,813411 0,000332
due 0,261365 0,000092
dup 3,912023 0,000461
duval 3,912023 0,000461
dvb 3,912023 0,000461
dvd 2,659260 0,000314
dwm 3,912023 0,000461
dynam 0,342490 0,000202
dynix 3,218876 0,000380
earli 0,301105 0,000107
earth 1,272966 0,000150
easier 1,049822 0,000248
eckert 3,912023 0,000461
eclips 1,771957 0,000209
edg 0,820981 0,000097
edit -0,009950 -0,000027
editcommun -0,009950 -0,000001
editor 1,347074 0,000477
edubuntu 3,506558 0,000413
educ 0,494296 0,000233
effect 0,274437 0,000097
effici 0,287682 0,000034
effort 0,653926 0,000077
efl 3,912023 0,000923
egg 2,407946 0,000284
egham 3,912023 0,000461
eglibc 3,912023 0,000461
egotist 3,506558 0,000413
eight 2,120264 0,000250
eissfeldt 3,912023 0,000461
either 0,248461 0,000088
elabor 2,525729 0,000298
elad 3,218876 0,000759
electron 0,430783 0,000102
eleg 2,813411 0,000332
element 0,301105 0,000036
elementari 1,771957 0,000209
elf 3,506558 0,000413
eliv 3,506558 0,000413
elk 3,912023 0,000923
els 1,469676 0,000173
emac 2,407946 0,000568
email 1,469676 0,000173
emait 1,560648 0,000184
embed 0,755023 0,001246
emmabunt 3,506558 0,000413
emphas 1,347074 0,000159
emui 3,218876 0,000380
emul 1,832581 0,000216
encourag 1,203973 0,000142
encyclopedia -0,009950 -0,000001
end 0,186330 0,000066
endeavouro 3,506558 0,000413
endless 2,995732 0,000353
engin 0,061875 0,000015
english -0,009950 -0,000004
englishshort 3,912023 0,000461
enlighten 2,995732 0,001413
enough 0,843970 0,000100
enrol 3,912023 0,000461
enter 1,049822 0,000248
enterpris 0,446287 0,000526
entertain 2,120264 0,000250
entir 0,597837 0,000493
entiti 0,843970 0,000100
environ 0,385662 0,000637
epl 2,995732 0,000353
equiti 1,771957 0,000418
eric 1,078810 0,000636
error 0,430783 0,000051
esa 3,506558 0,000413
escap 1,832581 0,000216
espa 0,210721 0,000025
especi 0,415515 0,000098
essenti 0,634878 0,000075
establish 0,634878 0,000225
estim 0,820981 0,000871
etc 0,562119 0,000265
etch 3,506558 0,000827
ettrich 3,912023 0,000461
eulero 3,218876 0,000759
eunic 3,218876 0,000380
evdev 3,912023 0,000461
even 0,235722 0,000056
event 0,356675 0,000042
eventsrandom -0,009950 -0,000001
eventu 0,798508 0,000094
ever 1,272966 0,000300
everyon 1,714798 0,000202
evolut 0,820981 0,000194
evolv 1,078810 0,000636
ew 3,912023 0,000461
eweek 2,659260 0,000314
exam 2,040221 0,000241
examin 0,867501 0,000102
exampl 0,020203 0,000021
except 0,733969 0,000260
exchang 0,579818 0,000068
exclus 1,272966 0,000300
execut 0,356675 0,000168
execv 3,912023 0,000461
exist 0,186330 0,000132
exit 2,040221 0,000241
exokernel 2,995732 0,000353
expect 0,494296 0,000058
expens 1,108663 0,000131
explicitli 0,916291 0,000324
export -0,009950 -0,000001
expos 1,272966 0,000150
express 0,544727 0,000321
extens 0,342490 0,000242
extensionc 2,995732 0,000353
extent 1,386294 0,000163
extern 0,030459 0,000011
extremadura 3,912023 0,000461
ey 1,660731 0,000196
facebook 1,560648 0,000184
facil 0,891598 0,000105
facilit 0,916291 0,000108
fact 0,579818 0,000273
falcon 3,506558 0,000413
fall 0,867501 0,000102
famili 0,994252 0,000586
familiar 1,609438 0,000190
familyunix 3,218876 0,000380
faq 1,386294 0,000817
far 0,867501 0,000102
fast 0,673345 0,000079
faster 0,994252 0,000117
fastest 2,120264 0,000500
fault 1,237874 0,000292
favor 1,139434 0,000134
feather 2,995732 0,000353
featur 0,210721 0,000124
februari 0,061875 0,000241
feder 1,021651 0,000120
federico 2,659260 0,000314
fedora 2,659260 0,002822
fee 1,714798 0,000404
feedback 1,309333 0,000309
fiddl 3,506558 0,000413
figur 1,272966 0,000300
file 0,446287 0,000526
fileperman -0,009950 -0,000001
filespeci -0,009950 -0,000001
filesystem 2,407946 0,000284
film 1,386294 0,000490
final 0,494296 0,000175
find 0,371064 0,000088
fip 3,218876 0,000380
fire 1,560648 0,000184
firefox 1,771957 0,000418
firemonkei 3,912023 0,000461
firm 1,171183 0,000138
firmwar 2,207275 0,000781
first 0,020203 0,000029
fit 1,203973 0,000142
fix 0,385662 0,000045
fledgl 3,912023 0,000461
flight 1,832581 0,000216
flock 2,207275 0,000260
floppi 3,506558 0,000413
floppyfw 3,506558 0,000413
fltk 3,912023 0,000461
focu 0,755023 0,000178
focus 0,653926 0,000077
follow 0,072571 0,000034
fopen 3,506558 0,000413
forb 1,427116 0,000168
forbad 3,912023 0,000461
forbid 2,813411 0,000332
forecast 1,078810 0,000127
forens 2,207275 0,000260
foresight 2,813411 0,000332
forget 2,659260 0,000314
fork 1,203973 0,000710
form 0,072571 0,000034
format 0,634878 0,000599
formerli 1,309333 0,000309
fortran 1,560648 0,000552
fortunebusinessinsight 3,912023 0,000461
forum 1,203973 0,000426
foss 1,966113 0,000232
found 0,274437 0,000162
foundat -0,009950 -0,000023
fourdan 3,912023 0,000461
framework 0,287682 0,000068
fran 0,223144 0,000026
franc 1,427116 0,000168
franca 1,609438 0,000190
freak 3,506558 0,000413
freax 3,912023 0,001384
free -0,009950 -0,000067
freebas 3,912023 0,000461
freebsd 1,897120 0,001118
freed 2,995732 0,000353
freedom 1,609438 0,000380
freedombox 3,506558 0,000413
freedomhec 3,912023 0,000461
freeli 1,966113 0,000695
freespir 3,506558 0,000413
frequent 0,916291 0,000216
fresh 2,120264 0,000250
front 1,078810 0,000382
frugalwar 3,506558 0,000413
fruition 3,218876 0,000380
frustrat 2,813411 0,000332
fsf 3,912023 0,002768
ftp 2,040221 0,000481
full 0,371064 0,000044
fulli 0,616186 0,000073
fun 2,659260 0,001254
function 0,030459 0,000011
fund 0,941609 0,000111
fundament 0,478036 0,000056
funet 3,506558 0,000413
further 0,139262 0,000033
fvwm 3,912023 0,000461
gain 0,616186 0,000145
galassi 3,912023 0,000461
galli 3,912023 0,000461
gamba 3,506558 0,000413
game 0,478036 0,000395
gamer 3,218876 0,000380
gardin 3,218876 0,000380
garfinkel 3,912023 0,000461
garrett 2,995732 0,000353
gartner 2,302585 0,000543
garuda 3,506558 0,000413
gazett 3,506558 0,000413
gcc 2,659260 0,002195
gdp 2,207275 0,000260
geani 3,506558 0,000413
geckolinux 3,506558 0,000413
gene 2,040221 0,000241
gener -0,009950 -0,000022
gentoo 2,995732 0,001060
german 1,386294 0,000327
germani 1,560648 0,000184
get 0,430783 0,000203
getfedora 3,912023 0,000461
getti 3,218876 0,000380
gfortran 3,912023 0,000461
giant 1,660731 0,000196
gica 3,506558 0,000413
gigabuck 3,912023 0,000461
gimp 3,912023 0,000461
gist 3,506558 0,000413
git 2,207275 0,001041
github 1,078810 0,000382
give 0,446287 0,000053
given 0,261365 0,000031
glbasic 3,912023 0,000461
glibc 3,218876 0,001518
global 0,446287 0,000263
glyn 3,506558 0,000413
gnewsens 3,506558 0,000413
gnome 2,302585 0,002443
gnu 1,272966 0,014709
gnulinex 3,912023 0,000461
gnustep 3,506558 0,000413
gnv 3,218876 0,000380
go 0,462035 0,000109
goal 0,562119 0,000066
gobolinux 3,506558 0,000413
gobuntu 3,506558 0,000413
gomez 2,813411 0,000332
gone 2,207275 0,000260
good 0,616186 0,000218
googl 0,579818 0,000479
gordon 1,966113 0,000232
govern 0,544727 0,000321
gpl 2,120264 0,004000
gplv 3,218876 0,001139
gracefulli 3,506558 0,000413
gradual 1,560648 0,000184
grapheneo 3,506558 0,000413
graphic 0,733969 0,001125
grati 2,995732 0,000353
greatest 1,897120 0,000447
greg 2,120264 0,000500
grep 2,813411 0,000995
grew 1,386294 0,000490
grievanc 3,506558 0,000413
groovi 2,407946 0,000284
gross 2,120264 0,000250
group 0,186330 0,000198
grow 0,653926 0,000154
growth 0,733969 0,000260
grub 3,506558 0,000413
gtk 2,659260 0,000941
guadalinex 3,912023 0,000461
guardian 1,560648 0,000184
gui 1,309333 0,000926
guid 0,287682 0,000237
guidelin 1,237874 0,000146
guil 3,912023 0,000923
guix 3,506558 0,000413
gut 3,912023 0,000461
hack 1,203973 0,000142
hacker 1,309333 0,000154
hafrikaansalemannisch 3,912023 0,000461
hak 1,897120 0,000224
hal 2,040221 0,000241
half 1,108663 0,000261
hall 0,653926 0,000077
han 1,897120 0,000224
handl 0,415515 0,000196
handylinux 3,506558 0,000413
harald 3,218876 0,000759
hardwar 0,579818 0,001504
harpercollin 3,218876 0,000380
hartman 3,218876 0,000759
haskel 1,514128 0,000179
hat 1,966113 0,002550
havoc 3,912023 0,000461
header 1,714798 0,000202
health 0,994252 0,000117
heather 2,659260 0,000314
heiko 3,506558 0,000413
heinz 2,525729 0,000298
held 1,237874 0,000146
helicopt 2,813411 0,000332
help 0,174353 0,000041
helplearn -0,009950 -0,000001
helsinki 2,813411 0,001659
hererel -0,009950 -0,000001
hewlett 2,659260 0,000314
hexagon 3,218876 0,000380
hide -0,009950 -0,000005
high 0,223144 0,000079
higher 0,430783 0,000051
highli 0,867501 0,000205
highlight 1,309333 0,000154
hill 0,867501 0,000102
himanshu 3,912023 0,000461
hio 3,506558 0,000413
histori -0,009950 -0,000021
hiveloc 3,912023 0,000461
hobbi 3,218876 0,000380
hobbyist 2,525729 0,000596
hold 0,579818 0,000205
holder 1,897120 0,000671
hollywood 3,506558 0,000827
home 0,616186 0,000218
hornjoserbscehrvatskiidobahasa 3,218876 0,000380
host 0,755023 0,000267
hot 1,966113 0,000232
hotspot 2,995732 0,000353
howev 0,094311 0,000089
howstuffwork 2,813411 0,000332
hoyer 3,912023 0,000461
hpl 3,912023 0,000923
html 1,078810 0,000127
http -0,009950 -0,000001
huge 1,660731 0,000196
humbl 3,912023 0,000461
hundr 1,237874 0,000146
hurd 2,995732 0,000706
hut 3,912023 0,000461
hybrid 1,139434 0,000134
hyperbola 3,506558 0,000413
hyperosarch 3,506558 0,000413
hyprland 3,912023 0,000461
hyundai 2,813411 0,000332
ian 1,347074 0,000159
ib 2,813411 0,000332
ibm 0,693147 0,000981
icaza 3,912023 0,000461
idc 2,813411 0,000995
idg 2,407946 0,000284
illumo 2,995732 0,000353
imag 0,494296 0,000058
imagesarticl 2,995732 0,000353
immunix 3,506558 0,000413
impact 0,544727 0,000064
implement 0,105361 0,000186
import 0,162519 0,000019
impract 2,813411 0,000332
improv 0,150823 0,000053
ina 0,356675 0,000042
inasloven 0,616186 0,000073
inc -0,009950 -0,000007
inch 3,506558 0,000413
includ 0,000000 0,000000
incomplet 1,966113 0,000232
incorpor 0,755023 0,000089
increas 0,287682 0,000034
increasingli 0,776529 0,000183
independ 0,527633 0,000187
index -0,009950 -0,000002
india 1,171183 0,000276
indian 1,771957 0,000209
indic 0,356675 0,000084
indirectli 1,771957 0,000209
individu 0,314711 0,000186
indonesiainterlingua 1,660731 0,000196
industri 0,356675 0,000252
inexpens 2,207275 0,000521
influenc 0,579818 0,000068
inform 0,061875 0,000015
informationcit -0,009950 -0,000001
infoworld 1,609438 0,000380
infrastructur 0,673345 0,000238
ingenu 3,218876 0,000380
ingo 3,218876 0,000380
init 2,995732 0,000706
initi 0,235722 0,000250
inmultilingualsupport 3,912023 0,000461
inod 2,813411 0,000332
input 0,634878 0,000299
inshan 3,912023 0,000461
insid 0,579818 0,000137
inspur 3,506558 0,000413
instal 0,994252 0,001524
instead 0,301105 0,000036
institut 0,446287 0,000316
instruct 1,108663 0,000131
integr 0,174353 0,000082
intel 1,609438 0,001898
intellig 0,510826 0,000120
intelligenc 3,912023 0,000461
intend 0,478036 0,000225
inter 1,966113 0,000232
interact 0,356675 0,000126
interfac 0,494296 0,001049
interfacemost 3,912023 0,000461
interim 2,525729 0,000298
interix 3,218876 0,000380
intern 0,040822 0,000019
internationalviafgndnationalunit 2,813411 0,000332
internet 0,462035 0,000272
interoper 1,609438 0,000190
interpret 0,579818 0,000068
interrupt 1,609438 0,000190
interview 1,427116 0,000168
introduc 0,210721 0,000025
introduct 0,210721 0,000050
invent 1,021651 0,000120
inventionsfre 3,912023 0,000461
io 0,916291 0,000324
ioctl 3,506558 0,000413
iod 3,218876 0,000380
ipado 2,525729 0,000298
ipapag 3,912023 0,000461
ipc 2,659260 0,000627
irc 2,659260 0,000314
irix 3,218876 0,000380
iron 1,966113 0,000232
isa 2,995732 0,000353
isbn 0,051293 0,000054
isc 2,995732 0,000353
iso 1,309333 0,000154
isplattd 2,120264 0,000250
issu 0,314711 0,000186
ital 2,207275 0,000260
item -0,009950 -0,000001
itself 0,342490 0,000202
itwir 3,912023 0,000461
jake 2,659260 0,000314
jane 2,407946 0,000284
januari 0,083382 0,000275
jason 1,771957 0,000209
java 0,891598 0,000210
jawa 1,560648 0,000184
jeff 1,560648 0,000184
jeffrei 1,514128 0,000179
jen 2,525729 0,000298
jike 3,912023 0,000461
jim 1,514128 0,000357
jimenez 3,912023 0,000461
jo 1,714798 0,000202
job 1,171183 0,000276
joe 1,771957 0,000627
johnston 3,218876 0,000380
join 1,386294 0,000163
jon 1,514128 0,000179
jonathan 1,347074 0,000159
jone 1,386294 0,000327
jono 3,912023 0,000461
jorg 2,995732 0,000353
journal 0,186330 0,000110
juan 2,207275 0,000260
jul 3,506558 0,000413
juli 0,127833 0,000392
jump -0,009950 -0,000001
june 0,094311 0,000311
jupit 3,912023 0,000461
jurix 3,506558 0,000413
jvm 2,659260 0,000627
kaff 3,912023 0,000461
kai 1,966113 0,000232
kaio 3,218876 0,000380
kaisen 3,506558 0,000413
kali 3,506558 0,000413
kanotix 3,506558 0,000413
kao 2,995732 0,000353
karen 2,040221 0,000241
kasz 2,995732 0,000353
kateo 3,506558 0,000413
kde 3,506558 0,002481
kdevelop 3,912023 0,000461
keep 0,733969 0,000173
kei 0,314711 0,000186
keith 2,207275 0,000521
kel 2,813411 0,000332
ken 1,966113 0,000464
kerala 3,218876 0,000759
kernel 1,171183 0,012843
kernelarchitectur 2,995732 0,000353
kerrisk 3,506558 0,000413
khan 2,302585 0,000271
kind 0,673345 0,000079
kiswahili 1,771957 0,000209
kit 1,714798 0,000202
klaava 3,912023 0,001384
klibc 3,912023 0,000461
knit 3,912023 0,000461
knoppix 3,506558 0,000413
know 0,653926 0,000154
known 0,127833 0,000075
koliva 3,912023 0,000461
komodo 2,813411 0,000332
kongoni 3,506558 0,000413
kooyman 3,912023 0,000461
korea 1,771957 0,000418
korora 3,506558 0,000413
kotlin 1,897120 0,000224
krane 3,912023 0,000461
krei 3,218876 0,000380
kroah 3,506558 0,000827
kubuntu 3,506558 0,000413
kuhn 2,407946 0,000284
kulkarni 2,813411 0,000332
kurz 3,912023 0,000461
kwin 3,912023 0,000923
kwort 3,506558 0,000413
kylin 3,506558 0,000413
kylix 3,912023 0,000461
lab 1,171183 0,000414
laboratori 1,309333 0,000154
lack 0,544727 0,000064
lalingua 3,218876 0,000380
lamp 3,218876 0,000759
landlei 3,912023 0,000461
languag -0,009950 -0,000025
laptop 2,120264 0,000500
larg 0,127833 0,000075
larger 0,941609 0,000222
largest 1,108663 0,000261
last -0,009950 -0,000002
later 0,223144 0,000263
latest 0,994252 0,000234
latinalatvi 1,203973 0,000142
latter 0,916291 0,000108
launch 0,941609 0,000333
laundri 3,912023 0,000461
law 0,653926 0,000154
layer 0,713350 0,000168
lazaru 3,506558 0,000827
lazzareschi 3,912023 0,000461
lead 0,287682 0,000136
leap 2,659260 0,000314
learn 0,162519 0,000077
least 0,527633 0,000187
leav 1,078810 0,000127
led 0,446287 0,000053
leen 3,912023 0,000461
left 0,916291 0,000108
legal -0,009950 -0,000005
leiva 3,912023 0,000461
lemmk 3,912023 0,000461
lennart 3,218876 0,000380
less 0,430783 0,000102
lesser 2,659260 0,000314
leung 3,912023 0,000461
level 0,083382 0,000039
levin 2,813411 0,000332
lgpl 2,659260 0,000627
liam 2,813411 0,000663
liberti 2,407946 0,000284
libr 2,659260 0,000627
libranet 3,506558 0,000413
librari 0,356675 0,001009
libreoffic 3,218876 0,000380
licens -0,009950 -0,000054
licensegplv 3,912023 0,000461
life 0,653926 0,000077
light 1,049822 0,000124
lightweight 1,609438 0,000569
ligurel 3,506558 0,000413
like 0,051293 0,000097
likework 3,912023 0,000461
lilo 3,912023 0,000461
limit 0,186330 0,000066
lin 1,660731 0,000587
line 0,261365 0,000247
linh 3,218876 0,000380
link -0,009950 -0,000008
linker 2,995732 0,000353
linkpag -0,009950 -0,000001
linksvay 3,912023 0,000461
linpu 3,506558 0,000413
linu 2,659260 0,008466
linux 0,916291 0,046998
linuxchix 3,912023 0,000461
linuxgizmo 3,912023 0,000461
linuxmovi 3,912023 0,000461
linuxquest 3,912023 0,000461
linuxtl 3,506558 0,000413
linuxtux 3,912023 0,000461
linuxtv 3,912023 0,000923
linuxus 3,912023 0,000461
liquid 1,771957 0,000209
lisp 1,386294 0,000327
list 0,051293 0,000121
listc 2,302585 0,000543
lite 2,302585 0,000271
live 0,733969 0,000260
llc 1,714798 0,000404
llvm 2,407946 0,000568
lmi 3,912023 0,001384
lnorsk 0,653926 0,000077
lo 1,386294 0,000327
load 0,891598 0,000210
loadabl 2,813411 0,000663
loader 2,207275 0,000260
local 0,314711 0,000111
localtim 3,912023 0,000461
locat 0,527633 0,000124
lock 1,309333 0,000309
log -0,009950 -0,000002
logicmonitor 3,912023 0,000461
login 1,966113 0,000232
logo 1,771957 0,000418
lojban 2,659260 0,000314
lombardmagyar 1,832581 0,000216
long 0,287682 0,000170
longer 0,755023 0,000178
look 0,478036 0,000056
loongarch 3,912023 0,000461
loongson 3,912023 0,000461
loos 1,609438 0,000190
lot 1,386294 0,000163
loui 1,771957 0,000209
love 2,302585 0,000271
low 0,478036 0,000169
lsb 3,506558 0,000413
ltd 1,203973 0,000142
lubuntu 3,506558 0,000413
lug 3,912023 0,000923
lugradio 3,912023 0,000461
lui 2,659260 0,000314
lvm 3,912023 0,000461
lwn 2,659260 0,000941
lxde 3,912023 0,000461
lxle 3,506558 0,000413
lynxo 3,218876 0,000380
lyon 2,813411 0,000332
mac 1,237874 0,000584
macdonald 3,218876 0,000380
machin 0,040822 0,000014
machten 3,218876 0,000380
macintosh 2,813411 0,000332
maco 1,660731 0,000587
made 0,186330 0,000154
magazin 0,755023 0,000712
mage 3,506558 0,000413
mageia 3,506558 0,000413
magic 2,302585 0,000271
mail 1,203973 0,000994
main -0,009950 -0,000013
mainfram 2,207275 0,001562
mainli 1,021651 0,000120
mainstream 1,832581 0,000216
maint 0,798508 0,000377
maintain 0,400478 0,000378
major 0,223144 0,000132
make 0,061875 0,000044
makefil 3,506558 0,000413
maker 1,771957 0,000418
maketecheasi 3,912023 0,000461
mako 3,506558 0,000413
malagasym 3,912023 0,000461
malloc 3,506558 0,000413
malwar 1,897120 0,000224
man 0,843970 0,000100
manag 0,105361 0,000348
managementconcept 2,995732 0,000353
mandat 1,714798 0,000202
mandrak 3,506558 0,000413
mandriva 3,506558 0,000413
mani 0,061875 0,000197
manifesto 2,302585 0,000271
manjaro 3,218876 0,000380
manual 0,994252 0,000117
manufactur 1,171183 0,000414
map 0,616186 0,000145
mapper 2,407946 0,000284
mar 2,120264 0,000500
marc 1,771957 0,000209
march 0,116534 0,000385
mari 1,347074 0,000159
marjanov 3,912023 0,000461
mark 0,261365 0,000247
market 0,446287 0,001894
marketshar 3,912023 0,000461
marshmallow 3,506558 0,000413
mascot 2,302585 0,000543
massachusett 1,514128 0,000179
match 0,400478 0,000047
mate 2,995732 0,000706
mathemat 0,616186 0,000073
matt 1,609438 0,000190
matter 1,049822 0,000248
matthew 1,560648 0,000368
matthia 2,525729 0,000298
matur 1,560648 0,000184
mcallist 2,813411 0,000332
mcc 3,218876 0,000380
mcilroi 3,506558 0,000413
mcmillan 3,218876 0,000380
mcpherson 3,218876 0,000380
mdy 1,514128 0,000179
mean 0,083382 0,000059
meanwhil 2,207275 0,000260
measur 0,371064 0,000219
measuringworth 3,912023 0,000923
media 0,139262 0,000049
medium 1,171183 0,000138
meego 3,218876 0,000380
meeker 3,912023 0,000461
meet 0,527633 0,000062
melayu 0,820981 0,000097
membership 1,771957 0,000209
memcpi 3,912023 0,000461
memori 0,562119 0,000530
menu -0,009950 -0,000002
mer 2,995732 0,000353
merced 3,506558 0,000413
merg 1,514128 0,000179
mesa 3,218876 0,000759
messag 0,400478 0,000047
meta 1,386294 0,000163
methodolog 0,994252 0,000117
michael 0,385662 0,000136
microblaz 3,912023 0,000461
microcomput 2,813411 0,000663
microkernel 2,407946 0,000284
microprocessor 2,407946 0,000852
microsoft 0,579818 0,000547
microsystem 1,897120 0,001118
microvax 3,912023 0,000461
mid 0,994252 0,000117
migrat 1,427116 0,000168
miguel 3,506558 0,000827
mike 1,237874 0,000146
militari 1,469676 0,000173
miller 1,469676 0,000347
million 0,843970 0,000597
mind 1,347074 0,000159
minicomput 2,995732 0,000353
minim 0,579818 0,000068
minimalist 2,813411 0,000332
minist 2,407946 0,000284
minix 2,813411 0,006303
minor 1,309333 0,000154
mint 2,659260 0,000627
mip 2,995732 0,000353
miracl 2,995732 0,000353
mit 0,776529 0,000275
miui 3,218876 0,000380
mk 3,218876 0,000380
mlinux 3,506558 0,000413
mmap 3,912023 0,000461
mo 2,407946 0,000284
mobil -0,009950 -0,000013
mobilinux 3,218876 0,000380
mock 3,506558 0,000413
mode 0,755023 0,000267
model 0,116534 0,000069
modelopen 3,506558 0,000413
modern 0,314711 0,000037
modif 1,386294 0,000163
modifi 0,527633 0,000187
modul 0,820981 0,000484
modular 1,427116 0,000168
moln 3,218876 0,000380
monei 1,171183 0,000138
mono 2,407946 0,000284
monodevelop 3,506558 0,000413
monolith 2,659260 0,000941
monopoli 2,302585 0,000271
monthli 1,609438 0,000190
moodi 3,912023 0,000461
mordor 3,506558 0,000413
mordorintellig 3,912023 0,000461
morton 2,995732 0,000353
motion 1,771957 0,000209
move -0,009950 -0,000009
movement 1,108663 0,000523
movi 1,897120 0,000224
mozilla 1,514128 0,000357
mpl 2,995732 0,000353
much 0,400478 0,000094
multikernel 2,995732 0,000353
multilevel 2,659260 0,000314
multipl 0,094311 0,000033
multitask 2,120264 0,000250
murdock 3,506558 0,000413
muse 3,506558 0,000413
music 1,309333 0,000154
musix 3,506558 0,000413
musl 3,506558 0,001240
mutat 2,302585 0,000814
mutter 3,912023 0,000923
naiv 2,659260 0,000314
name 0,162519 0,000441
nano 2,207275 0,000260
nasa 1,897120 0,000224
nation 0,527633 0,000124
nativ 1,078810 0,000127
natti 3,912023 0,000461
natur 0,356675 0,000084
navig -0,009950 -0,000001
near 1,171183 0,000276
nearli 1,139434 0,000269
necessari 0,616186 0,000145
nederlandsnedersaksi 2,995732 0,000353
need 0,030459 0,000022
neil 1,771957 0,000209
neon 2,813411 0,000332
net 0,385662 0,000318
netbean 2,525729 0,000298
netbook 3,506558 0,001240
netbsd 2,525729 0,000596
netfilterlinux 3,912023 0,000461
netmarketshar 3,912023 0,000461
netovep 2,813411 0,000332
network 0,127833 0,000151
neutral 1,771957 0,000209
new 0,010050 0,000011
newer 1,309333 0,000154
newest 2,995732 0,000353
newsgroup 2,525729 0,002382
next 0,400478 0,000047
nextstep 3,218876 0,000380
nexu 3,506558 0,000413
nich 3,218876 0,000380
nichol 2,525729 0,000893
nimblex 3,506558 0,000413
nio 2,995732 0,000353
nixo 3,506558 0,000413
nobara 3,506558 0,000413
nobodi 3,506558 0,000413
nomin 2,302585 0,000271
non -0,009950 -0,000007
norm 1,966113 0,000232
norsk 0,342490 0,000040
north 1,309333 0,000309
notabl 0,616186 0,000363
note 0,150823 0,000071
notebook 3,506558 0,000413
nova 2,813411 0,000332
novala 3,506558 0,000413
novel 1,771957 0,000209
novemb 0,150823 0,001049
nskisoomaaliga 2,995732 0,000353
nugget 3,506558 0,000413
number 0,040822 0,000058
numer 0,430783 0,000254
nynorskoccitan 1,897120 0,000224
object 0,174353 0,000062
oblig 1,832581 0,000432
obtain 0,733969 0,000173
ocel 3,912023 0,000461
oct 2,302585 0,000271
octob 0,139262 0,000837
off 0,673345 0,000238
offer 0,248461 0,000088
offic 0,733969 0,000173
offici 0,653926 0,000231
often 0,127833 0,000045
old 0,994252 0,000234
older 1,237874 0,000146
oldid -0,009950 -0,000001
olesperantoeuskara 0,510826 0,000060
olivi 2,995732 0,000353
omarchi 3,506558 0,000413
omnirom 3,506558 0,000413
onlin 0,415515 0,000098
onward 2,207275 0,000260
onyx 3,912023 0,000461
oop 3,506558 0,000413
open 0,150823 0,000640
openbsd 2,525729 0,000596
openelec 3,506558 0,000413
openlinux 3,506558 0,000413
openmandriva 3,506558 0,000413
openprint 3,912023 0,000461
openrc 3,912023 0,000923
openrisc 3,912023 0,000461
openserv 3,218876 0,000380
opensolari 2,995732 0,000353
opensourc 2,659260 0,000941
opensus 3,218876 0,001139
oper 0,010050 0,000101
operatingsystemsbsd 3,218876 0,000380
optim 0,415515 0,000049
option 0,527633 0,000062
oracl 1,078810 0,000254
orbit 2,207275 0,000260
org -0,009950 -0,000032
organ -0,009950 -0,000007
organis 1,560648 0,000184
orgarticl 3,912023 0,000461
ori 3,218876 0,000380
orient 0,653926 0,000231
origin -0,009950 -0,000188
osf 2,813411 0,000332
osgentoo 3,506558 0,000413
oss 2,995732 0,000706
ossanna 3,506558 0,000413
ost 3,912023 0,000461
othero 3,912023 0,000461
otherwis 1,108663 0,000131
out 0,261365 0,000123
outlaw 2,813411 0,000332
outlin 0,562119 0,000066
outlook 2,207275 0,000260
output 0,597837 0,000070
ovensfe 3,912023 0,000461
over 0,094311 0,000089
overal 0,967584 0,000114
overview 0,616186 0,000436
packag 0,776529 0,001373
packard 2,407946 0,000568
packt 2,120264 0,000250
pacman 3,912023 0,000461
page -0,009950 -0,000011
pagecontentscurr -0,009950 -0,000001
pageget -0,009950 -0,000001
pagesus 1,469676 0,000173
pagethi 2,659260 0,000314
pai 1,021651 0,000120
paid 1,560648 0,000184
pamela 2,995732 0,000353
pantheon 3,912023 0,000461
parabola 2,995732 0,000353
paranoid 3,218876 0,000759
parrot 2,302585 0,000271
parsix 3,506558 0,000413
part 0,072571 0,000094
parti 0,616186 0,000291
particl 2,407946 0,000284
particularli 0,597837 0,000070
partit 1,347074 0,000159
partli 2,120264 0,000250
pascal 1,347074 0,000635
pascalabc 3,912023 0,000461
pase 3,218876 0,000380
patent 1,203973 0,000284
patrick 1,714798 0,000404
pattern 0,494296 0,000058
paul 0,544727 0,000064
pc 1,514128 0,000357
pclinuxo 3,506558 0,000827
pda 3,912023 0,000461
pdf 0,139262 0,000099
pdfprintabl -0,009950 -0,000001
peanut 3,218876 0,000380
pedro 2,120264 0,000250
pend 2,120264 0,000500
penguin 2,040221 0,000481
pennington 3,912023 0,000461
pentoo 3,506558 0,000413
peopl 0,356675 0,000042
peppermint 3,506558 0,000413
percent 1,514128 0,000893
peren 3,912023 0,000461
perform 0,040822 0,000010
perhap 1,660731 0,000196
peripher 1,832581 0,000216
perl 1,347074 0,000477
permiss 1,469676 0,000520
permit 1,203973 0,000426
perpetu 2,995732 0,000706
person -0,009950 -0,000008
perspect 0,733969 0,000087
peter 0,446287 0,000158
philip 1,469676 0,000173
philosophi 0,994252 0,000117
phoenix 2,813411 0,000332
phone 1,386294 0,000327
phono 2,525729 0,000298
phoronix 3,218876 0,000759
php -0,009950 -0,000004
pia 3,506558 0,000413
pictur 1,771957 0,000209
piec 1,309333 0,000154
piemont 1,427116 0,000168
pingui 3,506558 0,000413
pioneer 1,272966 0,000150
pixar 3,912023 0,000461
pixelexperi 3,506558 0,000413
place 0,356675 0,000084
placement 2,040221 0,000241
plai 0,713350 0,000084
plain 1,514128 0,000179
plan 0,430783 0,000356
plasma 3,506558 0,001240
platform 0,400478 0,000614
platformsalpha 3,912023 0,000461
platformscross 3,912023 0,000461
platypux 3,506558 0,000413
player 1,469676 0,000173
playstat 2,813411 0,000332
pleas 0,755023 0,000089
poetter 3,912023 0,000461
polici -0,009950 -0,000002
polkitd 3,912023 0,000461
ponat 2,120264 0,000250
pop 1,714798 0,000202
popular 0,400478 0,000944
port 1,272966 0,001201
portabl 1,203973 0,000142
portag 3,912023 0,000461
portal 0,494296 0,000350
portalrec -0,009950 -0,000001
porteu 3,506558 0,000413
portmanteau 3,506558 0,000413
posit 0,616186 0,000073
posix 2,407946 0,002839
possibl 0,186330 0,000022
post 0,478036 0,000225
postmarketo 3,218876 0,000380
potenti 0,371064 0,000481
power 0,261365 0,000216
powerpc 2,813411 0,000663
practic 0,186330 0,000044
precursor 1,832581 0,000432
predat 2,525729 0,000298
predomin 2,995732 0,000353
preemptiv 2,407946 0,000568
prefer 0,798508 0,000282
premier 3,218876 0,000380
presid 1,832581 0,000216
press 0,210721 0,000050
prevent 0,634878 0,000150
previous 0,843970 0,000199
price 0,798508 0,000188
primari 0,527633 0,000062
primarili 0,653926 0,000154
princip 1,237874 0,000146
principl 0,385662 0,000136
print -0,009950 -0,000004
printer 2,525729 0,000298
prioriti 1,609438 0,000190
privaci -0,009950 -0,000002
pro 1,237874 0,000146
probabl 0,843970 0,000100
problem 0,186330 0,000022
procedur 0,867501 0,000102
process 0,051293 0,000079
processor 1,021651 0,000241
produc 0,342490 0,000121
product 0,174353 0,000103
professor 1,660731 0,000196
profit -0,009950 -0,000005
program 0,116534 0,000344
programm 0,693147 0,000082
prohibit 1,714798 0,000607
project -0,009950 -0,000042
projectshidden 3,506558 0,000413
prolifer 1,832581 0,000216
promin 1,237874 0,000146
promis 1,078810 0,000127
promot 0,891598 0,000105
prompt 1,609438 0,000190
pronounc 2,207275 0,001041
pronunciationspag 3,912023 0,000461
propon 2,207275 0,000260
propos 0,510826 0,000120
proprietari 1,171183 0,001381
protect 0,462035 0,000272
protocol 0,527633 0,000187
prove 1,171183 0,000138
proven 1,771957 0,000418
provid 0,061875 0,000109
providex 3,912023 0,000461
provis 1,660731 0,000196
pthread 3,218876 0,000380
pub 2,207275 0,000521
public 0,127833 0,000151
publicli 1,309333 0,000154
publish 0,105361 0,000075
puppi 3,506558 0,000413
purchas 1,139434 0,000269
purebas 3,912023 0,000461
pureo 3,218876 0,000380
purpos 0,248461 0,000146
put 0,755023 0,000178
pw 2,659260 0,000314
pxe 2,995732 0,000353
python 0,916291 0,000540
qnx 2,407946 0,000284
qualifi 2,120264 0,000250
qualiti 0,634878 0,000075
quantit 1,469676 0,000173
qube 3,218876 0,000380
question 0,597837 0,000070
queue 1,660731 0,000196
quick 1,609438 0,000190
quickli 0,891598 0,000105
radio 1,469676 0,000173
ram 1,660731 0,000196
ran 1,966113 0,000232
randal 2,525729 0,000298
randolph 3,218876 0,000380
random 0,693147 0,000082
rang 0,371064 0,000219
rapid 1,203973 0,000142
rapidli 1,514128 0,000357
rapidq 3,912023 0,000461
raspberri 2,525729 0,000298
rate 0,673345 0,000079
rather 0,287682 0,000102
ratpoison 3,912023 0,000461
raymond 1,966113 0,000927
rbaycanca 0,248461 0,000029
reach 0,755023 0,000267
read 0,162519 0,000038
readeditview 0,287682 0,000068
readm 2,995732 0,000353
real 0,210721 0,000075
reason 0,328504 0,000039
rebrand 2,659260 0,000314
receiv 0,400478 0,000047
recent 0,562119 0,000133
recept 2,659260 0,000314
recip 2,525729 0,000298
recipi 2,407946 0,000284
reciproc 2,659260 0,000314
recommend 0,891598 0,000105
record 0,400478 0,000142
red 1,237874 0,002189
redistribut 2,407946 0,000568
refer -0,009950 -0,000009
reg 2,995732 0,000353
regex 3,912023 0,000923
region 1,108663 0,000392
regist -0,009950 -0,000006
regular 0,867501 0,000307
reilli 1,078810 0,000763
reimplement 2,995732 0,000353
reiser 3,912023 0,000461
rel 0,634878 0,000225
relat 0,030459 0,000011
relationship 0,653926 0,000077
releas 0,415515 0,000833
releaseseptemb 3,912023 0,000461
reliabl 0,371064 0,000088
remain 0,400478 0,000094
remix 2,813411 0,000663
remot 0,776529 0,000092
remov 0,301105 0,000071
repetit 2,120264 0,000250
replac 0,494296 0,000466
replic 1,609438 0,000190
report 0,261365 0,000123
repositori 0,994252 0,000469
repositorygit 3,506558 0,000413
repres 0,235722 0,000056
republicgreeceisraelotheridrefelmcip 3,912023 0,000461
reput 1,660731 0,000196
request 0,776529 0,000183
requir 0,051293 0,000030
research 0,223144 0,000026
resort 2,659260 0,000314
resourc 0,248461 0,000059
respect 0,544727 0,000128
respons 0,415515 0,000098
restructur 2,407946 0,000284
result 0,139262 0,000033
resurrect 3,506558 0,000413
retriev -0,009950 -0,000190
reus 1,832581 0,000216
reveal 1,203973 0,000284
review 0,314711 0,000074
revis 1,021651 0,000120
revolut 1,272966 0,000450
revolutionari 2,659260 0,001254
rewritten 1,966113 0,000232
richard 0,733969 0,000433
right 0,314711 0,000111
rigid 2,120264 0,000250
ring 1,966113 0,000232
ripoarischrom 3,218876 0,000380
risc 2,659260 0,000627
rise 0,916291 0,000324
ritchi 2,525729 0,000893
robbin 3,218876 0,000380
robert 0,527633 0,000187
robin 1,714798 0,000404
rock 2,120264 0,000250
rocket 2,120264 0,000250
rocki 3,218876 0,000380
rofi 3,912023 0,000461
role 0,527633 0,000062
roll 1,560648 0,000368
root 0,733969 0,000087
rosa 2,813411 0,000332
round 1,469676 0,000173
rout 1,108663 0,000131
router 1,714798 0,000404
routin 1,897120 0,000224
row 1,714798 0,000202
rowalon 3,218876 0,000380
royalti 2,525729 0,000298
rpm 3,506558 0,000413
rte 3,218876 0,000380
rubi 1,347074 0,000318
rule 0,510826 0,000120
rump 2,407946 0,000284
run 0,248461 0,000762
runa 0,916291 0,000108
runit 3,912023 0,000461
russel 1,897120 0,000224
russian 1,609438 0,000190
rust 1,427116 0,000337
rusti 3,218876 0,000380
rvm 2,813411 0,000332
ryan 1,560648 0,000368
sabayon 3,506558 0,000413
sabili 3,506558 0,000413
safeti -0,009950 -0,000001
sage 2,659260 0,000627
sai 0,616186 0,000218
sailfish 3,218876 0,000380
sale 1,049822 0,000371
salix 3,506558 0,000413
samsung 2,040221 0,000481
samuel 1,714798 0,000202
sanchez 3,218876 0,000380
sandler 3,912023 0,000461
santhanam 3,912023 0,000461
sarduscotsseelterskshqipsicilianu 3,218876 0,000380
scaffold 3,506558 0,000413
scala 2,040221 0,000241
scale 0,371064 0,000088
sch 2,995732 0,000353
schedul 1,021651 0,000241
schedulingalgorithm 2,995732 0,000353
scheme 1,171183 0,000276
school 0,867501 0,000205
schwartz 2,302585 0,000271
sci 2,120264 0,000250
scienc 0,274437 0,000032
scientif 0,673345 0,000079
scm 2,659260 0,000314
sco 2,813411 0,000995
scratch 1,771957 0,000418
script 0,916291 0,000756
sculpt 3,506558 0,000413
sde 3,506558 0,000413
sdl 2,659260 0,000627
sdlbasic 3,912023 0,000461
search -0,009950 -0,000006
seattl 2,659260 0,000314
sebastopol 2,207275 0,000260
second 0,328504 0,000077
secur 0,274437 0,000356
securitycertif 3,912023 0,000461
sed 3,506558 0,000827
see -0,009950 -0,000013
seek 1,021651 0,000241
seen 0,776529 0,000183
segment 1,108663 0,000131
select 0,371064 0,000088
self 0,478036 0,000056
selinux 3,506558 0,000413
sell 1,139434 0,000672
sendmail 3,912023 0,000461
separ 0,400478 0,000142
septemb 0,150823 0,000587
serenityo 3,218876 0,000380
seri 0,328504 0,000039
serieslinux 3,912023 0,000461
serv 0,713350 0,000084
server 0,597837 0,002397
servic 0,210721 0,000174
set 0,051293 0,000030
settl 2,207275 0,000260
seventi 3,912023 0,000461
sever 0,072571 0,000051
sfml 3,912023 0,000461
shade 2,995732 0,000353
shakti 3,912023 0,000461
share 0,301105 0,001172
sharealik -0,009950 -0,000001
sharp 1,966113 0,000695
shelf 2,659260 0,000314
shell 1,049822 0,002228
shift 1,021651 0,000120
ship 1,272966 0,000300
shipment 2,525729 0,000298
short -0,009950 -0,000004
shorten -0,009950 -0,000001
shortest 2,407946 0,000284
show 0,400478 0,000142
shuah 3,912023 0,000461
shut 2,207275 0,000260
shuttleworth 3,912023 0,000461
sic 2,995732 0,000353
sidebar -0,009950 -0,000005
siever 3,912023 0,000461
sifri 3,912023 0,000461
sight 2,407946 0,000284
signific 0,261365 0,000031
silber 3,912023 0,000461
silicon 2,120264 0,000250
sillysound 3,912023 0,000461
simi 0,755023 0,000089
similar 0,150823 0,000018
simpl 0,150823 0,000053
simpler 1,832581 0,000432
simpli 0,733969 0,000173
simplifi 0,820981 0,000194
simson 3,912023 0,000461
sinc 0,139262 0,000099
singl 0,127833 0,000045
sister 1,386294 0,000327
site -0,009950 -0,000001
situat 0,776529 0,000092
size 0,342490 0,000283
sky 2,995732 0,000353
slackwar 2,995732 0,001060
slax 3,506558 0,000827
sleepycat 2,995732 0,000353
slenskaitaliano 0,562119 0,000066
slightli 1,771957 0,000209
sloven 1,514128 0,000179
slowli 2,525729 0,000298
smack 3,912023 0,000461
small 0,314711 0,000111
smart 1,049822 0,000371
smartphon 2,040221 0,001443
smbd 3,912023 0,000461
smith 1,139434 0,000269
social 0,510826 0,000060
softland 3,506558 0,000413
softpedia 3,506558 0,000413
softwar 0,127833 0,001326
softwarecomput 3,506558 0,000413
softwarefinnish 3,912023 0,000461
softwaregener 2,995732 0,000353
softwarepackag 2,995732 0,000353
solar 2,813411 0,000332
solari 2,207275 0,000260
sold 1,347074 0,000159
solu 3,506558 0,000413
solut 0,478036 0,000113
solydxk 3,506558 0,000413
someon 1,832581 0,000216
someth 1,347074 0,000159
sometim 0,301105 0,000036
soni 2,525729 0,000596
sophist 1,203973 0,000142
sort 1,309333 0,000154
sought 1,966113 0,000232
sourc 0,094311 0,000589
sourceiniti 3,912023 0,000461
space 0,415515 0,000343
spacecraft 2,659260 0,000314
spacex 3,506558 0,000413
spafford 3,506558 0,000413
spain 2,207275 0,000260
sparc 2,525729 0,000298
sparkylinux 3,506558 0,000413
special 0,235722 0,000056
specif 0,051293 0,000067
spin 2,120264 0,000250
splashtop 3,506558 0,000413
splice 3,912023 0,000461
split 1,139434 0,000134
sponsor 1,714798 0,000404
spread 1,171183 0,000138
springer 0,527633 0,000062
sqaraqalpaqsha 1,386294 0,000163
srpskisrpskohrvatski 0,510826 0,000060
sshd 3,912023 0,000461
stabl 0,867501 0,000102
stack 0,843970 0,000498
stackoverflow 2,995732 0,000353
staff 1,469676 0,000173
stahe 3,912023 0,000461
stai 1,771957 0,000209
stall 2,040221 0,000241
stallman 3,218876 0,002657
stan 2,813411 0,000332
stand 1,078810 0,000127
standalon 2,525729 0,000298
standard 0,094311 0,000211
stanford 1,309333 0,000309
star 1,609438 0,000569
start 0,261365 0,000216
stat 1,771957 0,001463
statcount 2,659260 0,001254
state 0,083382 0,000118
statecurrentsourc 3,218876 0,000380
statement -0,009950 -0,000015
statementsarticl 0,544727 0,000128
statesfrancebnf 0,510826 0,000060
static 1,272966 0,000150
statist -0,009950 -0,000012
statusthi 2,659260 0,000314
steam 2,407946 0,000284
steamo 3,218876 0,001139
step 0,713350 0,000084
stephen 0,843970 0,000100
steve 1,078810 0,000127
steven 0,867501 0,000307
still 0,342490 0,000121
storag 0,430783 0,000102
stori 1,237874 0,000292
storm 2,207275 0,000260
stratecheri 3,912023 0,000461
strategi 0,733969 0,000087
strategist 3,506558 0,000413
strauss 3,506558 0,000413
stream 0,733969 0,000087
strike 2,302585 0,000271
student 1,049822 0,000248
studi 0,314711 0,000260
studio 1,609438 0,000759
style 0,941609 0,000111
styliz 3,506558 0,000413
su 1,714798 0,000809
sub 1,021651 0,000120
sublicens 3,506558 0,002894
subroutin 2,995732 0,000353
subsect 0,020203 0,000007
subsystem 2,207275 0,001822
subtli 3,912023 0,000461
succe 2,407946 0,000284
success 0,494296 0,000233
successfulli 1,427116 0,000168
suggest 0,820981 0,000097
suit 0,891598 0,000210
summari 1,469676 0,000173
summer 1,427116 0,000168
sun 1,237874 0,001022
suno 2,407946 0,000568
sunwah 3,506558 0,000413
suomisvenskatagalog 1,171183 0,000138
supercomput 1,897120 0,001790
supercomputersavail 3,912023 0,000461
superh 3,912023 0,000461
supplier 1,832581 0,000216
support 0,150823 0,000498
surfac 1,469676 0,000173
surfacefling 3,506558 0,000413
surpass 1,897120 0,000224
survei 0,462035 0,000054
suse 2,813411 0,002986
swai 3,506558 0,000413
swapnil 3,912023 0,000461
swiss 2,040221 0,000241
switch 0,916291 0,000216
sylviu 3,912023 0,000461
symbiot 3,912023 0,000461
sysadmin 3,506558 0,000413
syscal 3,912023 0,000461
syslinux 3,912023 0,000461
system 0,010050 0,000203
systemd 3,506558 0,001240
systemkernel 3,912023 0,000461
systemrescu 3,506558 0,000413
systemsgener 2,813411 0,000332
systemsunix 3,912023 0,000461
sysvinit 3,912023 0,000461
tabl -0,009950 -0,000002
tablet 1,832581 0,001080
tactic 2,813411 0,000332
tail 1,966113 0,000232
tailor 1,966113 0,000232
take 0,210721 0,000099
taken 0,867501 0,000205
talk 1,108663 0,000131
tanenbaum 3,506558 0,002481
tape 1,897120 0,000224
taqbaylit 1,897120 0,000224
tarbal 3,912023 0,000461
target 0,462035 0,000218
targetcloud 3,912023 0,000461
task 0,415515 0,000098
taskbar 3,506558 0,000413
tatar 1,272966 0,000150
taylor 1,203973 0,000142
team 0,634878 0,000150
tech 0,843970 0,000697
technic 0,478036 0,000169
technica 1,347074 0,000318
technolog 0,116534 0,000110
technologist 2,995732 0,000353
tecmint 3,912023 0,000461
telecommun 1,347074 0,000159
televis 1,514128 0,000714
term -0,009950 -0,000008
termin 0,941609 0,000333
tesla 2,207275 0,000260
test 0,248461 0,000059
tetuntoki 3,506558 0,000413
text -0,009950 -0,000011
textbook 1,714798 0,000202
thank 2,207275 0,000260
theme 2,040221 0,000241
themselv 0,843970 0,000199
theodor 2,813411 0,000332
therefor 0,478036 0,000113
thibodeau 3,912023 0,000461
think 1,049822 0,000248
third 0,342490 0,000202
thompson 1,714798 0,000607
though 0,544727 0,000064
thousand 1,386294 0,000654
thread 1,386294 0,000163
three 0,287682 0,000034
throughout 1,078810 0,000254
tiemann 3,912023 0,000461
tile 2,813411 0,000663
tim 0,867501 0,000205
time 0,000000 0,000000
timelin 0,733969 0,000346
timothe 3,912023 0,000461
tinacorsucymraegdansk 3,506558 0,000413
tini 2,407946 0,000284
titan 2,659260 0,000627
titl -0,009950 -0,000001
tivo 3,912023 0,000461
tivoiz 2,995732 0,000353
tizen 3,218876 0,000380
todai 0,693147 0,000245
togeth 0,579818 0,000273
toggl -0,009950 -0,000006
tomoyo 3,912023 0,000461
took 1,237874 0,000146
tool -0,009950 -0,000009
toolchain 2,525729 0,000596
toolkit 1,427116 0,001010
top -0,009950 -0,000014
topic -0,009950 -0,000005
topologilinux 3,506558 0,000413
torvald 2,659260 0,013169
torvaldsoper 3,912023 0,000461
torvaldswritten 3,912023 0,000461
total 0,673345 0,000159
touch 2,040221 0,000241
tough 2,813411 0,000332
toward 0,713350 0,000084
toybox 3,218876 0,002657
toyota 2,813411 0,000332
tozzi 3,912023 0,000923
trademark -0,009950 -0,000016
tradit 0,544727 0,000193
trail 1,897120 0,000224
train 0,967584 0,000114
tranco 3,912023 0,000461
transfer 0,544727 0,000064
transpar 1,237874 0,000292
tree 0,693147 0,000082
trek 2,813411 0,000332
trend 0,733969 0,000173
tri 1,427116 0,000168
trisquel 3,506558 0,000413
trolltech 3,912023 0,000461
tru 3,218876 0,000380
true 0,776529 0,000092
truelist 3,912023 0,000923
truena 3,506558 0,000413
trust 0,820981 0,000097
tschpolskiportugu 1,832581 0,000216
turbolinux 3,506558 0,000413
ture 1,660731 0,000196
turkix 3,506558 0,000413
turn 0,776529 0,000183
tux 3,912023 0,001384
tuxedo 3,506558 0,000413
tuxedocomput 3,912023 0,000461
tv 1,386294 0,000163
tvo 2,813411 0,000332
tweedi 3,912023 0,000461
twenti 1,897120 0,000224
two 0,083382 0,000039
type 0,051293 0,000030
typemonolithicuserlandutil 3,912023 0,000461
typic 0,186330 0,000088
tzebuergeschlietuvi 1,514128 0,000179
ubuntu 2,407946 0,003975
uclibc 3,218876 0,000759
uclinux 3,912023 0,000923
udevd 3,912023 0,000461
ugi 2,813411 0,000332
ultrix 3,218876 0,000759
unclassifi 3,218876 0,000380
uncom 3,506558 0,000413
under -0,009950 -0,000016
undergo 2,995732 0,000353
understand 0,342490 0,000081
unfit 1,609438 0,000190
unikernel 2,813411 0,000332
unit 0,248461 0,000176
uniti 2,813411 0,000332
univers 0,139262 0,000082
unix 1,469676 0,010051
unixdefaultus 3,912023 0,000461
unixwar 3,218876 0,000380
unlicens 2,525729 0,000298
unlik 0,653926 0,000077
unpaid 3,506558 0,000413
unround 3,912023 0,000923
unsourc 0,446287 0,000105
unsuccessfulli 3,506558 0,000413
until 0,510826 0,000241
uo 3,506558 0,000413
updat 0,342490 0,000485
upload 1,771957 0,000209
upstart 3,912023 0,000461
uptak 3,218876 0,001518
urlc 2,120264 0,000250
urldownload -0,009950 -0,000001
uruk 3,506558 0,000413
usag 0,579818 0,000820
usb 2,302585 0,000271
usenet 2,659260 0,000941
user 0,274437 0,001489
userland 2,813411 0,003317
userlinux 3,506558 0,000413
userspac 3,506558 0,001654
usual 0,198451 0,000023
utc -0,009950 -0,000001
util 0,597837 0,000564
uuk 3,912023 0,001384
uw 2,813411 0,000332
vahcuenghv 3,912023 0,000461
vala 3,218876 0,000380
valeri 3,506558 0,000413
valu 0,162519 0,000019
valv 3,218876 0,000380
vari 0,478036 0,000056
variant 1,139434 0,000403
variantsopen 3,912023 0,000461
varieti 0,616186 0,000291
variou 0,223144 0,000342
vast 1,514128 0,000179
vaughan 2,525729 0,000893
vax 2,407946 0,000284
vectorlinux 3,506558 0,000413
vehicl 1,309333 0,000154
vendor 1,139434 0,000537
version -0,009950 -0,000020
versu 1,347074 0,000318
vetter 3,912023 0,000461
vger 3,912023 0,000461
via 0,186330 0,000110
video 0,597837 0,000705
view -0,009950 -0,000001
villa 3,506558 0,000413
vim 2,407946 0,000284
vine 3,218876 0,000380
virtual 0,462035 0,000436
vishal 3,218876 0,000380
vision 0,867501 0,000102
visit 1,714798 0,000202
vista 2,813411 0,001327
visual 0,562119 0,000066
vital 2,120264 0,000250
vkernel 2,525729 0,000298
vlamswinaraywolof 3,218876 0,000380
voic 1,514128 0,000179
void 2,207275 0,000521
volkerd 3,912023 0,000461
volunt 2,813411 0,001327
vowel 2,995732 0,000706
vse 3,218876 0,000380
vtecontributor 3,912023 0,000461
vtefre 2,995732 0,000353
vtelinux 2,995732 0,000353
vtelinuxlinux 3,912023 0,000461
vteoper 2,813411 0,000332
vteunix 3,218876 0,000380
vulner 0,994252 0,000117
wai 0,105361 0,000012
want 0,820981 0,000194
washington 1,049822 0,000124
wasn 2,813411 0,000332
watch 1,237874 0,000292
watcho 2,659260 0,000314
waugh 3,506558 0,000413
waybar 3,912023 0,000461
wayland 3,506558 0,006202
wearabl 2,407946 0,000284
web 0,342490 0,000565
websit 0,527633 0,000498
websitekernel 3,912023 0,000461
week 1,171183 0,000138
weil 3,506558 0,000413
well 0,051293 0,000048
welt 3,912023 0,000461
west 1,560648 0,000184
weston 3,912023 0,000461
weta 3,912023 0,000923
what -0,009950 -0,000018
wheeler 2,813411 0,000663
wherea 1,049822 0,000124
whether 0,400478 0,000094
which 0,000000 0,000000
while 0,051293 0,000079
who 0,301105 0,000249
whole 0,916291 0,000432
whonixfedoracentosstream 3,506558 0,000413
whose 0,776529 0,000183
wichtigen 3,912023 0,000461
wide 0,210721 0,000199
widespread 0,994252 0,000117
widget 2,525729 0,001191
wikibooksresourc 1,660731 0,000196
wikidataarticl 1,171183 0,000138
wikidatawikipedia 0,967584 0,000114
wikimedia -0,009950 -0,000002
wikinewsquot 2,659260 0,000314
wikipedia -0,009950 -0,000011
wikipediacontact -0,009950 -0,000001
wikiquotetext 2,525729 0,000298
wikisourcetextbook 2,525729 0,000298
wikivers 1,609438 0,000190
wiktionarymedia 1,660731 0,000196
william 0,616186 0,000073
williamson 2,525729 0,000298
win 1,469676 0,000347
window 0,891598 0,003785
wing 2,659260 0,000314
winux 3,506558 0,000413
wire 0,941609 0,000111
wireless 1,078810 0,000127
within 0,116534 0,000041
without 0,094311 0,000033
woodhul 3,912023 0,000461
word 0,446287 0,000210
work 0,030459 0,000065
workload 1,966113 0,000232
workstat 1,771957 0,001254
world 0,139262 0,000066
worldwid 1,108663 0,000915
wrapper 2,407946 0,000284
wright 1,714798 0,000202
write 0,527633 0,000124
written 0,287682 0,000237
wrote 1,078810 0,000254
wtfpl 2,995732 0,000353
www 0,356675 0,000463
wxbasic 3,912023 0,000461
xandro 3,506558 0,000413
xbasic 3,912023 0,000461
xenix 3,218876 0,000380
xfce 3,912023 0,001845
xfwm 3,912023 0,000461
xiaomi 3,506558 0,000413
xiti 3,912023 0,000461
xitimonitor 3,912023 0,000461
xo 3,506558 0,000413
xojo 3,912023 0,000461
xorg 3,912023 0,000923
xtensakernel 3,912023 0,000461
xubuntu 3,506558 0,000413
yabas 3,912023 0,000461
year 0,162519 0,000172
yellow 2,407946 0,000284
yor 2,040221 0,000241
york 0,371064 0,000088
young 1,897120 0,000224
youtub 1,272966 0,000150
yum 3,912023 0,000461
zazak 3,218876 0,000380
zbekcha 0,462035 0,000054
zdnet 1,560648 0,001288
zeitgeist 3,912023 0,000461
zenwalk 3,506558 0,000413
ziff 2,995732 0,000353
zlib 2,813411 0,000332
zorin 3,506558 0,000413
zsh 3,912023 0,000461
zvezdana 3,912023 0,000461
zypper 3,912023 0,000461
