aamoth 3,912023 0,000192
aaron 1,714798 0,000084
abandon 1,771957 0,000087
abi 3,218876 0,000158
abil 0,562119 0,000221
abiresearch 3,912023 0,000192
abl 0,733969 0,000217
abner 3,912023 0,000577
abrupt 3,506558 0,000172
abruptli 3,912023 0,000192
absolut 1,660731 0,000245
abus 2,120264 0,000208
academ 0,693147 0,000034
academi 1,966113 0,000097
accc 3,912023 0,000385
acceler 1,021651 0,000050
acceleromet 2,995732 0,000295
accept 0,634878 0,000094
access 0,127833 0,000220
accessori 2,659260 0,000131
accord 0,287682 0,000283
account -0,009950 -0,000007
accus 2,407946 0,000474
acer 3,912023 0,000769
acquir 1,203973 0,000237
acquisit 1,203973 0,000118
acquisitionsgoogl 3,912023 0,000192
across 0,415515 0,000082
act 0,713350 0,000035
action -0,009950 -0,000003
activ 0,356675 0,000544
actor 1,832581 0,000090
actual 0,597837 0,000176
actuat 2,813411 0,000415
ad 0,198451 0,000088
adam 1,203973 0,000059
adapt 0,798508 0,000039
adb 3,912023 0,000192
add -0,009950 -0,000003
addictivetip 3,912023 0,000385
addit -0,009950 -0,000007
addition 0,967584 0,000143
address 0,342490 0,000101
adher 1,660731 0,000082
adi 3,218876 0,000158
adjust 1,078810 0,000159
admit 2,995732 0,000442
admob 3,912023 0,000192
adopt 0,415515 0,000184
adrian 2,813411 0,000553
adriann 3,218876 0,000158
adt 3,218876 0,000317
advanc 0,235722 0,000012
advantag 0,693147 0,000068
advent 2,207275 0,000109
advert 3,218876 0,000158
advertis 1,347074 0,000265
advic 2,040221 0,000100
advisor 2,659260 0,000131
adwar 2,813411 0,000138
affect 0,693147 0,000068
afford 2,040221 0,000201
aficionado 3,912023 0,000192
aforement 3,218876 0,000158
africa 1,966113 0,000580
african 2,040221 0,000100
afterward 2,525729 0,000248
ag 0,867501 0,000043
again 1,078810 0,000053
against 0,462035 0,000159
agam 3,912023 0,000192
agenc 1,108663 0,000327
ago 0,967584 0,000095
agre -0,009950 -0,000003
agreement 1,078810 0,000265
ahead 1,427116 0,000561
aim 0,634878 0,000156
ain 3,218876 0,000158
air 1,660731 0,000163
airpackag 3,912023 0,000192
aisec 3,912023 0,000385
aisgaeilgegalego 1,427116 0,000070
akademi 3,506558 0,000172
alabast 3,912023 0,000192
alarm 2,813411 0,000277
alastair 3,218876 0,000158
albanesiu 3,506558 0,000172
aleksandra 3,506558 0,000172
alessandro 2,659260 0,000131
alex 1,469676 0,000289
alfr 2,207275 0,000217
alibaba 2,659260 0,000392
alio 3,912023 0,000192
alistair 3,218876 0,000158
aliyun 3,912023 0,000385
alleg 2,407946 0,000592
allianc 1,832581 0,001442
alloc 0,941609 0,000046
allow 0,061875 0,000085
almalinux 3,506558 0,000172
almost 0,798508 0,000118
alon 1,272966 0,000063
along 0,462035 0,000068
alongsid 1,660731 0,000082
aloysiu 3,912023 0,000192
alphabet 1,469676 0,000217
alpin 3,506558 0,000172
alreadi 0,776529 0,000267
alt 2,407946 0,000237
altern 0,342490 0,000185
although 0,287682 0,000156
alto 3,506558 0,000172
altogeth 2,207275 0,000109
alwai 0,597837 0,000088
amadeo 3,218876 0,002849
amanda 3,218876 0,000158
amazfit 3,506558 0,000172
amazon 1,309333 0,000644
ambigu 1,386294 0,000136
ambiti 2,407946 0,000118
amdahl 3,218876 0,000158
amend 1,609438 0,000079
america 0,967584 0,000381
american 0,415515 0,000082
amir 2,525729 0,000124
amol 3,912023 0,000192
among 0,356675 0,000053
amongst 2,120264 0,000104
amount 0,579818 0,000143
amp -0,009950 -0,000013
analog 1,021651 0,000050
analysi 0,186330 0,000018
analyst 1,272966 0,000125
analyt 0,798508 0,000118
analyz 0,843970 0,000041
anandtech 3,912023 0,000577
ananya 3,912023 0,000192
anatomi 2,407946 0,000118
andi 1,714798 0,000927
andrea 1,386294 0,000068
andrecoveri 3,912023 0,000192
andrew 0,820981 0,000484
android 1,272966 0,062209
androidauthor 3,912023 0,000385
androidland 3,912023 0,000192
androidpolic 3,912023 0,000192
androidwordmark 3,912023 0,000192
anduino 3,506558 0,000172
angri 3,506558 0,000690
ani 0,083382 0,000086
anim 1,021651 0,000151
anniversari 2,525729 0,000124
announc 0,733969 0,002021
annual 0,776529 0,000115
anoth 0,127833 0,000044
anr 3,912023 0,000192
answer 1,171183 0,000058
antergo 3,506558 0,000172
anti 1,560648 0,000460
antimonopoli 3,912023 0,000192
antipiraci 3,912023 0,000192
antitrust 3,506558 0,000862
antiviru 2,407946 0,000947
antix 3,506558 0,000172
antonio 2,120264 0,000208
anyon 1,386294 0,000136
aokp 3,912023 0,000192
aol 2,120264 0,003023
aosp 3,506558 0,002586
aot 2,813411 0,000138
apach 1,386294 0,000818
api 0,798508 0,001021
apk 3,912023 0,000769
app 1,021651 0,007936
appanalysi 3,912023 0,000192
appbrain 3,912023 0,000192
appeal 2,040221 0,000702
appear -0,009950 -0,000003
appel 2,813411 0,000277
appgalleri 3,912023 0,000192
appl 1,203973 0,001302
appleinsid 3,218876 0,000317
appli -0,009950 -0,000001
applic 0,030459 0,000148
approach 0,174353 0,000026
approv 1,272966 0,000188
appstor 3,912023 0,000577
appual 3,912023 0,000192
april 0,072571 0,000325
aptoid 3,912023 0,000192
aquo 3,912023 0,000192
ar 1,049822 0,002787
ara 3,912023 0,000192
arabia 2,525729 0,000124
aragon 1,171183 0,000058
arch 1,897120 0,000093
archbang 3,506558 0,000172
architect 2,407946 0,000118
architectur 0,400478 0,000197
archiv 0,040822 0,000951
archlab 3,506558 0,000172
archo 3,912023 0,000385
arcor 3,912023 0,000192
area 0,478036 0,000071
aren 2,659260 0,000261
arena 1,966113 0,000097
argu 0,994252 0,000196
arguabl 3,218876 0,000158
argumentsc 3,912023 0,000192
arm 1,469676 0,000361
armageddon 3,506558 0,000172
armasu 3,912023 0,000192
armor 3,912023 0,000192
armv 2,995732 0,000442
around 0,356675 0,000123
arriv 1,469676 0,000217
arsen 3,506558 0,000172
art 0,673345 0,000166
artem 3,218876 0,000158
arthur 1,427116 0,000140
articl 0,000000 0,000000
articleabout -0,009950 -0,000000
articletalk -0,009950 -0,000000
artix 3,506558 0,000172
arxiv 1,078810 0,000053
asahi 3,506558 0,000172
ash 3,912023 0,000192
asha 3,506558 0,000172
ashle 3,506558 0,000172
ashmem 3,912023 0,000192
asia 1,560648 0,000307
asid 2,207275 0,000109
ask 0,867501 0,000299
aspect 0,616186 0,000030
assert 1,514128 0,000074
assess 1,021651 0,000050
assist 1,139434 0,000224
associ 0,127833 0,000031
assumpt 1,171183 0,000115
asteroid 3,912023 0,000769
astra 3,506558 0,000172
astro 3,506558 0,000172
asturianuaz 1,427116 0,000070
asturix 3,506558 0,000172
asu 3,912023 0,000577
atlant 2,120264 0,000104
atm 2,302585 0,000113
atop 2,813411 0,000138
attack 0,867501 0,000085
attempt 0,478036 0,000141
attest 3,218876 0,000158
attitud 2,302585 0,000113
attornei 2,995732 0,000147
attract 1,771957 0,000174
attribut -0,009950 -0,000001
attributedwikipedia 3,506558 0,000172
audi 3,506558 0,000345
audio 0,891598 0,000088
augment 1,237874 0,000122
august 0,162519 0,000975
aurora 2,525729 0,000124
australia 1,309333 0,000322
australian 2,525729 0,000373
austrumi 3,506558 0,000172
authent 1,347074 0,000066
author 0,040822 0,000028
auto 1,514128 0,000447
autofocu 3,912023 0,000192
autom 0,597837 0,000176
automat 0,462035 0,000114
automobil 2,407946 0,000355
automot 1,897120 0,000560
autosleep 3,912023 0,000385
avail -0,009950 -0,000016
avast 2,525729 0,000497
avg 3,912023 0,000192
awai 1,139434 0,000112
awar 1,203973 0,000118
awesom 3,506558 0,000172
axel 2,813411 0,000277
axon 3,912023 0,000192
back 0,462035 0,000250
backbox 3,506558 0,000172
backdoor 2,659260 0,000131
background 1,237874 0,000061
backseat 3,912023 0,000192
backtrack 3,218876 0,000158
backward 1,514128 0,000149
bad 1,347074 0,000066
bada 3,506558 0,000172
bahasa 0,186330 0,000009
baidu 2,813411 0,000277
bali 2,302585 0,000113
balki 3,912023 0,000192
ball 2,120264 0,000208
ban 1,897120 0,000373
band 2,040221 0,000201
bank 0,941609 0,000139
bar 1,386294 0,000409
barcelona 2,525729 0,000124
bare 2,302585 0,000113
barn 3,218876 0,000633
baromet 3,218876 0,000158
barr 2,659260 0,000131
barra 3,506558 0,000862
barrier 1,660731 0,000082
basa 2,407946 0,000118
base 0,010050 0,000026
basedsupport 3,912023 0,000192
baton 3,506558 0,000172
batteri 2,207275 0,000434
bazaar 2,525729 0,000124
bazzit 3,506558 0,000172
bbc 1,514128 0,000521
bean 2,813411 0,001798
beat 2,120264 0,000104
becam 0,579818 0,000285
becaus 0,127833 0,000057
becom 0,274437 0,000175
began 0,634878 0,000250
begin 0,385662 0,000095
begun 1,966113 0,000193
behavior 0,342490 0,000084
behaviour 1,832581 0,000180
behind 0,867501 0,000128
believ 1,272966 0,000063
belong 1,347074 0,000066
ben 1,309333 0,000193
bender 2,995732 0,000147
benefit 0,776529 0,000038
bennett 3,218876 0,000158
beresford 3,506558 0,000172
bergen 3,912023 0,000577
bertel 3,506558 0,000172
beset 3,912023 0,000192
best 0,462035 0,000273
beta 1,386294 0,000204
betanew 3,912023 0,000192
betawi 2,813411 0,000138
better 0,494296 0,000146
beyond 0,713350 0,000070
bharat 3,506558 0,000172
bhattacharya 3,506558 0,000172
bicchierai 3,218876 0,000158
bicycl 2,659260 0,000131
bid 2,407946 0,000118
big 0,673345 0,000099
bigger 2,813411 0,000138
biggest 1,897120 0,000187
bike 3,218876 0,000158
bill 0,776529 0,000153
billion 1,078810 0,002015
binari 0,916291 0,000090
bionic 2,995732 0,000884
bioslax 3,506558 0,000172
bird 2,525729 0,000497
birthdai 2,659260 0,000392
bit 1,078810 0,000743
bitdefend 3,912023 0,000192
biz 3,506558 0,000172
biztech 3,912023 0,000192
black 1,203973 0,000059
blackarch 3,506558 0,000172
blackberri 2,813411 0,001383
blag 3,506558 0,000172
blame 2,407946 0,000118
blankon 3,506558 0,000172
bleepingcomput 3,506558 0,000172
blend 2,525729 0,000124
bloat 3,506558 0,000172
blob 2,525729 0,000124
block 0,597837 0,000294
blog 0,713350 0,000736
blogspot 2,995732 0,000147
blok 3,912023 0,000385
bloomberg 1,469676 0,000361
blue 1,560648 0,000077
bluedroid 3,912023 0,000385
bluestack 2,995732 0,000147
bluetooth 2,302585 0,000792
bluez 3,912023 0,000385
boa 3,218876 0,000158
board 0,843970 0,000166
boarischbosanskibrezhoneg 2,407946 0,000118
bodhi 3,506558 0,000172
bogdan 3,912023 0,000192
bohn 3,912023 0,000769
boi 3,506558 0,000172
bokm 0,127833 0,000006
boland 3,912023 0,000192
boost 1,660731 0,000163
boot 1,966113 0,001257
bootload 3,218876 0,001424
bore 2,995732 0,000147
bot 1,832581 0,000270
bought 1,832581 0,000270
boulton 3,912023 0,000192
bouncer 3,912023 0,000385
bound 1,171183 0,000058
boutin 3,912023 0,000192
box 0,843970 0,000041
brad 2,525729 0,000373
bradi 3,912023 0,000577
bradshaw 3,912023 0,000385
brai 2,525729 0,000124
branch 1,021651 0,000151
brand 1,386294 0,000545
brandom 3,912023 0,000192
brandon 2,120264 0,000104
brazil 2,207275 0,000109
breach 1,714798 0,000169
break 0,733969 0,000036
breath 3,506558 0,000345
breed 2,659260 0,000131
brew 3,218876 0,000158
brian 1,108663 0,000218
bridg 1,427116 0,000070
bridgeo 2,995732 0,000147
brief 1,237874 0,000061
briefli 2,659260 0,000131
bright 2,525729 0,000248
brin 2,995732 0,000295
bring 1,021651 0,000703
british 1,203973 0,000059
broader 1,309333 0,000064
brodkin 3,912023 0,000769
brodman 3,912023 0,000192
broken 1,660731 0,000163
brought 1,832581 0,000270
brown 1,237874 0,000122
brows 1,966113 0,000290
browser 1,021651 0,000151
bryan 2,525729 0,000124
brynjolfsson 3,218876 0,000158
bsd 1,832581 0,000180
bucklei 2,995732 0,000147
budget 1,832581 0,000090
budgi 3,506558 0,000172
bug 1,171183 0,000633
bugdroid 3,912023 0,000385
bui 1,237874 0,000365
build 0,274437 0,000202
built 0,462035 0,000136
bulb 3,506558 0,000172
bulk 2,040221 0,000100
bulli 3,506558 0,000172
bunch 3,506558 0,000172
bundl 1,514128 0,000670
burnett 3,506558 0,000172
busi 0,287682 0,000156
businessweek 2,207275 0,000326
button 2,040221 0,001404
buzbe 3,912023 0,000192
byford 3,506558 0,000345
bypass 2,207275 0,000109
bytecod 1,966113 0,000193
cach 1,386294 0,000068
cachyo 3,506558 0,000172
cafe 3,912023 0,000192
caixa 3,506558 0,000172
calcul 0,916291 0,000135
caldera 3,218876 0,000158
calendar 2,659260 0,000261
california 1,021651 0,000050
californiaalphabet 3,912023 0,000192
call 0,030459 0,000033
callaham 3,912023 0,000192
calyxo 3,506558 0,000345
cambridg 0,755023 0,000148
came 1,078810 0,000159
camera 1,832581 0,001261
cameron 2,407946 0,000118
camon 3,912023 0,000385
camp 2,813411 0,000138
campaign 2,302585 0,000226
canada 1,427116 0,000070
canali 3,912023 0,000577
cannot 0,314711 0,000093
cap 1,560648 0,000077
capabl 0,562119 0,000193
capit 0,994252 0,000049
capitoledulibr 3,912023 0,000192
captur 0,916291 0,000090
car 1,309333 0,000837
card 0,994252 0,000293
cardboard 3,218876 0,000158
carplai 3,506558 0,000172
carrier 1,966113 0,002223
case 0,083382 0,000057
casei 2,995732 0,000295
cash 1,386294 0,000068
cast 1,832581 0,000090
cat 2,120264 0,000104
catal 0,094311 0,000005
catch 1,966113 0,000097
categori -0,009950 -0,000003
caught 2,813411 0,000138
caus 0,430783 0,000106
cautiou 3,506558 0,000172
cawlei 3,912023 0,000192
cb 1,832581 0,001892
cba 3,912023 0,000192
cdl 3,912023 0,000385
ce 1,966113 0,000193
cebuano 2,407946 0,000118
celadon 3,506558 0,000172
celebr 2,302585 0,000226
cell 1,469676 0,000145
cellular 1,714798 0,000084
center 0,415515 0,000020
cento 3,218876 0,000158
central 0,478036 0,000423
ceo 1,714798 0,000506
certain 0,274437 0,000135
certif 1,078810 0,000053
certifi 1,714798 0,000084
cfp 3,506558 0,000172
chaco 3,912023 0,000192
chain 0,843970 0,000166
chakra 2,813411 0,000138
challeng 0,400478 0,000098
chan 2,120264 0,000104
chang 0,051293 0,000066
changesupload -0,009950 -0,000001
channel 1,049822 0,000052
chao 2,207275 0,000109
charg 1,272966 0,000626
charl 0,941609 0,000093
charlatan 3,912023 0,000192
charli 2,302585 0,000113
chart 1,309333 0,000064
chavez 3,218876 0,000317
check 0,634878 0,000094
cheng 2,040221 0,000201
cherri 3,218876 0,000317
chester 3,912023 0,000192
chet 3,506558 0,000862
chew 3,912023 0,000192
chicken 3,506558 0,000172
chief 1,609438 0,000079
children 1,832581 0,000180
chimera 3,506558 0,000172
china 0,967584 0,000904
chines 1,309333 0,000515
chipset 3,912023 0,001154
chloe 3,218876 0,000158
choic 0,755023 0,000037
choos 0,916291 0,000090
chose 2,659260 0,000261
chou 2,659260 0,000131
chri 0,994252 0,000684
christian 1,560648 0,000153
christina 3,506558 0,000172
christoph 1,078810 0,000053
chrome 1,966113 0,001837
chromecast 3,912023 0,000385
chromeo 2,995732 0,001178
chromiumo 2,813411 0,000138
chronicl 2,659260 0,000131
chu 2,995732 0,000147
cia 2,525729 0,000373
cid 0,356675 0,000018
cinnamon 3,506558 0,000172
cio 2,525729 0,000124
cipriani 3,506558 0,000172
circuit 0,967584 0,000143
circumv 2,302585 0,000113
citat 0,248461 0,000037
cite 0,597837 0,000059
citi 1,272966 0,000063
citizen 1,966113 0,000097
claim 0,634878 0,000250
clarif 1,832581 0,000180
clarion 3,218876 0,000317
clark 1,514128 0,000074
class 0,446287 0,000088
clean 1,714798 0,000084
clear 1,049822 0,000206
clearo 3,506558 0,000172
cleveland 3,506558 0,000172
client 0,713350 0,000035
clientscomput 3,912023 0,000192
clint 3,912023 0,000192
clock 2,659260 0,000261
clockworkmod 3,912023 0,000192
close 0,356675 0,000193
closer 1,660731 0,000163
cloud 0,733969 0,000217
clue 3,506558 0,000172
cluster 1,272966 0,000063
cnet 1,609438 0,001187
cnil 3,912023 0,000192
cnn 1,897120 0,000280
cnnmonei 3,218876 0,000158
coalit 2,813411 0,000138
coarser 3,912023 0,000192
code -0,009950 -0,000020
codenam 2,659260 0,001307
coder 2,407946 0,000118
codi 2,813411 0,000138
coffe 2,207275 0,000217
cole 2,120264 0,000104
collabor 0,941609 0,000139
collect 0,274437 0,000162
colleg 1,514128 0,000074
color 1,609438 0,000079
coloro 3,506558 0,000517
com 0,150823 0,000297
combat 1,897120 0,000187
combin 0,261365 0,000103
come 0,356675 0,000368
command 0,891598 0,000132
comment 1,049822 0,000258
commerci 0,527633 0,000182
commiss 1,309333 0,000322
commit 1,108663 0,000273
commodor 3,506558 0,000172
common -0,009950 -0,000007
commonli 0,342490 0,000017
commonplac 3,218876 0,000158
commonswikibookswikidata 2,407946 0,000118
commun 0,139262 0,000157
compani 0,342490 0,000471
compar 0,342490 0,000067
comparison 0,371064 0,000091
compat 0,693147 0,000443
compet 1,139434 0,000336
competit 1,203973 0,000474
competitor 1,966113 0,000387
compil 0,755023 0,000186
complain 3,506558 0,000345
complaint 2,525729 0,000373
complet 0,223144 0,000099
complex 0,186330 0,000009
compli 1,897120 0,000280
complianc 1,514128 0,000149
complic 1,427116 0,000070
compon 0,261365 0,000231
compos 1,171183 0,000058
comprehens 0,867501 0,000085
compromis 1,897120 0,000093
comput 0,020203 0,000015
computerworld 1,609438 0,000633
comscor 3,506558 0,000345
comsupport 3,912023 0,000192
concern 0,597837 0,000235
conclud 1,966113 0,000193
conclus 1,660731 0,000082
cond 2,995732 0,005744
conditt 3,912023 0,000192
conduct -0,009950 -0,000003
confer 0,274437 0,000081
configur 0,798508 0,000039
confirm 1,514128 0,000372
conform 1,272966 0,000063
conger 3,912023 0,000192
conglomer 2,659260 0,000131
congress 1,771957 0,000087
connect 0,430783 0,000085
consent 2,302585 0,000226
consid 0,274437 0,000013
consider 0,713350 0,000035
consist 0,301105 0,000015
consol 1,897120 0,000653
consolid 1,714798 0,000084
consortium 1,771957 0,000174
constantli 1,966113 0,000097
constitut 1,272966 0,000125
consum 0,653926 0,000450
consumerist 3,912023 0,000192
consumpt 1,139434 0,000056
contact -0,009950 -0,000003
contain 0,162519 0,000168
contend 3,218876 0,000158
content -0,009950 -0,000005
contental 3,912023 0,000192
context 0,446287 0,000022
contin 3,218876 0,000475
continu 0,174353 0,000103
contract 0,994252 0,000049
contractor 2,659260 0,000131
contractu 2,120264 0,000208
contrari 2,659260 0,000131
contrast 0,891598 0,000044
contribut -0,009950 -0,000002
control 0,020203 0,000017
controversi 1,171183 0,000173
convent 0,891598 0,000175
converg 1,832581 0,000090
convinc 2,302585 0,000113
cook 1,771957 0,000087
cooki -0,009950 -0,000000
cooper 1,021651 0,000100
copi 0,891598 0,000044
copperheado 3,912023 0,000192
copyleft 2,813411 0,000277
copyright 1,897120 0,000560
corbet 2,995732 0,000147
corbin 3,912023 0,000192
cordless 3,912023 0,000385
cordova 3,218876 0,000158
core 0,579818 0,000314
corel 3,506558 0,000172
cori 2,525729 0,000124
corinn 3,506558 0,000172
corpor 0,562119 0,000083
correspond 0,798508 0,000039
cosplai 3,912023 0,000192
cost 0,385662 0,000171
costli 2,207275 0,000217
council 1,427116 0,000070
counterclaim 3,506558 0,000172
counterpointresearch 3,912023 0,000192
counti 2,813411 0,000138
countri 0,867501 0,000682
coupl 1,514128 0,000074
court 1,427116 0,000631
cover 0,733969 0,000036
covid 1,966113 0,000097
cpu 1,347074 0,000132
crack 2,040221 0,000401
cranz 3,912023 0,000192
crdroid 3,506558 0,000345
cream 3,912023 0,000385
creat -0,009950 -0,000005
creativ -0,009950 -0,000001
creator 1,469676 0,000072
credenti 2,120264 0,000521
crisostomo 3,912023 0,000192
critic 0,385662 0,000190
critiqu 2,120264 0,000104
crook 3,506558 0,000172
cross 0,562119 0,000055
crowd 2,525729 0,000124
crowdfund 2,525729 0,000124
crown 2,995732 0,000147
crucial 1,386294 0,000068
crunchbang 3,506558 0,000172
crux 3,506558 0,000172
cry 3,912023 0,000192
crypto 1,897120 0,000093
csuohio 3,912023 0,000192
cub 3,506558 0,000172
cunningham 2,813411 0,000968
cupcak 3,912023 0,000577
current 0,210721 0,000073
custom 0,544727 0,000616
customdistribut 3,912023 0,000192
customis 3,912023 0,000385
customiz 3,218876 0,000317
cut 1,386294 0,000068
cwalter 3,912023 0,000192
cyanogen 3,912023 0,000385
cyanogenmod 3,506558 0,001379
cyber 1,427116 0,000070
cycl 0,867501 0,000085
dai 0,562119 0,000415
daili 1,427116 0,000070
dalvik 2,813411 0,001107
damag 1,771957 0,000610
damien 3,218876 0,000158
damn 2,995732 0,000295
damon 3,218876 0,000317
dan 0,916291 0,000270
danger 1,514128 0,000298
daniel 0,776529 0,000267
dant 3,912023 0,000385
dariusz 3,506558 0,000172
dash 2,302585 0,000113
dashboard 2,407946 0,000118
data 0,030459 0,000064
databas 0,072571 0,000014
dataczech 1,171183 0,000058
dataset 1,714798 0,000084
date 0,210721 0,000207
davenport 2,995732 0,000147
davi 1,347074 0,000066
david 0,385662 0,000076
daydream 3,912023 0,000962
deactiv 3,912023 0,000192
dead 1,386294 0,000409
deal 0,843970 0,000249
dean 2,525729 0,000124
debian 2,407946 0,000118
debianubuntu 3,506558 0,000172
debit 2,659260 0,000131
debug 1,660731 0,000163
debugg 2,302585 0,000113
debut 2,525729 0,000373
deccan 3,912023 0,000192
decemb 0,061875 0,000313
decim 1,660731 0,000082
decis 0,400478 0,000020
dedic 1,272966 0,000376
deem 2,525729 0,000124
deepin 3,506558 0,000172
default 0,693147 0,000409
defend 1,966113 0,000193
defens 1,386294 0,000204
defin 0,116534 0,000006
definit 0,186330 0,000009
defrag 3,506558 0,000172
defunct 2,407946 0,000355
degoogl 3,912023 0,000192
degre 0,916291 0,000045
delai 1,347074 0,000397
delanei 3,912023 0,000192
delet 1,139434 0,000056
deliv 1,078810 0,000265
deliveri 1,309333 0,000064
dell 2,407946 0,000118
demand 0,820981 0,000121
demo 3,506558 0,000345
demolinux 3,506558 0,000172
demonstr 0,994252 0,000049
deni 1,609438 0,000317
denomin 2,040221 0,000100
depend 0,105361 0,000067
deploy 1,049822 0,000155
deprec 1,660731 0,000082
derek 2,302585 0,000113
deriv 0,494296 0,000097
derstandard 3,912023 0,000192
describ 0,174353 0,000043
descript -0,009950 -0,000000
descriptionshort 0,000000 0,000000
desert 3,912023 0,000192
design 0,040822 0,000044
desir 0,941609 0,000046
desktop 1,347074 0,001258
despit 1,021651 0,000352
dessert 3,912023 0,000962
destin 2,659260 0,000131
destructoid 3,912023 0,000192
detail 0,510826 0,000100
detect 0,755023 0,000111
determin 0,342490 0,000034
deutscheesti 2,040221 0,000100
dev 1,514128 0,000447
develop -0,009950 -0,000085
developeropen 3,912023 0,000192
developmentenviron 3,912023 0,000192
devic 0,634878 0,007897
devicespixel 3,912023 0,000192
devin 3,218876 0,000158
devuan 3,506558 0,000172
dewitt 3,506558 0,000172
dex 3,506558 0,000172
diag 3,912023 0,000192
diagram 1,560648 0,000077
dial 3,506558 0,000172
dibona 3,912023 0,000385
dictionari 0,616186 0,000061
didn 2,995732 0,000147
diego 2,813411 0,000138
dieter 3,912023 0,000769
differ 0,010050 0,000005
differenti 0,916291 0,000045
difficult 0,597837 0,000088
difficulti 1,237874 0,000122
digit 0,400478 0,000138
dignan 3,506558 0,000172
direct 0,261365 0,000064
directli 0,415515 0,000061
directmedia 3,506558 0,000172
directori 1,560648 0,000384
disabl 1,609438 0,000475
disadvantag 1,966113 0,000193
disappoint 2,995732 0,000147
disclaim -0,009950 -0,000000
disclosur 1,966113 0,000193
disconnect 2,813411 0,000277
discontinu 1,514128 0,000372
discontinuedandroid 3,506558 0,000172
discourag 2,659260 0,000261
discov 1,108663 0,000055
discoveri 1,139434 0,000056
discret 1,049822 0,000052
discuss 0,494296 0,000049
disk 1,469676 0,000145
displai 0,755023 0,000594
disput 1,309333 0,000193
dissect 3,912023 0,000192
distinct 0,544727 0,000027
distinguish 0,733969 0,000036
distribut 0,198451 0,000244
distributionsandroidlineageo 3,506558 0,000172
distributionsfre 3,912023 0,000192
distributionsindepend 3,912023 0,000192
distributionsoper 3,912023 0,000192
district 2,040221 0,000201
ditch 2,813411 0,000277
divers 1,469676 0,000145
divesto 3,506558 0,000345
divis 1,237874 0,000061
dobi 3,912023 0,000192
doc 1,139434 0,000056
document 0,328504 0,000129
doesn 1,609438 0,000079
dog 2,813411 0,000138
doi 0,162519 0,000008
doj 3,218876 0,000158
dollar 1,514128 0,000074
domain 0,544727 0,000027
domest 1,514128 0,000074
domin 1,021651 0,000301
don 0,916291 0,000360
donald 1,347074 0,000066
donat -0,009950 -0,000001
done 0,653926 0,000032
donor 2,659260 0,000131
donut 3,912023 0,000577
doubl 0,843970 0,000083
doudoulinux 3,506558 0,000172
doug 2,302585 0,000226
dougla 1,237874 0,000183
down 0,597837 0,000294
downgrad 3,506558 0,000172
download -0,009950 -0,000005
downplai 3,506558 0,000172
dozen 2,813411 0,000138
drag 2,525729 0,000124
dragora 3,506558 0,000172
dramat 1,832581 0,000090
draw 0,994252 0,000049
dream 2,302585 0,000679
dreamlinux 3,506558 0,000172
drive 0,867501 0,000043
driven 0,867501 0,000128
driver 1,237874 0,000365
driverless 3,218876 0,000158
drm 2,813411 0,000415
droid 3,912023 0,000769
droidview 3,912023 0,000192
drop 0,994252 0,000049
dsi 3,218876 0,000158
dual 1,609438 0,000158
dublin 2,659260 0,000131
due 0,261365 0,000167
duino 3,912023 0,000192
dummi 2,407946 0,000118
durat 2,040221 0,000100
dust 3,506558 0,000172
dynam 0,342490 0,000017
eadicicco 3,506558 0,000172
earli 0,301105 0,000104
earlier 1,139434 0,000336
earliest 1,021651 0,000050
earnest 3,218876 0,000158
earth 1,272966 0,000063
easier 1,049822 0,000206
easili 0,843970 0,000124
eclair 3,912023 0,000577
eclips 1,771957 0,000261
ecodesign 3,912023 0,000192
ecosystem 1,108663 0,000545
edg 0,820981 0,000161
edit -0,009950 -0,000006
editcommun -0,009950 -0,000000
editori 2,525729 0,000124
edu 1,108663 0,000055
edubuntu 3,506558 0,000172
educ 0,494296 0,000049
edward 1,139434 0,000056
eee 3,912023 0,000192
effect 0,274437 0,000040
effort 0,653926 0,000257
efrati 3,912023 0,000192
efront 3,912023 0,000192
egan 3,506558 0,000172
egg 2,407946 0,000118
eight 2,120264 0,000313
either 0,248461 0,000049
eitzen 3,912023 0,000192
electron 0,430783 0,000127
elementari 1,771957 0,000087
eleven 2,995732 0,000147
elgin 3,506558 0,000172
elimin 0,867501 0,000043
eliv 3,506558 0,000172
elmer 3,218876 0,000158
els 1,469676 0,000145
elsewher 2,040221 0,000100
email 1,469676 0,000217
emerg 0,527633 0,000182
emil 2,525729 0,000497
emmabunt 3,506558 0,000172
emphas 1,347074 0,000066
employe 1,386294 0,000136
empti 1,386294 0,000204
emui 3,218876 0,000791
emul 1,832581 0,000270
enabl 0,274437 0,000121
encount 1,966113 0,000193
encourag 1,203973 0,000178
encrypt 1,139434 0,000112
encyclopedia -0,009950 -0,000000
end 0,186330 0,000229
endeavouro 3,506558 0,000172
endless 2,995732 0,000147
enforc 0,916291 0,000090
engadget 2,995732 0,002209
engag 1,609438 0,000079
engin 0,061875 0,000033
england 1,469676 0,000072
english -0,009950 -0,000001
englishal 2,995732 0,000147
enhanc 0,510826 0,000050
enjoi 2,407946 0,000118
enough 0,843970 0,000041
entangl 3,506558 0,000172
enter 1,049822 0,000052
enterpris 0,446287 0,000066
entertain 2,120264 0,000313
enthusiast 2,659260 0,000131
entir 0,597837 0,000147
envelop 2,659260 0,000131
environ 0,385662 0,000152
eol 3,912023 0,000192
epoc 2,995732 0,000147
equip 1,078810 0,000159
era 1,386294 0,000136
eran 3,218876 0,000158
eras 2,995732 0,000147
eric 1,078810 0,000159
erica 3,218876 0,000158
erick 3,218876 0,000158
ericsson 2,995732 0,000295
erik 1,832581 0,000180
escal 2,525729 0,000124
eset 3,912023 0,000192
espa 0,210721 0,000010
especi 0,415515 0,000041
establish 0,634878 0,000156
estim 0,820981 0,000484
eulero 3,218876 0,000158
eurogam 3,912023 0,000385
europ 0,941609 0,000556
european 0,733969 0,000217
ev 2,407946 0,000118
even 0,235722 0,000139
event 0,356675 0,000035
eventsrandom -0,009950 -0,000000
eventu 0,798508 0,000196
ever 1,272966 0,000188
evernot 3,912023 0,000192
everyon 1,714798 0,000084
everyth 1,309333 0,000064
everywher 2,120264 0,000104
evict 3,912023 0,000385
evid 1,272966 0,000063
eweek 2,659260 0,000261
exagger 3,218876 0,000317
examin 0,867501 0,000085
exampl 0,020203 0,000012
exce 1,897120 0,000093
except 0,733969 0,000253
excerpt 1,714798 0,000084
exchang 0,579818 0,000029
excit 3,506558 0,000172
exclud 1,660731 0,000163
exclus 1,272966 0,000501
execut 0,356675 0,000140
exempt 2,995732 0,000147
exfiltr 3,912023 0,000192
exist 0,186330 0,000101
expand 0,776529 0,000229
expandedarticl 2,995732 0,000147
expect 0,494296 0,000049
expedit 2,659260 0,000131
expens 1,108663 0,000055
experi 0,510826 0,000201
experiment 0,916291 0,000180
explain 0,798508 0,000353
explanatori 2,659260 0,000261
explicitli 0,916291 0,000045
explod 2,813411 0,000138
exploit 1,078810 0,000424
explor 0,820981 0,000040
exponenti 1,560648 0,000077
export -0,009950 -0,000001
express 0,544727 0,000134
expressli 3,506558 0,000172
extend 0,385662 0,000133
extens 0,342490 0,000118
extern 0,030459 0,000009
extra 1,609438 0,000079
extrem 0,941609 0,000093
ey 1,660731 0,000082
fa 3,218876 0,000158
face 1,021651 0,000301
facebook 1,560648 0,000077
fact 0,579818 0,000057
factor 0,544727 0,000080
factori 1,514128 0,000223
fadden 3,912023 0,000192
fail 0,693147 0,000170
failur 1,021651 0,000100
fair 1,427116 0,000421
fairphon 3,912023 0,000385
fairsearch 3,912023 0,000577
fake 2,302585 0,000113
fall 0,867501 0,000043
famili 0,994252 0,000098
familiar 1,609438 0,000079
familiessmartphon 3,912023 0,000192
familyunix 3,218876 0,000158
famou 1,771957 0,000087
far 0,867501 0,000128
farhad 3,912023 0,000385
fast 0,673345 0,000066
fastboot 3,912023 0,000577
faster 0,994252 0,000147
fastest 2,120264 0,000104
favor 1,139434 0,000224
fcm 3,506558 0,000172
fear 1,966113 0,000097
feather 2,995732 0,000147
featur 0,210721 0,000425
februari 0,061875 0,000319
feder 1,021651 0,000352
fedora 2,659260 0,000261
fee 1,714798 0,000253
feedback 1,309333 0,000064
feel 1,832581 0,000090
felt 3,218876 0,000158
fetch 1,966113 0,000097
fewer 1,897120 0,000187
fifth 2,040221 0,000100
fight 1,832581 0,000180
figur 1,272966 0,000063
file 0,446287 0,000219
fileperman -0,009950 -0,000000
filespeci -0,009950 -0,000000
filesystem 2,407946 0,000237
film 1,386294 0,000068
final 0,494296 0,000049
financi 0,776529 0,000153
find 0,371064 0,000182
fine 1,609438 0,000791
finga 3,912023 0,000192
fingerprint 2,813411 0,000138
finish 1,560648 0,000077
finnish 2,813411 0,000138
fire 1,560648 0,000691
firebas 3,912023 0,000962
firefox 1,771957 0,000174
firm 1,171183 0,000345
firmwar 2,207275 0,000760
first 0,020203 0,000030
five 0,776529 0,000191
fix 0,385662 0,000152
flagship 3,506558 0,000345
flail 3,912023 0,000192
flash 1,897120 0,000093
flashlight 3,506558 0,000517
flaw 1,469676 0,000072
fleet 2,659260 0,000131
flex 3,506558 0,000172
flexibl 1,139434 0,000112
flight 1,832581 0,000090
flip 2,995732 0,000147
flog 3,912023 0,000192
flop 3,218876 0,000158
floppyfw 3,506558 0,000172
florenc 2,813411 0,000138
fluid 1,660731 0,000082
flyme 3,912023 0,000385
focu 0,755023 0,000111
focus 0,653926 0,000129
fold 2,207275 0,000434
foldabl 3,506558 0,000172
folk 3,912023 0,000192
follow 0,072571 0,000050
font 2,525729 0,000124
food 1,469676 0,000072
footbal 2,995732 0,000442
footprint 2,207275 0,000109
forb 1,427116 0,000210
forbidden 2,120264 0,000104
forc 0,597837 0,000118
forcibl 3,912023 0,000192
forecast 1,078810 0,000106
foreign 1,139434 0,000056
foresight 2,813411 0,000138
forgo 3,506558 0,000172
forian 3,912023 0,000192
fork 1,203973 0,000710
form 0,072571 0,000018
formal 0,510826 0,000050
format 0,634878 0,000062
formatnum 3,218876 0,000158
former 1,049822 0,000258
formerli 1,309333 0,000129
forth 1,560648 0,000077
forum 1,203973 0,000059
foss 1,966113 0,000097
fotofram 3,912023 0,000192
found 0,274437 0,000148
foundat -0,009950 -0,000006
founder 1,714798 0,000337
four 0,820981 0,000283
foursquar 3,912023 0,000192
fourth 1,560648 0,000153
fragment 1,897120 0,000839
framework 0,287682 0,000170
fran 0,223144 0,000011
franc 1,427116 0,000210
franceschi 3,218876 0,000158
frankenphon 3,912023 0,000192
fraud 1,560648 0,000077
fraunhof 3,912023 0,000385
freder 2,302585 0,000340
free -0,009950 -0,000012
freebsd 1,897120 0,000093
freedom 1,609438 0,000079
freedombox 3,506558 0,000172
freeli 1,966113 0,000193
freemium 3,218876 0,000158
freerto 3,506558 0,000172
freespir 3,506558 0,000172
freewar 3,506558 0,000172
french 1,347074 0,000132
frequenc 1,078810 0,000053
frequent 0,916291 0,000225
fresher 3,506558 0,000172
fridg 3,912023 0,000192
friend 2,040221 0,000100
friendli 1,386294 0,000136
front 1,078810 0,000106
froyo 3,912023 0,000962
frugalwar 3,506558 0,000172
frustrat 2,813411 0,000138
fsfe 3,912023 0,000385
fuchsia 2,659260 0,000131
fuel 1,771957 0,000087
full 0,371064 0,000146
fulli 0,616186 0,000061
function 0,030459 0,000021
fund 0,941609 0,000185
funtouch 3,912023 0,000192
further 0,139262 0,000068
furthermor 1,272966 0,000250
futur 0,235722 0,000093
gabeldorsch 3,912023 0,000385
gadget 3,218876 0,000475
gain 0,616186 0,000091
galaxi 3,506558 0,002586
galen 3,912023 0,000385
game 0,478036 0,000329
ganapati 3,912023 0,000769
gao 2,995732 0,000147
gari 1,714798 0,000084
garrett 2,995732 0,000147
gartner 2,302585 0,001698
garuda 3,506558 0,000172
garun 3,506558 0,000172
gave 1,660731 0,000082
gchq 2,813411 0,000553
gcm 3,506558 0,000172
gdpr 2,813411 0,000553
geckolinux 3,506558 0,000172
geek 2,813411 0,000692
geekwir 3,912023 0,000192
gemini 2,207275 0,000109
gene 2,040221 0,000100
gener -0,009950 -0,000005
gentoo 2,995732 0,000147
geo 2,407946 0,000118
german 1,386294 0,000068
gestur 2,813411 0,000138
get 0,430783 0,000297
getjar 3,912023 0,000385
ghani 3,912023 0,000192
giant 1,660731 0,000245
gica 3,506558 0,000172
gigaom 3,218876 0,000317
gillmor 3,912023 0,000192
gingerbread 3,912023 0,000577
give 0,446287 0,000110
given 0,261365 0,000026
gizmodo 3,218876 0,000158
glass 2,525729 0,000248
glibc 3,218876 0,000158
global 0,446287 0,000658
gm 3,218876 0,001108
gmail 3,218876 0,000475
gnewsens 3,506558 0,000172
gnome 2,302585 0,000113
gnu 1,272966 0,000751
go 0,462035 0,000091
goal 0,562119 0,000055
gobolinux 3,506558 0,000172
gobuntu 3,506558 0,000172
goe 1,237874 0,000061
goldman 2,207275 0,000217
gone 2,207275 0,000109
good 0,616186 0,000182
goodby 3,218876 0,000158
googl 0,579818 0,014196
googleplex 3,912023 0,000192
googlesourc 3,506558 0,000172
gordon 1,966113 0,000193
gorman 3,506558 0,000172
got 1,897120 0,000187
govern 0,544727 0,000080
gp 2,302585 0,000113
gpai 3,912023 0,000192
gpe 3,912023 0,000192
gphone 3,912023 0,000385
gpl 2,120264 0,000417
gplv 3,218876 0,000317
gradl 3,506558 0,000172
grail 2,813411 0,000138
grant 1,139434 0,000504
grapheneo 3,506558 0,000862
graphic 0,733969 0,000072
great 0,941609 0,000139
green 0,916291 0,000135
greenberg 2,525729 0,000124
greenbot 3,912023 0,000577
greg 2,120264 0,000417
grew 1,386294 0,000204
grip 3,506558 0,000345
ground 1,560648 0,000077
group 0,186330 0,000174
grow 0,653926 0,000225
grown 1,897120 0,000373
growth 0,733969 0,000180
gruman 3,912023 0,000385
grush 3,912023 0,000192
gsmarena 3,912023 0,000192
gson 2,813411 0,000138
gtsqdyd 3,912023 0,000192
guarante 1,078810 0,000053
guardian 1,560648 0,000614
guid 0,287682 0,000099
guidelin 1,237874 0,000122
guix 3,506558 0,000172
gundotra 3,912023 0,000192
gunther 3,912023 0,000192
gyroscop 2,525729 0,000248
haas 3,506558 0,000862
hack 1,203973 0,000355
hackabl 3,912023 0,000192
hacker 1,309333 0,000129
hager 3,912023 0,000192
hak 1,897120 0,000093
half 1,108663 0,000273
halt 2,040221 0,000100
hand 0,494296 0,000073
handheld 3,218876 0,000158
handl 0,415515 0,000061
handset 3,218876 0,002532
handylinux 3,506558 0,000172
hannah 2,659260 0,000131
haoyu 3,912023 0,000192
happen 1,021651 0,000151
happi 2,302585 0,000113
haptic 3,218876 0,000158
har 2,659260 0,000131
harden 2,407946 0,000118
harder 2,040221 0,000100
hardwar 0,579818 0,000998
harm 1,771957 0,000087
harmoni 2,995732 0,000884
harmonyo 3,506558 0,001034
haroon 3,912023 0,000192
hartlei 2,995732 0,000147
hartman 3,218876 0,000475
haslam 3,506558 0,000172
hat 1,966113 0,000290
hausa 1,609438 0,000079
hazarika 3,912023 0,000192
head 0,867501 0,000128
headfirst 3,912023 0,000192
headlin 2,995732 0,000147
headphon 3,506558 0,000345
headquart 2,302585 0,000113
headset 3,912023 0,001154
hear 2,407946 0,000118
heater 3,506558 0,000172
heavili 1,203973 0,000059
held 1,237874 0,000122
hello 1,714798 0,000084
hellstew 3,506558 0,000172
help 0,174353 0,000103
helplearn -0,009950 -0,000000
herald 3,506558 0,000172
hererel -0,009950 -0,000000
herrman 3,912023 0,000192
hesit 3,506558 0,000345
hibern 2,995732 0,000147
hidden 0,843970 0,000124
hide -0,009950 -0,000003
high 0,223144 0,000033
higher 0,430783 0,000106
highest 1,514128 0,000074
highli 0,867501 0,000043
highlight 1,309333 0,000257
hijink 3,912023 0,000192
hildenbrand 3,912023 0,001154
himself 2,995732 0,000295
hinder 2,302585 0,000113
hindi 3,506558 0,000172
hiner 3,912023 0,000192
hio 3,506558 0,000345
hire 1,966113 0,000193
hiroshi 3,218876 0,000791
histor 0,579818 0,000114
histori -0,009950 -0,000006
hit 1,469676 0,000361
hive 3,218876 0,000317
hoffman 2,525729 0,000248
hold 0,579818 0,000029
hole 2,040221 0,000100
hollist 3,912023 0,000192
home 0,616186 0,000727
homescreen 3,506558 0,000172
honda 3,218876 0,000317
honeycomb 3,912023 0,001154
hongmeng 3,506558 0,000690
honor 3,218876 0,000158
hope 1,660731 0,000163
horizon 1,714798 0,000084
hornjoserbscehrvatskiidobahasa 3,218876 0,000158
host 0,755023 0,000037
household 2,120264 0,000208
howev 0,094311 0,000093
howlei 3,912023 0,000192
howtogeek 3,912023 0,000192
htc 3,506558 0,002414
htcdev 3,912023 0,000192
html 1,078810 0,000106
http -0,009950 -0,000001
huawei 1,966113 0,001643
hub 2,040221 0,000100
huge 1,660731 0,000082
hugh 1,714798 0,000169
hugo 2,995732 0,000736
hul 3,912023 0,000192
hundr 1,237874 0,000122
hurt 2,995732 0,000147
hutchinson 3,506558 0,000172
hybrid 1,139434 0,000056
hyperbola 3,506558 0,000172
hypero 3,912023 0,000192
hyperosarch 3,506558 0,000172
hypervisor 2,407946 0,000118
hypocrit 3,912023 0,000192
hyundai 2,813411 0,000138
ibm 0,693147 0,000068
ic 2,120264 0,000208
icon 2,207275 0,000651
id 0,994252 0,000147
idac 3,912023 0,000192
idc 2,813411 0,000830
idea 0,527633 0,000078
ideal 1,514128 0,000074
identifi 0,356675 0,000070
idg 2,407946 0,000118
idl 2,302585 0,000113
ifixit 3,912023 0,000192
ill 2,120264 0,000104
illeg 1,897120 0,000187
illog 3,912023 0,000192
imag 0,494296 0,000049
imagescommon 3,912023 0,000192
immedi 0,967584 0,000143
immunix 3,506558 0,000172
impact 0,544727 0,000054
implement 0,105361 0,000062
import 0,162519 0,000056
imposs 1,309333 0,000129
impress 2,813411 0,000138
improp 2,659260 0,000131
improv 0,150823 0,000082
ina 0,356675 0,000018
inabl 2,659260 0,000131
inact 1,966113 0,000193
inasloven 0,616186 0,000030
inbox 3,218876 0,000158
inc -0,009950 -0,000004
incent 2,040221 0,000201
incis 3,912023 0,000192
includ 0,000000 0,000000
inclus 1,514128 0,000149
incompat 1,272966 0,000313
incorpor 0,755023 0,000074
increas 0,287682 0,000085
increasingli 0,776529 0,000076
incred 2,302585 0,000113
increment 1,386294 0,000068
inde 1,714798 0,000084
indefinit 1,237874 0,000061
independ 0,527633 0,000182
index -0,009950 -0,000001
india 1,171183 0,000576
indian 1,771957 0,000174
indic 0,356675 0,000018
indirectli 1,771957 0,000087
individu 0,314711 0,000062
indonesia 1,272966 0,000063
indonesiainterlingua 1,660731 0,000082
industri 0,356675 0,000123
inevit 2,525729 0,000124
infanc 3,506558 0,000172
infect 2,407946 0,000355
inflight 3,912023 0,000192
inform 0,061875 0,000070
informationcit -0,009950 -0,000000
infotain 3,912023 0,000192
infoworld 1,609438 0,000158
infrastructur 0,673345 0,000066
infring 2,659260 0,000784
ingrid 3,912023 0,000192
inher 1,469676 0,000072
initi 0,235722 0,000209
injava 3,912023 0,000192
inject 1,386294 0,000068
inner 2,302585 0,000113
innov 0,820981 0,000040
input 0,634878 0,000125
inquir 3,506558 0,000172
inscrut 3,506558 0,000172
insecur 1,714798 0,000253
insid 0,579818 0,000371
insist 2,659260 0,000131
inspir 1,237874 0,000061
instal 0,994252 0,002542
instead 0,301105 0,000118
institut 0,446287 0,000044
instrument 1,049822 0,000052
insuffici 1,966113 0,000097
insult 3,506558 0,000172
integr 0,174353 0,000086
intel 1,609438 0,000396
intellectu 1,897120 0,000093
intellig 0,510826 0,000126
intellij 2,659260 0,000261
intend 0,478036 0,000118
intens 1,427116 0,000070
intent 1,171183 0,000230
interact 0,356675 0,000386
intercept 2,207275 0,000434
interest 0,478036 0,000024
interfac 0,494296 0,000340
interfacegraph 3,506558 0,000172
interim 2,525729 0,000248
intern 0,040822 0,000050
internation 2,040221 0,000100
internationalviafgndfastnationalunit 3,912023 0,000192
internet 0,462035 0,000159
interpret 0,579818 0,000029
interview 1,427116 0,000351
introduc 0,210721 0,000166
introduct 0,210721 0,000031
intrus 1,832581 0,000090
invalid 1,714798 0,000084
inventor 2,120264 0,000208
invest 0,967584 0,000143
investig 1,078810 0,000159
investor 1,609438 0,000158
invis 1,897120 0,000093
invit 2,407946 0,000118
involv 0,415515 0,000082
io 0,916291 0,000946
iod 3,218876 0,000317
ion 2,813411 0,000277
ionescu 3,912023 0,000192
iot 1,714798 0,000084
ipad 2,995732 0,001473
ipado 2,525729 0,000745
iphon 2,813411 0,002490
iqoo 3,912023 0,000385
irina 3,218876 0,000158
iron 1,966113 0,000193
isaac 2,120264 0,000104
isbn 0,051293 0,000013
isn 2,302585 0,000113
isol 1,427116 0,000070
ispolskiportugu 1,771957 0,000087
issn 0,478036 0,000141
issu 0,314711 0,000279
item -0,009950 -0,000000
iter 1,272966 0,000125
itself 0,342490 0,000202
itworld 3,912023 0,000192
jack 1,897120 0,000093
jacob 1,832581 0,000450
jacqui 3,218876 0,000158
jai 1,966113 0,000193
jailbreak 3,218876 0,000317
jake 2,659260 0,000261
jame 0,634878 0,000218
janko 3,912023 0,000385
janu 3,218876 0,000158
januari 0,083382 0,000402
japan 1,309333 0,000257
jare 2,813411 0,000138
jason 1,771957 0,000523
java 0,891598 0,001052
javascript 1,021651 0,000050
jawa 1,560648 0,000077
jeffrei 1,514128 0,000074
jeffri 3,218876 0,000158
jelli 2,995732 0,001915
jemielniak 3,506558 0,000172
jerri 2,302585 0,000679
jessica 2,525729 0,000124
jetpack 3,218876 0,000158
jie 3,218876 0,000158
jim 1,514128 0,000074
jit 2,207275 0,000434
jni 3,506558 0,000172
joe 1,771957 0,000348
john 0,198451 0,000059
johnston 3,218876 0,000317
joi 2,525729 0,000124
join 1,386294 0,000477
jon 1,514128 0,000670
jonathan 1,347074 0,000066
jool 3,912023 0,000192
jordan 1,714798 0,000084
jose 2,120264 0,000104
josh 2,659260 0,000261
joshua 1,897120 0,000093
journal 0,186330 0,000037
journalist 2,813411 0,000277
juan 2,207275 0,000109
judg 1,897120 0,000280
juli 0,127833 0,000503
jump -0,009950 -0,000001
june 0,094311 0,000473
juri 2,525729 0,000248
jurisdict 1,832581 0,000090
jurix 3,506558 0,000172
justic 2,040221 0,000100
justin 1,897120 0,000093
jvm 2,659260 0,000131
kain 3,912023 0,000192
kaio 3,218876 0,000317
kaisen 3,506558 0,000172
kali 3,506558 0,000345
kalpana 3,912023 0,000192
kane 3,912023 0,000192
kanotix 3,506558 0,000172
kao 2,995732 0,000147
karen 2,040221 0,000100
kasperski 2,813411 0,000138
kastrenak 3,506558 0,000862
kate 2,659260 0,000131
kateo 3,506558 0,000172
kde 3,506558 0,000172
keep 0,733969 0,000144
kei 0,314711 0,000108
kendrick 3,912023 0,000192
kennedi 2,813411 0,000138
kernel 1,171183 0,003282
kernelia 3,912023 0,000192
kevin 1,386294 0,000204
keyboard 2,302585 0,000906
kickstart 3,912023 0,000385
kill 1,714798 0,000084
killer 2,525729 0,000373
kind 0,673345 0,000033
kindl 3,506558 0,000862
king 1,771957 0,000087
kingo 3,912023 0,000192
kingslei 3,218876 0,000158
kiswahilikurd 1,897120 0,000093
kit 1,714798 0,000674
kitkat 3,912023 0,000962
klug 3,912023 0,000192
kml 3,912023 0,000192
knight 1,966113 0,000290
knoppix 3,506558 0,000172
know 0,653926 0,000129
knowledg 0,597837 0,000029
known 0,127833 0,000113
knox 3,912023 0,000385
kongoni 3,506558 0,000172
kopfstein 3,506558 0,000172
korea 1,771957 0,000087
korora 3,506558 0,000172
kotlin 1,897120 0,000746
kovach 3,506558 0,000345
kroah 3,506558 0,000517
kubuntu 3,506558 0,000172
kumparak 3,506558 0,000172
kwame 3,912023 0,000385
kwort 3,506558 0,000172
kyle 2,407946 0,000355
kylin 3,506558 0,000172
lab 1,171183 0,000461
laboratori 1,309333 0,000064
lack 0,544727 0,000268
lanc 2,659260 0,000131
landlin 3,912023 0,000385
landscap 1,771957 0,000174
languag -0,009950 -0,000006
languagesupd 3,912023 0,000192
laptop 2,120264 0,000313
lardinoi 2,525729 0,000373
larg 0,127833 0,000044
larger 0,941609 0,000093
largest 1,108663 0,000327
larri 1,514128 0,000298
last -0,009950 -0,000004
late 0,733969 0,000036
later 0,223144 0,000165
latest 0,994252 0,000782
latitud 3,912023 0,000192
latter 0,916291 0,000135
latvi 0,994252 0,000049
launch 0,941609 0,000926
launcher 3,912023 0,000962
law 0,653926 0,000032
lawe 3,912023 0,000192
lawler 3,218876 0,000317
lawn 3,506558 0,000172
lawsuit 2,120264 0,000834
layer 0,713350 0,000070
layout 1,660731 0,000082
lead 0,287682 0,000057
leader 1,714798 0,000084
leah 3,912023 0,000192
leak 1,832581 0,000360
leaki 3,506558 0,000172
learn 0,162519 0,000016
least 0,527633 0,000104
leav 1,078810 0,000212
led 0,446287 0,000132
lee 0,994252 0,000098
leeco 3,912023 0,000192
left 0,916291 0,000045
legal -0,009950 -0,000003
legitim 2,040221 0,000201
leith 3,506558 0,000517
lenovo 3,218876 0,000633
less 0,430783 0,000127
lessen 2,813411 0,000138
lesson 1,386294 0,000136
lest 3,218876 0,000158
let 0,916291 0,000270
level 0,083382 0,000045
leverag 1,237874 0,000243
levi 2,120264 0,000104
lewa 3,912023 0,000192
leyden 3,506558 0,000172
liam 2,813411 0,000138
liau 3,912023 0,000192
libc 3,506558 0,000172
libranet 3,506558 0,000172
librari 0,356675 0,000263
librarian 3,218876 0,000158
licenc 3,218876 0,000158
licens -0,009950 -0,000022
licenseapach 3,912023 0,000192
licensetablet 3,912023 0,000192
lieu 3,506558 0,000172
life 0,653926 0,000129
lifecycl 2,120264 0,000208
lifehack 3,506558 0,000862
lifespan 3,218876 0,000475
light 1,049822 0,000155
lightbulb 3,912023 0,000192
lik 3,912023 0,000192
like 0,051293 0,000055
limit 0,186330 0,000046
limo 3,912023 0,000192
linaro 3,912023 0,000192
line 0,261365 0,000128
lineag 2,995732 0,000147
lineageo 3,912023 0,000962
lineup 3,506558 0,000172
linh 3,218876 0,000158
link -0,009950 -0,000005
linkpag -0,009950 -0,000000
linksarticl 1,021651 0,000100
linksi 3,912023 0,000192
linkswebarch 3,506558 0,000172
linpu 3,506558 0,000172
lint 3,218876 0,000317
linu 2,659260 0,000261
linux 0,916291 0,005676
linuxcon 3,912023 0,000385
linuxkernel 3,506558 0,000172
linuxmobil 3,912023 0,000192
linuxoper 3,912023 0,000192
linuxtl 3,506558 0,000172
lisa 2,525729 0,000248
list 0,051293 0,000055
lite 2,302585 0,000113
liteo 3,506558 0,000345
litig 3,218876 0,000475
littl 0,820981 0,000202
liu 1,427116 0,000070
live 0,733969 0,000108
llc 1,714798 0,000084
lmg 3,912023 0,000192
lnorsk 0,653926 0,000032
loader 2,207275 0,000109
lobbi 3,218876 0,000317
loc 3,912023 0,000192
locat 0,527633 0,000778
lock 1,309333 0,000193
lockheim 3,912023 0,001154
log -0,009950 -0,000002
login 1,966113 0,000193
logo 1,771957 0,000697
lohr 3,218876 0,000158
lollipop 3,912023 0,000962
loma 3,912023 0,000577
london 0,941609 0,000046
long 0,287682 0,000170
longer 0,755023 0,000445
longest 2,525729 0,000124
look 0,478036 0,000094
lookout 3,912023 0,000192
loos 1,609438 0,000079
lorenzo 2,995732 0,000147
lose 1,560648 0,000153
lost 1,514128 0,000223
lot 1,386294 0,000273
love 2,302585 0,000226
low 0,478036 0,000282
lowensohn 3,912023 0,000192
lower 0,673345 0,000099
lowest 1,897120 0,000093
lt 1,237874 0,000243
lubuntu 3,506558 0,000172
lucian 3,912023 0,000192
lucr 3,218876 0,000158
ludwig 2,995732 0,000589
lukewarm 3,506558 0,000172
lunden 3,912023 0,000192
lunduk 3,912023 0,000192
luneo 3,506558 0,000172
lure 3,506558 0,000172
lwn 2,659260 0,000392
lxle 3,506558 0,000172
lynch 2,659260 0,000261
lynn 2,659260 0,000131
mac 1,237874 0,000061
machin 0,040822 0,000030
machineri 1,203973 0,000059
mackenzi 2,813411 0,000138
maco 1,660731 0,000082
macworld 3,506558 0,000345
made 0,186330 0,000165
madhur 3,912023 0,000192
maemo 3,506558 0,000345
magazin 0,755023 0,000148
mage 3,506558 0,000172
mageia 3,506558 0,000172
magic 2,302585 0,000226
magisk 3,912023 0,000192
magnetomet 3,506558 0,000172
magnific 3,912023 0,000192
magyar 1,049822 0,000052
mahapatra 3,912023 0,000192
main -0,009950 -0,000009
mainland 3,506558 0,000172
mainli 1,021651 0,000100
mainlin 3,218876 0,000791
mainstream 1,832581 0,000090
maintain 0,400478 0,000118
major 0,223144 0,000307
make 0,061875 0,000097
maker 1,771957 0,001568
makeuseof 3,912023 0,000385
malagasi 2,040221 0,000100
malaysia 2,302585 0,000113
malici 1,660731 0,000490
malign 3,218876 0,000158
malwar 1,897120 0,001959
man 0,843970 0,000041
manag 0,105361 0,000088
managerapk 3,912023 0,000192
mandat 1,714798 0,000253
mandatori 2,207275 0,000217
mandrak 3,506558 0,000172
mandriva 3,506558 0,000172
mani 0,061875 0,000049
manifest 2,525729 0,000248
manipul 0,673345 0,000066
manjaro 3,218876 0,000317
manjoo 3,912023 0,000385
mann 2,302585 0,000113
manufactur 1,171183 0,002821
map 0,616186 0,000242
mapper 2,407946 0,000118
mar 2,120264 0,000104
march 0,116534 0,002240
marguerit 3,912023 0,000192
marguertit 3,912023 0,000192
mark 0,261365 0,000064
market 0,446287 0,001492
marketplac 2,040221 0,000301
markoff 3,218876 0,000158
marshmallow 3,506558 0,001552
martha 3,912023 0,000192
martina 3,506558 0,000172
martinez 2,813411 0,000138
martonik 3,912023 0,000192
mascellino 3,912023 0,000192
mascot 2,302585 0,000792
mashabl 2,525729 0,000248
mass 1,309333 0,000064
massacr 3,912023 0,000192
massiv 1,609438 0,000079
master 0,941609 0,000093
mat 2,995732 0,000147
mate 2,995732 0,000295
materi 0,616186 0,000091
mato 3,506558 0,000172
matt 1,609438 0,000158
matter 1,049822 0,000103
mayank 3,912023 0,000192
mayerhof 3,912023 0,000192
mcafe 2,813411 0,000277
mcallist 2,813411 0,000138
mcc 3,218876 0,000158
mccann 3,506558 0,000172
mcferran 3,912023 0,000192
mckai 3,506558 0,000172
mclean 3,506558 0,000172
mcpherson 3,218876 0,000158
mdy 1,514128 0,000074
mean 0,083382 0,000016
meant 1,514128 0,000149
measur 0,371064 0,000073
media 0,139262 0,000315
mediati 3,912023 0,000192
meego 3,218876 0,000317
meet 0,527633 0,000130
megapixel 3,912023 0,000192
meier 2,813411 0,000138
mel 3,912023 0,000385
melanson 3,506558 0,000172
melayu 0,820981 0,000040
member 0,562119 0,000083
memori 0,562119 0,000249
men 2,659260 0,000131
menno 3,912023 0,000192
menon 3,912023 0,000192
mention 1,237874 0,000061
menu -0,009950 -0,000006
mer 2,995732 0,000295
mercurynew 3,912023 0,000192
merg 1,514128 0,000074
merger 1,966113 0,000193
messag 0,400478 0,000177
meta 1,386294 0,000068
meter 2,995732 0,000147
method 0,150823 0,000015
methodov 3,912023 0,000192
metric 1,309333 0,000064
mexico 2,407946 0,000355
meyer 2,525729 0,000124
mice 3,218876 0,000158
michael 0,385662 0,000095
micro 1,560648 0,000230
microg 3,912023 0,000385
microphon 2,525729 0,000373
microsd 3,912023 0,000385
microsoft 0,579818 0,000941
microsoftwindow 3,506558 0,000172
microvisor 3,912023 0,000192
mid 0,994252 0,000098
middlewar 1,832581 0,000090
mikael 3,506558 0,000172
mike 1,237874 0,000122
mild 3,506558 0,000172
mill 2,207275 0,000109
miller 1,469676 0,000361
million 0,843970 0,001618
mimic 2,525729 0,000124
miner 2,040221 0,000201
mini 1,832581 0,000180
minim 0,579818 0,000029
minimum 1,469676 0,000217
minix 2,813411 0,000138
minor 1,309333 0,000129
mint 2,659260 0,000131
mip 2,995732 0,000147
miracl 2,995732 0,000147
mirror 1,897120 0,000093
misc 3,506558 0,000172
misfir 3,912023 0,000192
mishaal 3,912023 0,000192
mislead 2,659260 0,000392
mistak 1,832581 0,000090
mit 0,776529 0,000115
mitig 1,347074 0,000132
miui 3,218876 0,000633
mix 0,891598 0,000044
mksh 3,912023 0,000192
mlinux 3,506558 0,000172
mobe 3,912023 0,000192
mobian 3,506558 0,000172
mobil -0,009950 -0,000056
mobilesyrup 3,912023 0,000192
mobilinux 3,218876 0,000317
mobithink 3,912023 0,000192
moblin 3,506558 0,000172
mode 0,755023 0,000223
model 0,116534 0,000086
modelopen 3,506558 0,000172
modif 1,386294 0,000204
modifi 0,527633 0,000182
modificationsoffici 3,912023 0,000192
molen 3,912023 0,000192
moment 1,560648 0,000077
momentum 2,040221 0,000100
monei 1,171183 0,000230
monitor 1,021651 0,000100
monkei 2,995732 0,000147
montavista 3,506558 0,000172
month 0,776529 0,000267
monthli 1,609438 0,001108
moonshot 3,912023 0,000192
moreov 1,560648 0,000153
moritz 3,218876 0,000158
morn 2,995732 0,000147
mostli 0,994252 0,000147
motherboard 2,659260 0,000131
moto 3,912023 0,000577
motoblur 3,912023 0,000192
motomagx 3,506558 0,000172
motor 2,040221 0,000100
motorola 2,995732 0,001326
mount 2,207275 0,000109
mountain 2,525729 0,000124
mous 2,207275 0,000109
move -0,009950 -0,000006
movi 1,897120 0,000093
moyer 3,912023 0,000192
moynihan 3,912023 0,000192
mozur 3,218876 0,000158
much 0,400478 0,000020
mulli 3,912023 0,000192
mullin 3,218876 0,000317
multi 0,342490 0,000034
multipl 0,094311 0,000009
multitask 2,120264 0,000208
multithread 1,832581 0,000090
multitud 2,813411 0,000138
murali 3,912023 0,000192
murki 3,912023 0,000192
music 1,309333 0,000193
musix 3,506558 0,000172
mwc 3,912023 0,000192
myslewski 3,506558 0,000172
name 0,162519 0,000168
nasa 1,897120 0,000093
nast 3,506558 0,006723
nat 3,218876 0,000158
natasha 3,218876 0,000475
nation 0,527633 0,000259
nativ 1,078810 0,000530
natt 3,506558 0,000172
natur 0,356675 0,000088
navig -0,009950 -0,000003
nbcnew 3,912023 0,000192
ncr 3,506558 0,000172
ndk 3,912023 0,000962
ndtv 3,506558 0,000172
near 1,171183 0,000173
nearli 1,139434 0,000112
necessari 0,616186 0,000091
nederland 0,415515 0,000020
need 0,030459 0,000033
nefari 3,912023 0,000192
neglect 2,813411 0,000138
negoti 1,771957 0,000087
neil 1,771957 0,000087
neither 1,469676 0,000145
nelli 3,912023 0,000192
neon 2,813411 0,000138
net 0,385662 0,000076
netbook 3,506558 0,000690
netbsd 2,525729 0,000124
nethunt 3,912023 0,000192
netoti 1,771957 0,000087
network 0,127833 0,000057
never 1,021651 0,000100
new 0,010050 0,000050
newer 1,309333 0,000386
newest 2,995732 0,000147
newman 2,525729 0,000124
next 0,400478 0,000217
nextbit 3,912023 0,000192
nexu 3,506558 0,003793
ngliscafrikaansalemannisch 2,813411 0,000138
ngstr 3,506558 0,000172
niccolai 2,995732 0,000295
nicer 3,912023 0,000192
nichol 2,525729 0,000248
nick 1,469676 0,000289
nickinson 3,912023 0,000192
nightmar 3,506558 0,000172
nilai 3,912023 0,000385
nimblex 3,506558 0,000172
nine 1,771957 0,000087
nintendo 3,506558 0,000517
nintendosystem 3,506558 0,000172
nixo 3,506558 0,000172
nobara 3,506558 0,000172
nobl 2,813411 0,000553
nokia 2,207275 0,001194
non -0,009950 -0,000007
nook 3,912023 0,000769
nordfriisknorsk 1,714798 0,000084
north 1,309333 0,000257
norton 2,302585 0,000226
norwegian 2,407946 0,000118
notabl 0,616186 0,000151
note 0,150823 0,000067
noth 1,966113 0,000677
notic 1,427116 0,000070
notif 2,207275 0,001411
notifi 2,120264 0,000104
noto 3,912023 0,000192
nougat 3,912023 0,001731
nova 2,813411 0,000553
novemb 0,150823 0,000868
novic 2,407946 0,000118
nsa 2,302585 0,000566
nskisoomaaliga 2,995732 0,000147
nspire 3,912023 0,000192
number 0,040822 0,000044
numer 0,430783 0,000127
nvidia 2,813411 0,000692
nxp 3,912023 0,000192
nynorskobolooccitan 3,912023 0,000192
oadk 3,912023 0,000192
object 0,174353 0,000034
observ 0,820981 0,000040
obsess 3,506558 0,000172
obsolesc 3,218876 0,000158
obsolet 1,609438 0,000079
obstacl 2,407946 0,000118
obtain 0,733969 0,000108
occupi 1,897120 0,000093
oceania 2,813411 0,000138
oclc 0,891598 0,000044
octob 0,139262 0,000931
oem 2,659260 0,001830
off 0,673345 0,000397
offer 0,248461 0,000134
offic 0,733969 0,000180
offici 0,653926 0,000836
offlin 2,995732 0,000147
often 0,127833 0,000075
oha 3,912023 0,000192
old 0,994252 0,000293
older 1,237874 0,000548
oldid -0,009950 -0,000000
olesperantoeuskara 0,510826 0,000025
omar 2,813411 0,000138
omarchi 3,506558 0,000172
omg 3,506558 0,000345
omnirom 3,506558 0,000345
oneplu 3,912023 0,000962
ong 3,506558 0,000345
onlin 0,415515 0,000061
onset 3,506558 0,000172
onto 1,660731 0,000163
onward 2,207275 0,000109
oom 3,912023 0,000192
opam 3,912023 0,000385
open 0,150823 0,000653
openbind 3,912023 0,000192
openelec 3,506558 0,000172
openembed 3,218876 0,000158
openezx 3,506558 0,000172
opengl 3,218876 0,000791
openharmoni 3,506558 0,000172
openjdk 2,813411 0,000830
openlinux 3,506558 0,000172
openmandriva 3,506558 0,000172
openmoko 3,506558 0,000172
opensign 3,912023 0,000577
opensus 3,218876 0,000158
oper 0,010050 0,000055
ophon 3,912023 0,000192
opinion 1,347074 0,000132
oppo 3,912023 0,000769
opportun 1,139434 0,000056
oppos 1,237874 0,000061
opposit 1,714798 0,000253
opt 2,302585 0,000226
optic 1,386294 0,000136
optim 0,415515 0,000041
optimu 3,506558 0,000172
option 0,527633 0,000597
oracl 1,078810 0,001644
orang 2,525729 0,000124
orazio 3,912023 0,000385
order 0,094311 0,000019
oreo 3,912023 0,001346
org -0,009950 -0,000004
organ -0,009950 -0,000001
orient 0,653926 0,000096
origin -0,009950 -0,000236
orion 2,302585 0,000113
os 1,309333 0,000064
osgentoo 3,506558 0,000172
ota 3,506558 0,000517
otherso 3,912023 0,000192
otherwis 1,108663 0,000109
out 0,261365 0,000180
outsid 0,776529 0,000115
outsold 3,912023 0,000577
ouya 3,912023 0,000962
over 0,094311 0,000181
overal 0,967584 0,000190
overclock 3,912023 0,000192
overhaul 2,659260 0,000131
overlai 2,407946 0,000237
overlap 1,309333 0,000064
overse 2,813411 0,000138
overshar 3,912023 0,000192
overtak 3,506558 0,001379
overtaken 3,506558 0,000172
overtook 3,912023 0,000192
overview 0,616186 0,000091
owner 1,171183 0,000230
oxygeno 3,912023 0,000385
pace 2,525729 0,000248
pack 2,040221 0,000100
packag 0,776529 0,000191
pad 2,525729 0,000497
pagan 3,912023 0,000192
page -0,009950 -0,000005
pagecontentscurr -0,009950 -0,000000
pageget -0,009950 -0,000000
pagesus 1,469676 0,000072
paglieri 3,218876 0,000158
pai 1,021651 0,000100
paid 1,560648 0,000307
palm 2,207275 0,000109
palmdo 3,506558 0,000172
palo 3,506558 0,000172
pan 2,525729 0,000124
papiamentu 2,813411 0,000138
parabola 2,995732 0,000147
paradigm 0,941609 0,000046
paranoid 3,218876 0,000158
parmar 3,506558 0,000172
parrot 2,302585 0,000453
parsix 3,506558 0,000172
part 0,072571 0,000086
parti 0,616186 0,000788
partial 0,916291 0,000090
particip 1,021651 0,000050
particular 0,301105 0,000015
particularli 0,597837 0,000088
partit 1,347074 0,000265
partli 2,120264 0,000208
partner 1,966113 0,000967
pass 0,776529 0,000076
past 0,994252 0,000098
patch 1,560648 0,001074
patel 2,995732 0,000295
patent 1,203973 0,001835
patra 3,912023 0,000192
patrick 1,714798 0,000253
paul 0,544727 0,000375
paula 3,912023 0,000192
payment 1,347074 0,000199
pc 1,514128 0,000521
pclinuxo 3,506558 0,000172
pcworld 3,218876 0,000633
pdf 0,139262 0,000116
pdfprintabl -0,009950 -0,000000
peak 2,659260 0,000131
pegasu 3,912023 0,000385
penalti 2,813411 0,000138
penton 3,912023 0,000192
pentoo 3,506558 0,000172
peopl 0,356675 0,000035
peppermint 3,506558 0,000172
per 0,616186 0,000212
percent 1,514128 0,001489
percentag 1,427116 0,000140
perform 0,040822 0,000012
period 0,713350 0,000035
perlman 3,218876 0,000475
perman 1,272966 0,000188
permiss 1,469676 0,001662
permit 1,203973 0,000059
perri 3,218876 0,000158
persist 1,386294 0,000136
person -0,009950 -0,000004
perspect 0,733969 0,000036
persuad 2,813411 0,000138
persuas 3,218876 0,000158
peru 2,995732 0,000147
peter 0,446287 0,000044
petit 2,813411 0,000138
petrovan 3,912023 0,000192
phandroid 3,912023 0,000577
phase 1,347074 0,000066
phil 2,813411 0,000138
philip 1,469676 0,000072
philippin 2,813411 0,000138
phone 1,386294 0,008042
phonearena 3,912023 0,000577
phonedog 3,912023 0,000192
phonemak 3,912023 0,000192
php -0,009950 -0,000000
phrase 1,469676 0,000145
physic 0,446287 0,000154
pichai 3,506558 0,001724
pick 1,609438 0,000079
pictur 1,771957 0,000087
pie 2,813411 0,000553
piemont 1,427116 0,000070
pin 2,407946 0,000118
pinch 3,218876 0,000317
pingui 3,506558 0,000172
piraci 3,912023 0,001731
pirat 2,995732 0,000589
pitch 2,407946 0,000118
pivot 2,040221 0,000201
pixel 2,659260 0,007191
pixelexperi 3,506558 0,000345
place 0,356675 0,000070
placement 2,040221 0,000201
plai 0,713350 0,002525
plain 1,514128 0,000074
plaintiff 3,506558 0,000172
plan 0,430783 0,000191
platform 0,400478 0,001083
platformsembed 3,912023 0,000192
platypux 3,506558 0,000172
playbook 3,218876 0,000158
player 1,469676 0,000578
playstat 2,813411 0,000415
plc 2,302585 0,000226
pleas 0,755023 0,000074
pleasur 3,218876 0,000158
pledg 2,659260 0,000131
plu 1,203973 0,000059
plugin 1,897120 0,000093
plummet 3,506558 0,000172
plural 2,407946 0,000118
po 2,525729 0,000124
pocket 2,207275 0,000217
pocketdroid 3,912023 0,000192
poco 3,912023 0,000192
poeter 3,912023 0,000385
point 0,186330 0,000046
pois 3,506558 0,000172
polic 2,120264 0,001251
polici -0,009950 -0,000005
pona 3,912023 0,000192
pop 1,714798 0,000084
popular 0,400478 0,000335
port 1,272966 0,000501
portabl 1,203973 0,000237
portal 0,494296 0,000097
portalcomput 2,813411 0,000138
portalrec -0,009950 -0,000000
porter 3,506558 0,000517
porteu 3,506558 0,000172
portion 1,560648 0,000153
portrait 2,995732 0,000147
posit 0,616186 0,000091
possibl 0,186330 0,000073
post 0,478036 0,000212
postmarketo 3,218876 0,000791
postmortem 3,506558 0,000172
potenti 0,371064 0,000292
power 0,261365 0,000373
practic 0,186330 0,000064
pre 0,941609 0,000417
predatori 3,912023 0,000385
predict 0,733969 0,000036
predomin 2,995732 0,000147
predominantli 3,506558 0,000172
prefer 0,798508 0,000196
preferenti 3,506558 0,000172
preinstal 3,218876 0,000633
preload 3,218876 0,000317
premium 2,207275 0,000543
presenc 1,108663 0,000055
present 0,287682 0,000127
presid 1,832581 0,000090
press 0,210721 0,000104
pressur 1,714798 0,000253
presum 2,659260 0,000131
pretti 2,813411 0,000138
prevent 0,634878 0,000156
preview 1,897120 0,000187
previou 0,843970 0,000373
previous 0,843970 0,000124
price 0,798508 0,000236
pride 3,218876 0,000158
primari 0,527633 0,000104
primarili 0,653926 0,000129
princ 3,218876 0,000158
princess 3,912023 0,000192
principl 0,385662 0,000019
print -0,009950 -0,000000
printer 2,525729 0,000248
priorit 1,609438 0,000079
pritchard 3,506558 0,000172
privaci -0,009950 -0,000009
privacyofdialerandsmsapp 3,912023 0,000192
privat 0,634878 0,000156
priya 3,912023 0,000769
pro 1,237874 0,001461
probabl 0,843970 0,000041
problem 0,186330 0,000055
procedur 0,867501 0,000043
proceed 0,579818 0,000029
process 0,051293 0,000030
processor 1,021651 0,000201
produc 0,342490 0,000101
product 0,174353 0,000111
profession 0,673345 0,000033
proffitt 3,912023 0,000192
profil 1,021651 0,000050
profit -0,009950 -0,000000
program 0,116534 0,000074
programm 0,693147 0,000034
prohibit 1,714798 0,000084
project -0,009950 -0,000025
prolifer 1,832581 0,000090
promin 1,237874 0,000243
promis 1,078810 0,000371
promon 3,506558 0,000172
promot 0,891598 0,000088
prompt 1,609438 0,000079
pronounc 2,207275 0,000109
proof 1,347074 0,000066
proper 1,171183 0,000058
properli 1,309333 0,000064
properti 0,314711 0,000015
proprietari 1,171183 0,001036
proschofski 3,912023 0,000192
protalinski 3,506558 0,000690
protect 0,462035 0,000295
prototyp 1,386294 0,000341
prove 1,171183 0,000058
provid 0,061875 0,000091
proxi 1,771957 0,000087
proxim 2,659260 0,000261
pru 3,912023 0,000192
pruett 3,912023 0,000192
przegalinska 3,506558 0,000172
psa 3,912023 0,000192
public 0,127833 0,000050
publicli 1,309333 0,000257
publish 0,105361 0,000031
pull 1,897120 0,000187
puppi 3,506558 0,000172
purch 3,912023 0,000385
purchas 1,139434 0,000560
pure 1,203973 0,000059
pureo 3,218876 0,000317
purpos 0,248461 0,000012
push 1,203973 0,000296
put 0,755023 0,000111
qemu 2,995732 0,000147
qing 3,506558 0,000172
qnx 2,407946 0,000118
qtmoko 3,506558 0,000172
qualcomm 2,995732 0,001620
qualiti 0,634878 0,000094
quarter 1,897120 0,001399
quartz 1,966113 0,000097
qube 3,218876 0,000158
queri 1,139434 0,000056
question 0,597837 0,000088
quick 1,609438 0,000237
quickli 0,891598 0,000132
quietli 3,506558 0,000345
quinton 3,912023 0,000192
quit 1,347074 0,000132
quot 1,049822 0,000155
qwerti 3,912023 0,000192
race 1,427116 0,000210
radio 1,469676 0,000072
rahman 2,813411 0,000138
rais 1,237874 0,000061
raja 3,218876 0,000158
ram 1,660731 0,000245
ran 1,966113 0,000097
rang 0,371064 0,000091
rank 1,272966 0,000125
rapaka 3,912023 0,000192
raphael 2,659260 0,000261
rapid 1,203973 0,000059
rare 1,108663 0,000055
raspberri 2,525729 0,000248
rate 0,673345 0,000199
rather 0,287682 0,000057
ratio 1,386294 0,000068
rawlinson 3,506558 0,000172
razr 3,912023 0,000192
rbaycanca 0,248461 0,000012
reach 0,755023 0,000371
reaction 1,966113 0,000097
read 0,162519 0,000024
readi 1,309333 0,000064
readview 1,309333 0,000129
readwrit 3,218876 0,000158
real 0,210721 0,000052
realiti 1,237874 0,000548
realli 1,660731 0,000408
realm 2,120264 0,000521
reardon 3,506558 0,000345
reason 0,328504 0,000097
rebuild 2,813411 0,000138
receiv 0,400478 0,000315
recent 0,562119 0,000332
recept 2,659260 0,000392
recod 3,506558 0,000517
recogn 1,021651 0,000050
recommend 0,891598 0,000132
reconsid 2,659260 0,000131
record 0,400478 0,000079
recoveri 1,714798 0,000253
rectifi 2,813411 0,000138
red 1,237874 0,000304
redistribut 2,407946 0,000118
redmi 3,912023 0,000192
reduc 0,274437 0,000040
refer -0,009950 -0,000003
referencesarticl 1,660731 0,000082
reflect 0,562119 0,000028
reformat 3,912023 0,000192
refriger 3,506558 0,000172
refus 2,040221 0,000301
regalado 3,506558 0,000172
regard 0,776529 0,000229
regist -0,009950 -0,000003
regul 0,916291 0,000045
regular 0,867501 0,000128
reichert 3,912023 0,000192
reilli 1,078810 0,000053
reinforc 1,660731 0,000082
reinstat 3,506558 0,000172
reinvent 2,525729 0,000124
reising 3,912023 0,000385
reject 1,514128 0,000149
rejoic 3,912023 0,000192
rel 0,634878 0,000031
relat 0,030459 0,000010
relationship 0,653926 0,000032
relaunch 3,912023 0,000192
relax 2,407946 0,000237
releas 0,415515 0,001124
releaseandroid 3,912023 0,000385
releasenot 3,912023 0,000192
relev 0,798508 0,000118
reli 0,562119 0,000083
reliabl 0,371064 0,000036
reluct 3,506558 0,000172
remain 0,400478 0,000059
remand 3,912023 0,000385
remedi 2,207275 0,000109
rememb 2,207275 0,000217
remix 2,813411 0,000692
remot 0,776529 0,000076
remov 0,301105 0,000089
renam 1,771957 0,000261
renderscript 3,912023 0,000192
reorgan 2,659260 0,000131
replac 0,494296 0,000365
replai 3,912023 0,000192
replic 1,609438 0,000317
report 0,261365 0,000360
reportedli 2,659260 0,000654
repositori 0,994252 0,000098
repositoryandroid 3,912023 0,000192
repres 0,235722 0,000058
represent 0,634878 0,000031
republicspainnorwayisraelcataloniaotheridref 3,912023 0,000192
reput 1,660731 0,000163
request 0,776529 0,000076
requir 0,051293 0,000111
research 0,223144 0,000099
resembl 1,771957 0,000087
reset 2,525729 0,000373
resist 1,514128 0,000074
resourc 0,248461 0,000086
respect 0,544727 0,000080
respond 1,049822 0,000258
respons 0,415515 0,000082
rest 1,049822 0,000155
restart 2,995732 0,000147
restor 1,966113 0,000097
restrict 0,755023 0,000223
restructur 2,407946 0,000118
result 0,139262 0,000068
resurrect 3,506558 0,000345
rethink 2,525729 0,000124
retir 2,207275 0,000109
reto 3,912023 0,000192
retriev -0,009950 -0,000250
return 0,510826 0,000025
reuter 1,609438 0,000237
reveal 1,203973 0,000770
revel 2,995732 0,000295
revenu 1,514128 0,000298
revers 1,139434 0,000168
review 0,314711 0,000217
revis 1,021651 0,000100
revok 2,407946 0,000237
reward 2,207275 0,000109
ricardo 2,120264 0,000104
rice 2,120264 0,000104
rich 1,309333 0,000064
richard 0,733969 0,000253
ricker 3,506558 0,000172
rickn 3,912023 0,000192
right 0,314711 0,000046
rik 3,218876 0,000158
rim 3,506558 0,000172
rip 2,995732 0,000147
risc 2,659260 0,000261
rise 0,916291 0,000135
risk 0,579818 0,000057
rival 2,302585 0,000566
road 1,272966 0,000063
roadblock 3,506558 0,000172
robertson 2,525729 0,000124
robin 1,714798 0,000084
robot 1,347074 0,000596
roboto 3,912023 0,000192
robust 1,049822 0,000052
rock 2,120264 0,000104
rocket 2,120264 0,000104
rocki 3,218876 0,000158
rod 3,218876 0,000158
roettger 3,912023 0,000385
role 0,527633 0,000026
roll 1,560648 0,000230
rollback 3,218876 0,000158
rollout 3,506558 0,000172
rom 0,616186 0,000121
romero 3,506558 0,000172
ron 2,040221 0,001806
ronald 1,714798 0,000084
room 1,832581 0,000270
roonei 3,506558 0,000172
root 0,733969 0,000433
rootkit 2,813411 0,000138
rosa 2,813411 0,000138
rose 2,120264 0,000104
rosenblatt 2,407946 0,000118
rotat 2,040221 0,000100
rothman 2,995732 0,000147
round 1,469676 0,000145
roundup 3,218876 0,000158
router 1,714798 0,000253
rovio 3,912023 0,000192
rowinski 3,912023 0,000192
rubin 2,995732 0,002504
ruddock 3,912023 0,000192
rule 0,510826 0,000301
rumor 2,813411 0,000138
run 0,248461 0,000611
runa 0,916291 0,000045
runtim 1,309333 0,000708
rush 2,659260 0,000261
russakovskii 3,912023 0,000192
russel 1,897120 0,000187
russia 1,714798 0,000169
russian 1,609438 0,000079
rust 1,427116 0,000070
ryan 1,560648 0,000997
ryne 3,912023 0,000192
sabayon 3,506558 0,000172
sabili 3,506558 0,000172
sacco 3,912023 0,000192
sadun 3,506558 0,000172
saf 3,912023 0,000385
safe 0,916291 0,000225
safeti -0,009950 -0,000000
safetynet 3,912023 0,000192
saga 2,995732 0,000147
sai 0,616186 0,000606
said 0,755023 0,000334
sailfish 3,218876 0,000633
sale 1,049822 0,001032
salix 3,506558 0,000172
salon 3,912023 0,000192
sam 1,347074 0,000265
sammobil 3,912023 0,000192
sampl 1,171183 0,000115
samsung 2,040221 0,004012
san 1,203973 0,000059
sanction 2,207275 0,000217
sandbox 2,302585 0,000226
sandwich 3,506558 0,000345
satellit 2,040221 0,000201
saudi 2,407946 0,000118
savov 3,218876 0,000317
scale 0,371064 0,000036
scan 1,660731 0,000572
scandal 1,771957 0,000087
scanner 2,995732 0,000147
scari 3,506558 0,000172
scenario 1,139434 0,000056
schechner 3,912023 0,000192
schedul 1,021651 0,000151
schlaeffer 3,912023 0,000192
schmidt 2,207275 0,000217
schonfeld 3,506558 0,000172
scientif 0,673345 0,000033
scope 0,891598 0,000219
scotsshqip 2,659260 0,000131
scott 0,891598 0,000044
scotusblog 3,912023 0,000192
scratch 1,771957 0,000174
screen 1,660731 0,002694
screencast 3,506558 0,000172
sde 3,506558 0,000172
sdk 2,407946 0,000710
sdl 2,659260 0,000131
seamless 2,659260 0,000131
sean 1,609438 0,000237
sear 3,218876 0,000475
search -0,009950 -0,000013
seat 3,506558 0,000172
second 0,328504 0,000081
secondari 1,309333 0,000129
secret 1,560648 0,000307
section 0,446287 0,000066
sectionsarticl 3,506558 0,000172
sector 1,171183 0,000058
secur 0,274437 0,001079
see -0,009950 -0,000007
seed 2,120264 0,000104
seek 1,021651 0,000100
seen 0,776529 0,000038
segment 1,108663 0,000055
seifert 3,506558 0,000517
select 0,371064 0,000055
sell 1,139434 0,000504
seller 2,302585 0,000113
semi 0,843970 0,000041
send 1,108663 0,000218
sender 2,302585 0,000113
sens 1,049822 0,000155
sensit 1,078810 0,000159
sensor 1,347074 0,000331
sent 1,171183 0,000288
separ 0,400478 0,000079
septemb 0,150823 0,000779
sergei 1,966113 0,000193
seri 0,328504 0,000162
seriesandroid 3,912023 0,000192
seriou 1,832581 0,000180
serv 0,713350 0,000070
server 0,597837 0,000088
servic 0,210721 0,000487
set 0,051293 0,000043
seth 1,832581 0,000090
settl 2,207275 0,000109
settlement 1,660731 0,000082
seven 1,469676 0,000145
sever 0,072571 0,000071
shah 2,207275 0,000109
shakir 3,506558 0,000172
shambl 3,912023 0,000192
shame 3,218876 0,000317
share 0,301105 0,000829
sharealik -0,009950 -0,000000
sharma 2,995732 0,000147
sharp 1,966113 0,000193
shawn 3,506558 0,000172
sheep 3,218876 0,000475
shell 1,049822 0,000103
shield 2,120264 0,000313
shim 3,218876 0,000158
ship 1,272966 0,000814
shipment 2,525729 0,001366
shook 3,506558 0,000172
short -0,009950 -0,000003
shortcut 2,525729 0,000124
shorten -0,009950 -0,000001
shorter 1,714798 0,000084
shortli 2,659260 0,000523
shot 2,813411 0,000138
show 0,400478 0,000276
showcas 3,218876 0,000158
shr 3,506558 0,000172
shrink 2,813411 0,000277
shut 2,207275 0,000326
side 0,579818 0,000086
sidebar -0,009950 -0,000002
sidekick 3,506558 0,000172
sideload 3,506558 0,000172
sign 0,916291 0,000225
signal 0,755023 0,000037
signific 0,261365 0,000064
silicon 2,120264 0,000208
sim 2,659260 0,000131
simi 0,755023 0,000037
similar 0,150823 0,000067
simon 1,021651 0,000050
simpl 0,150823 0,000044
simpli 0,733969 0,000072
simplifi 0,820981 0,000040
simul 1,021651 0,000151
simultan 0,891598 0,000044
sinc 0,139262 0,000199
singel 3,506558 0,000172
singl 0,127833 0,000019
sinicki 3,506558 0,000172
siphon 3,912023 0,000192
sirianni 3,912023 0,000192
site -0,009950 -0,000000
situat 0,776529 0,000191
six 1,309333 0,000193
size 0,342490 0,000084
skanda 3,912023 0,000192
skeptic 2,525729 0,000124
skia 3,912023 0,000192
skype 3,912023 0,000577
slackwar 2,995732 0,000295
slax 3,506558 0,000345
sleep 2,407946 0,000118
slenskaitaliano 0,562119 0,000028
slide 2,040221 0,000100
slidem 3,912023 0,000192
slightli 1,771957 0,000174
slimrom 3,912023 0,000192
sloven 1,514128 0,000074
slow 1,237874 0,000243
sm 2,659260 0,000261
small 0,314711 0,000093
smaller 0,994252 0,000147
smart 1,049822 0,000826
smarter 2,525729 0,000124
smartphon 2,040221 0,008827
smartwatch 3,506558 0,000345
smith 1,139434 0,000056
snoop 3,506558 0,000172
soap 2,207275 0,000109
soar 2,302585 0,000226
soc 1,897120 0,000187
social 0,510826 0,000025
societi 0,653926 0,000032
socket 2,302585 0,000113
sofia 3,912023 0,000192
soften 3,912023 0,000192
softland 3,506558 0,000172
softwar 0,127833 0,000591
softwarecompani 3,912023 0,000192
softwaredevelopmentdevelop 3,912023 0,000192
softwaregnu 3,912023 0,000192
softwaregoogl 3,912023 0,000192
softwarelinux 3,506558 0,000172
sohail 3,912023 0,000192
sold 1,347074 0,000662
solu 3,506558 0,000172
solut 0,478036 0,000071
solv 0,820981 0,000121
solydxk 3,506558 0,000172
sometim 0,301105 0,000030
son 1,049822 0,000052
soni 2,525729 0,000745
sonyericsson 3,912023 0,000192
sopho 3,506558 0,000172
sort 1,309333 0,000064
sottek 3,912023 0,000192
sought 1,966113 0,000097
souppouri 3,506558 0,000172
sourc 0,094311 0,000427
sourceview 1,309333 0,000129
south 1,108663 0,000164
space 0,415515 0,000061
span 1,771957 0,000087
spark 1,714798 0,000084
sparkylinux 3,506558 0,000172
spec 2,302585 0,000226
special 0,235722 0,000012
specif 0,051293 0,000033
specifi 0,446287 0,000066
specul 1,714798 0,000169
speed 0,941609 0,000278
spend 1,347074 0,000066
spiritu 3,912023 0,000192
spit 3,912023 0,000192
splash 3,912023 0,000192
splashtop 3,506558 0,000172
split 1,139434 0,000392
spokesperson 3,506558 0,000345
spot 1,514128 0,000149
springer 0,527633 0,000052
sprint 3,218876 0,000317
spy 2,207275 0,000217
spywar 2,525729 0,000248
sqaraqalpaqsha 1,386294 0,000068
sqlite 2,813411 0,000138
srpskisrpskohrvatski 0,510826 0,000025
stab 3,506558 0,000172
stabl 0,867501 0,000171
stack 0,843970 0,000373
stagefright 3,912023 0,000192
stai 1,771957 0,000261
stake 2,040221 0,000100
stallman 3,218876 0,000475
standard 0,094311 0,000037
star 1,609438 0,000079
start 0,261365 0,000218
startup 1,660731 0,000082
stat 1,771957 0,001133
statcount 2,659260 0,002615
state 0,083382 0,000115
stateactivesourc 3,912023 0,000192
statement -0,009950 -0,000006
statementsarticl 0,544727 0,000054
statesfrancebnf 0,510826 0,000025
station 2,120264 0,000104
statist -0,009950 -0,000002
statista 2,407946 0,000237
statistica 2,659260 0,000523
statt 3,506558 0,000172
statu 0,693147 0,000273
statusandroid 3,912023 0,000192
statutori 2,995732 0,000147
steal 2,302585 0,000566
stealth 3,506558 0,000172
steamo 3,218876 0,000475
steer 2,120264 0,000208
stem 2,040221 0,000301
step 0,713350 0,000105
stephen 0,843970 0,000041
stereo 2,995732 0,000442
steve 1,078810 0,000265
steven 0,867501 0,000085
stick 2,813411 0,000277
still 0,342490 0,000185
stock 1,309333 0,000579
stockpil 2,995732 0,000147
stomp 3,912023 0,000192
stop 0,967584 0,000190
storag 0,430783 0,000402
store 0,356675 0,000789
storefront 3,506558 0,000172
stori 1,237874 0,000122
strang 2,813411 0,000138
strategi 0,733969 0,000108
streak 3,912023 0,000192
stream 0,733969 0,000036
streamlin 2,525729 0,000248
street 1,203973 0,000237
strength 1,609438 0,000079
string 1,049822 0,000052
strong 0,776529 0,000076
structur 0,139262 0,000007
strumpf 3,912023 0,000192
stuart 1,832581 0,000090
studi 0,314711 0,000093
studio 1,609438 0,000317
style 0,941609 0,000046
su 1,714798 0,000169
sub 1,021651 0,000050
subject 0,478036 0,000024
submiss 2,525729 0,000124
submit 1,427116 0,000140
subscrib 2,525729 0,000248
subscript 1,714798 0,000169
subsect 0,020203 0,000009
subsequ 0,916291 0,000090
subset 1,108663 0,000055
subsid 3,912023 0,000192
substanti 1,237874 0,000122
substitut 1,560648 0,000077
subsystem 2,207275 0,000326
subwai 3,912023 0,000192
succeed 2,659260 0,000131
success 0,494296 0,000122
successfulli 1,427116 0,000070
successor 1,897120 0,000187
sue 2,659260 0,000131
suffer 1,832581 0,000090
sugari 3,912023 0,000385
suggest 0,820981 0,000161
suit 0,891598 0,000438
suitabl 1,237874 0,000061
summari 1,469676 0,000072
summer 1,427116 0,000070
summerson 3,912023 0,000192
sundar 3,506558 0,001379
sundasuomisvenskatagalog 1,897120 0,000093
sunmi 3,912023 0,000192
sunwah 3,506558 0,000172
super 1,771957 0,000087
supersit 3,506558 0,000172
supersu 3,912023 0,000192
superus 3,506558 0,000172
supplier 1,832581 0,000090
support 0,150823 0,000475
supportedarticl 3,912023 0,000192
suprem 2,813411 0,000138
supremaci 3,218876 0,000158
sure 1,966113 0,000097
surfac 1,469676 0,000072
surpass 1,897120 0,000653
survei 0,462035 0,000023
surveil 1,560648 0,000307
surviv 1,609438 0,000079
suse 2,813411 0,000553
suspend 2,207275 0,000326
suspici 2,659260 0,000261
sustain 1,171183 0,000058
swap 1,966113 0,000097
sweet 2,995732 0,000295
swipe 3,506558 0,000690
switch 0,916291 0,000496
sydnei 2,813411 0,000138
symbian 2,207275 0,000651
system 0,010050 0,000074
systemdmobil 3,912023 0,000192
systemrescu 3,506558 0,000172
systemscloud 3,912023 0,000192
systemshidden 2,207275 0,000109
systemslinux 3,912023 0,000192
systemssoftwar 3,912023 0,000192
systemsx 3,912023 0,000192
tab 2,302585 0,000340
tabl -0,009950 -0,000001
tablet 1,832581 0,007208
tacker 3,912023 0,000192
tackl 2,525729 0,000124
tail 1,966113 0,000097
tailor 1,966113 0,000193
taintdroid 3,912023 0,000192
takahashi 3,506558 0,000172
take 0,210721 0,000135
taken 0,867501 0,000043
talk 1,108663 0,000109
tamper 2,407946 0,000118
tap 2,120264 0,000313
tardi 3,912023 0,000192
target 0,462035 0,000204
targetsdkvers 3,912023 0,000192
targetsmartphon 3,912023 0,000192
task 0,415515 0,000123
tatar 1,272966 0,000063
tcl 2,525729 0,000124
team 0,634878 0,000499
tech 0,843970 0,000373
techcrunch 1,660731 0,001551
techinasia 3,912023 0,000192
technic 0,478036 0,000094
technica 1,347074 0,003510
technolog 0,116534 0,000086
techradar 3,506558 0,000862
techrepubl 2,302585 0,000113
techspot 3,912023 0,000192
tecno 3,912023 0,000577
tee 3,218876 0,000475
telecommun 1,347074 0,000199
telegraph 2,040221 0,000301
telephon 2,040221 0,000201
telephoni 3,506558 0,000345
televis 1,514128 0,000149
tell 1,660731 0,000163
teller 2,659260 0,000131
templat 0,301105 0,000015
ten 1,347074 0,000066
term -0,009950 -0,000006
termin 0,941609 0,000093
terri 2,302585 0,000113
test 0,248461 0,000098
tether 2,302585 0,000113
tetun 2,813411 0,000138
texa 1,966113 0,000097
text -0,009950 -0,000003
thailand 2,525729 0,000124
thale 3,506558 0,000172
thank 2,207275 0,000109
thedroidgui 3,912023 0,000192
theguardian 3,912023 0,000385
thejourn 3,912023 0,000192
theme 2,040221 0,000100
themselv 0,843970 0,000083
theoret 0,776529 0,000038
thereaft 2,525729 0,000248
therefor 0,478036 0,000047
thereof 2,040221 0,000100
thermomet 3,912023 0,000192
thermostat 3,218876 0,000158
thing 0,798508 0,000510
think 1,049822 0,000258
third 0,342490 0,000505
thoma 0,527633 0,000052
thompson 1,714798 0,000084
thoroughli 2,995732 0,000147
though 0,544727 0,000080
thousand 1,386294 0,000136
thread 1,386294 0,000068
threadx 3,506558 0,000172
threat 1,309333 0,000579
three 0,287682 0,000141
throughout 1,078810 0,000053
thru 3,912023 0,000192
thu 0,314711 0,000031
thui 3,506558 0,000172
ti 0,328504 0,000032
ticker 2,813411 0,000138
tighter 3,506558 0,000345
tim 0,867501 0,000085
time 0,000000 0,000000
timelin 0,733969 0,000036
timestamp 2,040221 0,000100
timevagu 2,040221 0,000100
timothi 1,714798 0,000084
tinachishonacymraegdansk 3,506558 0,000172
tini 2,407946 0,000237
tip 2,407946 0,000118
titl -0,009950 -0,000000
tizen 3,218876 0,000317
todai 0,693147 0,000102
tofel 3,912023 0,000192
togeth 0,579818 0,000086
toggl -0,009950 -0,000006
toki 2,120264 0,000104
told 2,407946 0,000118
tom 1,203973 0,000474
tomorrow 2,525729 0,000124
took 1,237874 0,000122
tool -0,009950 -0,000008
toolbox 2,407946 0,000118
toolkit 1,427116 0,000070
toolsoffici 3,912023 0,000192
toomb 3,912023 0,000192
top -0,009950 -0,000008
topic -0,009950 -0,000001
topologilinux 3,506558 0,000172
torvald 2,659260 0,000261
toss 3,506558 0,000172
total 0,673345 0,000132
touch 2,040221 0,001103
touchpad 3,912023 0,000385
touchscreen 3,506558 0,001552
touchwiz 3,912023 0,000385
toward 0,713350 0,000070
toxic 2,207275 0,000109
toybox 3,218876 0,000633
trace 1,427116 0,000210
track 0,713350 0,000526
traction 3,218876 0,000158
trade 0,916291 0,000045
trademark -0,009950 -0,000005
tradit 0,544727 0,000080
traffic 1,272966 0,000063
train 0,967584 0,000048
tran 2,659260 0,000131
transit 1,171183 0,000058
translat 0,798508 0,000039
transmit 1,347074 0,000066
transpar 1,237874 0,000061
treat 0,967584 0,000190
trebl 3,912023 0,001346
tree 0,693147 0,000034
tremend 2,813411 0,000138
trend 0,733969 0,000144
trent 3,506558 0,000172
trevizo 3,912023 0,000192
tri 1,427116 0,000140
trial 1,609438 0,000237
trick 2,120264 0,000104
trickier 3,506558 0,000172
triniti 3,506558 0,000172
trip 3,218876 0,000158
trisquel 3,506558 0,000172
trivial 2,207275 0,000109
troll 3,912023 0,000192
true 0,776529 0,000038
truena 3,506558 0,000172
truli 1,897120 0,000093
trust 0,820981 0,000283
trusti 3,912023 0,001539
truth 1,714798 0,000084
try 0,994252 0,000244
tuaw 3,506558 0,000172
tug 3,912023 0,000192
tugag 3,912023 0,000192
tung 2,525729 0,000124
turbolinux 3,506558 0,000172
turkei 2,525729 0,000373
turkix 3,506558 0,000172
turn 0,776529 0,000344
tutori 1,347074 0,000132
tv 1,386294 0,000204
twelv 2,525729 0,000124
twitter 1,660731 0,000245
two 0,083382 0,000057
twrp 3,912023 0,000192
type 0,051293 0,000010
typemonolith 3,912023 0,000192
typic 0,186330 0,000055
ubport 3,506558 0,000172
ubuntu 2,407946 0,001421
uclibc 3,218876 0,000158
uhrman 3,912023 0,000385
ui 2,207275 0,000109
uiq 3,506558 0,000172
ulietuvi 1,049822 0,000052
ultra 2,302585 0,000226
ultramobil 3,912023 0,000192
umar 3,506558 0,000172
unabl 2,302585 0,000113
unauthoris 3,218876 0,000158
uncertifi 3,912023 0,000577
unclear 2,207275 0,000109
uncom 3,506558 0,000172
under -0,009950 -0,000010
understand 0,342490 0,000017
undervolt 3,912023 0,000192
undisclos 3,506558 0,000172
unearth 3,506558 0,000172
unfit 1,609438 0,000079
unfork 3,912023 0,000192
uninstal 3,218876 0,000317
union 0,994252 0,000098
uniqu 0,867501 0,000085
unit 0,248461 0,000171
uniti 2,813411 0,000277
univers 0,139262 0,000034
univis 3,912023 0,000385
unix 1,469676 0,000072
unknown 1,108663 0,000055
unless 1,237874 0,000183
unlik 0,653926 0,000064
unlock 2,302585 0,001132
unoffici 1,966113 0,000387
unpack 2,659260 0,000131
unpatch 3,506558 0,000172
unquestion 3,506558 0,000172
unrealist 2,813411 0,000138
unrespons 3,912023 0,000192
unsourc 0,446287 0,000044
unsupport 2,302585 0,000340
unsweeten 3,912023 0,000192
until 0,510826 0,000126
unveil 2,407946 0,000710
unwant 2,407946 0,000118
unwilling 3,912023 0,000192
uo 3,506558 0,000172
upcom 2,659260 0,000131
updat 0,342490 0,001768
upgrad 1,469676 0,001156
upon 0,673345 0,000166
upstream 2,659260 0,000261
urg 2,302585 0,000226
urldownload -0,009950 -0,000000
urlpag 3,506558 0,000172
uruk 3,506558 0,000172
usabl 1,714798 0,000084
usag 0,579818 0,000428
usb 2,302585 0,000113
usd 2,120264 0,000104
user 0,274437 0,001228
userland 2,813411 0,000138
userlandbion 3,912023 0,000192
userlinux 3,506558 0,000172
userspac 3,506558 0,000345
usual 0,198451 0,000049
utc -0,009950 -0,000000
util 0,597837 0,000029
utilitiesdefaultus 3,912023 0,000192
uyghurchevahcuenghv 3,506558 0,000172
uzair 3,912023 0,000192
vagu 1,660731 0,000082
valid 0,616186 0,000091
valuat 2,120264 0,000104
van 0,867501 0,000043
vanc 3,506558 0,000172
vari 0,478036 0,000094
variant 1,139434 0,000280
variat 0,994252 0,000196
varieti 0,616186 0,000121
variou 0,223144 0,000066
vast 1,514128 0,000074
vastli 2,525729 0,000124
vaughan 2,525729 0,000248
vault 2,407946 0,000237
vectorlinux 3,506558 0,000172
vehicl 1,309333 0,000064
vendor 1,139434 0,001008
venkat 3,506558 0,000172
venturebeat 2,659260 0,000654
verg 1,771957 0,004617
verifi 1,237874 0,000730
veriti 3,912023 0,000962
verizon 3,218876 0,000317
versatil 2,302585 0,000113
version -0,009950 -0,000046
via 0,186330 0,000055
vibrat 2,659260 0,000131
vic 3,912023 0,000192
vice 1,660731 0,000163
victor 2,407946 0,000118
video 0,597837 0,000235
view -0,009950 -0,000004
villa 3,506558 0,000172
vincent 1,771957 0,000087
vine 3,218876 0,000158
violat 1,386294 0,000341
virtual 0,462035 0,000341
viru 2,407946 0,000474
virus 2,407946 0,000118
visibl 1,021651 0,000100
vision 0,867501 0,000043
visit 1,714798 0,000084
visual 0,562119 0,000055
vita 3,506558 0,000172
vital 2,120264 0,000104
vivo 3,912023 0,000577
viz 3,218876 0,000158
vlad 2,813411 0,000415
voic 1,514128 0,000074
void 2,207275 0,000109
volum 0,616186 0,000121
von 1,469676 0,000072
vox 2,407946 0,004499
vrworld 3,912023 0,000192
vteandroid 3,912023 0,000192
vtelinux 2,995732 0,000147
vtemobil 3,506558 0,000172
vulkan 3,506558 0,001034
vulner 0,994252 0,000293
wage 2,302585 0,000113
wagenseil 3,912023 0,000192
wagon 3,506558 0,000172
wai 0,105361 0,000041
wait 1,771957 0,000174
waiv 3,506558 0,000172
wake 2,302585 0,000113
wakelock 3,912023 0,000577
wall 1,237874 0,000243
walter 1,514128 0,000074
want 0,820981 0,000161
war 1,078810 0,000318
warfar 2,207275 0,000109
warman 3,912023 0,000192
warn 1,272966 0,000250
warranti 2,525729 0,000124
warren 1,897120 0,000466
warrior 3,506558 0,000172
warzel 3,912023 0,000192
watch 1,237874 0,000183
watchdog 3,218876 0,000317
watcher 3,506558 0,000172
watcho 2,659260 0,000131
water 1,386294 0,000068
wauter 3,912023 0,000192
wayback 0,478036 0,000165
wccf 3,912023 0,000192
wccftech 3,912023 0,000192
weakest 3,506558 0,000172
wear 2,995732 0,001326
wearabl 2,407946 0,000355
weather 1,897120 0,000093
web 0,342490 0,000202
webo 3,506558 0,000172
websit 0,527633 0,000078
websiteandroid 3,912023 0,000192
week 1,171183 0,000345
welch 3,218876 0,000633
welcom 1,966113 0,000097
well 0,051293 0,000010
weslei 1,078810 0,000053
western 1,108663 0,000055
what -0,009950 -0,000008
wheel 2,120264 0,000104
wherea 1,049822 0,000155
whether 0,400478 0,000020
which 0,000000 0,000000
while 0,051293 0,000055
whilst 3,506558 0,000345
whirlwind 3,506558 0,000172
white 1,108663 0,000164
whitehorn 3,912023 0,000192
whitnei 2,525729 0,000124
whitson 3,912023 0,000385
whitwam 3,912023 0,000769
who 0,301105 0,000192
whole 0,916291 0,000090
whonixfedoracentosstream 3,506558 0,000172
whose 0,776529 0,000191
wide 0,210721 0,000073
wider 1,714798 0,000253
widget 2,525729 0,000373
wifi 2,813411 0,000138
wigger 3,506558 0,000172
wiki 1,427116 0,000070
wikidata 0,562119 0,000028
wikidatawikipedia 0,967584 0,000048
wikileak 3,912023 0,000385
wikimedia -0,009950 -0,000001
wikipedia -0,009950 -0,000004
wikipediacontact -0,009950 -0,000000
wilei 0,562119 0,000028
wilhelm 2,302585 0,000113
wilson 1,469676 0,000145
win 1,469676 0,000217
wind 1,966113 0,000193
window 0,891598 0,001797
winux 3,506558 0,000172
wipe 2,525729 0,000124
wire 0,941609 0,000509
wireless 1,078810 0,000477
wirelessli 3,218876 0,000158
withdraw 2,207275 0,000109
within 0,116534 0,000052
without 0,094311 0,000060
won 1,469676 0,000434
wood 1,897120 0,000093
word 0,446287 0,000066
work 0,030459 0,000028
workaround 3,218876 0,000317
world 0,139262 0,000157
worldwid 1,108663 0,001417
worri 2,525729 0,000124
wors 2,040221 0,000100
worst 2,120264 0,000104
wrap 2,120264 0,000208
wrist 3,218876 0,000158
write 0,527633 0,000130
writeabl 3,912023 0,000192
written 0,287682 0,000113
wrong 1,560648 0,000153
wrote 1,078810 0,000424
wsa 3,912023 0,000385
wsj 2,995732 0,000295
www 0,356675 0,000053
wyci 3,912023 0,000192
xandro 3,506558 0,000172
xda 3,506558 0,001207
xiaomi 3,506558 0,002931
xml 1,203973 0,000059
xnu 3,506558 0,000172
xo 3,506558 0,000345
xoboto 3,912023 0,000192
xolo 3,912023 0,000192
xoom 3,912023 0,000385
xperia 3,912023 0,000577
xubuntu 3,506558 0,000172
yahoo 1,832581 0,000180
yamshon 3,912023 0,000192
yandex 2,207275 0,000109
yang 1,966113 0,000097
yarow 3,912023 0,000192
year 0,162519 0,000384
yellow 2,407946 0,000118
yin 2,995732 0,000147
york 0,371064 0,000182
youtub 1,272966 0,000250
ypyx 3,912023 0,000192
yue 2,995732 0,000147
yun 3,218876 0,000158
zbekcha 0,462035 0,000023
zdnet 1,560648 0,000997
zenfon 3,912023 0,000385
zenwalk 3,506558 0,000172
zepp 3,506558 0,000172
zero 0,693147 0,000170
ziegler 3,506558 0,000345
ziff 2,995732 0,000147
zircon 3,506558 0,000172
zoom 3,218876 0,000158
zorin 3,506558 0,000172
zte 3,506558 0,000172
zui 3,912023 0,000192
