aabi 3,912023 0,000715
ab 1,966113 0,000359
abdelaziz 3,912023 0,000715
abdullah 2,813411 0,000514
abelson 3,506558 0,001281
abil 0,562119 0,000205
abl 0,733969 0,000268
abstract 0,713350 0,001173
academ 0,693147 0,000253
academia 2,120264 0,000387
acceler 1,021651 0,000187
accept 0,634878 0,000348
access 0,127833 0,000140
accord 0,287682 0,000158
account -0,009950 -0,000004
achiev 0,510826 0,000467
acm 0,755023 0,000690
across 0,415515 0,000152
action -0,009950 -0,000002
ad 0,198451 0,000217
ada 1,609438 0,001176
adapt 0,798508 0,000146
add -0,009950 -0,000002
addison 1,203973 0,001100
addit -0,009950 -0,000013
addition 0,967584 0,000177
address 0,342490 0,000063
adopt 0,415515 0,000152
advanc 0,235722 0,000086
advertis 1,347074 0,000246
aerospac 1,771957 0,000324
affect 0,693147 0,000127
afrikaansalemannisch 2,040221 0,000373
ag 0,867501 0,000158
agre -0,009950 -0,000004
ahead 1,427116 0,000521
aid 0,843970 0,000154
airei 3,912023 0,000715
aisgaeilgeg 3,912023 0,000715
alan 1,049822 0,000575
albert 2,659260 0,001457
aldrich 3,218876 0,000588
alexand 1,237874 0,000226
algebratruth 3,912023 0,000715
algol 1,897120 0,001733
algorithm 0,462035 0,000844
alias 2,302585 0,000421
allow 0,061875 0,000170
along 0,462035 0,000084
alphabet 1,469676 0,000537
alt 2,407946 0,000440
alter 1,469676 0,000805
although 0,287682 0,000631
alwai 0,597837 0,000109
ambigu 1,386294 0,000253
america 0,967584 0,000177
among 0,356675 0,000065
amount 0,579818 0,000212
amp -0,009950 -0,000062
analys 1,309333 0,000239
analysi 0,186330 0,000374
andrew 0,820981 0,000150
ani 0,083382 0,000137
anim 1,021651 0,000187
ann 1,514128 0,000277
anoth 0,127833 0,000140
ansi 2,207275 0,000806
anthoni 1,714798 0,000313
apl 2,040221 0,000373
appear -0,009950 -0,000004
appli -0,009950 -0,000005
applic 0,030459 0,000078
appreci 2,995732 0,000547
approach 0,174353 0,000096
appropri 0,867501 0,000317
apress 1,966113 0,000359
april 0,072571 0,000080
aragon 1,171183 0,000214
architectur 0,400478 0,000658
archiv 0,040822 0,000171
argu 0,994252 0,000182
argument 1,171183 0,000214
arithmet 1,272966 0,000465
arm 1,469676 0,000268
around 0,356675 0,000195
arrai 0,994252 0,000908
art 0,673345 0,000123
articl 0,000000 0,000000
articleabout -0,009950 -0,000002
articletalk -0,009950 -0,000002
artifact 2,995732 0,000547
artifici 0,994252 0,001090
arxiv 1,078810 0,000197
ascii 1,897120 0,000347
aspect 0,616186 0,000113
assembl 0,867501 0,000634
assert 1,514128 0,000277
assess 1,021651 0,000560
assign 0,798508 0,000583
associ 0,127833 0,000047
assum 0,891598 0,000163
asturianuaz 1,427116 0,000261
atom 1,309333 0,000957
attach 1,514128 0,000277
attribut -0,009950 -0,000004
augment 1,237874 0,000226
august 0,162519 0,000356
austin 2,207275 0,000403
australia 1,309333 0,000239
author 0,040822 0,000037
autom 0,597837 0,000218
automat 0,462035 0,000169
automata 1,897120 0,000693
avail -0,009950 -0,000007
averag 0,967584 0,000177
avoid 0,579818 0,000106
awai 1,139434 0,000208
bachelor 2,525729 0,000461
back 0,462035 0,000084
backu 3,912023 0,000715
bahasa 0,186330 0,000034
ballerina 3,912023 0,001429
baluprithviraj 3,912023 0,000715
base 0,010050 0,000011
basic 0,198451 0,000254
batch 1,771957 0,000324
bauer 3,218876 0,000588
becam 0,579818 0,000424
becaus 0,127833 0,000117
becom 0,274437 0,000050
begin 0,385662 0,000141
behavior 0,342490 0,000500
benefit 0,776529 0,000567
benjamin 1,386294 0,000253
bertolini 3,912023 0,000715
better 0,494296 0,000090
bezanson 3,506558 0,000640
bharathi 3,912023 0,000715
bia 1,660731 0,000303
bieman 3,912023 0,000715
biologi 1,347074 0,000246
birth 1,897120 0,000347
bit 1,078810 0,000197
block 0,597837 0,000218
blockli 2,995732 0,000547
blueprint 2,813411 0,000514
blur 2,995732 0,000547
bnf 3,912023 0,000715
board 0,843970 0,000154
boarischbosanskibrezhoneg 2,407946 0,000440
bokm 0,127833 0,000023
book 0,210721 0,000115
boolean 1,560648 0,000285
boom 2,120264 0,000387
border 1,771957 0,000324
braunschweig 3,912023 0,000715
brook 1,660731 0,000303
brown 1,237874 0,000226
bruce 1,514128 0,000277
build 0,274437 0,000050
built 0,462035 0,000084
busbe 3,912023 0,000715
byte 1,560648 0,000285
bytecod 1,966113 0,000359
calculuspred 3,912023 0,000715
call 0,030459 0,000050
cambridg 0,755023 0,000138
caml 2,040221 0,000373
cannot 0,314711 0,000115
cano 3,912023 0,000715
capabl 0,562119 0,000103
capac 1,237874 0,000226
carbon 1,609438 0,000294
card 0,994252 0,000182
carri 0,967584 0,000177
case 0,083382 0,000091
cast 1,832581 0,000669
catal 0,094311 0,000017
catch 1,966113 0,000359
categor 1,171183 0,000428
categori -0,009950 -0,000013
categoryvt 3,506558 0,000640
cdot 2,525729 0,000923
center 0,415515 0,000152
central 0,478036 0,000087
centuri 0,843970 0,000462
certain 0,274437 0,000050
chain 0,843970 0,000154
challeng 0,400478 0,000146
chang 0,051293 0,000037
changesupload -0,009950 -0,000004
charact 0,843970 0,000771
character 1,203973 0,000220
charl 0,941609 0,000172
chauhan 2,995732 0,000547
cheaper 2,040221 0,000745
check 0,634878 0,001044
chemistri 1,427116 0,000261
chendhuran 3,912023 0,000715
chip 1,309333 0,000239
chitumbukacymraegdansk 3,912023 0,000715
chomski 3,218876 0,000588
christoph 1,078810 0,000197
circuit 0,967584 0,000353
circumst 1,897120 0,000347
citat 0,248461 0,000363
cite 0,597837 0,000328
claim 0,634878 0,000116
class 0,446287 0,000082
classic 0,544727 0,000099
classif 1,021651 0,000746
classifi 0,967584 0,000707
classificationprogram 3,912023 0,000715
cleanup 2,302585 0,000421
cleanuparticl 3,506558 0,000640
clearer 3,506558 0,000640
clearli 1,771957 0,000324
client 0,713350 0,000261
clinger 3,912023 0,000715
clojur 2,995732 0,000547
close 0,356675 0,000261
closer 1,660731 0,000303
clr 3,218876 0,000588
clutter 2,995732 0,000547
cobol 1,966113 0,001436
code -0,009950 -0,000071
coder 2,407946 0,000440
coercion 3,218876 0,000588
collect 0,274437 0,000100
collis 1,966113 0,000359
colorless 3,506558 0,000640
com 0,150823 0,000138
combin 0,261365 0,000334
come 0,356675 0,000326
command 0,891598 0,000651
comment 1,049822 0,000192
commerc 1,021651 0,000187
commerci 0,527633 0,000193
commit 1,108663 0,000202
common -0,009950 -0,000016
commonli 0,342490 0,000626
commonsmediawikiwikibookswikifunctionswikiquotewikiversitywikidata 3,506558 0,000640
commonsquot 2,302585 0,000421
commun 0,139262 0,000178
compar 0,342490 0,000125
comparison 0,371064 0,000203
compat 0,693147 0,000127
compet 1,139434 0,000208
compil 0,755023 0,003585
complement 1,966113 0,000718
complet 0,223144 0,000122
completenessscop 3,912023 0,000715
complex 0,186330 0,000306
compon 0,261365 0,000095
compos 1,171183 0,000214
compress 1,108663 0,000202
comput 0,020203 0,000358
computersci 3,912023 0,001429
computerworld 1,609438 0,000294
concept 0,198451 0,000544
concis 1,966113 0,000359
conclus 1,660731 0,000303
concurr 0,994252 0,001816
condit 0,579818 0,000106
condition 2,813411 0,000514
conduct -0,009950 -0,000002
confer 0,274437 0,000150
configur 0,798508 0,000146
conform 1,272966 0,000233
connect 0,430783 0,000157
consid 0,274437 0,000251
consist 0,301105 0,000110
construct 0,579818 0,001059
consum 0,653926 0,000239
consumpt 1,139434 0,000208
contact -0,009950 -0,000004
contain 0,162519 0,000059
contemporari 1,347074 0,000246
contend 3,218876 0,001176
content -0,009950 -0,000009
context 0,446287 0,000408
contrast 0,891598 0,000326
contribut -0,009950 -0,000002
contributor 1,832581 0,000335
control 0,020203 0,000037
convers 0,776529 0,000567
cook 1,771957 0,000324
cooki -0,009950 -0,000002
coordin 1,309333 0,000239
corpor 0,562119 0,000205
correct 0,820981 0,001200
cost 0,385662 0,000564
costli 2,207275 0,000403
count 0,916291 0,000502
cover 0,733969 0,000268
cpu 1,347074 0,000738
creat -0,009950 -0,000009
creativ -0,009950 -0,000002
critic 0,385662 0,000070
cross 0,562119 0,000205
cryptographi 1,560648 0,000285
css 1,897120 0,000347
cultur 1,049822 0,000192
cumbersom 3,218876 0,000588
curriculum 2,302585 0,000421
cyber 1,427116 0,000261
cyberwarfar 1,897120 0,000347
daniel 0,776529 0,000284
data 0,030459 0,000189
databas 0,072571 0,000027
datajapanczech 1,469676 0,000268
date 0,210721 0,000038
dave 1,771957 0,000324
david 0,385662 0,000493
deal 0,843970 0,000154
dealt 2,659260 0,000486
debat 1,272966 0,000233
debug 1,660731 0,000607
debunk 2,995732 0,000547
decad 1,078810 0,000197
decemb 0,061875 0,000057
decid 0,867501 0,000317
decim 1,660731 0,000303
decis 0,400478 0,000073
declar 1,108663 0,000810
dedic 1,272966 0,000233
defin 0,116534 0,000362
definit 0,186330 0,000340
degre 0,916291 0,000335
depend 0,105361 0,000077
deploy 1,049822 0,000192
descend 2,525729 0,001845
describ 0,174353 0,000159
descript -0,009950 -0,000009
descriptionshort 0,000000 0,000000
design 0,040822 0,000224
desir 0,941609 0,000688
despit 1,021651 0,000187
detail 0,510826 0,000280
detect 0,755023 0,000552
determin 0,342490 0,000125
detriment 2,995732 0,000547
deutscheesti 2,040221 0,000373
develop -0,009950 -0,000031
deviat 1,771957 0,000324
dialect 2,995732 0,005472
differ 0,010050 0,000035
differenti 0,916291 0,000167
difficult 0,597837 0,000437
digit 0,400478 0,000439
dijkstra 2,995732 0,001094
direct 0,261365 0,000048
directli 0,415515 0,000228
disclaim -0,009950 -0,000002
discret 1,049822 0,000192
discuss 0,494296 0,000090
dismiss 2,302585 0,000421
dispatch 2,407946 0,000880
displaystyl 1,386294 0,003292
disput 1,309333 0,000239
distant 2,995732 0,000547
distinct 0,544727 0,000199
distinguish 0,733969 0,000134
distribut 0,198451 0,000109
disus 3,912023 0,000715
diverg 1,966113 0,000359
dmy 0,994252 0,000182
document 0,328504 0,000120
doi 0,162519 0,000119
domain 0,544727 0,000796
domin 1,021651 0,000560
donat -0,009950 -0,000004
door 2,040221 0,000373
doubl 0,843970 0,000154
down 0,597837 0,000109
downarrow 3,912023 0,000715
download -0,009950 -0,000002
downsid 2,525729 0,000923
dramat 1,832581 0,000335
drive 0,867501 0,000158
drug 1,609438 0,000294
dsl 2,995732 0,000547
due 0,261365 0,000191
dynam 0,342490 0,000751
earli 0,301105 0,000330
earliest 1,021651 0,000373
eas 1,897120 0,001040
easier 1,049822 0,000575
easili 0,843970 0,000462
ebasa 2,995732 0,000547
ecosystem 1,108663 0,000202
ed 0,210721 0,000038
edelman 2,995732 0,000547
edit -0,009950 -0,000062
editcommun -0,009950 -0,000002
edmund 2,659260 0,000486
edsger 3,218876 0,001176
educ 0,494296 0,000271
effici 0,287682 0,000315
effort 0,653926 0,000358
either 0,248461 0,000227
electron 0,430783 0,000236
eleg 2,813411 0,000514
element 0,301105 0,000275
elementari 1,771957 0,000324
elimin 0,867501 0,000158
elixir 1,771957 0,000324
elli 2,302585 0,000841
elsewher 2,040221 0,000373
emait 1,560648 0,000285
embed 0,755023 0,000414
emphas 1,347074 0,000246
empir 1,108663 0,000202
enabl 0,274437 0,000351
encod 1,203973 0,000440
encyclopedia -0,009950 -0,000002
energi 0,843970 0,000154
enforc 0,916291 0,000167
engin 0,061875 0,000124
english -0,009950 -0,000004
englishsloven 0,510826 0,000093
enhanc 0,510826 0,000093
enjoi 2,407946 0,000440
enterpris 0,446287 0,000163
enticknap 3,912023 0,000715
enumer 2,040221 0,000373
environ 0,385662 0,000211
epigram 3,912023 0,000715
equiv 3,912023 0,001429
equival 0,820981 0,000300
ericsson 2,995732 0,000547
erlang 1,714798 0,000626
error 0,430783 0,000865
esoter 3,506558 0,001281
espa 0,210721 0,000038
essenti 0,634878 0,000580
estim 0,820981 0,000150
evalu 0,562119 0,000513
even 0,235722 0,000129
eventsrandom -0,009950 -0,000002
eventu 0,798508 0,000146
ewd 3,912023 0,000715
exactli 1,171183 0,000214
exampl 0,020203 0,000052
except 0,733969 0,001877
exchang 0,579818 0,000212
exclud 1,660731 0,000303
execut 0,356675 0,001954
exhibit 2,207275 0,000403
exist 0,186330 0,000204
expect 0,494296 0,000181
expens 1,108663 0,000202
explain 0,798508 0,000146
explicit 1,171183 0,000642
explicitli 0,916291 0,000335
exploit 1,078810 0,000197
export -0,009950 -0,000002
express 0,544727 0,002288
extens 0,342490 0,000188
extern 0,030459 0,000011
extrem 0,941609 0,000344
face 1,021651 0,000187
facilit 0,916291 0,000335
fact 0,579818 0,000106
factor 0,544727 0,000099
fail 0,693147 0,000380
fallen 2,995732 0,000547
fals 1,237874 0,000452
far 0,867501 0,000158
fast 0,673345 0,000123
fault 1,237874 0,000226
favor 1,139434 0,000208
featur 0,210721 0,000462
februari 0,061875 0,000045
fernando 2,525729 0,000461
fewer 1,897120 0,000347
field 0,314711 0,000172
fifth 2,040221 0,000745
figur 1,272966 0,000233
fiji 1,897120 0,000347
file 0,446287 0,000082
fileperman -0,009950 -0,000002
filespeci -0,009950 -0,000002
final 0,494296 0,000090
financ 0,843970 0,000154
find 0,371064 0,000203
finit 1,560648 0,000855
finkel 3,912023 0,000715
first 0,020203 0,000063
five 0,776529 0,000425
fix 0,385662 0,000211
flag 2,302585 0,000421
flavor 2,995732 0,001094
flaw 1,469676 0,000268
flexibl 1,139434 0,000624
float 1,347074 0,001230
flow 0,430783 0,000236
follow 0,072571 0,000093
foolish 3,912023 0,000715
footnot 2,813411 0,001028
form 0,072571 0,000212
formal 0,510826 0,001400
format 0,634878 0,000232
formula 1,427116 0,000261
forth 1,560648 0,000855
fortran 1,560648 0,001995
found 0,274437 0,000150
foundat -0,009950 -0,000002
fourth 1,560648 0,000285
fragment 1,897120 0,000347
framework 0,287682 0,000053
franklyn 3,912023 0,000715
franz 2,995732 0,000547
frederick 2,659260 0,000486
free -0,009950 -0,000005
friedman 1,771957 0,000324
fulli 0,616186 0,000450
function 0,030459 0,000061
functionboolean 3,912023 0,000715
functionfunct 3,912023 0,000715
fundament 0,478036 0,000175
furious 3,506558 0,000640
further 0,139262 0,000153
gabbrielli 3,912023 0,018578
gaber 3,912023 0,000715
gain 0,616186 0,000113
game 0,478036 0,000349
garbag 1,832581 0,000335
gelernt 3,912023 0,000715
gener -0,009950 -0,000033
geograph 1,078810 0,000197
geometri 1,347074 0,000246
georgina 3,912023 0,000715
gerald 2,407946 0,000440
gerard 2,659260 0,000486
gifford 3,912023 0,000715
gill 2,525729 0,000461
give 0,446287 0,000082
given 0,261365 0,000095
gl 2,813411 0,001542
global 0,446287 0,000245
glossari 0,867501 0,000317
glynn 3,912023 0,000715
goal 0,562119 0,000103
god 2,995732 0,000547
goe 1,237874 0,000226
gonz 2,995732 0,000547
googl 0,579818 0,000212
govern 0,544727 0,000099
grai 2,120264 0,000387
grammar 1,966113 0,002873
grammat 3,218876 0,002352
grand 2,120264 0,000387
graphic 0,733969 0,000536
greater 0,755023 0,000552
green 0,916291 0,000335
group 0,186330 0,000034
grown 1,897120 0,000347
growth 0,733969 0,000268
guid 0,287682 0,000053
hacker 1,309333 0,000239
hall 0,653926 0,000836
halt 2,040221 0,000373
hand 0,494296 0,000361
handbook 0,941609 0,000172
handl 0,415515 0,000531
handler 2,207275 0,000806
hanson 2,813411 0,000514
hard 1,049822 0,000383
harder 2,040221 0,000373
hardwar 0,579818 0,001589
haridi 3,912023 0,000715
harlow 2,995732 0,000547
harold 2,120264 0,000387
harper 2,302585 0,000421
haskel 1,514128 0,000553
hayn 3,912023 0,000715
healthcar 1,347074 0,000246
heap 1,966113 0,000718
heavili 1,203973 0,000220
hello 1,714798 0,000313
help 0,174353 0,000191
helplearn -0,009950 -0,000002
hererel -0,009950 -0,000002
hidden 0,843970 0,000154
hide -0,009950 -0,000011
hierarchi 1,469676 0,000268
high 0,223144 0,000204
higher 0,430783 0,000079
highlight 1,309333 0,000239
hindifran 2,525729 0,000461
histor 0,579818 0,000106
histori -0,009950 -0,000015
hopl 3,912023 0,001429
hornjoserbscehrvatskiidoilokanobahasa 3,506558 0,000640
horowitz 2,813411 0,001028
host 0,755023 0,000138
hour 1,386294 0,000253
howev 0,094311 0,000086
html 1,078810 0,000394
http -0,009950 -0,000002
human 0,527633 0,001156
hybrid 1,139434 0,000416
ibm 0,693147 0,000253
icai 3,506558 0,000640
icsoft 3,912023 0,000715
idea 0,527633 0,001060
identifi 0,356675 0,000130
idhliggalego 2,525729 0,000461
ieee 0,634878 0,000464
ignor 1,078810 0,000197
ill 2,120264 0,000387
illegitim 3,912023 0,000715
imag 0,494296 0,000090
immedi 0,967584 0,000353
imper 1,560648 0,002280
implement 0,105361 0,000520
implementor 3,506558 0,001281
impli 0,994252 0,000363
implic 1,309333 0,000239
implicit 1,514128 0,000830
import 0,162519 0,000119
imposs 1,309333 0,000239
improv 0,150823 0,000165
ina 0,356675 0,000065
inadequ 2,525729 0,000461
inasloven 0,616186 0,000113
inc -0,009950 -0,000005
includ 0,000000 0,000000
increas 0,287682 0,000473
increasingli 0,776529 0,000142
index -0,009950 -0,000007
indic 0,356675 0,000065
indirectli 1,771957 0,000324
individu 0,314711 0,000057
indonesiainterlinguainterlingueisizulu 2,813411 0,000514
inexperienc 3,912023 0,000715
infer 1,139434 0,001041
influenc 0,579818 0,000424
influenti 1,897120 0,000347
inform 0,061875 0,000147
informationcit -0,009950 -0,000002
inherit 1,609438 0,000882
initi 0,235722 0,000043
innov 0,820981 0,000300
input 0,634878 0,000580
inset 3,912023 0,000715
insid 0,579818 0,000106
instead 0,301105 0,000055
instruct 1,108663 0,002227
insuffici 1,966113 0,000359
integ 1,139434 0,001665
integr 0,174353 0,000191
intellectu 1,897120 0,000347
intellig 0,510826 0,000653
intend 0,478036 0,000262
intent 1,171183 0,000214
interact 0,356675 0,000456
interchang 1,714798 0,000313
interfac 0,494296 0,000271
interleav 3,218876 0,000588
intermedi 1,309333 0,000478
intern 0,040822 0,000052
internationalgndfastnationalunit 1,237874 0,000226
internet 0,462035 0,000253
interpret 0,579818 0,001694
intrins 1,714798 0,000313
introduc 0,210721 0,000192
introduct 0,210721 0,000231
intrus 1,832581 0,000335
invari 2,120264 0,000387
invent 1,021651 0,000933
invest 0,967584 0,000177
investig 1,078810 0,000197
involv 0,415515 0,000152
isbn 0,051293 0,000122
isplattd 2,120264 0,000387
issn 0,478036 0,000087
issu 0,314711 0,000057
item -0,009950 -0,000002
iter 1,272966 0,000233
jagannathan 3,912023 0,000715
jai 1,966113 0,000359
januari 0,083382 0,000091
japanes 1,771957 0,000324
java 0,891598 0,001140
javascript 1,021651 0,000560
jawa 1,560648 0,000285
jeff 1,560648 0,000285
jeffrei 1,514128 0,000277
job 1,171183 0,000428
john 0,198451 0,000181
jonathan 1,347074 0,000492
jstor 0,843970 0,000308
juli 0,127833 0,000070
julia 1,514128 0,000830
jump -0,009950 -0,000002
june 0,094311 0,000103
karpinski 3,506558 0,000640
kassel 3,912023 0,000715
kaufmann 1,897120 0,000693
kegler 3,912023 0,000715
kei 0,314711 0,000115
kelsei 3,218876 0,000588
kenneth 1,966113 0,000359
kent 2,813411 0,000514
kind 0,673345 0,000369
kiswahilikurd 1,897120 0,000347
knowledg 0,597837 0,000218
known 0,127833 0,000070
kodoski 3,912023 0,000715
kotlin 1,897120 0,000347
krishnamurthi 3,506558 0,000640
label 1,049822 0,000192
labview 3,506558 0,001281
land 1,309333 0,000478
lando 3,912023 0,000715
languag -0,009950 -0,000591
languageslevel 3,912023 0,000715
languagesmathemat 3,912023 0,000715
languagesnotationmathemat 3,912023 0,000715
languagetyp 3,912023 0,000715
lapujad 3,912023 0,000715
larg 0,127833 0,000117
last -0,009950 -0,000002
later 0,223144 0,000082
latest 0,994252 0,000182
latinalatvi 1,203973 0,000220
latter 0,916291 0,000167
lead 0,287682 0,000105
learn 0,162519 0,000267
lectur 1,139434 0,000208
lee 0,994252 0,000363
leftarrow 3,912023 0,002144
leftrightarrow 3,506558 0,001281
leftrightharpoon 3,912023 0,000715
legal -0,009950 -0,000002
leivant 3,912023 0,000715
length 1,237874 0,000678
leroi 3,506558 0,000640
lesli 2,659260 0,000486
less 0,430783 0,000393
letter 0,843970 0,000154
level 0,083382 0,000152
lexic 2,040221 0,000373
lez 2,995732 0,000547
librari 0,356675 0,000326
licens -0,009950 -0,000002
like 0,051293 0,000103
limit 0,186330 0,000136
line 0,261365 0,000286
linguist 2,040221 0,000745
link -0,009950 -0,000005
linkpag -0,009950 -0,000002
linksaccuraci 3,912023 0,000715
lisp 1,386294 0,002532
list 0,051293 0,000178
listarticl 3,218876 0,000588
liter 1,714798 0,000313
literatur 1,272966 0,000233
lnorsk 0,653926 0,000119
locat 0,527633 0,000096
log -0,009950 -0,000004
logic 0,616186 0,001688
logicboolean 3,912023 0,000715
logicphilosophi 3,912023 0,000715
logicprogram 3,912023 0,000715
lojban 2,659260 0,000486
lokeshwaran 3,912023 0,000715
lombardmagyar 1,832581 0,000335
lor 3,912023 0,002858
low 0,478036 0,000087
lower 0,673345 0,000246
ltd 1,203973 0,000440
lua 1,897120 0,000347
lux 0,371064 0,000068
machin 0,040822 0,000194
maclennan 3,912023 0,000715
macmillan 1,660731 0,000303
macqueen 3,912023 0,000715
macro 2,120264 0,001162
mactech 3,912023 0,000715
made 0,186330 0,000034
main -0,009950 -0,000027
mainfram 2,207275 0,001209
mainli 1,021651 0,000187
maint 0,798508 0,000292
maintain 0,400478 0,000073
mainten 0,843970 0,000308
make 0,061875 0,000136
man 0,843970 0,000154
manag 0,105361 0,000096
mani 0,061875 0,000215
manipul 0,673345 0,000246
manner 1,469676 0,000805
map 0,616186 0,000225
march 0,116534 0,000064
mark 0,261365 0,000095
market 0,446287 0,000082
markup 1,966113 0,001077
marri 2,995732 0,000547
marti 3,218876 0,000588
martini 3,912023 0,018578
marvin 2,525729 0,000461
mask 1,832581 0,000335
match 0,400478 0,000073
materi 0,616186 0,000225
mathemat 0,616186 0,000563
mathop 3,912023 0,001429
mathrel 3,912023 0,002858
matlab 1,660731 0,000910
maurizio 3,218876 0,000588
mayer 2,525729 0,000461
mean 0,083382 0,000183
meaningless 3,506558 0,000640
measur 0,371064 0,000339
mechan 0,356675 0,000065
meet 0,527633 0,000096
melayuminangkabau 2,040221 0,000373
memori 0,562119 0,000513
mention 1,237874 0,000226
menu -0,009950 -0,000004
mere 1,609438 0,000294
messag 0,400478 0,000293
metalanguag 3,912023 0,000715
metaprogram 2,995732 0,001094
metatheori 3,912023 0,000715
method 0,150823 0,000165
methodolog 0,994252 0,000182
michael 0,385662 0,000211
microprocessor 2,407946 0,000440
microsoft 0,579818 0,000106
mid 0,994252 0,000545
middlewar 1,832581 0,000335
militari 1,469676 0,000268
milner 3,506558 0,000640
mine 0,916291 0,000167
minim 0,579818 0,000106
minu 3,218876 0,000588
mirand 3,218876 0,000588
mit 0,776529 0,001135
mitchel 2,525729 0,000923
mix 0,891598 0,000163
mobil -0,009950 -0,000004
model 0,116534 0,000255
modern 0,314711 0,000057
modifi 0,527633 0,000096
modular 1,427116 0,000261
monitor 1,021651 0,000187
month 0,776529 0,000284
morgan 1,309333 0,000478
morin 3,218876 0,000588
morri 1,832581 0,000335
move -0,009950 -0,000007
much 0,400478 0,000146
muffi 3,912023 0,000715
multi 0,342490 0,000125
multimedia 1,386294 0,000253
multipl 0,094311 0,000189
multiprocess 1,832581 0,000335
multithread 1,832581 0,000335
murdoch 3,506558 0,000640
murdock 3,506558 0,000640
myth 2,040221 0,000373
mythic 3,506558 0,000640
name 0,162519 0,000267
nand 3,912023 0,000715
narasimhan 3,912023 0,000715
narrow 2,207275 0,000403
natur 0,356675 0,001107
naur 3,218876 0,000588
navig -0,009950 -0,000002
near 1,171183 0,000214
need 0,030459 0,000078
neg 0,967584 0,000353
net 0,385662 0,000141
netoti 1,771957 0,000324
network 0,127833 0,000257
neumann 1,771957 0,000971
new 0,010050 0,000031
newer 1,309333 0,000239
newspap 1,347074 0,000246
next 0,400478 0,000073
nichola 1,560648 0,000285
nimpli 3,912023 0,000715
nleftarrow 3,912023 0,000715
nleftrightarrow 3,912023 0,000715
nofr 3,912023 0,002144
non -0,009950 -0,000004
nonequival 3,912023 0,000715
nonetheless 2,659260 0,000486
nonimpl 3,912023 0,001429
nordfriisknorsk 1,714798 0,000313
notabl 0,616186 0,000113
notat 0,941609 0,000516
notationhidden 3,912023 0,000715
note 0,150823 0,000028
notic 1,427116 0,000521
novemb 0,150823 0,000055
novic 2,407946 0,000440
nrightarrow 3,912023 0,000715
nski 3,218876 0,000588
null 1,309333 0,000478
number 0,040822 0,000142
numer 0,430783 0,000157
nynorskoccitan 1,897120 0,000347
object 0,174353 0,000191
obviou 2,120264 0,000387
ocaml 1,966113 0,000359
occupi 1,897120 0,000347
occur 0,510826 0,000467
octob 0,139262 0,000153
odot 3,912023 0,000715
off 0,673345 0,000123
offer 0,248461 0,000045
often 0,127833 0,000350
oldid -0,009950 -0,000002
olesperantoestrem 2,525729 0,000461
omit 1,714798 0,000313
onlin 0,415515 0,000076
onto 1,660731 0,000303
ontolog 1,660731 0,000303
oop 3,506558 0,001281
open 0,150823 0,000303
oper 0,010050 0,000044
oplu 3,506558 0,000640
optim 0,415515 0,000152
option 0,527633 0,000289
oracl 1,078810 0,000394
order 0,094311 0,000103
ordin 2,207275 0,000403
oreilli 2,995732 0,000547
org -0,009950 -0,000007
organ -0,009950 -0,000005
orient 0,653926 0,000717
origin -0,009950 -0,000033
orthogon 2,302585 0,000421
out 0,261365 0,000048
outlin 0,562119 0,000205
outperform 2,120264 0,000387
output 0,597837 0,000109
outsid 0,776529 0,000142
over 0,094311 0,000069
overal 0,967584 0,000177
overflow 1,771957 0,000324
overlap 1,309333 0,000239
overlin 3,218876 0,004115
overload 1,897120 0,000347
oxford 0,843970 0,000154
packt 2,120264 0,000775
page -0,009950 -0,000009
pagecontentscurr -0,009950 -0,000002
pageget -0,009950 -0,000002
pagesus 1,469676 0,000268
pagethi 2,659260 0,000486
pair 1,309333 0,000239
paper 0,527633 0,000096
paradigm 0,941609 0,000516
parallel 0,941609 0,000344
paramet 0,755023 0,000414
parenthes 2,207275 0,000403
parquet 3,912023 0,000715
pars 1,514128 0,001106
parser 2,207275 0,000403
part 0,072571 0,000053
partial 0,916291 0,000167
particular 0,301105 0,000055
particularli 0,597837 0,000109
pascal 1,347074 0,000984
pass 0,776529 0,000142
pd 3,218876 0,000588
pdfprintabl -0,009950 -0,000002
pearson 1,347074 0,000492
pend 2,120264 0,000387
peopl 0,356675 0,000326
per 0,616186 0,000450
perform 0,040822 0,000104
peripher 1,832581 0,000335
perl 1,347074 0,001476
perli 3,912023 0,001429
perman 1,272966 0,000233
person -0,009950 -0,000005
peter 0,446287 0,000163
pez 2,659260 0,000486
pharmacoepidemiolog 3,912023 0,000715
phase 1,347074 0,000246
philip 1,469676 0,000268
philosophi 0,994252 0,000182
photograph 1,714798 0,000313
php -0,009950 -0,000007
physic 0,446287 0,000245
piec 1,309333 0,000478
piemont 1,427116 0,000261
pierc 3,506558 0,000640
pipe 2,407946 0,000440
plan 0,430783 0,000079
platform 0,400478 0,000146
pleas 0,755023 0,000276
plu 1,203973 0,000220
pmid 0,994252 0,000363
point 0,186330 0,000068
pointer 1,771957 0,000971
polici -0,009950 -0,000004
pollin 3,218876 0,000588
polymorph 1,966113 0,000718
ponat 2,120264 0,000387
popular 0,400478 0,000951
popularli 3,912023 0,000715
portabl 1,203973 0,000880
portal 0,494296 0,000090
portalrec -0,009950 -0,000002
posit 0,616186 0,000338
possibl 0,186330 0,000068
postscript 2,813411 0,000514
potenti 0,371064 0,000136
power 0,261365 0,000095
practic 0,186330 0,000068
pragmat 2,302585 0,000841
pratt 3,218876 0,000588
preced 1,427116 0,000261
precis 0,967584 0,000530
preliminari 2,302585 0,000421
prentic 0,994252 0,001090
present 0,287682 0,000158
press 0,210721 0,000500
prevent 0,634878 0,000348
priestlei 3,506558 0,001921
primit 1,514128 0,001106
principl 0,385662 0,000211
print -0,009950 -0,000004
priorit 1,609438 0,000294
privaci -0,009950 -0,000004
probabl 0,843970 0,000154
problem 0,186330 0,000170
proceed 0,579818 0,000424
process 0,051293 0,000084
processor 1,021651 0,001120
produc 0,342490 0,000125
product 0,174353 0,000064
profession 0,673345 0,000246
profit -0,009950 -0,000002
program 0,116534 0,005193
programm 0,693147 0,002785
project -0,009950 -0,000013
prolog 1,897120 0,001040
properti 0,314711 0,000057
propos 0,510826 0,000187
proposit 2,120264 0,000387
proprietari 1,171183 0,002139
protect 0,462035 0,000084
protocol 0,527633 0,000096
prove 1,171183 0,000214
provid 0,061875 0,000079
pseudocod 3,506558 0,001281
public 0,127833 0,000047
publish 0,105361 0,000096
punch 2,302585 0,000421
punctuat 2,659260 0,000486
pure 1,203973 0,000220
purpos 0,248461 0,000182
pushdown 3,912023 0,000715
pw 2,659260 0,000486
python 0,916291 0,001172
qualiti 0,634878 0,000232
quantum 1,171183 0,000214
queri 1,139434 0,000208
quickli 0,891598 0,000326
quit 1,347074 0,000246
racket 3,506558 0,000640
radar 1,897120 0,000347
raku 2,040221 0,000373
random 0,693147 0,000127
rang 0,371064 0,000068
raphael 2,659260 0,000486
rapid 1,203973 0,000220
rather 0,287682 0,000053
ravi 2,995732 0,000547
rbaycanca 0,248461 0,000045
reach 0,755023 0,000276
read 0,162519 0,000089
readabl 1,309333 0,002152
readeditview 0,287682 0,000105
real 0,210721 0,000154
realiti 1,237874 0,000452
reason 0,328504 0,000180
rebol 2,995732 0,000547
recogn 1,021651 0,000187
record 0,400478 0,000146
recurs 1,514128 0,000553
reduc 0,274437 0,000251
reduct 1,203973 0,000220
ree 2,995732 0,000547
refer -0,009950 -0,000024
referenc 1,609438 0,000294
referencesarticl 1,660731 0,000303
reflect 0,562119 0,000103
regard 0,776529 0,000142
regardless 1,272966 0,000233
region 1,108663 0,000202
regist -0,009950 -0,000004
regular 0,867501 0,000158
regularli 1,771957 0,000324
reinforc 1,660731 0,000303
reject 1,514128 0,000277
rel 0,634878 0,000116
relat 0,030459 0,000017
relationship 0,653926 0,000119
releas 0,415515 0,000076
reliabl 0,371064 0,000542
remain 0,400478 0,000219
remark 2,525729 0,000461
remot 0,776529 0,000142
remov 0,301105 0,000275
render 0,994252 0,000182
reoccur 3,912023 0,000715
repeat 1,469676 0,000268
replac 0,494296 0,000090
replic 1,609438 0,000294
report 0,261365 0,000095
repositori 0,994252 0,000182
repres 0,235722 0,000258
represent 0,634878 0,000348
republicotheryal 3,912023 0,000715
requir 0,051293 0,000094
research 0,223144 0,000204
resourc 0,248461 0,000136
respect 0,544727 0,000298
restrict 0,755023 0,000414
result 0,139262 0,000178
resum 2,813411 0,000514
resumpt 3,506558 0,000640
retriev -0,009950 -0,000031
return 0,510826 0,000093
reus 1,832581 0,000335
review 0,314711 0,000115
revis 1,021651 0,000560
revolution 2,525729 0,000461
rexx 3,912023 0,001429
reynold 2,659260 0,000971
ric 3,218876 0,000588
rice 2,120264 0,000387
rich 1,309333 0,000239
richard 0,733969 0,000134
right 0,314711 0,000115
rightarrow 2,813411 0,001542
robert 0,527633 0,000385
roi 1,832581 0,000335
role 0,527633 0,000096
rom 0,616186 0,000225
roster 3,506558 0,000640
roughli 1,660731 0,000303
rst 3,506558 0,000640
rubi 1,347074 0,000984
rubinoff 3,912023 0,000715
rule 0,510826 0,000373
run 0,248461 0,000454
runa 0,916291 0,000167
runtim 1,309333 0,000957
rust 1,427116 0,000521
sa 1,347074 0,000246
safeti -0,009950 -0,000005
sai 0,616186 0,000113
salari 2,659260 0,000486
sale 1,049822 0,000192
salu 3,506558 0,000640
sarduscotsshqip 3,218876 0,000588
scale 0,371064 0,000136
scarc 2,813411 0,000514
schedul 1,021651 0,000373
scheme 1,171183 0,000642
scholar 1,021651 0,000187
school 0,867501 0,000317
scienc 0,274437 0,000301
sciencenot 2,207275 0,000403
scientif 0,673345 0,000246
scott 0,891598 0,000326
scratch 1,771957 0,001295
script 0,916291 0,001339
search -0,009950 -0,000013
sebesta 3,912023 0,047159
second 0,328504 0,000180
section 0,446287 0,000571
secur 0,274437 0,000401
see -0,009950 -0,000013
seem 1,560648 0,000285
seen 0,776529 0,000142
seif 3,506558 0,000640
select 0,371064 0,000068
semant 0,891598 0,006025
semaphor 2,995732 0,000547
sensor 1,347074 0,000246
sentenc 2,525729 0,000923
separ 0,400478 0,000146
septemb 0,150823 0,000165
sequenc 0,820981 0,000900
server 0,597837 0,000109
servic 0,210721 0,000154
session 1,469676 0,000268
set 0,051293 0,000019
sethi 3,912023 0,000715
sever 0,072571 0,000040
sewel 3,912023 0,000715
shade 2,995732 0,000547
shah 2,207275 0,000403
shall 2,659260 0,000486
sharad 3,912023 0,000715
share 0,301105 0,000165
sharealik -0,009950 -0,000002
sheldon 2,995732 0,000547
shell 1,049822 0,000575
short -0,009950 -0,000002
shorten -0,009950 -0,000002
shriram 3,912023 0,000715
shut 2,207275 0,000403
sidebar -0,009950 -0,000007
sigact 3,506558 0,000640
sign 0,916291 0,000502
signific 0,261365 0,000143
sigplan 2,525729 0,001384
sim 2,659260 0,000486
simi 0,755023 0,000138
similar 0,150823 0,000083
similarli 0,843970 0,000154
simon 1,021651 0,000187
simpl 0,150823 0,000110
simplest 2,040221 0,001118
simpli 0,733969 0,000134
simplic 1,897120 0,000347
simula 2,040221 0,000745
simultan 0,891598 0,000326
sinc 0,139262 0,000153
singl 0,127833 0,000093
sipser 3,506558 0,000640
sister 1,386294 0,000253
site -0,009950 -0,000005
size 0,342490 0,000250
sleep 2,407946 0,000440
slenskaitaliano 0,562119 0,000103
slowdown 3,218876 0,000588
slower 1,966113 0,000359
small 0,314711 0,000287
smalltalk 1,714798 0,000313
smart 1,049822 0,000383
soc 1,897120 0,000347
social 0,510826 0,000280
softwar 0,127833 0,000700
sold 1,347074 0,000246
solid 1,171183 0,000214
solv 0,820981 0,000150
sometim 0,301105 0,000165
son 1,049822 0,000192
sound 1,237874 0,000452
sourc 0,094311 0,000276
space 0,415515 0,000076
speak 1,139434 0,000208
speaker 2,302585 0,000421
special 0,235722 0,000215
specif 0,051293 0,000169
specifi 0,446287 0,001060
spectrum 1,386294 0,000506
spite 3,218876 0,000588
springer 0,527633 0,000096
sqaraqalpaqsha 1,386294 0,000253
sql 1,171183 0,000214
sqrt 2,995732 0,000547
srpskisrpskohrvatski 0,510826 0,000093
ssl 2,525729 0,000461
stackifi 3,912023 0,001429
staff 1,469676 0,000268
standard 0,094311 0,000189
state 0,083382 0,000030
statement -0,009950 -0,000013
statementsarticl 0,544727 0,000099
statesfrancebnf 0,510826 0,000093
static 1,272966 0,003255
statist -0,009950 -0,000004
statusthi 2,659260 0,000486
stefan 1,560648 0,000285
step 0,713350 0,000261
still 0,342490 0,000250
stimul 2,995732 0,000547
stochast 1,347074 0,000246
storag 0,430783 0,000157
store 0,356675 0,000326
strategi 0,733969 0,000134
string 1,049822 0,000575
strong 0,776529 0,000284
strongli 1,560648 0,000285
structur 0,139262 0,000280
studi 0,314711 0,000057
style 0,941609 0,000344
stylesheet 2,813411 0,000514
subject 0,478036 0,000087
subprogram 3,506558 0,000640
subroutin 2,995732 0,000547
subsect 0,020203 0,000018
subset 1,108663 0,001012
subtyp 2,659260 0,000486
success 0,494296 0,000361
suffici 1,078810 0,000197
suitabl 1,237874 0,000226
sundasuomisvenskatagalog 1,897120 0,000347
superset 2,659260 0,000486
supervis 1,469676 0,000268
support 0,150823 0,000826
supset 3,912023 0,001429
suresh 2,995732 0,000547
surfac 1,469676 0,000268
survei 0,462035 0,000084
sussman 3,506558 0,001921
sustain 1,171183 0,000214
swan 2,659260 0,000486
swift 1,386294 0,000506
symbol 1,078810 0,001576
symposium 1,309333 0,000239
syntact 1,966113 0,002155
syntax 1,171183 0,004492
system 0,010050 0,000057
tabl -0,009950 -0,000004
tabletruth 3,912023 0,000715
take 0,210721 0,000077
taqbaylit 1,897120 0,000347
task 0,415515 0,000076
tatar 1,272966 0,000233
teach 1,469676 0,000537
team 0,634878 0,000116
tech 0,843970 0,000154
technic 0,478036 0,000087
techniqu 0,385662 0,000070
technolog 0,116534 0,000085
templat 0,301105 0,000110
temporarili 2,040221 0,000373
ten 1,347074 0,000246
term -0,009950 -0,000009
termin 0,941609 0,000172
terminolog 1,237874 0,000226
terrenc 3,506558 0,000640
tetun 2,813411 0,000514
texa 1,966113 0,000359
text -0,009950 -0,000005
textbook 1,714798 0,000313
textual 1,897120 0,001733
theorem 1,171183 0,000214
theoret 0,776529 0,000284
theori 0,400478 0,000585
therefor 0,478036 0,000175
thereof 2,040221 0,000373
thermodynam 2,207275 0,000403
third 0,342490 0,000250
thoma 0,527633 0,000096
though 0,544727 0,000099
thought 1,108663 0,000202
thousand 1,386294 0,000253
thread 1,386294 0,000506
three 0,287682 0,000053
ti 0,328504 0,000180
time 0,000000 0,000000
timelin 0,733969 0,000134
tina 1,771957 0,000324
tiob 3,218876 0,001764
titl -0,009950 -0,000002
todai 0,693147 0,000127
todd 2,407946 0,000440
toft 3,506558 0,000640
togeth 0,579818 0,000106
toggl -0,009950 -0,000013
token 1,386294 0,000506
toki 2,120264 0,000387
told 2,407946 0,000440
toler 1,386294 0,000253
took 1,237874 0,000226
tool -0,009950 -0,000009
top -0,009950 -0,000005
topic -0,009950 -0,000004
tour 2,302585 0,000421
toward 0,713350 0,000130
trademark -0,009950 -0,000002
tradeoff 2,407946 0,001759
tradition 1,897120 0,000693
train 0,967584 0,000177
transform 0,544727 0,000298
transit 1,171183 0,000214
translat 0,798508 0,001021
transport 0,994252 0,000182
tree 0,693147 0,000127
trend 0,733969 0,000134
trigger 1,514128 0,000830
true 0,776529 0,000284
truism 3,506558 0,000640
tschpolskiportugu 1,832581 0,000335
tupl 2,040221 0,000373
turbak 3,912023 0,000715
ture 1,660731 0,000303
turn 0,776529 0,000284
tutori 1,347074 0,000246
twenti 1,897120 0,001040
two 0,083382 0,000122
twobithistori 3,912023 0,000715
type 0,051293 0,000721
typic 0,186330 0,000136
tzebuergeschlietuvi 1,514128 0,000277
ubiquit 1,469676 0,000537
ueuskara 2,525729 0,000461
ugi 2,813411 0,000514
ultim 1,139434 0,000208
unbroken 3,912023 0,000715
unclear 2,207275 0,000403
undecid 3,218876 0,001764
undefin 2,207275 0,000806
under -0,009950 -0,000002
underestim 2,995732 0,000547
underli 0,693147 0,000380
underlin 3,218876 0,000588
understand 0,342490 0,000125
understood 1,469676 0,000805
undetect 2,813411 0,000514
unexpect 2,302585 0,000421
unifi 1,309333 0,000239
union 0,994252 0,000182
unit 0,248461 0,000045
uniti 2,813411 0,001028
univers 0,139262 0,000153
unix 1,469676 0,000268
unless 1,237874 0,000452
unlik 0,653926 0,000119
unord 2,813411 0,000514
unreal 3,218876 0,001176
unsign 2,525729 0,000461
unsourc 0,446287 0,000571
unsupervis 2,040221 0,000373
untyp 3,218876 0,000588
uparrow 3,912023 0,000715
updat 0,342490 0,000063
upon 0,673345 0,000123
urldownload -0,009950 -0,000002
usag 0,579818 0,000530
user 0,274437 0,000401
usual 0,198451 0,000109
utc -0,009950 -0,000002
util 0,597837 0,000109
uyghurchev 2,813411 0,000514
vakavitinederland 2,659260 0,000486
valid 0,616186 0,000338
valu 0,162519 0,000386
van 0,867501 0,000158
vari 0,478036 0,000262
variabl 0,494296 0,000903
variat 0,994252 0,000182
varieti 0,616186 0,000113
variou 0,223144 0,000163
vbscript 3,506558 0,000640
vendor 1,139434 0,000416
verif 0,733969 0,000268
verificationarticl 2,407946 0,000440
version -0,009950 -0,000007
via 0,186330 0,000238
vicki 2,995732 0,000547
victor 2,407946 0,000440
video 0,597837 0,000109
view -0,009950 -0,000002
viral 3,218876 0,000588
virtual 0,462035 0,000169
vision 0,867501 0,000158
visual 0,562119 0,000924
vocabulari 1,966113 0,000359
vol 0,616186 0,000225
volum 0,616186 0,000225
von 1,469676 0,000805
vosa 2,659260 0,000486
vote 1,514128 0,000277
vpl 3,912023 0,000715
vtecomput 2,040221 0,000373
vteprogram 2,040221 0,000373
vtetyp 3,912023 0,001429
wai 0,105361 0,000115
wand 3,506558 0,000640
warusawithana 3,912023 0,000715
watt 3,218876 0,002352
wayback 0,478036 0,000698
weak 1,660731 0,000303
web 0,342490 0,000438
webarch 1,021651 0,000187
websit 0,527633 0,000096
weekli 1,966113 0,000718
well 0,051293 0,000056
weslei 1,078810 0,000985
what -0,009950 -0,000011
whether 0,400478 0,000146
which 0,000000 0,000000
while 0,051293 0,000075
whitespac 2,207275 0,000403
who 0,301105 0,000110
whose 0,776529 0,000567
wide 0,210721 0,000308
widespread 0,994252 0,000182
wikibooksresourc 1,660731 0,000303
wikidata 0,562119 0,000103
wikidatawikipedia 0,967584 0,000177
wikifi 3,912023 0,000715
wikifyal 3,912023 0,000715
wikimedia -0,009950 -0,000004
wikipedia -0,009950 -0,000015
wikipediacontact -0,009950 -0,000002
wikiproject 1,832581 0,000669
wikiquotetextbook 2,525729 0,000461
wikiversitydata 2,302585 0,000421
wiktionarymedia 1,660731 0,000303
wildli 3,912023 0,000715
wilei 0,562119 0,000103
william 0,616186 0,000113
wilson 1,469676 0,000268
winarai 2,407946 0,000440
winskel 3,912023 0,000715
wireless 1,078810 0,000197
within 0,116534 0,000064
without 0,094311 0,000121
wolfram 3,218876 0,000588
word 0,446287 0,000245
work 0,030459 0,000006
workshop 1,347074 0,000246
world 0,139262 0,000153
writabl 3,506558 0,001281
write 0,527633 0,000964
written 0,287682 0,000473
wrote 1,078810 0,000197
xml 1,203973 0,000220
xnor 3,912023 0,000715
xor 2,813411 0,000514
year 0,162519 0,000030
yet 0,891598 0,000163
yor 2,040221 0,000373
york 0,371064 0,000068
zazaki 1,966113 0,000359
zbekcha 0,462035 0,000084
zelkowitz 3,912023 0,000715
zero 0,693147 0,000253
zig 3,506558 0,000640
zquez 3,912023 0,000715
