aaby 3,912023 0,000715
abdelaziz 3,912023 0,000715
abdullah 2,813411 0,000514
abelson 3,506558 0,001281
ability 0,616186 0,000225
able 0,733969 0,000268
abs 3,912023 0,000715
abstract 1,108663 0,000405
abstracted 3,506558 0,000640
abstraction 1,514128 0,001383
abstractions 2,207275 0,000403
academia 2,120264 0,000387
academic 0,755023 0,000276
acceleration 1,771957 0,000324
accepted 1,171183 0,000642
access 0,287682 0,000158
accessed 0,916291 0,000167
accessibility 1,560648 0,000285
accessing 1,386294 0,000253
according 0,301105 0,000165
account -0,009950 -0,000004
achieve 0,843970 0,000462
achieved 1,049822 0,000383
acm 0,776529 0,000709
across 0,415515 0,000152
actions -0,009950 -0,000002
ada 1,660731 0,001213
adapt 1,771957 0,000324
add -0,009950 -0,000002
added 0,415515 0,000228
adding 0,597837 0,000328
addison 1,203973 0,001100
addition 0,371064 0,000068
additional -0,009950 -0,000011
additionally 0,967584 0,000177
addresses 1,203973 0,000220
adopted 0,867501 0,000317
advanced 0,430783 0,000079
advances 1,078810 0,000197
advertisements 2,407946 0,000440
aerospace 1,771957 0,000324
affect 1,347074 0,000246
afrikaansalemannisch 2,040221 0,000373
age 1,108663 0,000202
agree -0,009950 -0,000004
ahead 1,427116 0,000521
aid 1,237874 0,000226
airey 3,912023 0,000715
aisgaeilgeg 3,912023 0,000715
alan 1,049822 0,000575
alberts 3,912023 0,002144
aldrich 3,218876 0,000588
alexander 1,237874 0,000226
algebratruth 3,912023 0,000715
algol 1,897120 0,001733
algorithm 0,776529 0,000425
algorithmic 1,514128 0,000830
algorithms 0,693147 0,000506
aliasing 2,813411 0,000514
allow 0,287682 0,000315
allowable 3,506558 0,000640
allowed 0,634878 0,000232
allowing 0,462035 0,000169
allows 0,248461 0,000182
along 0,462035 0,000084
alphabetical 1,771957 0,000647
alt 2,525729 0,000461
alter 2,120264 0,000775
altered 2,407946 0,000440
although 0,287682 0,000631
always 0,597837 0,000109
ambiguous 1,560648 0,000285
america 0,994252 0,000182
among 0,356675 0,000065
amount 0,616186 0,000225
amp -0,009950 -0,000062
analyses 1,714798 0,000313
analysis 0,186330 0,000374
andrew 0,820981 0,000150
animation 1,609438 0,000294
anne 2,407946 0,000440
another 0,127833 0,000140
ansi 2,207275 0,000806
anthony 1,714798 0,000313
any 0,083382 0,000137
apl 2,040221 0,000373
appearance -0,009950 -0,000004
applicable 1,714798 0,000313
application 0,127833 0,000070
applications 0,094311 0,000172
applied 0,356675 0,000065
apply -0,009950 -0,000002
applying 1,469676 0,000268
appreciated 3,912023 0,000715
approach 0,261365 0,000048
approaches 0,733969 0,000268
appropriate 0,891598 0,000326
apress 1,966113 0,000359
april 0,072571 0,000080
aragon 1,171183 0,000214
architecture 0,462035 0,000760
archived 0,040822 0,000171
argues 2,120264 0,000387
arguments 1,714798 0,000313
arithmetic 1,347074 0,000492
arms 2,302585 0,000421
around 0,356675 0,000195
array 1,021651 0,000187
arrays 1,427116 0,001043
art 0,713350 0,000130
article 0,040822 0,000067
articleabout -0,009950 -0,000002
articles 0,020203 0,000041
articletalk -0,009950 -0,000002
artifact 3,506558 0,000640
artificial 1,078810 0,001182
arxiv 1,078810 0,000197
ascii 1,897120 0,000347
aspects 0,776529 0,000142
assembly 1,139434 0,000832
asserts 2,813411 0,000514
assessing 1,771957 0,000324
assessment 1,309333 0,000478
assign 2,040221 0,000373
assigned 1,237874 0,000226
assignment 1,660731 0,000607
associated 0,400478 0,000073
associative 2,040221 0,000373
assume 1,660731 0,000303
asturianuaz 1,427116 0,000261
atom 1,897120 0,001386
attached 2,120264 0,000387
attributes 1,347074 0,000246
attribution -0,009950 -0,000002
augmented 1,560648 0,000285
august 0,162519 0,000356
austin 2,207275 0,000403
australia 1,309333 0,000239
author 1,386294 0,000253
authority 0,083382 0,000015
authors 1,021651 0,000560
automata 1,897120 0,000693
automated 0,776529 0,000142
automatic 1,078810 0,000197
automatically 0,653926 0,000119
automation 1,237874 0,000226
available -0,009950 -0,000007
averaging 2,659260 0,000486
avoiding 1,714798 0,000313
away 1,139434 0,000208
bachelor 2,525729 0,000461
back 0,527633 0,000096
backus 3,912023 0,000715
bahasa 0,186330 0,000034
ballerina 3,912023 0,001429
baluprithviraj 3,912023 0,000715
based 0,010050 0,000011
basic 0,235722 0,000258
basics 1,897120 0,000347
batch 1,897120 0,000347
bauer 3,218876 0,000588
became 0,579818 0,000424
because 0,127833 0,000117
become 0,510826 0,000093
begin 1,309333 0,000239
beginning 0,776529 0,000142
behavior 0,462035 0,000675
benefits 1,237874 0,000904
benjamin 1,386294 0,000253
bertolini 3,912023 0,000715
better 0,494296 0,000090
bezanson 3,506558 0,000640
bharathi 3,912023 0,000715
bias 1,660731 0,000303
bieman 3,912023 0,000715
biology 1,347074 0,000246
birth 1,897120 0,000347
bits 1,966113 0,000359
block 0,798508 0,000146
blockly 2,995732 0,000547
blocks 1,272966 0,000233
blueprints 2,995732 0,000547
blur 3,218876 0,000588
bnf 3,912023 0,000715
board 0,916291 0,000167
boarischbosanskibrezhoneg 2,407946 0,000440
bokm 0,127833 0,000023
book 0,478036 0,000087
books 0,544727 0,000199
boolean 1,609438 0,000294
boom 2,302585 0,000421
border 2,040221 0,000373
braunschweig 3,912023 0,000715
brooks 2,120264 0,000387
brown 1,309333 0,000239
bruce 1,514128 0,000277
building 0,415515 0,000076
built 0,462035 0,000084
busbee 3,912023 0,000715
byte 1,771957 0,000324
bytecode 1,966113 0,000359
calculuspredicate 3,912023 0,000715
called 0,040822 0,000060
calls 1,049822 0,000192
cambridge 0,755023 0,000138
caml 2,040221 0,000373
cannot 0,314711 0,000115
cano 3,912023 0,000715
capability 1,309333 0,000239
capacity 1,237874 0,000226
carbon 1,609438 0,000294
cards 1,427116 0,000261
carried 1,514128 0,000277
case 0,139262 0,000076
cases 0,478036 0,000262
cast 2,120264 0,000387
casting 2,525729 0,000461
catal 0,094311 0,000017
catch 2,120264 0,000387
categorical 1,771957 0,000647
categories -0,009950 -0,000004
category 0,116534 0,000106
categoryvte 3,506558 0,000640
cdot 2,659260 0,000971
center 0,562119 0,000103
centered 1,609438 0,000294
central 0,510826 0,000093
century 0,891598 0,000489
certain 0,274437 0,000050
chained 2,995732 0,000547
challenged 1,309333 0,000478
change 0,261365 0,000048
changed 0,941609 0,000172
changes 0,356675 0,000065
changesupload -0,009950 -0,000004
changing 0,820981 0,000150
character 1,108663 0,000202
characterized 1,660731 0,000303
characters 1,272966 0,000930
charles 0,941609 0,000172
chauhan 2,995732 0,000547
cheaper 2,040221 0,000745
check 1,139434 0,000416
checked 1,514128 0,000553
checking 1,272966 0,001163
chemistry 1,427116 0,000261
chendhuran 3,912023 0,000715
chip 1,469676 0,000268
chitumbukacymraegdansk 3,912023 0,000715
chomsky 3,218876 0,000588
christopher 1,139434 0,000208
circuit 1,203973 0,000440
circumstances 1,897120 0,000347
citation 0,415515 0,000455
citations 0,916291 0,000335
cite 0,843970 0,000462
claim 1,347074 0,000246
classes 0,967584 0,000177
classic 0,967584 0,000177
classification 1,049822 0,000192
classificationprogramming 3,912023 0,000715
classifications 2,407946 0,001319
classified 1,272966 0,000698
classify 2,120264 0,000387
cleanup 2,302585 0,000421
cleanuparticles 3,506558 0,000640
clearer 3,506558 0,000640
clearly 1,771957 0,000324
client 0,867501 0,000317
clinger 3,912023 0,000715
clojure 2,995732 0,000547
closed 1,021651 0,000373
closely 1,237874 0,000452
closer 1,660731 0,000303
clr 3,218876 0,000588
clutter 3,506558 0,000640
cobol 1,966113 0,001436
code -0,009950 -0,000067
coded 2,207275 0,000403
coders 2,525729 0,000461
coding 1,347074 0,000246
coercion 3,218876 0,000588
collection 0,527633 0,000193
collision 2,207275 0,000403
colorless 3,506558 0,000640
com 0,150823 0,000138
combination 0,916291 0,000502
combinations 1,897120 0,000347
combine 1,469676 0,000268
combined 0,798508 0,000146
combining 1,560648 0,000285
come 0,867501 0,000317
comes 0,867501 0,000317
coming 1,203973 0,000220
command 1,021651 0,000187
commands 1,714798 0,000940
comments 1,514128 0,000277
commerce 1,021651 0,000187
commercial 0,653926 0,000239
commits 2,407946 0,000440
common 0,072571 0,000106
commonly 0,342490 0,000626
commons -0,009950 -0,000002
commonsmediawikiwikibookswikifunctionswikiquotewikiversitywikidata 3,506558 0,000640
commonsquotations 2,302585 0,000421
communicate 1,386294 0,000253
communicated 3,218876 0,000588
communicating 1,832581 0,000335
communication 0,616186 0,000450
comparative 1,897120 0,000347
compared 0,634878 0,000116
comparison 0,446287 0,000245
compatibility 1,108663 0,000202
competed 3,218876 0,000588
compilation 1,714798 0,002192
compile 1,609438 0,001176
compiled 1,386294 0,002026
compiler 1,078810 0,000591
compilers 2,040221 0,000745
compiling 2,407946 0,000880
complement 2,207275 0,000806
complete 0,713350 0,000261
completeness 2,120264 0,000387
completenessscope 3,912023 0,000715
complex 0,261365 0,000191
complexity 0,616186 0,000563
components 0,415515 0,000152
compose 2,525729 0,000461
compression 1,347074 0,000246
computability 2,040221 0,000373
computation 0,994252 0,001090
computational 0,755023 0,001793
computations 1,832581 0,000335
computer 0,139262 0,001043
computers 0,562119 0,001129
computerscience 3,912023 0,001429
computerworld 1,609438 0,000294
computing 0,301105 0,001320
conception 2,659260 0,000486
concepts 0,400478 0,001024
concise 2,040221 0,000373
conclusions 2,120264 0,000387
concurrency 1,386294 0,001772
concurrent 1,272966 0,000698
conditional 1,660731 0,000303
conditionally 2,813411 0,000514
conduct -0,009950 -0,000002
conference 0,301105 0,000165
configuration 1,021651 0,000187
conforms 2,525729 0,000461
connected 1,108663 0,000202
connectives 3,506558 0,000640
considered 0,400478 0,000366
consist 1,560648 0,000285
consistent 1,108663 0,000202
construct 1,609438 0,000294
construction 1,049822 0,000192
constructs 2,120264 0,003098
consume 2,302585 0,000421
consuming 2,120264 0,000387
consumption 1,139434 0,000208
contact -0,009950 -0,000002
contacts -0,009950 -0,000002
contain 0,693147 0,000253
contemporary 1,347074 0,000246
contend 3,912023 0,001429
content -0,009950 -0,000004
contents -0,009950 -0,000005
context 0,494296 0,000451
contrast 0,994252 0,000363
contribute -0,009950 -0,000002
contributors 2,302585 0,000421
control 0,020203 0,000026
controlling 1,427116 0,000782
converse 2,813411 0,001028
conversion 1,469676 0,000537
cooke 2,813411 0,000514
cookie -0,009950 -0,000002
coordinate 1,897120 0,000347
corporate 1,078810 0,000197
corporation 0,916291 0,000167
correct 1,386294 0,002026
cost 0,478036 0,000698
costly 2,207275 0,000403
counting 1,714798 0,000626
counts 2,302585 0,000421
covered 1,560648 0,000570
cpu 1,560648 0,000855
create -0,009950 -0,000005
created 0,430783 0,000157
creative -0,009950 -0,000002
critical 0,653926 0,000119
cross 0,562119 0,000205
cryptography 1,560648 0,000285
css 1,897120 0,000347
culture 1,514128 0,000277
cumbersome 3,218876 0,000588
curriculum 2,302585 0,000421
cyber 1,427116 0,000261
cyberwarfare 1,897120 0,000347
daniel 0,776529 0,000284
data 0,030459 0,000189
database 0,579818 0,000106
databases 0,127833 0,000023
datajapanczech 1,469676 0,000268
dates 0,430783 0,000079
dave 1,771957 0,000324
david 0,385662 0,000493
deal 1,171183 0,000214
dealt 2,659260 0,000486
debate 1,560648 0,000285
debug 3,506558 0,000640
debugging 1,660731 0,000303
debunked 3,912023 0,000715
decades 1,469676 0,000268
december 0,061875 0,000057
decide 1,714798 0,000313
decides 2,525729 0,000461
decimal 1,897120 0,000347
decision 0,494296 0,000090
declaration 2,040221 0,000373
declarations 2,120264 0,000775
declared 1,714798 0,000313
dedicating 3,912023 0,000715
define 0,798508 0,000292
defined 0,248461 0,000363
defines 0,776529 0,000567
defining 1,021651 0,000560
definite 2,407946 0,000440
definition 0,342490 0,000438
definitions 0,891598 0,000326
degree 1,171183 0,000428
dependability 2,040221 0,000373
depending 0,673345 0,000369
deployment 1,078810 0,000197
descendant 3,218876 0,000588
descended 3,506558 0,000640
descending 3,506558 0,000640
descends 3,506558 0,000640
describe 0,820981 0,000150
described 0,430783 0,000157
describes 0,820981 0,000150
describing 1,203973 0,000220
description -0,009950 -0,000009
descriptionshort 0,000000 0,000000
design 0,127833 0,000444
designed 0,261365 0,000525
desirable 1,897120 0,000347
desire 2,407946 0,000440
desired 1,347074 0,000492
despite 1,021651 0,000187
details 0,916291 0,000502
detected 2,207275 0,000806
detection 1,108663 0,000405
determined 1,347074 0,000246
determining 1,272966 0,000233
detrimental 3,506558 0,000640
deutscheesti 2,040221 0,000373
develop 0,867501 0,000158
developed 0,127833 0,000047
developer 0,820981 0,000150
developers -0,009950 -0,000002
developing 0,673345 0,000246
development 0,083382 0,000122
developments 1,347074 0,000492
deviate 3,912023 0,000715
dialect 3,218876 0,001764
dialects 3,506558 0,004483
differ 1,660731 0,000607
different 0,020203 0,000052
differentiable 1,832581 0,000335
differently 1,966113 0,000359
differing 2,407946 0,000440
differs 1,560648 0,000285
difficult 0,597837 0,000437
digital 0,400478 0,000366
digits 2,407946 0,000440
dijkstra 2,995732 0,001094
direct 0,597837 0,000109
directly 0,415515 0,000228
disclaimers -0,009950 -0,000002
discrete 1,171183 0,000214
discusses 2,040221 0,000373
dismissive 3,912023 0,000715
dispatch 2,659260 0,000971
displaystyle 1,386294 0,003292
disputes 2,040221 0,000373
distant 2,995732 0,000547
distinct 0,916291 0,000167
distinction 1,272966 0,000233
distinguished 1,897120 0,000347
distributed 0,478036 0,000262
disuse 3,912023 0,000715
diverging 3,218876 0,000588
dmy 0,994252 0,000182
document 0,673345 0,000123
documentation 0,867501 0,000158
doi 0,162519 0,000119
domain 0,562119 0,000821
dominant 1,514128 0,000553
dominated 2,207275 0,000403
donate -0,009950 -0,000004
door 2,207275 0,000403
double 0,916291 0,000167
down 0,597837 0,000109
downarrow 3,912023 0,000715
download -0,009950 -0,000002
downside 2,813411 0,001028
dramatically 1,966113 0,000359
drives 1,966113 0,000359
drug 1,714798 0,000313
dsl 2,995732 0,000547
due 0,261365 0,000191
dynamic 0,562119 0,001129
dynamically 1,714798 0,000313
earliest 1,021651 0,000373
early 0,301105 0,000330
ease 2,207275 0,001209
easier 1,049822 0,000575
easily 0,843970 0,000462
ebasa 2,995732 0,000547
ecosystems 2,995732 0,000547
edelman 2,995732 0,000547
edit -0,009950 -0,000055
editcommunity -0,009950 -0,000002
edited -0,009950 -0,000002
edition 0,579818 0,000318
edmunds 3,912023 0,000715
eds 0,798508 0,000146
edsger 3,218876 0,001176
education 0,579818 0,000106
educational 1,514128 0,000553
efficiency 0,673345 0,000615
efficient 0,494296 0,000090
effort 0,967584 0,000530
either 0,248461 0,000227
electronic 0,634878 0,000348
elegance 3,912023 0,000715
elementary 1,771957 0,000324
elements 0,415515 0,000379
eliminate 1,832581 0,000335
elixir 1,771957 0,000324
ellis 2,525729 0,000923
elsewhere 2,040221 0,000373
emait 1,560648 0,000285
embedded 0,867501 0,000475
emphasizes 2,207275 0,000403
empirical 1,203973 0,000220
enable 0,798508 0,000438
enables 0,693147 0,000253
enabling 0,941609 0,000344
encoded 2,207275 0,000806
encyclopedia -0,009950 -0,000002
energy 0,891598 0,000163
enforced 1,714798 0,000313
engine 0,693147 0,000253
engineered 2,207275 0,000403
engineering 0,198451 0,000254
engines 1,237874 0,000226
english -0,009950 -0,000004
englishsloven 0,510826 0,000093
enhancing 1,966113 0,000359
enjoyed 2,995732 0,000547
enterprise 0,510826 0,000187
enticknap 3,912023 0,000715
enumeration 2,659260 0,000486
environment 0,478036 0,000262
epigrams 3,912023 0,000715
equiv 3,912023 0,001429
equivalence 2,659260 0,000486
equivalent 1,021651 0,000187
ericsson 2,995732 0,000547
erlang 1,714798 0,000626
error 0,713350 0,000521
errors 0,733969 0,000938
esoteric 3,506558 0,001281
espa 0,210721 0,000038
essential 0,941609 0,000516
essentially 1,514128 0,000277
essentials 1,966113 0,000359
estimates 1,560648 0,000285
evaluated 2,120264 0,000387
evaluation 0,843970 0,000617
even 0,235722 0,000129
eventsrandom -0,009950 -0,000002
eventually 0,867501 0,000158
ewd 3,912023 0,000715
exactly 1,171183 0,000214
example 0,030459 0,000061
examples 0,328504 0,000180
exception 1,386294 0,003038
exceptions 1,714798 0,000626
exchange 0,693147 0,000253
excluding 2,407946 0,000440
executable 1,514128 0,000830
execute 1,514128 0,000553
executed 1,203973 0,001759
executes 1,714798 0,000626
execution 0,891598 0,002443
exhibit 2,407946 0,000440
exist 0,653926 0,000358
existing 0,673345 0,000369
expect 1,897120 0,000347
expected 0,693147 0,000127
expensive 1,560648 0,000285
explain 1,897120 0,000347
explicit 1,171183 0,000642
explicitly 0,916291 0,000335
exploit 1,897120 0,000347
export -0,009950 -0,000002
express 1,427116 0,001303
expresses 3,218876 0,000588
expressing 2,525729 0,000461
expression 1,021651 0,001306
expressions 1,386294 0,001519
expressive 3,218876 0,000588
expressivity 3,912023 0,001429
extensible 1,609438 0,000588
extension 0,967584 0,000177
external 0,030459 0,000011
extreme 1,514128 0,000277
extremes 3,218876 0,000588
face 1,309333 0,000239
facilitate 1,714798 0,000626
fact 0,755023 0,000138
factor 0,867501 0,000158
failed 1,108663 0,000607
fallen 2,995732 0,000547
false 1,272966 0,000465
far 0,867501 0,000158
fast 0,673345 0,000123
fault 1,237874 0,000226
favored 2,813411 0,000514
feature 0,616186 0,000113
features 0,371064 0,000746
february 0,061875 0,000045
fernando 2,525729 0,000461
fewer 1,897120 0,000347
field 0,527633 0,000193
fields 0,713350 0,000130
fifth 2,040221 0,000745
figuratively 3,506558 0,000640
fiji 1,897120 0,000347
filepermanent -0,009950 -0,000002
files 0,843970 0,000154
filespecial -0,009950 -0,000002
finalization 3,912023 0,000715
finance 0,843970 0,000154
find 0,544727 0,000199
finding 1,021651 0,000187
finite 1,660731 0,000303
finitely 3,218876 0,001176
finkel 3,912023 0,000715
first 0,020203 0,000063
five 0,776529 0,000425
fixed 0,494296 0,000181
fixing 2,659260 0,000486
flag 2,995732 0,000547
flavors 3,218876 0,001176
flaws 1,966113 0,000359
flexibility 1,660731 0,000607
flexible 1,427116 0,000261
float 1,966113 0,000359
floating 1,660731 0,000607
floats 2,659260 0,000971
flow 0,510826 0,000280
followed 0,733969 0,000134
following 0,210721 0,000192
follows 0,891598 0,000163
foolishness 3,912023 0,000715
footnote 3,218876 0,000588
footnoting 3,912023 0,000715
form 0,162519 0,000267
formal 0,673345 0,001722
formalisms 3,506558 0,000640
formats 1,609438 0,000588
formed 1,139434 0,000832
forms 0,562119 0,000308
formula 1,660731 0,000303
forth 1,560648 0,000855
fortran 1,560648 0,001995
found 0,385662 0,000211
foundation -0,009950 -0,000002
fourth 1,560648 0,000285
fragment 3,912023 0,000715
framework 0,342490 0,000063
franklyn 3,912023 0,000715
franz 2,995732 0,000547
frederick 2,659260 0,000486
free -0,009950 -0,000005
friedman 1,771957 0,000324
fully 0,616186 0,000450
function 0,210721 0,000077
functional 0,733969 0,000938
functionboolean 3,912023 0,000715
functionfunctional 3,912023 0,000715
functions 0,356675 0,000130
fundamentals 1,309333 0,000478
furiously 3,506558 0,000640
further 0,139262 0,000153
gabbrielli 3,912023 0,018578
gaber 3,912023 0,000715
gaining 1,966113 0,000359
game 0,713350 0,000261
games 1,078810 0,000394
garbage 1,832581 0,000335
gelernter 3,912023 0,000715
general -0,009950 -0,000011
generally 0,287682 0,000210
generated 0,941609 0,000344
generation 0,867501 0,000792
generational 2,040221 0,000373
geographic 1,203973 0,000220
geometry 1,347074 0,000246
georgina 3,912023 0,000715
gerald 2,407946 0,000440
gerard 2,659260 0,000486
gifford 3,912023 0,000715
gilles 3,506558 0,000640
give 0,843970 0,000154
given 0,261365 0,000095
global 0,478036 0,000262
glossaries 2,120264 0,000387
glossary 0,891598 0,000163
gls 3,912023 0,002144
glynn 3,912023 0,000715
goal 0,713350 0,000130
god 2,995732 0,000547
goes 1,237874 0,000226
gonz 2,995732 0,000547
google 0,579818 0,000212
government 0,755023 0,000138
grammar 1,966113 0,002514
grammars 3,218876 0,000588
grammatical 3,218876 0,000588
grammatically 3,912023 0,002144
grand 2,302585 0,000421
graphical 1,386294 0,000506
graphics 0,941609 0,000344
gray 2,120264 0,000387
greater 0,755023 0,000552
green 0,994252 0,000363
grouped 2,120264 0,000387
grown 1,897120 0,000347
growth 0,755023 0,000276
guide 0,356675 0,000065
hacker 1,560648 0,000285
hall 0,653926 0,000836
halting 2,813411 0,000514
hand 0,733969 0,000268
handbook 0,941609 0,000172
handing 2,995732 0,000547
handle 0,994252 0,000182
handled 1,609438 0,000294
handler 2,407946 0,000440
handlers 2,995732 0,000547
handling 0,798508 0,000729
hands 1,427116 0,000261
hanson 2,813411 0,000514
hard 1,078810 0,000394
harder 2,040221 0,000373
hardware 0,579818 0,001589
haridi 3,912023 0,000715
harlow 2,995732 0,000547
harold 2,120264 0,000387
harper 2,302585 0,000421
haskell 1,514128 0,000553
having 0,579818 0,000212
haynes 3,912023 0,000715
healthcare 1,347074 0,000246
heap 2,040221 0,000745
heavily 1,203973 0,000220
hello 1,714798 0,000313
help 0,248461 0,000227
helpful 2,407946 0,000440
helplearn -0,009950 -0,000002
hererelated -0,009950 -0,000002
hidden 0,843970 0,000154
hide -0,009950 -0,000009
hiding 2,302585 0,000421
hierarchy 1,660731 0,000303
high 0,223144 0,000204
higher 0,430783 0,000079
highlighting 2,302585 0,000421
hindifran 2,525729 0,000461
historically 1,386294 0,000253
history -0,009950 -0,000015
hopl 3,912023 0,001429
hornjoserbscehrvatskiidoilokanobahasa 3,506558 0,000640
horowitz 2,813411 0,001028
hosted 1,660731 0,000303
hours 1,560648 0,000285
however 0,094311 0,000086
html 1,078810 0,000394
https -0,009950 -0,000002
human 0,579818 0,000847
humans 1,714798 0,001253
hybrid 1,171183 0,000428
ibm 0,693147 0,000253
icais 3,912023 0,000715
icsoft 3,912023 0,000715
idea 0,820981 0,000300
ideas 0,891598 0,001466
identifier 1,560648 0,000285
identifiers 1,897120 0,000347
idhliggalego 2,525729 0,000461
ieee 0,634878 0,000464
ignorance 2,659260 0,000486
ill 2,659260 0,000486
illegitimate 3,912023 0,000715
image 0,544727 0,000099
immediately 1,309333 0,000478
imperative 1,660731 0,002427
implementation 0,328504 0,001140
implementations 0,733969 0,000670
implemented 0,544727 0,000099
implementing 0,994252 0,000363
implementors 3,506558 0,001281
implications 1,347074 0,000246
implicit 1,514128 0,000830
implies 1,560648 0,000285
imply 2,040221 0,000373
importance 1,171183 0,000214
important 0,287682 0,000158
impossible 1,347074 0,000246
improve 0,274437 0,000251
improved 0,776529 0,000142
ina 0,356675 0,000065
inadequate 2,525729 0,000461
inasloven 0,616186 0,000113
inc -0,009950 -0,000005
include 0,061875 0,000090
included 0,400478 0,000146
including 0,040822 0,000037
increase 0,544727 0,000199
increased 0,820981 0,000900
increasing 0,916291 0,000167
increasingly 0,776529 0,000142
index -0,009950 -0,000007
indicate 1,272966 0,000233
indirectly 1,771957 0,000324
individual 0,415515 0,000076
indonesiainterlinguainterlingueisizulu 2,813411 0,000514
inexperienced 3,912023 0,000715
infer 1,832581 0,000335
inference 1,560648 0,000570
inferred 2,525729 0,000923
influence 1,078810 0,000394
influenced 1,203973 0,000220
influences 1,771957 0,000324
influential 1,897120 0,000347
information 0,072571 0,000172
informationcite -0,009950 -0,000002
inheritance 1,966113 0,001077
initially 0,693147 0,000127
innovation 1,078810 0,000197
innovations 1,966113 0,000359
input 0,733969 0,000536
inputs 1,386294 0,000253
inset 3,912023 0,000715
inside 0,755023 0,000138
instead 0,301105 0,000055
instructed 2,995732 0,000547
instruction 1,560648 0,000285
instructions 1,469676 0,002416
insufficient 1,966113 0,000359
integer 1,272966 0,000930
integers 1,609438 0,001176
integrated 0,634878 0,000348
integration 0,673345 0,000369
intellectual 1,897120 0,000347
intelligence 0,693147 0,000886
intended 0,494296 0,000271
intent 1,771957 0,000324
interaction 0,967584 0,000884
interactive 0,891598 0,000326
interchangeably 2,813411 0,000514
interface 0,616186 0,000225
interfaces 0,713350 0,000130
interleaves 3,912023 0,000715
intermediate 1,514128 0,000553
internal 0,634878 0,000232
internally 1,897120 0,000347
international 0,139262 0,000102
internationalgndfastnationalunited 1,237874 0,000226
internet 0,462035 0,000253
interpretation 1,660731 0,002427
interpreted 1,514128 0,000553
interpreter 1,609438 0,001470
interpreters 2,995732 0,000547
intrinsic 1,897120 0,000347
introduced 0,371064 0,000339
introduction 0,261365 0,000286
intrusion 1,966113 0,000359
invariant 2,659260 0,000486
invented 1,427116 0,000782
invention 1,660731 0,000607
invested 1,897120 0,000347
investigation 1,609438 0,000294
involved 0,916291 0,000167
involves 0,776529 0,000142
isbn 0,051293 0,000122
isplattd 2,120264 0,000387
issn 0,478036 0,000087
issue 0,820981 0,000150
item -0,009950 -0,000002
iteration 2,120264 0,000387
jagannathan 3,912023 0,000715
january 0,083382 0,000091
japanese 1,771957 0,000324
java 0,891598 0,001140
javascript 1,021651 0,000560
jawa 1,560648 0,000285
jay 2,207275 0,000403
jeff 1,560648 0,000285
jeffrey 1,514128 0,000277
job 1,203973 0,000440
john 0,210721 0,000192
jonathan 1,347074 0,000492
jstor 0,843970 0,000308
julia 1,514128 0,000830
july 0,127833 0,000070
jump -0,009950 -0,000002
june 0,094311 0,000103
karpinski 3,506558 0,000640
kassel 3,912023 0,000715
kaufmann 1,897120 0,000693
kegler 3,912023 0,000715
kelsey 3,218876 0,000588
kenneth 1,966113 0,000359
kent 2,813411 0,000514
key 0,356675 0,000065
keys 1,514128 0,000277
kinds 1,171183 0,000642
kiswahilikurd 1,897120 0,000347
knowledge 0,616186 0,000225
known 0,127833 0,000070
kodosky 3,912023 0,000715
kotlin 1,897120 0,000347
krishnamurthi 3,912023 0,000715
labels 2,120264 0,000387
labview 3,506558 0,001281
land 1,347074 0,000492
lando 3,912023 0,000715
language 0,186330 0,005173
languages -0,009950 -0,000314
languageslevel 3,912023 0,000715
languagesmathematical 3,912023 0,000715
languagesnotationmathematical 3,912023 0,000715
languagetypes 3,912023 0,000715
lapujade 3,912023 0,000715
large 0,127833 0,000117
last -0,009950 -0,000002
later 0,223144 0,000082
latest 0,994252 0,000182
latinalatvie 1,203973 0,000220
latter 0,916291 0,000167
lead 0,673345 0,000123
leads 1,237874 0,000226
learn 0,494296 0,000361
learning 0,494296 0,000451
lecture 1,427116 0,000261
lee 0,994252 0,000363
leftarrow 3,912023 0,002144
leftrightarrow 3,506558 0,001281
leftrightharpoons 3,912023 0,000715
legal -0,009950 -0,000002
leivant 3,912023 0,000715
length 1,237874 0,000452
lengths 2,659260 0,000486
leroy 3,506558 0,000640
leslie 2,659260 0,000486
less 0,430783 0,000393
letter 1,237874 0,000226
level 0,116534 0,000213
lexical 2,207275 0,000403
lez 2,995732 0,000547
libraries 0,713350 0,000261
library 0,478036 0,000262
license -0,009950 -0,000002
like 0,072571 0,000146
limited 0,510826 0,000280
limiting 1,966113 0,000359
line 0,356675 0,000195
lines 1,078810 0,000591
linguistic 2,659260 0,000486
linguistics 2,040221 0,000373
link 0,162519 0,000030
linkpage -0,009950 -0,000002
links -0,009950 -0,000004
linksaccuracy 3,912023 0,000715
lisp 1,386294 0,002532
list 0,083382 0,000198
listarticles 3,218876 0,000588
lists 0,597837 0,000655
literate 3,218876 0,000588
literature 1,272966 0,000233
lnorsk 0,653926 0,000119
locations 1,078810 0,000197
log -0,009950 -0,000004
logic 0,755023 0,001931
logical 1,514128 0,000277
logicboolean 3,912023 0,000715
logicphilosophy 3,912023 0,000715
logicprogramming 3,912023 0,000715
lojban 2,659260 0,000486
lokeshwaran 3,912023 0,000715
lombardmagyar 1,832581 0,000335
lor 3,912023 0,002858
low 0,478036 0,000087
lower 0,776529 0,000284
ltd 1,203973 0,000440
lua 1,897120 0,000347
lux 0,371064 0,000068
machine 0,083382 0,000350
machines 0,776529 0,000425
maclennan 3,912023 0,000715
macmillan 1,660731 0,000303
macqueen 3,912023 0,000715
macro 2,120264 0,000387
macros 3,218876 0,001176
mactech 3,912023 0,000715
made 0,186330 0,000034
main -0,009950 -0,000027
mainframe 2,525729 0,000461
mainframes 2,525729 0,000923
mainly 1,021651 0,000187
maint 0,798508 0,000292
maintain 0,941609 0,000172
maintenance 0,843970 0,000308
make 0,235722 0,000301
makes 0,415515 0,000152
making 0,328504 0,000180
man 1,139434 0,000208
management 0,139262 0,000102
managing 1,021651 0,000187
manipulation 0,994252 0,000363
manner 1,469676 0,000805
many 0,061875 0,000215
mapped 2,813411 0,001028
march 0,116534 0,000064
mark 0,462035 0,000169
marketing 0,916291 0,000167
markup 2,040221 0,001118
married 3,218876 0,000588
martini 3,912023 0,018578
marty 3,506558 0,000640
marvin 2,525729 0,000461
mask 2,659260 0,000486
matched 1,966113 0,000359
material 0,867501 0,000317
mathematical 0,733969 0,000268
mathematics 0,916291 0,000502
mathop 3,912023 0,001429
mathrel 3,912023 0,002858
matlab 1,660731 0,000910
maurizio 3,218876 0,000588
mayer 2,659260 0,000486
mean 0,755023 0,000138
meaning 0,544727 0,000895
meaningless 3,506558 0,000640
meanings 2,813411 0,000514
means 0,198451 0,000036
measured 1,021651 0,000373
measuring 1,609438 0,000882
mechanism 0,733969 0,000134
meet 0,867501 0,000158
melayuminangkabau 2,040221 0,000373
memory 0,579818 0,000530
mention 2,302585 0,000421
menu -0,009950 -0,000004
merely 2,207275 0,000403
message 0,478036 0,000349
metalanguage 3,912023 0,000715
metaprogramming 2,995732 0,001094
metatheory 3,912023 0,000715
method 0,210721 0,000077
methodology 1,108663 0,000202
methods 0,274437 0,000201
michael 0,400478 0,000219
microprocessor 2,995732 0,000547
microsoft 0,579818 0,000106
mid 0,994252 0,000545
middleware 1,832581 0,000335
military 1,469676 0,000268
milner 3,506558 0,000640
minimal 1,347074 0,000246
mining 1,021651 0,000187
minus 3,218876 0,000588
mirand 3,218876 0,000588
mit 0,776529 0,001135
mitchell 2,659260 0,000971
mix 1,660731 0,000303
mobile -0,009950 -0,000004
model 0,162519 0,000178
modeling 0,867501 0,000792
models 0,527633 0,000096
modern 0,314711 0,000057
modify 1,237874 0,000226
modular 1,560648 0,000285
monitor 1,660731 0,000303
month 1,660731 0,000607
morgan 1,309333 0,000478
morin 3,218876 0,000588
morris 1,832581 0,000335
move -0,009950 -0,000007
much 0,400478 0,000146
muffy 3,912023 0,000715
multi 0,342490 0,000125
multimedia 1,386294 0,000253
multiple 0,116534 0,000234
multiprocessing 1,832581 0,000335
multithreading 1,897120 0,000347
murdoch 3,506558 0,000640
murdock 3,506558 0,000640
mythical 3,506558 0,000640
myths 2,525729 0,000461
name 0,342490 0,000188
names 0,673345 0,000738
nand 3,912023 0,000715
narasimhan 3,912023 0,000715
narrower 3,506558 0,000640
natural 0,733969 0,002011
nature 0,597837 0,000218
naur 3,218876 0,000588
navigation -0,009950 -0,000002
near 1,171183 0,000214
need 0,248461 0,000091
needed 0,210721 0,000231
needing 0,597837 0,000546
needs 0,415515 0,000076
neg 3,506558 0,000640
negative 1,078810 0,000197
net 0,415515 0,000152
netoti 1,771957 0,000324
network 0,210721 0,000346
networking 1,171183 0,000214
networks 0,446287 0,000082
neumann 1,771957 0,000971
new 0,010050 0,000029
newer 1,309333 0,000239
news 0,446287 0,000082
newspapers 1,427116 0,000261
next 0,400478 0,000073
nicholas 1,560648 0,000285
nimply 3,912023 0,000715
nleftarrow 3,912023 0,000715
nleftrightarrow 3,912023 0,000715
nofre 3,912023 0,002144
non -0,009950 -0,000004
nonequivalent 3,912023 0,000715
nonetheless 2,659260 0,000486
nonimplication 3,912023 0,001429
nordfriisknorsk 1,714798 0,000313
notable 0,941609 0,000172
notation 1,203973 0,000440
notationhidden 3,912023 0,000715
notations 1,771957 0,000324
notes 0,415515 0,000076
notices 2,525729 0,000923
november 0,150823 0,000055
novice 2,525729 0,000461
nrightarrow 3,912023 0,000715
nski 3,218876 0,000588
null 1,347074 0,000492
number 0,051293 0,000141
numbers 0,544727 0,000398
numeric 1,427116 0,000261
numerical 1,021651 0,000187
nynorskoccitan 1,897120 0,000347
object 0,544727 0,000497
objects 0,544727 0,000099
obvious 2,120264 0,000387
ocaml 1,966113 0,000359
occupy 2,813411 0,000514
occur 0,916291 0,000167
occurred 1,469676 0,000268
occurs 1,427116 0,000782
october 0,139262 0,000153
odot 3,912023 0,000715
off 0,776529 0,000142
offer 0,820981 0,000150
often 0,127833 0,000350
oldid -0,009950 -0,000002
olesperantoestreme 2,525729 0,000461
omitted 1,832581 0,000335
one 0,010050 0,000018
ones 1,309333 0,000478
online 0,415515 0,000076
onto 1,660731 0,000303
ontology 2,040221 0,000373
oop 3,912023 0,001429
open 0,235722 0,000474
operated 1,660731 0,000303
operating 0,462035 0,000338
operation 0,713350 0,000521
operations 0,301105 0,000660
operator 1,139434 0,000208
operators 1,237874 0,000452
oplus 3,506558 0,000640
optimization 0,693147 0,000127
optimizing 1,469676 0,000268
option 1,108663 0,000405
optionally 2,120264 0,000387
oracle 1,108663 0,000405
order 0,094311 0,000069
ordered 1,386294 0,000506
ordinal 2,813411 0,000514
oreilly 2,995732 0,000547
org -0,009950 -0,000007
organization -0,009950 -0,000005
oriented 0,798508 0,000875
original 0,030459 0,000089
originally 0,820981 0,000150
origins 1,514128 0,000277
orthogonality 2,995732 0,000547
others 0,314711 0,000057
out 0,261365 0,000048
outline 0,653926 0,000239
outperformed 2,659260 0,000486
output 0,713350 0,000130
outside 0,798508 0,000146
over 0,094311 0,000069
overall 0,967584 0,000177
overflow 1,771957 0,000324
overlapping 2,302585 0,000421
overline 3,218876 0,004115
overloading 2,407946 0,000440
oxford 0,843970 0,000154
packt 2,120264 0,000775
page -0,009950 -0,000004
pagecontentscurrent -0,009950 -0,000002
pageget -0,009950 -0,000002
pages -0,009950 -0,000005
pagesuse 1,469676 0,000268
pagethis 2,659260 0,000486
pair 1,714798 0,000313
papers 1,203973 0,000220
paradigm 1,021651 0,000187
paradigms 1,714798 0,000626
parallel 1,021651 0,000373
parameters 1,021651 0,000560
parentheses 2,302585 0,000421
parquet 3,912023 0,000715
parse 2,525729 0,000461
parser 2,302585 0,000421
parsing 1,714798 0,000940
part 0,127833 0,000070
partial 1,237874 0,000226
particular 0,301105 0,000055
particularly 0,597837 0,000109
parts 0,544727 0,000099
pascal 1,386294 0,001013
passing 1,771957 0,000324
pdfprintable -0,009950 -0,000002
pds 3,912023 0,000715
pearson 1,347074 0,000492
pending 2,120264 0,000387
people 0,356675 0,000326
per 0,616186 0,000450
perform 0,562119 0,000205
performance 0,261365 0,000334
performed 0,867501 0,000317
performs 1,609438 0,000882
peripheral 2,120264 0,000387
perl 1,386294 0,001519
perlis 3,912023 0,001429
permanently 1,714798 0,000313
person 1,021651 0,000187
personal -0,009950 -0,000004
peter 0,494296 0,000181
pez 2,659260 0,000486
pharmacoepidemiology 3,912023 0,000715
phase 1,560648 0,000285
philip 1,469676 0,000268
philosophy 0,994252 0,000182
photograph 2,040221 0,000373
php -0,009950 -0,000007
physical 0,616186 0,000225
physics 0,994252 0,000182
piece 1,714798 0,000313
pieces 1,966113 0,000359
piemont 1,427116 0,000261
pierce 3,506558 0,000640
piped 3,912023 0,000715
planning 0,941609 0,000172
platform 0,527633 0,000193
please 0,776529 0,000284
plus 1,203973 0,000220
pmid 0,994252 0,000363
point 0,301105 0,000110
pointer 1,897120 0,000693
pointers 2,302585 0,000421
policy -0,009950 -0,000004
pollinated 3,912023 0,000715
polymorphic 2,525729 0,000923
ponat 2,120264 0,000387
popular 0,579818 0,000741
popularity 1,171183 0,001283
popularly 3,912023 0,000715
portability 1,771957 0,000971
portable 1,660731 0,000303
portal 0,597837 0,000109
portalrecent -0,009950 -0,000002
position 1,171183 0,000428
positive 1,272966 0,000233
possible 0,287682 0,000105
postscript 2,813411 0,000514
potential 0,653926 0,000239
power 0,400478 0,000146
practice 0,371064 0,000136
pragmatics 2,995732 0,001094
pratt 3,218876 0,000588
preceded 2,407946 0,000440
precision 1,469676 0,000805
preliminary 2,302585 0,000421
prentice 0,994252 0,001090
present 0,597837 0,000328
press 0,210721 0,000500
prevent 0,891598 0,000326
prevented 2,525729 0,000461
priestley 3,506558 0,001921
primitive 1,832581 0,000669
primitives 2,120264 0,000775
principles 0,597837 0,000328
print -0,009950 -0,000002
printed 1,560648 0,000285
prioritized 2,995732 0,000547
privacy -0,009950 -0,000004
probability 1,078810 0,000197
problem 0,385662 0,000282
problems 0,430783 0,000079
proceedings 0,597837 0,000437
process 0,116534 0,000106
processing 0,356675 0,000261
processor 1,272966 0,000465
processors 1,427116 0,001043
produce 0,916291 0,000335
product 0,579818 0,000106
production 0,798508 0,000146
professional 0,843970 0,000154
professionals 1,427116 0,000261
profit -0,009950 -0,000002
program 0,328504 0,001380
programmable 1,966113 0,000359
programmed 1,609438 0,000294
programmer 1,386294 0,003545
programmers 1,347074 0,001722
programming 0,446287 0,016221
programs 0,494296 0,001896
project 0,314711 0,000057
projects -0,009950 -0,000011
prolog 1,897120 0,001040
property 0,776529 0,000142
proposed 0,713350 0,000261
propositional 2,995732 0,000547
proprietary 1,171183 0,002139
protected 0,776529 0,000142
protocol 0,713350 0,000130
prove 1,832581 0,000335
provide 0,174353 0,000096
provides 0,261365 0,000191
pseudocode 3,506558 0,001281
public 0,248461 0,000045
publication 1,203973 0,000220
publishers 1,514128 0,000277
publishing 0,446287 0,000326
punch 2,659260 0,000486
punctuation 2,659260 0,000486
purely 2,207275 0,000403
purpose 0,356675 0,000195
purposes 0,798508 0,000146
pushdown 3,912023 0,000715
pws 2,659260 0,000486
python 0,916291 0,001172
qualities 2,659260 0,000486
quality 0,673345 0,000123
quantum 1,171183 0,000214
query 1,427116 0,000261
quickly 0,891598 0,000326
quite 1,514128 0,000277
racket 3,506558 0,000640
radar 1,897120 0,000347
raku 2,040221 0,000373
randomized 1,832581 0,000335
range 0,446287 0,000082
raphael 2,659260 0,000486
rapid 1,237874 0,000226
rather 0,287682 0,000053
ravi 2,995732 0,000547
rbaycanca 0,248461 0,000045
reached 1,309333 0,000239
reaching 2,040221 0,000373
readability 2,120264 0,002711
readable 1,469676 0,000537
readeditview 0,287682 0,000105
reading 0,342490 0,000188
real 0,210721 0,000154
reality 1,272966 0,000465
reason 1,049822 0,000192
reasoning 1,171183 0,000214
reasons 0,891598 0,000163
rebol 2,995732 0,000547
recognizing 2,120264 0,000387
records 0,994252 0,000363
recursion 2,813411 0,001028
reduce 0,673345 0,000246
reduced 1,078810 0,000394
reducible 3,506558 0,000640
reduction 1,237874 0,000226
rees 3,218876 0,000588
reference 0,478036 0,000262
references 0,020203 0,000033
referencesarticles 1,660731 0,000303
referencing 2,302585 0,000421
refers 0,755023 0,000138
reflective 2,659260 0,000486
regard 1,609438 0,000294
regardless 1,272966 0,000233
region 1,832581 0,000335
registered -0,009950 -0,000002
registers 2,525729 0,000461
regular 1,049822 0,000192
regularly 1,771957 0,000324
reinforcement 1,832581 0,000335
rejected 1,966113 0,000359
related 0,051293 0,000028
relationships 1,171183 0,000214
relatively 1,049822 0,000192
released 0,693147 0,000127
reliability 1,021651 0,001120
reliable 0,616186 0,000225
remain 1,078810 0,000197
remained 1,771957 0,000324
remains 1,237874 0,000226
remarks 3,218876 0,000588
remote 0,843970 0,000154
remove 0,527633 0,000289
removed 0,693147 0,000253
rendering 1,347074 0,000246
reoccurring 3,912023 0,000715
repeat 2,659260 0,000486
replacements 3,218876 0,000588
replication 2,040221 0,000373
report 0,462035 0,000084
reported 1,108663 0,000202
repository 1,078810 0,000197
represent 0,733969 0,000536
representation 0,776529 0,000425
represented 0,967584 0,000177
representing 1,108663 0,000202
republicotheryale 3,912023 0,000715
require 0,462035 0,000338
required 0,274437 0,000100
requirements 0,597837 0,000218
requires 0,430783 0,000157
research 0,261365 0,000143
researchers 0,820981 0,000300
resources 0,314711 0,000172
respective 1,966113 0,000359
respectively 0,967584 0,000177
respects 2,995732 0,000547
restricted 1,427116 0,000261
restrictions 1,309333 0,000478
result 0,371064 0,000271
results 0,446287 0,000245
resuming 3,218876 0,000588
resumption 3,506558 0,000640
retrieval 1,347074 0,000246
retrieved -0,009950 -0,000029
return 0,820981 0,000150
reused 2,302585 0,000421
review 0,385662 0,000070
reviewed 1,714798 0,000313
revised 1,832581 0,000669
revision 1,347074 0,000246
revolutionized 2,995732 0,000547
rexx 3,912023 0,001429
reynolds 2,659260 0,000971
ric 3,218876 0,000588
rice 2,120264 0,000387
rich 1,347074 0,000246
richard 0,733969 0,000134
right 0,478036 0,000087
rightarrow 2,813411 0,001542
rights 0,891598 0,000163
robert 0,579818 0,000424
roles 1,469676 0,000268
rom 0,616186 0,000225
roster 3,912023 0,000715
roughly 1,660731 0,000303
roy 1,966113 0,000359
rst 3,912023 0,000715
rubinoff 3,912023 0,000715
ruby 1,347074 0,000984
rules 0,616186 0,000450
run 0,446287 0,000489
runa 0,916291 0,000167
running 0,713350 0,000130
runs 1,171183 0,000642
runtime 1,347074 0,000984
rust 1,427116 0,000521
safety -0,009950 -0,000005
salary 2,995732 0,000547
sales 1,171183 0,000214
salus 3,506558 0,000640
sarduscotsshqip 3,218876 0,000588
sas 1,771957 0,000324
say 1,078810 0,000197
scale 0,494296 0,000181
scarce 2,813411 0,000514
scheduler 1,966113 0,000359
scheduling 1,386294 0,000253
scheme 1,469676 0,000805
scholar 1,309333 0,000239
school 1,078810 0,000197
schools 1,609438 0,000294
science 0,287682 0,000315
sciencenote 2,207275 0,000403
scientific 0,693147 0,000253
scott 0,891598 0,000326
scratch 1,771957 0,001295
scripting 1,237874 0,001809
search -0,009950 -0,000011
searches 1,560648 0,000285
sebesta 3,912023 0,047159
second 0,342490 0,000188
section 0,562119 0,000719
security 0,314711 0,000460
see -0,009950 -0,000013
seems 1,966113 0,000359
seen 0,776529 0,000142
seif 3,912023 0,000715
selection 1,021651 0,000187
semantic 1,272966 0,000698
semantically 3,218876 0,001176
semantics 1,171183 0,006845
semaphores 3,912023 0,000715
sensor 1,514128 0,000277
sentence 2,813411 0,001028
separate 0,693147 0,000253
september 0,150823 0,000165
sequence 0,994252 0,000363
sequences 1,514128 0,001106
servers 1,021651 0,000187
service 0,314711 0,000115
services 0,400478 0,000146
session 1,660731 0,000303
set 0,083382 0,000030
sethi 3,912023 0,000715
several 0,094311 0,000052
sewell 3,912023 0,000715
shading 3,506558 0,000640
shah 2,207275 0,000403
shall 2,659260 0,000486
sharad 3,912023 0,000715
sharealike -0,009950 -0,000002
shared 0,755023 0,000276
sharing 0,967584 0,000177
sheldon 2,995732 0,000547
shell 1,237874 0,000678
short -0,009950 -0,000002
shortened -0,009950 -0,000002
shriram 3,912023 0,000715
shutting 2,995732 0,000547
sidebar -0,009950 -0,000007
sigact 3,506558 0,000640
sign 1,469676 0,000268
signed 1,309333 0,000478
significant 0,328504 0,000180
sigplan 2,525729 0,001384
sim 2,813411 0,000514
simi 0,755023 0,000138
similar 0,186330 0,000068
similarity 2,207275 0,000403
similarly 0,843970 0,000154
simone 2,813411 0,000514
simple 0,150823 0,000110
simplest 2,040221 0,001118
simplicity 1,966113 0,000359
simply 0,733969 0,000134
simula 2,040221 0,000745
simultaneously 1,309333 0,000478
since 0,139262 0,000153
single 0,127833 0,000093
sipser 3,506558 0,000640
sister 1,386294 0,000253
site -0,009950 -0,000004
sites 1,609438 0,000294
size 0,462035 0,000253
sizes 1,514128 0,000277
sleep 2,659260 0,000486
slenskaitaliano 0,562119 0,000103
slowdown 3,506558 0,000640
slower 1,966113 0,000359
small 0,314711 0,000287
smalltalk 1,714798 0,000313
smart 1,078810 0,000394
soc 1,966113 0,000359
social 0,527633 0,000289
software 0,127833 0,000700
sold 1,347074 0,000246
solid 1,347074 0,000246
solve 1,203973 0,000220
sometimes 0,301105 0,000165
sons 1,108663 0,000202
sound 1,560648 0,000285
soundness 2,813411 0,000514
source 0,186330 0,000374
sources 0,446287 0,000408
space 0,478036 0,000087
speakers 2,813411 0,000514
speaking 1,514128 0,000277
special 0,494296 0,000271
specialized 0,843970 0,000308
specific 0,094311 0,000086
specification 0,941609 0,001720
specifications 1,237874 0,000678
specified 0,733969 0,000938
specifies 1,714798 0,000626
specify 1,272966 0,000930
spectrum 1,386294 0,000506
spite 3,218876 0,000588
springer 0,527633 0,000096
sqaraqalpaqsha 1,386294 0,000253
sql 1,171183 0,000214
sqrt 2,995732 0,000547
srpskisrpskohrvatski 0,510826 0,000093
ssl 2,525729 0,000461
stackify 3,912023 0,001429
staff 1,469676 0,000268
standard 0,198451 0,000362
standards 0,462035 0,000084
statement -0,009950 -0,000004
statements 0,314711 0,000287
statementsarticles 0,544727 0,000099
states 0,385662 0,000141
statesfrancebnf 0,510826 0,000093
static 1,272966 0,003023
statically 2,407946 0,000440
statistics -0,009950 -0,000004
statusthis 2,659260 0,000486
stefan 1,560648 0,000285
step 0,967584 0,000353
still 0,342490 0,000250
stimulated 3,506558 0,000640
stochastic 1,347074 0,000246
storage 0,430783 0,000157
store 0,733969 0,000134
stored 0,733969 0,000268
stores 1,272966 0,000233
storing 1,171183 0,000214
strategy 0,891598 0,000163
string 1,171183 0,000214
strings 1,514128 0,000553
strong 0,776529 0,000284
strongly 1,560648 0,000285
structure 0,314711 0,000460
structured 0,653926 0,000239
structures 0,673345 0,000123
study 0,510826 0,000093
style 0,994252 0,000363
stylesheet 3,218876 0,000588
subject 0,527633 0,000096
subprogram 3,912023 0,000715
subroutine 3,218876 0,000588
subsection 0,020203 0,000018
subset 1,237874 0,001130
subtypes 2,995732 0,000547
success 1,171183 0,000642
successively 3,506558 0,000640
sufficient 1,309333 0,000239
suitable 1,347074 0,000246
sundasuomisvenskatagalog 1,897120 0,000347
superset 2,995732 0,000547
supervised 1,660731 0,000303
support 0,198451 0,000616
supported 0,634878 0,000928
supporting 0,843970 0,000154
supports 0,867501 0,000634
supset 3,912023 0,001429
suresh 2,995732 0,000547
surface 1,771957 0,000324
survey 0,579818 0,000106
sussman 3,506558 0,001921
sustained 2,813411 0,000514
swan 2,659260 0,000486
swift 1,386294 0,000506
symbol 1,469676 0,001074
symbolic 2,040221 0,000373
symbols 1,560648 0,000855
symposium 1,309333 0,000239
syntactic 2,040221 0,000373
syntactically 2,813411 0,002569
syntax 1,171183 0,004492
system 0,030459 0,000117
systems 0,061875 0,000113
table -0,009950 -0,000004
tabletruth 3,912023 0,000715
take 0,527633 0,000096
takes 0,634878 0,000116
taqbaylit 1,897120 0,000347
task 0,776529 0,000142
tatar 1,272966 0,000233
teach 2,040221 0,000373
teaching 1,897120 0,000347
team 0,776529 0,000142
tech 0,967584 0,000177
technical 0,478036 0,000087
techniques 0,544727 0,000099
technology 0,186330 0,000136
template 0,328504 0,000120
temporarily 2,040221 0,000373
ten 1,469676 0,000268
term 0,223144 0,000041
termination 2,207275 0,000403
terminology 1,309333 0,000239
terms -0,009950 -0,000007
terrence 3,506558 0,000640
tetun 2,813411 0,000514
texas 1,966113 0,000359
text -0,009950 -0,000004
textbooks 2,207275 0,000403
texts 1,832581 0,000335
textual 1,966113 0,001796
theorem 1,171183 0,000214
theoretical 0,967584 0,000353
theory 0,400478 0,000585
therefore 0,478036 0,000175
thereof 2,040221 0,000373
thermodynamic 2,207275 0,000403
third 0,356675 0,000261
thomas 0,527633 0,000096
though 0,544727 0,000099
thoughts 3,912023 0,000715
thousands 1,469676 0,000268
threads 2,407946 0,000880
three 0,287682 0,000053
tied 2,120264 0,001162
time 0,010050 0,000029
timeline 0,776529 0,000142
times 0,314711 0,000057
tina 1,771957 0,000324
tiobe 3,218876 0,001764
title -0,009950 -0,000002
today 0,693147 0,000127
todd 2,407946 0,000440
tofte 3,912023 0,000715
together 0,579818 0,000106
toggle -0,009950 -0,000013
token 1,660731 0,000303
tokenization 2,813411 0,000514
toki 2,120264 0,000387
told 2,407946 0,000440
tolerance 1,514128 0,000277
took 1,237874 0,000226
tooling 2,813411 0,000514
tools -0,009950 -0,000007
top -0,009950 -0,000005
topic -0,009950 -0,000002
topics 0,653926 0,000119
tour 2,407946 0,000440
towards 1,203973 0,000220
trademark -0,009950 -0,000002
tradeoff 2,407946 0,000440
tradeoffs 3,912023 0,002144
traditionally 1,897120 0,000693
training 1,078810 0,000197
transformation 1,272966 0,000233
transformations 1,966113 0,000359
transformed 2,120264 0,000387
transition 1,427116 0,000261
translated 1,609438 0,000294
translates 2,525729 0,000923
translation 1,609438 0,000882
translator 2,995732 0,000547
transportation 1,832581 0,000335
tree 0,843970 0,000154
trend 1,237874 0,000226
trigger 1,897120 0,000693
triggered 2,302585 0,000421
true 0,776529 0,000284
truism 3,506558 0,000640
tschpolskiportugu 1,832581 0,000335
tuples 2,302585 0,000421
turbak 3,912023 0,000715
turing 1,660731 0,000303
turning 2,302585 0,000421
turns 1,966113 0,000359
tutorial 1,771957 0,000324
twenty 1,897120 0,001040
two 0,083382 0,000107
twobithistory 3,912023 0,000715
twos 3,912023 0,000715
type 0,150823 0,001185
typed 1,609438 0,001176
types 0,198451 0,000689
typically 0,223144 0,000163
typing 1,560648 0,003136
tzebuergeschlietuvi 1,514128 0,000277
ubiquitous 1,469676 0,000537
ueuskara 2,525729 0,000461
ugi 2,813411 0,000514
ultimately 1,427116 0,000261
unbroken 3,912023 0,000715
unclear 2,207275 0,000403
undecidability 3,912023 0,000715
undecidable 3,218876 0,001176
undefined 2,207275 0,000806
under -0,009950 -0,000002
underestimate 3,218876 0,000588
underline 3,218876 0,000588
underlying 0,755023 0,000414
understand 1,139434 0,000416
understood 1,469676 0,000805
undetected 3,218876 0,000588
unexpected 2,302585 0,000421
unified 1,560648 0,000285
union 1,021651 0,000187
unit 0,798508 0,000146
unity 2,813411 0,001028
universal 0,994252 0,000363
university 0,186330 0,000136
unix 1,469676 0,000268
unless 1,237874 0,000452
unlike 0,798508 0,000146
unordered 2,813411 0,000514
unreal 3,218876 0,001176
unsigned 2,525729 0,000461
unsourced 0,446287 0,000571
unsupervised 2,040221 0,000373
untyped 3,218876 0,000588
uparrow 3,912023 0,000715
update 0,527633 0,000096
upon 0,673345 0,000123
urldownload -0,009950 -0,000002
usage 0,597837 0,000546
use -0,009950 -0,000042
used -0,009950 -0,000044
user 0,328504 0,000360
users 0,478036 0,000175
uses 0,094311 0,000052
using -0,009950 -0,000024
usual 1,966113 0,000359
usually 0,223144 0,000082
utc -0,009950 -0,000002
utilization 2,407946 0,000440
uyghurchev 2,813411 0,000514
vakavitinederlands 2,659260 0,000486
valid 1,272966 0,000465
validation 1,237874 0,000226
value 0,301105 0,000275
values 0,597837 0,000874
van 0,891598 0,000163
variable 0,843970 0,000771
variables 0,891598 0,000814
variation 1,714798 0,000313
varies 1,427116 0,000261
variety 0,653926 0,000119
various 0,223144 0,000163
vary 1,049822 0,000192
varying 1,309333 0,000239
vbscript 3,506558 0,000640
vendor 1,469676 0,000537
verification 0,733969 0,000268
verificationarticles 2,407946 0,000440
version -0,009950 -0,000007
via 0,186330 0,000238
vicki 3,506558 0,000640
victor 2,407946 0,000440
video 0,616186 0,000113
view -0,009950 -0,000002
viral 3,218876 0,000588
virtual 0,527633 0,000193
vision 0,891598 0,000163
visual 0,843970 0,001233
visualization 1,609438 0,000294
vocabulary 2,302585 0,000421
vol 0,616186 0,000113
vols 3,912023 0,000715
volume 0,616186 0,000225
von 1,469676 0,000805
vosa 2,659260 0,000486
voting 1,966113 0,000359
vpls 3,912023 0,000715
vtecomputer 2,040221 0,000373
vteprogramming 2,040221 0,000373
vtetypes 3,912023 0,001429
wand 3,506558 0,000640
warusawithana 3,912023 0,000715
watt 3,912023 0,002858
way 0,198451 0,000109
wayback 0,478036 0,000698
ways 0,446287 0,000245
weak 1,832581 0,000335
web 0,342490 0,000438
webarchive 1,021651 0,000187
websites 1,203973 0,000220
weekly 1,966113 0,000718
well 0,051293 0,000056
wesley 1,078810 0,000985
what -0,009950 -0,000011
whether 0,400478 0,000146
which 0,000000 0,000000
while 0,051293 0,000075
whitespace 2,207275 0,000403
who 0,301105 0,000110
whose 0,776529 0,000567
wide 0,597837 0,000437
widely 0,342490 0,000250
widespread 0,994252 0,000182
wikibooksresources 1,660731 0,000303
wikidata 0,562119 0,000103
wikidatawikipedia 0,967584 0,000177
wikify 3,912023 0,000715
wikifyall 3,912023 0,000715
wikimedia -0,009950 -0,000004
wikipedia -0,009950 -0,000015
wikipediacontact -0,009950 -0,000002
wikiproject 1,832581 0,000669
wikiquotetextbooks 2,525729 0,000461
wikiversitydata 2,302585 0,000421
wiktionarymedia 1,660731 0,000303
wildly 3,912023 0,000715
wiley 0,562119 0,000103
william 0,713350 0,000130
wilson 1,469676 0,000268
winaray 2,407946 0,000440
winskel 3,912023 0,000715
wireless 1,078810 0,000197
within 0,116534 0,000064
without 0,094311 0,000121
wolfram 3,218876 0,000588
word 0,693147 0,000127
words 0,916291 0,000335
works 0,693147 0,000127
workshop 1,469676 0,000268
world 0,139262 0,000153
writability 3,912023 0,001429
write 0,941609 0,001376
writing 0,891598 0,000326
written 0,287682 0,000473
wrote 1,078810 0,000197
xml 1,203973 0,000220
xnor 3,912023 0,000715
xor 2,813411 0,000514
year 0,579818 0,000106
yet 0,891598 0,000163
yor 2,040221 0,000373
york 0,371064 0,000068
zazaki 1,966113 0,000359
zbekcha 0,462035 0,000084
zelkowitz 3,912023 0,000715
zero 0,733969 0,000268
zig 3,506558 0,000640
zquez 3,912023 0,000715
