abil 0,562119 0,000181
abodit 3,912023 0,000630
absenc 2,040221 0,000329
abstract 0,713350 0,000460
access 0,127833 0,000206
accessor 3,218876 0,001037
accommod 1,897120 0,000306
account -0,009950 -0,000005
achiev 0,510826 0,000082
acknowledg 2,040221 0,000329
action -0,009950 -0,000002
actual 0,597837 0,000193
ad 0,198451 0,000064
ada 1,609438 0,000519
adam 1,203973 0,000194
add -0,009950 -0,000008
addit -0,009950 -0,000010
addition 0,967584 0,000312
address 0,342490 0,000110
adjust 1,078810 0,000174
ado 3,506558 0,000565
adopt 0,415515 0,000067
advanc 0,235722 0,000038
advantag 0,693147 0,000223
adventur 2,813411 0,000453
against 0,462035 0,000074
ago 0,967584 0,000312
agock 3,912023 0,000630
agre -0,009950 -0,000005
agreement 1,078810 0,000348
airsim 3,912023 0,000630
aisgalego 1,309333 0,000211
ajax 1,832581 0,000295
albahari 3,912023 0,001891
algol 1,897120 0,000306
alik 2,813411 0,000453
allegi 3,912023 0,000630
allow 0,061875 0,000130
along 0,462035 0,000074
alphabet 1,469676 0,000237
alreadi 0,776529 0,000250
altern 0,342490 0,000055
although 0,287682 0,000139
alwai 0,597837 0,000771
amm 3,506558 0,000565
amount 0,579818 0,000187
amp -0,009950 -0,000013
analysi 0,186330 0,000120
ander 2,995732 0,004344
anderson 1,609438 0,000259
andi 1,714798 0,000553
andra 3,912023 0,000630
android 1,272966 0,000205
ani 0,083382 0,000188
annot 1,108663 0,000357
announc 0,733969 0,000355
anonym 1,560648 0,001760
ansi 2,207275 0,000711
answer 1,171183 0,000189
anywher 1,560648 0,000251
aot 2,813411 0,000453
api 0,798508 0,000772
apiw 3,506558 0,000565
apl 2,040221 0,000329
app 1,021651 0,000329
appear -0,009950 -0,000008
appli -0,009950 -0,000005
applic 0,030459 0,000044
approach 0,174353 0,000028
appropri 0,867501 0,000140
approv 1,272966 0,001231
approxim 0,891598 0,000144
april 0,072571 0,000667
arbitrari 1,049822 0,000507
archer 3,912023 0,001261
architect 2,407946 0,001164
architectur 0,400478 0,000065
archiv 0,040822 0,000691
arg 2,407946 0,000776
argument 1,171183 0,000566
ari 2,040221 0,000329
arrai 0,994252 0,001282
arraylist 3,912023 0,000630
articl 0,000000 0,000000
articleabout -0,009950 -0,000002
articletalk -0,009950 -0,000002
artist 1,771957 0,000286
asp 2,040221 0,002959
assembl 0,867501 0,000978
assign 0,798508 0,000386
async 2,813411 0,000453
atom 1,309333 0,000211
attach 1,514128 0,000244
attempt 0,478036 0,000077
attila 3,912023 0,000630
attribut -0,009950 -0,000010
august 0,162519 0,000576
author 0,040822 0,000033
auto 1,514128 0,000488
autobox 3,506558 0,000565
automat 0,462035 0,000372
avail -0,009950 -0,000011
avalonia 3,912023 0,000630
avoid 0,579818 0,000280
award 1,609438 0,000259
axum 3,912023 0,000630
azur 1,771957 0,000286
babylon 3,218876 0,000519
back 0,462035 0,000149
bahasa 0,186330 0,000030
bal 3,912023 0,000630
bar 1,386294 0,000670
barrelfish 3,912023 0,000630
barri 2,207275 0,000711
base 0,010050 0,000010
basic 0,198451 0,000512
battl 1,832581 0,000295
beauti 2,407946 0,000388
becam 0,579818 0,000093
becaus 0,127833 0,000062
becom 0,274437 0,000088
began 0,634878 0,000205
begin 0,385662 0,000186
behalf 2,207275 0,000356
behav 1,427116 0,000230
behaviour 1,832581 0,000295
ben 1,309333 0,000211
benefit 0,776529 0,000125
bertrand 2,659260 0,000428
best 0,462035 0,000074
better 0,494296 0,000080
bill 0,776529 0,000501
billwagn 3,912023 0,005673
bind 1,469676 0,000237
bit 1,078810 0,000695
bitfunnel 3,912023 0,000630
blazor 2,995732 0,000965
blind 2,120264 0,000342
block 0,597837 0,000482
blog 0,713350 0,001035
boilerpl 3,506558 0,000565
bokm 0,127833 0,000021
boo 3,218876 0,000519
book 0,210721 0,000034
bool 2,407946 0,001164
boolean 1,560648 0,001006
borenszweig 3,912023 0,000630
borland 3,218876 0,000519
bosanski 1,347074 0,000217
bosqu 3,912023 0,000630
bot 1,832581 0,000295
bound 1,171183 0,000189
boundari 1,427116 0,000230
box 0,843970 0,001360
brace 2,525729 0,000407
bracket 1,897120 0,000917
branch 1,021651 0,000165
bring 1,021651 0,000165
browser 1,021651 0,000494
bruce 1,514128 0,000244
build 0,274437 0,000221
built 0,462035 0,000074
byander 3,912023 0,000630
byc 3,218876 0,000519
bytecod 1,966113 0,000634
cach 1,386294 0,000223
calcul 0,916291 0,000148
call 0,030459 0,000079
came 1,078810 0,000348
caml 2,040221 0,000329
cannot 0,314711 0,000254
capabl 0,562119 0,000181
capit 0,994252 0,000160
case 0,083382 0,000067
cast 1,832581 0,000295
catal 0,094311 0,000015
catch 1,966113 0,001901
categor 1,171183 0,000189
categori -0,009950 -0,000014
caus 0,430783 0,000069
cb 1,832581 0,000295
ccf 3,218876 0,000519
cdf 2,995732 0,000483
certain 0,274437 0,000177
chain 0,843970 0,000136
chakracor 2,995732 0,000483
chang 0,051293 0,000008
changesupload -0,009950 -0,000003
channel 1,049822 0,000169
chapel 2,659260 0,000428
chapter 0,891598 0,000287
char 2,659260 0,000428
charact 0,843970 0,000272
charl 0,941609 0,000152
check 0,634878 0,000614
chief 1,609438 0,000259
choos 0,916291 0,000148
chose 2,659260 0,000428
chosen 1,469676 0,000237
chri 0,994252 0,000481
chronozoom 3,912023 0,000630
cid 0,356675 0,000057
cil 3,506558 0,001695
circular 2,120264 0,000342
circumst 1,897120 0,000611
citat 0,248461 0,000160
cite 0,597837 0,000096
citizen 1,966113 0,000317
claim 0,634878 0,000102
class 0,446287 0,004243
classic 0,544727 0,000263
cli 2,040221 0,003616
clojur 2,995732 0,000965
clone 2,207275 0,000356
close 0,356675 0,000115
closer 1,660731 0,000268
closur 1,771957 0,000857
clr 3,218876 0,002075
clu 2,813411 0,000453
cnet 1,609438 0,000519
cobol 1,966113 0,000317
cobra 3,218876 0,000519
cocoa 2,407946 0,001164
code -0,009950 -0,000071
codearticl 3,506558 0,000565
codegear 3,912023 0,000630
codeplex 3,912023 0,000630
codeport 3,912023 0,000630
cognit 1,427116 0,000230
collabor 0,941609 0,000303
collect 0,274437 0,000486
collectedplatformcommon 3,912023 0,000630
collector 2,302585 0,000371
colleg 1,514128 0,000244
com 0,150823 0,000510
combin 0,261365 0,000042
comma 2,659260 0,000428
command 0,891598 0,000144
comment 1,049822 0,000169
commerci 0,527633 0,000085
commiss 1,309333 0,000211
committe 1,309333 0,000211
common -0,009950 -0,000030
commonli 0,342490 0,000055
commonswikibookswikiversitywikidata 2,302585 0,000371
commun 0,139262 0,000090
compact 1,609438 0,000259
compar 0,342490 0,000110
comparison 0,371064 0,000538
compat 0,693147 0,000112
compet 1,139434 0,000367
compil 0,755023 0,005961
complet 0,223144 0,000180
compliant 1,897120 0,000306
complic 1,427116 0,000230
compon 0,261365 0,000126
composit 1,386294 0,000223
comprehens 0,867501 0,000280
compris 1,714798 0,000276
comput 0,020203 0,000020
computerworld 1,609438 0,000778
concurr 0,994252 0,000160
concurrentfamilycdesign 3,912023 0,000630
condit 0,579818 0,000093
conduct -0,009950 -0,000002
confer 0,274437 0,000133
confus 0,693147 0,000112
consciou 2,813411 0,000453
consecut 2,659260 0,000428
consid 0,274437 0,000088
consider 0,713350 0,000230
consist 0,301105 0,000146
consol 1,897120 0,003668
constrain 1,897120 0,000306
constraint 1,139434 0,000367
construct 0,579818 0,000093
constructor 2,659260 0,001714
contact -0,009950 -0,000003
contain 0,162519 0,000236
content -0,009950 -0,000006
context 0,446287 0,000072
contrast 0,891598 0,000287
contravari 3,912023 0,001261
contribut -0,009950 -0,000002
control 0,020203 0,000003
convent 0,891598 0,000287
converg 1,832581 0,000295
convers 0,776529 0,000501
convert 1,049822 0,001184
cooki -0,009950 -0,000002
cool 2,995732 0,000965
cooper 1,021651 0,000165
copenhagen 2,525729 0,000407
copi 0,891598 0,001006
core 0,579818 0,001401
coreclr 3,912023 0,001891
corneliu 3,506558 0,001130
correct 0,820981 0,000132
correspond 0,798508 0,000643
count 0,916291 0,000295
coupl 1,514128 0,000244
cours 0,967584 0,000156
covari 2,525729 0,000407
coven 3,506558 0,002260
cover 0,733969 0,000473
cpu 1,347074 0,000217
crai 2,995732 0,000483
creat -0,009950 -0,000014
creativ -0,009950 -0,000002
cross 0,562119 0,000362
crystal 2,813411 0,000907
csharp 3,912023 0,000630
csharpindepth 3,912023 0,000630
csxwebsitelearn 3,912023 0,000630
ct 2,407946 0,000776
culmin 2,525729 0,000407
curli 2,525729 0,000814
currenc 1,660731 0,000268
current 0,210721 0,000034
custom 0,544727 0,000527
dafni 3,912023 0,000630
dan 0,916291 0,000295
danielmoth 3,912023 0,000630
dapr 3,912023 0,000630
dart 2,525729 0,001221
data 0,030459 0,000069
databas 0,072571 0,000047
dataczech 1,171183 0,000189
dataset 1,714798 0,000276
datastor 3,218876 0,000519
date 0,210721 0,000136
datetim 3,506558 0,000565
david 0,385662 0,000062
dd 2,525729 0,000407
dead 1,386294 0,000223
debug 1,660731 0,000268
debugg 2,302585 0,000371
decad 1,078810 0,000348
decemb 0,061875 0,000179
decim 1,660731 0,000268
decis 0,400478 0,000129
declar 1,108663 0,001608
dedic 1,272966 0,000205
deep 1,078810 0,000174
deepspe 3,218876 0,000519
default 0,693147 0,000894
defin 0,116534 0,000169
definit 0,186330 0,000180
degre 0,916291 0,000148
deleg 1,966113 0,002534
delet 1,139434 0,000184
delphi 2,407946 0,002328
demarc 3,506558 0,000565
denot 1,386294 0,000223
densiti 1,660731 0,000268
departur 2,813411 0,000453
depend 0,105361 0,000085
deploy 1,049822 0,000338
depth 1,427116 0,000230
derefer 3,506558 0,000565
deriv 0,494296 0,000398
descend 2,525729 0,000407
describ 0,174353 0,000056
descript -0,009950 -0,000002
descriptionshort 0,000000 0,000000
design 0,040822 0,000099
detail 0,510826 0,000247
detect 0,755023 0,000122
detour 3,912023 0,000630
develop -0,009950 -0,000030
developermad 3,912023 0,000630
diagnost 2,040221 0,000329
differ 0,010050 0,000010
direct 0,261365 0,000126
directli 0,415515 0,000268
disallow 2,407946 0,000776
disc 2,120264 0,000683
disciplin 1,203973 0,000194
disciplinestat 2,995732 0,000483
disclaim -0,009950 -0,000002
discontinu 1,514128 0,000488
discriminatori 3,218876 0,000519
disk 1,469676 0,000237
diskspd 3,912023 0,000630
displai 0,755023 0,000365
distinct 0,544727 0,000088
distinguish 0,733969 0,000591
distribut 0,198451 0,000128
diverg 1,966113 0,000317
dlt 3,218876 0,001037
doc 1,139434 0,001285
document 0,328504 0,000794
dogfood 2,995732 0,000483
doi 0,162519 0,000026
dollard 3,912023 0,000630
domain 0,544727 0,000088
don 0,916291 0,000148
donat -0,009950 -0,000005
done 0,653926 0,000211
dong 2,659260 0,000857
dotgnu 3,912023 0,001891
dotgnudialectsc 3,912023 0,000630
dotmemori 3,912023 0,000630
dotnet 3,506558 0,002825
dottrac 3,912023 0,000630
down 0,597837 0,000096
download -0,009950 -0,000002
downstream 2,813411 0,000907
draft 1,427116 0,000230
draw 0,994252 0,000160
drayton 3,912023 0,000630
driven 0,867501 0,000280
driver 1,237874 0,000199
drove 3,506558 0,001130
dryad 3,506558 0,000565
dual 1,609438 0,000519
due 0,261365 0,000168
duplic 1,897120 0,000306
durabl 2,813411 0,000453
dynam 0,342490 0,000386
earlier 1,139434 0,000184
ebpf 2,995732 0,000483
eckel 3,506558 0,000565
eclips 1,771957 0,000286
ecma 2,525729 0,011395
ecmascript 2,302585 0,000371
econom 0,653926 0,000105
edit -0,009950 -0,000061
editcommun -0,009950 -0,000002
editor 1,347074 0,000434
effici 0,287682 0,000046
effort 0,653926 0,000105
eiffel 2,813411 0,002720
either 0,248461 0,000040
electron 0,430783 0,000069
electrotechn 3,218876 0,000519
element 0,301105 0,000146
elixir 1,771957 0,000286
emac 2,407946 0,000388
emag 3,912023 0,000630
embarcadero 3,912023 0,000630
embed 0,755023 0,000122
emiss 2,120264 0,000342
emit 2,813411 0,001360
emmanuel 2,995732 0,000483
emphasi 1,771957 0,000286
enabl 0,274437 0,000221
encapsul 2,120264 0,000342
enclos 2,525729 0,000407
encompass 1,660731 0,000268
encyclopedia -0,009950 -0,000002
end 0,186330 0,000090
enforc 0,916291 0,000443
engin 0,061875 0,000050
english -0,009950 -0,000003
englishsloven 0,510826 0,000082
enhanc 0,510826 0,000247
enterpris 0,446287 0,000072
entir 0,597837 0,000193
entiti 0,843970 0,000408
entri 1,203973 0,000388
enum 2,659260 0,000428
enumer 2,040221 0,001315
environ 0,385662 0,000186
equal 0,843970 0,000952
equival 0,820981 0,000397
eric 1,078810 0,000174
erikdietrich 3,912023 0,000630
erlang 1,714798 0,000276
error 0,430783 0,000416
escap 1,832581 0,000295
espa 0,210721 0,000034
especi 0,415515 0,000067
etc 0,562119 0,000181
etcheverri 3,912023 0,000630
evalu 0,562119 0,000181
even 0,235722 0,000076
event 0,356675 0,000172
eventsrandom -0,009950 -0,000002
eventu 0,798508 0,000129
everyth 1,309333 0,000211
evolv 1,078810 0,000174
exactli 1,171183 0,000189
exampl 0,020203 0,000049
except 0,733969 0,002247
exchang 0,579818 0,000093
exclus 1,272966 0,000205
execut 0,356675 0,000345
exist 0,186330 0,000120
expect 0,494296 0,000080
experi 0,510826 0,000165
expert 1,078810 0,000174
explicit 1,171183 0,000944
explicitli 0,916291 0,000738
export -0,009950 -0,000002
expos 1,272966 0,000410
express 0,544727 0,001317
extens 0,342490 0,000607
extern 0,030459 0,000010
fabul 3,912023 0,000630
fact 0,579818 0,000093
fals 1,237874 0,000199
famili 0,994252 0,000481
familiar 1,609438 0,000259
faq 1,386294 0,000447
far 0,867501 0,000140
fashion 1,832581 0,000295
fast 0,673345 0,000217
fat 1,966113 0,001267
featur 0,210721 0,000645
februari 0,061875 0,000179
feedback 1,309333 0,000211
feel 1,832581 0,000295
fernandez 3,218876 0,001037
field 0,314711 0,000406
file 0,446287 0,000503
filenam 1,897120 0,000306
fileperman -0,009950 -0,000002
filespeci -0,009950 -0,000002
filter 1,108663 0,000179
final 0,494296 0,000478
first 0,020203 0,000029
fix 0,385662 0,000062
flaw 1,469676 0,000237
flexibl 1,139434 0,000184
flexwiki 3,912023 0,000630
float 1,347074 0,000434
fluent 3,218876 0,000519
fluid 1,660731 0,000268
fly 2,120264 0,000342
fogu 3,912023 0,000630
follow 0,072571 0,000058
font 2,525729 0,000407
foo 2,207275 0,001423
forc 0,597837 0,000096
forego 3,912023 0,001261
forg 2,525729 0,000407
form 0,072571 0,000058
formal 0,510826 0,000082
format 0,634878 0,000102
former 1,049822 0,000507
formerli 1,309333 0,000211
forth 1,560648 0,000251
fortran 1,560648 0,000503
foss 1,966113 0,000317
foundat -0,009950 -0,000013
founder 1,714798 0,000276
four 0,820981 0,000265
fourq 3,912023 0,000630
fourth 1,560648 0,000251
framework 0,287682 0,002132
fran 0,223144 0,000036
free -0,009950 -0,000010
freed 2,995732 0,000483
freeli 1,966113 0,000317
front 1,078810 0,000174
full 0,371064 0,000359
fulli 0,616186 0,000099
function 0,030459 0,000177
fundament 0,478036 0,000077
further 0,139262 0,000135
futur 0,235722 0,000076
gadget 3,218876 0,000519
game 0,478036 0,000231
garbag 1,832581 0,002067
gast 3,912023 0,000630
gaurav 3,218876 0,000519
gcc 2,659260 0,000428
gener -0,009950 -0,000046
get 0,430783 0,000208
getter 3,218876 0,001037
giant 1,660731 0,000268
git 2,207275 0,000356
github 1,078810 0,001043
given 0,261365 0,000042
global 0,446287 0,000216
gne 3,912023 0,000630
gnome 2,302585 0,000371
goal 0,562119 0,000362
godot 3,912023 0,001891
gold 1,514128 0,000244
gollum 3,912023 0,000630
googl 0,579818 0,000093
gosl 2,995732 0,000965
got 1,897120 0,000306
gpl 2,120264 0,000342
gplv 3,218876 0,001037
granicz 3,912023 0,000630
graph 0,967584 0,000156
graphic 0,733969 0,000118
greatli 1,427116 0,000230
grid 1,660731 0,000268
ground 1,560648 0,000251
group 0,186330 0,000090
gtk 2,659260 0,000857
guid 0,287682 0,000417
guru 2,659260 0,000428
guthri 3,218876 0,000519
hack 1,203973 0,000194
hajdrik 3,912023 0,000630
hak 1,897120 0,000306
hamilton 2,207275 0,000711
hand 0,494296 0,000239
handl 0,415515 0,000402
hard 1,049822 0,000169
haskel 1,514128 0,000732
hausa 1,609438 0,000259
heavili 1,203973 0,000194
hejlsberg 3,912023 0,007564
hello 1,714798 0,002487
help 0,174353 0,000084
helplearn -0,009950 -0,000002
herebi 3,912023 0,000630
hererel -0,009950 -0,000002
hewlett 2,659260 0,000428
hickei 3,912023 0,000630
hide -0,009950 -0,000008
high 0,223144 0,000036
higher 0,430783 0,000208
hillar 3,912023 0,000630
histor 0,579818 0,000093
histori -0,009950 -0,000014
hobbyist 2,525729 0,000407
hoc 2,302585 0,000371
hold 0,579818 0,000093
holograph 2,995732 0,000483
homepag 2,207275 0,000356
homoicon 3,912023 0,000630
host 0,755023 0,000122
howev 0,094311 0,000091
hrvatskiidobahasa 1,203973 0,000194
http -0,009950 -0,000002
ian 1,347074 0,000217
iclon 3,912023 0,000630
icompar 3,912023 0,000630
icon 2,207275 0,000356
id 0,994252 0,000481
idea 0,527633 0,000255
ident 0,820981 0,000397
identifi 0,356675 0,000057
iec 1,897120 0,006420
ieee 0,634878 0,000102
ienumer 3,912023 0,000630
ignacio 3,506558 0,000565
imit 2,302585 0,000371
immut 2,120264 0,000683
imper 1,560648 0,000754
implement 0,105361 0,000492
implementationsmicrosoft 3,912023 0,000630
implementationsvisu 3,912023 0,000630
impli 0,994252 0,000320
implicit 1,514128 0,001464
implicitli 1,966113 0,001584
import 0,162519 0,000209
imposs 1,309333 0,000211
improv 0,150823 0,000024
ina 0,356675 0,000057
inasloven 0,616186 0,000099
inc -0,009950 -0,000003
includ 0,000000 0,000000
increasingli 0,776529 0,000125
incred 2,302585 0,000371
increment 1,386294 0,000670
incur 2,207275 0,000356
index -0,009950 -0,000006
indic 0,356675 0,000115
indirectli 1,771957 0,000286
individu 0,314711 0,000101
indonesia 1,272966 0,000205
inequ 2,120264 0,000683
infer 1,139434 0,000367
inferredmemori 3,506558 0,000565
influenc 0,579818 0,000374
infoq 2,302585 0,000371
inform 0,061875 0,000050
informationcit -0,009950 -0,000002
infoworld 1,609438 0,000259
infrastructur 0,673345 0,000868
infrastructurearchitectur 3,912023 0,000630
infrastructurelicens 3,912023 0,000630
infring 2,659260 0,001285
inher 1,469676 0,000237
inherit 1,609438 0,000519
init 2,995732 0,000965
initi 0,235722 0,000190
inpris 3,912023 0,000630
input 0,634878 0,000102
insid 0,579818 0,000280
inspect 1,514128 0,000976
inspir 1,237874 0,000399
instanc 0,478036 0,001464
instead 0,301105 0,000097
instruct 1,108663 0,000179
int 1,514128 0,002440
integ 1,139434 0,001285
integr 0,174353 0,000084
intel 1,609438 0,000259
intellig 0,510826 0,000165
intellij 2,659260 0,000428
intellisens 3,912023 0,000630
intend 0,478036 0,000462
interact 0,356675 0,000057
interfac 0,494296 0,001115
intermedi 1,309333 0,001055
intern 0,040822 0,000033
internation 2,040221 0,000329
internationalappl 3,506558 0,000565
internationalgndnationalunit 1,108663 0,000179
interoper 1,609438 0,000519
interview 1,427116 0,000460
intptr 3,912023 0,000630
intrins 1,714798 0,000276
introduc 0,210721 0,000306
introduct 0,210721 0,000034
inventionsprogram 3,912023 0,000630
invoc 2,659260 0,000857
invok 1,714798 0,000276
involv 0,415515 0,000067
ironpython 3,506558 0,001130
ironrubi 3,506558 0,001130
ironschem 3,912023 0,000630
irresolv 3,912023 0,000630
isbn 0,051293 0,000050
isn 2,302585 0,000371
iso 1,309333 0,005907
isol 1,427116 0,000230
issu 0,314711 0,000051
istv 3,912023 0,000630
item -0,009950 -0,000011
itself 0,342490 0,000055
jame 0,634878 0,000205
januari 0,083382 0,000255
jason 1,771957 0,000286
java 0,891598 0,004741
javascript 1,021651 0,000658
jetbrain 2,813411 0,000453
jit 2,207275 0,001778
john 0,198451 0,000032
joi 2,525729 0,000814
join 1,386294 0,000447
jon 1,514128 0,000244
joseph 0,820981 0,000132
journal 0,186330 0,000030
journei 2,120264 0,000342
joydip 3,912023 0,000630
jscript 2,995732 0,000483
json 1,347074 0,000217
jtc 2,659260 0,001285
juli 0,127833 0,000556
julia 1,514128 0,000244
jump -0,009950 -0,000002
june 0,094311 0,000441
justin 1,897120 0,000306
kanjil 3,912023 0,000630
kathleen 2,659260 0,000428
keep 0,733969 0,000118
keyboard 2,302585 0,000371
keyword 1,897120 0,004585
kind 0,673345 0,000542
kiswahili 1,771957 0,000286
kmdf 3,912023 0,000630
know 0,653926 0,000105
kotlin 1,897120 0,000611
kovac 3,218876 0,000519
label 1,049822 0,000169
lack 0,544727 0,000088
lakshanf 3,912023 0,000630
lambda 2,407946 0,001552
languag -0,009950 -0,000175
languagesclass 3,912023 0,000630
languagescompil 3,506558 0,000565
languagesecma 3,912023 0,000630
languageshidden 2,525729 0,000407
languageshigh 2,813411 0,000453
languagesiec 3,912023 0,000630
languagesmajor 3,912023 0,000630
languagesmulti 3,506558 0,000565
languagesprogram 2,120264 0,000342
languageth 3,912023 0,000630
larg 0,127833 0,000041
last -0,009950 -0,000003
later 0,223144 0,000216
latin 1,660731 0,000268
latter 0,916291 0,000443
lattner 2,813411 0,001360
latvi 0,994252 0,000160
layout 1,660731 0,000535
lead 0,287682 0,000139
leak 1,832581 0,000295
lean 2,207275 0,000356
learn 0,162519 0,000969
left 0,916291 0,000148
legaci 1,309333 0,000211
legal -0,009950 -0,000002
lesson 1,386294 0,000223
letter 0,843970 0,000272
level 0,083382 0,000094
lexic 2,040221 0,000657
lgpl 2,659260 0,000428
librari 0,356675 0,001494
licens -0,009950 -0,000014
ligatur 3,912023 0,000630
lightgbm 3,506558 0,000565
like 0,051293 0,000116
limit 0,186330 0,000090
line 0,261365 0,000253
linear 0,916291 0,000148
link -0,009950 -0,000010
linkpag -0,009950 -0,000002
linksc 1,272966 0,000205
linq 3,218876 0,009336
linqpad 3,912023 0,000630
linux 0,916291 0,000443
lippert 3,912023 0,000630
lisp 1,386294 0,000223
list 0,051293 0,000099
listc 2,302585 0,000371
liter 1,714798 0,000276
live 0,733969 0,000237
lnorsk 0,653926 0,000105
load 0,891598 0,000144
local 0,314711 0,000101
lock 1,309333 0,000422
log -0,009950 -0,000003
logic 0,616186 0,000199
logo 1,771957 0,000286
long 0,287682 0,000046
longer 0,755023 0,000243
loop 1,347074 0,000217
lot 1,386294 0,000223
low 0,478036 0,000077
lower 0,673345 0,000108
lua 1,897120 0,000306
lux 0,371064 0,000060
machin 0,040822 0,000033
maco 1,660731 0,000268
mad 2,407946 0,001552
made 0,186330 0,000060
magazin 0,755023 0,000243
magyar 1,049822 0,000169
main -0,009950 -0,000026
maint 0,798508 0,000257
maintain 0,400478 0,000258
major 0,223144 0,000144
make 0,061875 0,000020
maker 1,771957 0,000286
man 0,843970 0,000136
manag 0,105361 0,000170
managementgarbag 2,813411 0,000453
mani 0,061875 0,000040
manifest 2,525729 0,000407
manipul 0,673345 0,000108
march 0,116534 0,000469
mariani 3,912023 0,001891
mark 0,261365 0,000211
mascot 2,302585 0,000371
massiv 1,609438 0,000259
match 0,400478 0,000065
materi 0,616186 0,000099
matlab 1,660731 0,000268
mattwojo 3,912023 0,000630
maui 3,912023 0,000630
mcallist 2,813411 0,000453
mdy 1,514128 0,000244
mean 0,083382 0,000067
mechan 0,356675 0,000057
media 0,139262 0,000045
melayu 0,820981 0,000132
member 0,562119 0,000725
memori 0,562119 0,000906
mention 1,237874 0,000399
menu -0,009950 -0,000003
mercer 3,912023 0,000630
mere 1,609438 0,000259
merg 1,514128 0,000244
mesh 2,407946 0,000388
metadata 1,347074 0,000868
metaprogram 2,995732 0,001931
method 0,150823 0,001118
methodimpl 3,912023 0,000630
methodimplopt 3,912023 0,000630
meyer 2,525729 0,000407
michael 0,385662 0,000124
micro 1,560648 0,000503
microsoft 0,579818 0,011492
microsystem 1,897120 0,000306
mimalloc 3,912023 0,000630
minim 0,579818 0,000093
minimum 1,469676 0,000237
mistak 1,832581 0,000295
mit 0,776529 0,000375
mitchel 2,525729 0,000407
mitig 1,347074 0,000217
mix 0,891598 0,000144
mobil -0,009950 -0,000002
mod 1,832581 0,000295
modern 0,314711 0,000051
modif 1,386294 0,000223
modifi 0,527633 0,000255
modul 0,820981 0,000132
modula 2,995732 0,000483
moln 3,218876 0,000519
mono 2,407946 0,005432
monodevelop 3,506558 0,001695
month 0,776529 0,000250
moonlight 3,912023 0,003782
morfik 3,218876 0,000519
move -0,009950 -0,000006
movi 1,897120 0,000306
msbuild 3,912023 0,001261
msdn 2,995732 0,000965
msquic 3,912023 0,000630
mstest 3,912023 0,000630
much 0,400478 0,000065
multipl 0,094311 0,000046
music 1,309333 0,001055
mutat 2,302585 0,000371
mutual 1,386294 0,000223
mvc 2,995732 0,000483
mvp 3,506558 0,000565
name 0,162519 0,000576
namespac 1,560648 0,003018
nanosecond 3,506558 0,000565
naomi 2,659260 0,000428
nativ 1,078810 0,000869
naugler 3,912023 0,000630
navig -0,009950 -0,000002
ndc 3,912023 0,000630
nearli 1,139434 0,000367
necessari 0,616186 0,000298
nederland 0,415515 0,000067
need 0,030459 0,000029
neil 1,771957 0,000286
neither 1,469676 0,000237
nemerl 3,912023 0,001261
nest 1,609438 0,000259
net 0,385662 0,007457
network 0,127833 0,000062
neural 1,609438 0,000519
nevertheless 1,660731 0,000535
new 0,010050 0,000055
neward 3,912023 0,000630
newli 1,560648 0,000251
nfc 2,813411 0,000453
nilsnaegel 3,912023 0,000630
ninja 2,813411 0,000453
node 0,867501 0,000140
nomin 2,302585 0,000371
non -0,009950 -0,000008
none 1,609438 0,001037
normal 0,673345 0,000217
norsk 0,342490 0,000055
notabl 0,616186 0,000099
notat 0,941609 0,000152
note 0,150823 0,000462
notepad 3,912023 0,000630
notion 1,171183 0,000189
nov 1,966113 0,000634
novel 1,771957 0,004568
novemb 0,150823 0,001142
npm 2,659260 0,000428
nuget 3,912023 0,001261
null 1,309333 0,000422
nullabl 2,995732 0,000965
num 2,995732 0,004827
number 0,040822 0,000092
numer 0,430783 0,000208
numqueri 3,912023 0,001261
nunit 3,912023 0,000630
nutshel 2,995732 0,000483
nynorsko 2,659260 0,000428
object 0,174353 0,000815
obtain 0,733969 0,000355
ocaml 1,966113 0,000317
occur 0,510826 0,000082
occurr 2,120264 0,000342
octob 0,139262 0,000718
offer 0,248461 0,000120
offic 0,733969 0,000118
offici 0,653926 0,001054
often 0,127833 0,000041
older 1,237874 0,000199
oldid -0,009950 -0,000002
olesperantoeuskara 0,510826 0,000082
omit 1,714798 0,000276
onefuzz 3,912023 0,000630
onlin 0,415515 0,000067
onto 1,660731 0,000268
open 0,150823 0,000656
openxp 3,506558 0,000565
oper 0,010050 0,000019
opinion 1,347074 0,000217
optic 1,386294 0,000223
optim 0,415515 0,000134
option 0,527633 0,000255
order 0,094311 0,000061
orderbi 3,912023 0,001261
org -0,009950 -0,000005
organ -0,009950 -0,000005
orient 0,653926 0,000632
origin -0,009950 -0,000172
orlean 3,218876 0,000519
osborn 2,995732 0,000483
otei 3,912023 0,000630
otherwis 1,108663 0,000179
out 0,261365 0,000126
outdat 2,302585 0,000371
outercurv 3,912023 0,000630
output 0,597837 0,000193
over 0,094311 0,000076
overhead 1,469676 0,000237
overload 1,897120 0,002140
overrid 2,659260 0,001285
overridden 2,995732 0,000483
overview 0,616186 0,000298
ow 2,525729 0,000407
oxford 0,843970 0,000136
oxygen 2,659260 0,000857
packag 0,776529 0,000501
packard 2,407946 0,000388
page -0,009950 -0,000003
pagecontentscurr -0,009950 -0,000002
pageget -0,009950 -0,000002
pai 1,021651 0,000165
pair 1,309333 0,000211
paper 0,527633 0,000085
paradigm 0,941609 0,000455
paradigmmulti 3,912023 0,000630
parallel 0,941609 0,000455
param 3,506558 0,001130
paramet 0,755023 0,001338
parameterless 3,912023 0,001261
parametr 1,771957 0,000286
parenthes 2,207275 0,000356
parlanc 3,506558 0,000565
pars 1,514128 0,000244
part 0,072571 0,000187
partial 0,916291 0,000148
particular 0,301105 0,000049
particularli 0,597837 0,000193
partli 2,120264 0,000342
pascal 1,347074 0,000868
pass 0,776529 0,000125
patent 1,203973 0,001746
pattern 0,494296 0,000080
pdf 0,139262 0,000090
pdfprintabl -0,009950 -0,000002
peopl 0,356675 0,000057
perform 0,040822 0,000046
perfview 3,912023 0,000630
perl 1,347074 0,000217
permiss 1,469676 0,000237
person -0,009950 -0,000003
peter 0,446287 0,000144
petzold 3,912023 0,000630
phalang 3,506558 0,000565
php -0,009950 -0,000003
pitch 2,407946 0,000388
place 0,356675 0,000115
plan 0,430783 0,000069
platform 0,400478 0,000710
platformdiscontinu 3,912023 0,000630
plattd 3,912023 0,000630
playwright 3,912023 0,000630
pledg 2,659260 0,000428
plug 2,040221 0,000329
plugin 1,897120 0,000306
pocket 2,207275 0,000356
point 0,186330 0,000210
pointer 1,771957 0,002284
polici -0,009950 -0,000003
polymorph 1,966113 0,001267
polyphon 3,912023 0,000630
popular 0,400478 0,000065
port 1,272966 0,000205
portabl 1,203973 0,000582
portal 0,494296 0,000239
portalrec -0,009950 -0,000002
portion 1,560648 0,000251
possibl 0,186330 0,000030
potenti 0,371064 0,000120
power 0,261365 0,000126
powershel 3,506558 0,001130
powertoi 3,506558 0,000565
practic 0,186330 0,000060
precis 0,967584 0,000156
preprocessor 2,995732 0,000483
present 0,287682 0,000185
press 0,210721 0,000102
prevent 0,634878 0,000102
preview 1,897120 0,000306
previous 0,843970 0,000408
primari 0,527633 0,000085
primarili 0,653926 0,000105
primit 1,514128 0,000732
princip 1,237874 0,000399
principl 0,385662 0,000062
print -0,009950 -0,000002
privaci -0,009950 -0,000003
privat 0,634878 0,000409
problem 0,186330 0,000030
procdump 3,912023 0,000630
procedur 0,867501 0,000140
process 0,051293 0,000050
procmon 3,912023 0,000630
product 0,174353 0,000197
profession 0,673345 0,000108
profil 1,021651 0,000329
profit -0,009950 -0,000003
program 0,116534 0,001277
programm 0,693147 0,001899
programminglanguag 3,912023 0,000630
project -0,009950 -0,000018
prolog 1,897120 0,000306
promis 1,078810 0,000348
properti 0,314711 0,000456
propos 0,510826 0,000988
proprietari 1,171183 0,000189
proquest 2,207275 0,001067
protect 0,462035 0,000074
prove 1,171183 0,000189
prover 3,912023 0,001261
provid 0,061875 0,000169
pseudo 2,302585 0,000371
public 0,127833 0,000165
publicli 1,309333 0,000211
publish 0,105361 0,000017
purpos 0,248461 0,000240
put 0,755023 0,000122
python 0,916291 0,000591
queri 1,139434 0,002020
question 0,597837 0,000096
quit 1,347074 0,000217
quot 1,049822 0,001692
radic 2,407946 0,000388
radio 1,469676 0,000237
raku 2,040221 0,000329
rang 0,371064 0,000179
raphael 2,659260 0,000428
rather 0,287682 0,000093
razor 2,995732 0,000483
rbaycanca 0,248461 0,000040
reactiv 2,659260 0,000428
reactivex 3,912023 0,000630
read 0,162519 0,000079
readabl 1,309333 0,000211
readeditview 0,287682 0,000093
readonli 3,506558 0,000565
realiti 1,237874 0,000199
reason 0,328504 0,000106
receiv 0,400478 0,000065
recent 0,562119 0,000091
recipi 2,407946 0,001164
reciproc 2,659260 0,000428
record 0,400478 0,000129
recursiveextractor 3,912023 0,000630
redlink 3,912023 0,000630
redmond 3,912023 0,000630
reduc 0,274437 0,000044
ref 2,407946 0,000388
refactor 2,659260 0,000428
refer -0,009950 -0,000048
referenc 1,609438 0,000259
referenti 2,813411 0,001813
refin 1,386294 0,000223
reflect 0,562119 0,000725
regard 0,776529 0,000125
regardless 1,272966 0,000205
regist -0,009950 -0,000002
regularli 1,771957 0,000286
reific 3,506558 0,000565
reilli 1,078810 0,000521
reinvent 2,525729 0,000407
relat 0,030459 0,000025
releas 0,415515 0,001272
reliabl 0,371064 0,000060
remain 0,400478 0,000065
remobject 3,506558 0,001130
remov 0,301105 0,000049
renam 1,771957 0,000286
replac 0,494296 0,000159
report 0,261365 0,000042
repres 0,235722 0,000038
represent 0,634878 0,000205
republicisraelotherelmcipyal 3,912023 0,000630
requir 0,051293 0,000107
research 0,223144 0,000072
resembl 1,771957 0,000286
reserv 1,272966 0,000205
resharp 3,912023 0,000630
resolut 1,560648 0,000251
respect 0,544727 0,000176
respons 0,415515 0,000067
restrict 0,755023 0,000122
retain 1,832581 0,000295
retir 2,207275 0,001067
retriev -0,009950 -0,000178
return 0,510826 0,000823
reus 1,832581 0,000295
revenu 1,514128 0,000732
review 0,314711 0,000051
rgy 3,912023 0,000630
rich 1,309333 0,000422
rick 2,407946 0,000388
rico 2,407946 0,001164
rider 3,912023 0,001261
right 0,314711 0,000101
robust 1,049822 0,000169
role 0,527633 0,000085
rom 0,616186 0,000199
roman 1,660731 0,000268
roslyn 3,506558 0,007910
rubi 1,347074 0,000651
rule 0,510826 0,000082
run 0,248461 0,000160
runa 0,916291 0,000148
runtim 1,309333 0,002321
rust 1,427116 0,001150
ryujit 3,912023 0,001891
sa 1,347074 0,000217
safe 0,916291 0,000886
safeti -0,009950 -0,000003
said 0,755023 0,000243
sampl 1,171183 0,000189
sandcastl 3,912023 0,000630
scala 2,040221 0,000657
scalabl 1,203973 0,000194
scale 0,371064 0,000060
scenario 1,139434 0,000184
scienc 0,274437 0,000044
scientif 0,673345 0,000108
scope 0,891598 0,000575
scott 0,891598 0,000287
scratch 1,771957 0,000286
script 0,916291 0,000295
sdk 2,407946 0,000776
seal 2,659260 0,001285
search -0,009950 -0,000008
second 0,328504 0,000106
secur 0,274437 0,000133
see -0,009950 -0,000011
select 0,371064 0,000120
seller 2,302585 0,000371
semant 0,891598 0,000575
semicolon 2,207275 0,000356
semiton 3,912023 0,000630
separ 0,400478 0,000129
septemb 0,150823 0,000632
sequenc 0,820981 0,000132
seri 0,328504 0,000053
server 0,597837 0,000193
servic 0,210721 0,000170
set 0,051293 0,000017
seth 1,832581 0,000295
setter 3,506558 0,002260
sever 0,072571 0,000058
shadow 2,525729 0,000814
share 0,301105 0,000049
sharealik -0,009950 -0,000002
sharp 1,966113 0,006019
sharpdevelop 3,912023 0,001261
sheldon 2,995732 0,000483
shell 1,049822 0,000169
shift 1,021651 0,000329
short -0,009950 -0,000003
shorten -0,009950 -0,000002
shoulder 2,995732 0,000483
show 0,400478 0,000065
shqipsimpl 1,203973 0,000194
sidebar -0,009950 -0,000006
sign 0,916291 0,001476
signal 0,755023 0,000122
signalr 3,912023 0,000630
signatur 1,560648 0,001257
significantli 1,171183 0,000189
silk 2,040221 0,000329
simi 0,755023 0,000122
similar 0,150823 0,000194
simon 1,021651 0,000165
simpl 0,150823 0,000097
simpli 0,733969 0,000237
simplifi 0,820981 0,000132
simula 2,040221 0,000329
sinc 0,139262 0,000090
singl 0,127833 0,000041
site -0,009950 -0,000003
six 1,309333 0,000211
size 0,342490 0,000166
skeet 3,912023 0,001261
slenskaitaliano 0,562119 0,000091
slot 3,218876 0,000519
small 0,314711 0,000152
smalltalk 1,714798 0,000553
smc 3,218876 0,000519
softwar 0,127833 0,000165
softwareamerican 3,912023 0,000630
softwareappl 3,506558 0,000565
someth 1,347074 0,000434
sometim 0,301105 0,000049
somewhat 2,040221 0,000329
sonarqub 3,218876 0,000519
sonic 3,506558 0,000565
sophist 1,203973 0,000194
sort 1,309333 0,000211
sourc 0,094311 0,000441
speak 1,139434 0,000184
spec 2,302585 0,000371
specflow 3,912023 0,000630
special 0,235722 0,000038
specif 0,051293 0,000380
specifi 0,446287 0,000360
split 1,139434 0,000184
sponsor 1,714798 0,000553
spot 1,514128 0,000244
sqaraqalpaqsha 1,386294 0,000223
sql 1,171183 0,000755
squar 1,203973 0,000194
src 2,813411 0,000453
srpskisrpskohrvatski 0,510826 0,000082
ssy 3,912023 0,000630
stabl 0,867501 0,000280
stand 1,078810 0,000174
standard 0,094311 0,000410
standardsfunct 3,912023 0,000630
standardsiec 3,506558 0,000565
standardsiso 3,506558 0,000565
standardslist 2,813411 0,000453
standardsmicrosoft 3,912023 0,000630
standardstat 3,912023 0,000630
stapf 3,912023 0,000630
start 0,261365 0,000042
state 0,083382 0,000067
statement -0,009950 -0,000018
statementsal 2,207275 0,000356
statementsarticl 0,544727 0,000088
statesfrancebnf 0,510826 0,000082
static 1,272966 0,002256
statist -0,009950 -0,000002
steinman 3,912023 0,000630
stevewhim 3,912023 0,000630
still 0,342490 0,000110
stood 2,995732 0,000483
storag 0,430783 0,000069
store 0,356675 0,000115
stream 0,733969 0,000237
strict 1,609438 0,000259
string 1,049822 0,001522
strong 0,776529 0,000501
strongli 1,560648 0,001006
struct 2,813411 0,001360
structur 0,139262 0,000157
studio 1,609438 0,011929
style 0,941609 0,000607
stylecop 3,912023 0,000630
subclass 2,525729 0,000814
subcommitte 2,995732 0,000483
subject 0,478036 0,000077
submiss 2,525729 0,000407
submit 1,427116 0,000690
subscrib 2,525729 0,000407
subsect 0,020203 0,000016
subset 1,108663 0,000179
subsidiari 2,302585 0,001484
substitut 1,560648 0,000503
subsystem 2,207275 0,000356
sue 2,659260 0,000857
suffix 2,525729 0,000814
sugar 2,525729 0,000407
suitabl 1,237874 0,000399
sun 1,237874 0,000199
suomisvenska 2,040221 0,000329
super 1,771957 0,000286
suppli 0,994252 0,000160
support 0,150823 0,000437
suppos 1,771957 0,000286
surfac 1,469676 0,000237
surround 1,514128 0,000244
svnbridg 3,912023 0,000630
swift 1,386294 0,000670
symbol 1,078810 0,000869
synchron 1,386294 0,000447
syntact 1,966113 0,000950
syntax 1,171183 0,003397
system 0,010050 0,000063
tabl -0,009950 -0,000005
take 0,210721 0,000102
tape 1,897120 0,000917
taqbaylit 1,897120 0,000306
target 0,462035 0,000149
task 0,415515 0,000201
team 0,634878 0,000205
technic 0,478036 0,000462
techniqu 0,385662 0,000062
technolog 0,116534 0,000094
ted 2,040221 0,000329
telescop 2,659260 0,000428
tell 1,660731 0,000268
templat 0,301105 0,000243
tempor 1,714798 0,000276
teng 3,218876 0,000519
term -0,009950 -0,000003
termin 0,941609 0,000152
test 0,248461 0,000120
text -0,009950 -0,000008
theorem 1,171183 0,000189
thereof 2,040221 0,000329
thing 0,798508 0,000129
though 0,544727 0,000176
throughout 1,078810 0,000174
throw 2,659260 0,000428
thrown 3,218876 0,000519
thu 0,314711 0,000051
tidbit 3,218876 0,001037
time 0,000000 0,000000
timelin 0,733969 0,000118
tinadanskdeutscheesti 1,309333 0,000211
tireless 2,995732 0,000483
titl -0,009950 -0,000005
tla 3,912023 0,000630
tlap 3,912023 0,000630
togeth 0,579818 0,000280
toggl -0,009950 -0,000011
tom 1,203973 0,000194
tool -0,009950 -0,000021
toolbox 2,407946 0,000388
toolkit 1,427116 0,000690
top -0,009950 -0,000006
topic -0,009950 -0,000003
torgersen 3,912023 0,003152
tostr 3,218876 0,000519
tpm 2,813411 0,000453
tr 2,302585 0,000371
track 0,713350 0,000115
trademark -0,009950 -0,000003
tradit 0,544727 0,000088
trajectori 3,218876 0,000519
transform 0,544727 0,000088
transit 1,171183 0,000189
tree 0,693147 0,000447
troubl 2,407946 0,000388
true 0,776529 0,000375
try 0,994252 0,000641
tschpolskiportugu 1,832581 0,000295
tupl 2,040221 0,000657
turbo 2,995732 0,000965
turn 0,776529 0,000125
twinarai 2,302585 0,000371
two 0,083382 0,000134
type 0,051293 0,000860
typescript 2,407946 0,000776
udf 3,506558 0,000565
ulietuvi 1,049822 0,000169
ultim 1,139434 0,000184
ultra 2,302585 0,000371
ultrium 3,506558 0,000565
umdf 3,912023 0,000630
unbox 3,912023 0,004413
under -0,009950 -0,000014
underli 0,693147 0,000223
unfit 1,609438 0,000259
unicod 1,832581 0,000591
unifi 1,309333 0,000844
uniniti 2,995732 0,000965
unit 0,248461 0,000040
uniti 2,813411 0,000907
univers 0,139262 0,000090
unless 1,237874 0,000399
unlik 0,653926 0,000948
unlock 2,302585 0,000371
unmanag 3,506558 0,000565
unsaf 2,120264 0,001708
unsourc 0,446287 0,000216
unspecifi 2,995732 0,000483
updat 0,342490 0,000221
urlc 2,120264 0,000342
urldownload -0,009950 -0,000002
usag 0,579818 0,000093
user 0,274437 0,000221
usual 0,198451 0,000064
utc -0,009950 -0,000002
util 0,597837 0,000193
uwb 3,506558 0,000565
uwp 3,506558 0,000565
vala 3,218876 0,000519
valu 0,162519 0,000838
valuearticl 2,659260 0,000428
valuetyp 3,912023 0,000630
var 1,966113 0,001584
vararg 3,506558 0,000565
variabl 0,494296 0,001195
variant 1,139434 0,000367
varieti 0,616186 0,000199
vastli 2,525729 0,000407
vbinfluencedchapel 3,912023 0,000630
vcpkg 3,912023 0,000630
velvart 3,912023 0,000630
venner 2,995732 0,000483
verona 3,218876 0,000519
versatil 2,302585 0,000371
version -0,009950 -0,000053
via 0,186330 0,000180
video 0,597837 0,000096
view -0,009950 -0,000003
vim 2,407946 0,000388
violat 1,386294 0,000223
virtual 0,462035 0,000521
visual 0,562119 0,005072
visualc 3,912023 0,000630
vm 1,832581 0,000295
void 2,207275 0,002845
vol 0,616186 0,000199
voldemort 3,506558 0,000565
volum 0,616186 0,000099
vott 3,912023 0,000630
vowpal 3,912023 0,000630
vtec 3,506558 0,000565
vtecommon 3,912023 0,000630
vteiec 3,506558 0,000565
vteintern 2,813411 0,000453
vtemicrosoft 3,506558 0,000565
vteprogram 2,040221 0,000329
vtestandard 3,506558 0,000565
vxa 3,506558 0,000565
wabbit 3,912023 0,000630
wagner 2,120264 0,000342
wai 0,105361 0,000017
wang 1,427116 0,000230
washington 1,049822 0,000169
wayback 0,478036 0,000308
web 0,342490 0,000166
webarch 1,021651 0,000165
webassembl 1,660731 0,000268
well 0,051293 0,000025
went 1,714798 0,000276
what -0,009950 -0,000030
whenev 2,040221 0,000329
wherebi 1,897120 0,000306
which 0,000000 0,000000
while 0,051293 0,000017
who 0,301105 0,000097
whole 0,916291 0,000148
wide 0,210721 0,000034
widen 2,659260 0,000428
wikibook 1,386294 0,000223
wikidatarestrict 3,912023 0,000630
wikimedia -0,009950 -0,000003
wikipedia -0,009950 -0,000010
wikipediacontact -0,009950 -0,000002
william 0,616186 0,000099
wiltamuth 3,912023 0,000630
windbg 3,912023 0,000630
window 0,891598 0,002873
winj 3,912023 0,000630
winobjc 3,912023 0,000630
winrt 3,912023 0,000630
wip 2,525729 0,000407
withdrawn 2,659260 0,000857
within 0,116534 0,000113
without 0,094311 0,000030
wix 3,912023 0,000630
won 1,469676 0,000237
workshop 1,347074 0,000217
world 0,139262 0,000202
worldwid 1,108663 0,000179
wrapper 2,407946 0,000776
write 0,527633 0,000340
writelin 3,912023 0,002521
writer 1,514128 0,000244
written 0,287682 0,000464
wrox 3,506558 0,000565
www 0,356675 0,000115
xamarin 3,912023 0,001891
xdp 3,912023 0,000630
xml 1,203973 0,000970
xsp 3,912023 0,000630
xue 3,506558 0,000565
xunit 3,912023 0,001261
year 0,162519 0,000052
yor 2,040221 0,000329
youtub 1,272966 0,000205
zander 3,912023 0,000630
zbekcha 0,462035 0,000074
zhang 1,427116 0,000230
zhao 2,813411 0,000453
zork 3,912023 0,000630
