aahz 3,912023 0,000487
abc 2,207275 0,001099
able 0,733969 0,000091
absence 2,040221 0,000254
academia 2,120264 0,000264
academic 0,755023 0,000094
access 0,287682 0,000036
according 0,301105 0,000112
account -0,009950 -0,000002
accurate 1,560648 0,000194
accurately 1,771957 0,000221
achieve 0,843970 0,000210
acknowledgements 3,506558 0,000873
acm 0,776529 0,000097
acquiring 2,207275 0,000275
acquisition 1,427116 0,000178
across 0,415515 0,000052
actions -0,009950 -0,000001
active 0,843970 0,000105
activepython 3,912023 0,000487
actual 0,941609 0,000117
ada 1,660731 0,000620
adaic 3,912023 0,000487
add -0,009950 -0,000005
added 0,415515 0,000207
adding 0,597837 0,000670
addison 1,203973 0,000300
addition 0,371064 0,000139
additional -0,009950 -0,000004
adds 1,203973 0,000150
admb 3,912023 0,000974
adrien 3,218876 0,000401
advanced 0,430783 0,000107
advocacy 2,525729 0,000314
advocates 1,966113 0,000245
afl 2,995732 0,000373
afrikaansalemannisch 2,040221 0,000254
again 1,078810 0,000134
against 0,462035 0,000058
ago 0,967584 0,000241
agpl 2,813411 0,000350
agree -0,009950 -0,000001
agreement 1,171183 0,000146
ahead 1,427116 0,000178
aimed 1,609438 0,000200
aisgalego 1,309333 0,000163
alan 1,049822 0,000261
alex 1,469676 0,000366
algol 1,897120 0,000709
ality 3,912023 0,000487
allen 1,714798 0,000213
allocated 2,120264 0,000264
allowed 0,634878 0,000079
allowing 0,462035 0,000345
allows 0,248461 0,000186
almost 0,798508 0,000298
along 0,462035 0,000058
alpha 1,832581 0,000913
alphabetical 1,771957 0,000221
already 0,776529 0,000290
alt 2,525729 0,000314
altered 2,407946 0,000300
alternative 0,527633 0,000263
although 0,287682 0,000143
always 0,597837 0,000298
alyssa 3,218876 0,000401
ambi 3,912023 0,000487
american 0,446287 0,000111
amini 3,912023 0,000487
amk 3,912023 0,000487
amoeba 3,506558 0,000437
among 0,356675 0,000089
amp -0,009950 -0,000007
amzi 3,912023 0,000487
anaconda 3,912023 0,000487
analogous 1,609438 0,000200
analogously 3,506558 0,000437
analyse 2,120264 0,000264
analysis 0,186330 0,000046
analytics 1,049822 0,000131
anatomy 2,407946 0,000300
andrew 0,820981 0,000102
android 1,272966 0,000792
anna 2,207275 0,000275
annotations 2,659260 0,001655
announced 0,798508 0,000099
annual 0,776529 0,000193
annually 2,207275 0,000275
anonymous 1,771957 0,000441
another 0,127833 0,000032
anthony 1,714798 0,000213
any 0,083382 0,000021
aot 2,813411 0,000350
apache 1,386294 0,000518
aphorisms 3,912023 0,000487
api 0,916291 0,000228
apl 2,040221 0,000762
app 1,386294 0,000173
appear 1,049822 0,000131
appearance -0,009950 -0,000002
appeared 1,203973 0,000150
appetite 2,995732 0,000373
appjar 3,912023 0,000487
apple 1,347074 0,000335
application 0,127833 0,000048
applications 0,094311 0,000035
apply -0,009950 -0,000002
approach 0,261365 0,000195
approaches 0,733969 0,000274
appropriate 0,891598 0,000111
approximately 1,514128 0,000189
apps 1,272966 0,000317
apress 1,966113 0,000245
april 0,072571 0,000235
apsl 2,813411 0,000350
aragon 1,171183 0,000146
arbitrarily 2,407946 0,000300
arbitrary 1,049822 0,000654
architecture 0,462035 0,000058
archive 1,514128 0,000189
archived 0,040822 0,000823
archives 1,966113 0,000245
arduino 2,995732 0,000373
arduinos 3,912023 0,000487
aren 2,659260 0,000331
arima 2,813411 0,000350
arithmetic 1,347074 0,001174
aroca 3,912023 0,000487
array 1,021651 0,000509
arrays 1,427116 0,000178
arrive 2,659260 0,000331
article 0,040822 0,000025
articleabout -0,009950 -0,000001
articles 0,020203 0,000020
articletalk -0,009950 -0,000001
artificial 1,078810 0,000269
artima 2,995732 0,001492
artistic 2,407946 0,000300
arxiv 1,078810 0,000269
ascher 3,912023 0,000487
ascii 1,897120 0,000945
asgi 2,813411 0,000350
aspect 1,386294 0,000173
assembly 1,139434 0,000142
assert 2,995732 0,000373
assign 2,040221 0,000254
assignable 3,218876 0,000401
assigned 1,237874 0,000154
assignment 1,660731 0,001034
assigns 2,407946 0,000600
associated 0,400478 0,000050
association 0,634878 0,000079
associative 2,040221 0,000254
assumed 1,714798 0,000213
astral 3,912023 0,000487
astropy 3,912023 0,000487
asturianuaz 1,427116 0,000178
atmega 3,912023 0,000487
atom 1,897120 0,000236
attached 2,120264 0,000528
attaches 3,218876 0,000401
attempting 1,660731 0,000207
attribution -0,009950 -0,000001
audio 0,891598 0,000111
aufranc 3,912023 0,000487
august 0,162519 0,000708
author 1,386294 0,000173
authority 0,083382 0,000010
auto 1,514128 0,000189
automatic 1,078810 0,000134
available -0,009950 -0,000009
average 1,139434 0,000142
avoid 0,941609 0,000117
avr 3,912023 0,000487
away 1,139434 0,000142
axel 2,813411 0,000701
back 0,527633 0,000197
backported 3,506558 0,000437
backslash 3,218876 0,000401
backslashes 3,912023 0,000487
backward 1,897120 0,000945
bader 3,506558 0,000437
bahasa 0,186330 0,000023
bali 2,302585 0,000287
bar 1,609438 0,000401
barry 2,207275 0,000550
basa 2,407946 0,000300
based 0,010050 0,000011
basic 0,235722 0,000059
batista 3,912023 0,000487
battle 1,897120 0,000236
baxter 3,506558 0,000437
bazaar 2,525729 0,000314
bazel 2,813411 0,000350
bdfl 3,912023 0,000974
beats 2,659260 0,000331
beautiful 3,218876 0,000401
beazley 3,912023 0,000487
became 0,579818 0,000072
because 0,127833 0,000064
beerware 2,995732 0,000373
began 0,634878 0,000237
beginners 2,813411 0,000350
beginning 0,776529 0,000290
behave 1,609438 0,000200
behavior 0,462035 0,000173
behaviors 2,040221 0,000254
behind 0,867501 0,000108
benchmarked 3,506558 0,000437
benchmarks 2,302585 0,000573
benefited 2,813411 0,000350
benevolent 3,218876 0,001202
benjamin 1,386294 0,000518
berkeley 1,514128 0,000189
best 0,462035 0,000058
bestowed 3,912023 0,000487
beta 1,386294 0,000173
better 0,494296 0,000185
bezanson 3,506558 0,000437
bias 1,660731 0,000207
bibcode 0,693147 0,000173
bill 0,941609 0,000234
binary 0,916291 0,000114
binding 1,966113 0,000245
binds 3,506558 0,000873
bini 3,506558 0,000437
bioinformatics 1,660731 0,000207
biopython 3,912023 0,000487
bit 1,272966 0,001426
bits 1,966113 0,000245
blah 3,912023 0,001948
bloat 3,506558 0,000437
block 0,798508 0,001094
blocks 1,272966 0,000634
blog 0,776529 0,000097
blogspot 2,995732 0,000373
bluebream 2,995732 0,000373
bmdp 3,912023 0,000487
body 1,139434 0,000284
bokm 0,127833 0,000016
boo 3,506558 0,000873
book 0,478036 0,000119
books 0,544727 0,000136
bool 2,813411 0,000350
boolean 1,609438 0,000802
borrowed 2,302585 0,000860
bosanskibrezhoneg 2,407946 0,000300
brackets 2,120264 0,000528
branch 1,309333 0,000163
break 1,272966 0,000475
breaking 1,469676 0,000183
brett 2,525729 0,000629
brian 1,108663 0,000138
bridging 2,407946 0,000300
brief 1,309333 0,000163
briggs 3,912023 0,000487
bringing 2,040221 0,000254
british 1,203973 0,000450
broad 1,203973 0,000150
browser 1,078810 0,000403
brunet 3,912023 0,000487
brython 3,912023 0,001461
bsd 1,832581 0,000456
bug 1,771957 0,000882
bugs 1,469676 0,000366
build 0,673345 0,000251
buildbot 3,912023 0,000487
building 0,415515 0,000155
built 0,462035 0,000403
bundled 2,407946 0,000300
bundling 3,218876 0,000401
byabc 3,912023 0,000487
byguido 3,912023 0,000487
byte 1,771957 0,000221
bytearray 3,912023 0,001948
bytecode 1,966113 0,001224
bytes 2,207275 0,001099
caching 2,120264 0,000264
cadence 3,912023 0,000487
cain 3,506558 0,000437
calculate 1,714798 0,000213
calculus 1,560648 0,000194
california 1,021651 0,000127
call 0,733969 0,000366
called 0,040822 0,000056
calling 1,514128 0,000189
calls 1,049822 0,000131
came 1,078810 0,000134
caml 2,040221 0,000254
candidates 3,218876 0,000401
cannon 2,813411 0,000701
cannot 0,314711 0,000157
canopy 3,912023 0,001461
capabilities 0,891598 0,000222
capability 1,309333 0,000163
capable 1,309333 0,000326
capturing 2,302585 0,000287
carlie 3,912023 0,000487
case 0,139262 0,000069
cases 0,478036 0,000238
catal 0,094311 0,000012
catboost 3,912023 0,000487
catch 2,120264 0,000264
categorical 1,771957 0,000221
categories -0,009950 -0,000002
category 0,116534 0,000044
cathedral 2,995732 0,000373
caught 2,813411 0,000701
causes 1,469676 0,000183
cddl 2,813411 0,000350
cebuano 2,407946 0,000300
center 0,562119 0,000070
centrum 3,506558 0,000437
certain 0,274437 0,000103
certainty 2,995732 0,000373
chained 2,995732 0,000373
chainer 3,912023 0,000487
challenges 0,941609 0,000117
change 0,261365 0,000033
changed 0,941609 0,000469
changelog 2,525729 0,000629
changes 0,356675 0,000178
changesupload -0,009950 -0,000002
changing 0,820981 0,000204
chapel 2,659260 0,000331
chapter 0,941609 0,000117
character 1,108663 0,000276
charles 0,941609 0,000117
check 1,139434 0,000142
checked 1,514128 0,000377
cheetah 3,506558 0,000437
cherrypy 2,995732 0,000746
chetan 3,912023 0,000487
chief 1,609438 0,000200
choice 0,967584 0,000120
chosen 1,469676 0,000183
chris 0,994252 0,000495
cinder 3,912023 0,000974
circuitpython 3,912023 0,001948
circus 3,506558 0,000437
citation 0,415515 0,000052
cited 1,714798 0,000213
citeseerx 1,347074 0,000168
claburn 2,525729 0,000314
claim 1,347074 0,000335
claims 1,386294 0,000345
clarity 2,302585 0,000287
class 0,616186 0,000690
classes 0,967584 0,000723
classic 0,967584 0,000361
clauses 2,813411 0,000350
clean 2,040221 0,000508
cleanup 2,302585 0,000573
cleanupwikipedia 3,912023 0,000487
clever 3,506558 0,000437
closed 1,021651 0,000127
closing 1,514128 0,000189
clpython 3,912023 0,000974
clu 2,813411 0,001051
cluttered 3,506558 0,000437
cnx 3,218876 0,000802
cnxsoft 3,912023 0,000487
cobol 1,966113 0,000245
cobra 3,218876 0,001603
code -0,009950 -0,000078
codecs 2,995732 0,000373
codelobster 3,506558 0,000437
codepoints 3,912023 0,000487
coder 3,912023 0,000487
coding 1,347074 0,000335
codon 3,912023 0,002922
coffeescript 2,525729 0,001258
coghlan 3,912023 0,000487
colab 3,912023 0,000974
colin 2,407946 0,000300
collected 1,469676 0,000183
collectedoscross 3,912023 0,000487
collecting 2,302585 0,000287
collection 0,527633 0,000066
collections 1,771957 0,000221
collector 2,407946 0,000300
com 0,150823 0,000244
combination 0,916291 0,000228
combinatorial 2,525729 0,000314
come 0,867501 0,000324
comedy 3,218876 0,001202
comes 0,867501 0,000108
command 1,021651 0,000127
commented 2,407946 0,000300
commerce 1,021651 0,000127
commercial 0,653926 0,000244
commercialcross 3,912023 0,000487
commitment 1,832581 0,000228
common 0,072571 0,000054
commonly 0,342490 0,000128
commons -0,009950 -0,000002
commonsmediawikiwikibookswikifunctionswikiquotewikiversitywikidata 3,506558 0,000437
commonsquotations 2,302585 0,000287
community 0,616186 0,000767
compact 1,771957 0,000221
compare 1,609438 0,000401
compared 0,634878 0,000079
compares 2,813411 0,000701
comparison 0,446287 0,000611
comparisons 1,832581 0,000228
compatibility 1,108663 0,000138
compatible 1,049822 0,000784
compilation 1,714798 0,000640
compile 1,609438 0,000601
compiled 1,386294 0,000690
compiler 1,078810 0,001880
compilers 2,040221 0,001016
compiles 2,040221 0,002540
compiling 2,407946 0,000899
completely 0,941609 0,000234
completion 1,966113 0,000245
complex 0,261365 0,000098
compliant 1,897120 0,000236
compliment 3,912023 0,000487
components 0,415515 0,000052
comprehension 2,995732 0,000373
comprehensions 3,506558 0,002183
computation 0,994252 0,000124
computational 0,755023 0,000188
computer 0,139262 0,000121
computing 0,301105 0,000300
computinggeneral 3,218876 0,000401
concatenate 3,912023 0,000487
concatenated 3,218876 0,000802
concatenation 2,813411 0,000350
conceived 2,207275 0,000275
concern 1,427116 0,000178
concise 2,040221 0,000254
concurrency 1,386294 0,000173
concurrent 1,272966 0,000158
condition 1,609438 0,000200
conditional 1,660731 0,001034
conditionally 2,813411 0,000350
conditions 0,843970 0,000105
conduct -0,009950 -0,000001
conducted 1,560648 0,000194
conference 0,301105 0,000150
conferences 1,347074 0,000168
configuration 1,021651 0,000127
conflict 1,514128 0,000189
conform 2,040221 0,000254
conforming 2,302585 0,000287
confusion 1,609438 0,000200
connecting 1,714798 0,000213
considerable 1,832581 0,000228
considered 0,400478 0,000150
consistency 1,897120 0,000236
consistent 1,108663 0,000138
consistently 1,966113 0,000245
constraints 1,309333 0,000163
construct 1,609438 0,000401
constructed 1,609438 0,000200
constructs 2,120264 0,000264
contact -0,009950 -0,000001
contacts -0,009950 -0,000001
contain 0,693147 0,000949
containing 0,579818 0,000361
contains 0,634878 0,000395
content -0,009950 -0,000001
contents -0,009950 -0,000006
context 0,494296 0,000123
contexts 2,040221 0,000254
continuations 3,218876 0,000401
continue 1,139434 0,000142
continues 1,469676 0,000366
contract 1,272966 0,000158
contraction 3,218876 0,000401
contracts 1,609438 0,000200
contrast 0,994252 0,000495
contribute -0,009950 -0,000001
contributor 2,407946 0,000300
control 0,020203 0,000013
controls 1,078810 0,000134
controversial 2,207275 0,000550
controversies 2,040221 0,000254
controversy 1,560648 0,000194
conventional 1,237874 0,000154
converts 2,659260 0,000331
cookbook 3,218876 0,000401
cookie -0,009950 -0,000001
copy 1,203973 0,000300
copyleft 2,813411 0,000350
corbillon 3,912023 0,000487
core 0,597837 0,000447
cores 2,995732 0,000373
coroutine 3,912023 0,000487
coroutines 2,995732 0,001119
corresponding 1,171183 0,000146
corresponds 2,995732 0,000373
cost 0,478036 0,000119
council 1,427116 0,000533
counting 1,714798 0,000640
counts 2,302585 0,000573
course 1,139434 0,000284
couto 3,218876 0,000401
covered 1,560648 0,000389
cpu 1,560648 0,000194
cpython 3,218876 0,010019
create -0,009950 -0,000004
created 0,430783 0,000375
creating 0,562119 0,000280
creative -0,009950 -0,000002
creator 1,660731 0,000414
critical 0,653926 0,000163
criticism 1,171183 0,000146
criticisms 2,120264 0,000264
cross 0,562119 0,000070
crowdfunding 2,659260 0,000331
cspro 3,912023 0,000487
cubes 3,506558 0,000437
cubicweb 2,995732 0,000746
cultural 1,427116 0,000178
culture 1,514128 0,000566
cunha 3,218876 0,000401
cupy 3,912023 0,000487
curly 2,525729 0,000629
current 0,385662 0,000336
currently 0,755023 0,000094
curriculum 2,302585 0,000287
cwi 3,506558 0,000873
cyber 1,427116 0,000355
cycle 1,049822 0,000523
cyrillic 3,506558 0,000437
cython 3,912023 0,002435
dadisp 3,912023 0,000487
dan 0,967584 0,000120
daniel 0,776529 0,000097
dap 3,506558 0,000437
dask 3,912023 0,000487
data 0,030459 0,000064
databases 0,127833 0,000032
dataczech 1,171183 0,000146
dataplot 3,912023 0,000487
datasciencelearningcenter 3,912023 0,000487
dated 0,967584 0,000482
dates 0,430783 0,000054
dave 1,771957 0,000221
david 0,385662 0,000144
days 1,049822 0,000131
dead 1,386294 0,000173
deallocate 3,506558 0,000437
deap 3,912023 0,000487
debian 2,407946 0,000300
debugging 1,660731 0,000207
dec 2,040221 0,000254
december 0,061875 0,000270
decided 1,469676 0,000183
decimal 1,897120 0,000945
decimals 3,912023 0,000487
decision 0,494296 0,000062
decisions 1,078810 0,000134
decorator 3,506558 0,000437
decrease 1,966113 0,000245
dedicated 1,347074 0,000335
deepspeed 3,218876 0,000401
def 3,506558 0,001310
default 0,693147 0,000086
defense 1,609438 0,000200
define 0,798508 0,000099
defined 0,248461 0,000093
defines 0,776529 0,000097
definition 0,342490 0,000213
del 2,040221 0,000508
delayed 2,207275 0,000275
delete 1,609438 0,000200
deleted 1,966113 0,000245
deleting 2,302585 0,000287
delimit 3,218876 0,000802
delimited 2,525729 0,000314
demand 1,049822 0,000131
democratization 3,912023 0,000487
dennis 2,207275 0,000275
denoted 1,897120 0,000236
department 0,941609 0,000117
dependent 1,021651 0,000127
deque 3,506558 0,000437
derived 0,891598 0,000111
derives 2,813411 0,000350
describe 0,820981 0,000102
described 0,430783 0,000054
description -0,009950 -0,000005
descriptionshort 0,000000 0,000000
design 0,127833 0,000159
designed 0,261365 0,000195
designer 2,040221 0,000508
desk 2,525729 0,000314
desktop 1,347074 0,000168
despite 1,021651 0,000382
destructor 3,218876 0,000401
details 0,916291 0,000114
detecting 2,207275 0,000550
dev 1,514128 0,000566
developed 0,127833 0,000032
developer 0,820981 0,000818
developers -0,009950 -0,000009
developing 0,673345 0,000168
development 0,083382 0,000187
devguide 3,912023 0,000487
device 0,891598 0,000222
dict 3,506558 0,000873
dictator 3,912023 0,001461
dictionaries 2,040221 0,001016
dictionary 0,673345 0,000168
differences 0,967584 0,000241
different 0,020203 0,000013
differentiable 1,832581 0,000228
differentiation 2,302585 0,000287
differently 1,966113 0,000490
differs 1,560648 0,000194
digital 0,400478 0,000050
direct 0,597837 0,000074
directly 0,415515 0,000052
directories 2,120264 0,000264
disciplineduck 3,506558 0,000437
disclaimers -0,009950 -0,000001
discontinued 1,714798 0,000427
discovery 1,171183 0,000146
discussed 1,897120 0,000236
discussions 1,897120 0,000472
dist 3,218876 0,000401
distinction 1,272966 0,000475
distinguished 1,897120 0,000236
distributed 0,478036 0,000060
division 1,386294 0,003279
django 2,995732 0,000746
dmy 0,994252 0,000124
doc 2,120264 0,000264
docs 1,309333 0,002282
document 0,673345 0,000084
documentation 0,867501 0,002700
documenting 2,813411 0,000350
documents 1,078810 0,000134
doesn 1,609438 0,000200
dogfooding 2,995732 0,000373
doi 0,162519 0,000061
domain 0,562119 0,000210
donate -0,009950 -0,000002
done 0,653926 0,000081
double 0,916291 0,000570
doug 2,302585 0,000287
down 0,597837 0,000149
downey 3,912023 0,000487
download -0,009950 -0,000005
downloadable 3,218876 0,000401
drawing 1,469676 0,000183
drivers 1,469676 0,000366
dropped 1,660731 0,000207
dropping 2,659260 0,000331
duck 2,659260 0,000331
due 0,261365 0,000033
duplicates 2,995732 0,000746
duplicating 3,506558 0,000873
durbin 2,813411 0,000350
dutch 2,120264 0,000264
dylan 3,506558 0,000873
dynamic 0,562119 0,000560
dynamically 1,714798 0,000854
eager 3,506558 0,000437
earlier 1,139434 0,000426
earliest 1,021651 0,000127
easily 0,843970 0,000315
easyeclipse 3,912023 0,000487
ebasa 2,995732 0,000373
ebeab 3,912023 0,000487
eby 3,912023 0,000974
eclipse 2,040221 0,000254
ecmascript 2,302585 0,000573
ecosystem 1,171183 0,000437
edelman 2,995732 0,000373
edge 0,941609 0,000234
edit -0,009950 -0,000001
editcommunity -0,009950 -0,000001
edited -0,009950 -0,000001
edition 0,579818 0,000072
editor 1,660731 0,000207
education 0,579818 0,000072
effbot 3,912023 0,000487
effectively 0,994252 0,000124
efficiency 0,673345 0,000084
efficient 0,494296 0,000185
effort 0,967584 0,000120
efforts 1,309333 0,000163
eggs 2,995732 0,003730
eggsclass 3,912023 0,000487
either 0,248461 0,000031
elected 2,995732 0,000373
election 2,813411 0,000350
element 1,021651 0,000382
elements 0,415515 0,000207
elif 2,813411 0,000350
elimination 2,407946 0,000300
elixir 1,771957 0,000221
ellipsis 3,912023 0,000974
ellipsistype 3,912023 0,000487
else 1,469676 0,000732
emacs 2,407946 0,000300
embedded 0,867501 0,000432
embedding 1,771957 0,000221
embrace 2,813411 0,000350
embracing 2,659260 0,000331
emeritus 3,912023 0,000487
emitted 3,506558 0,000437
emphasis 1,771957 0,000221
emphasizes 2,207275 0,000550
empty 1,427116 0,000178
enable 0,798508 0,000099
enabled 0,994252 0,000124
enablement 3,218876 0,000401
enabling 0,941609 0,000117
encloses 3,912023 0,000487
encyclopedia -0,009950 -0,000001
end 0,261365 0,000130
ending 1,897120 0,000236
energy 0,891598 0,000333
enforced 1,714798 0,000427
engine 0,693147 0,000086
engineering 0,198451 0,000025
english -0,009950 -0,000005
englishall 2,995732 0,000373
englishsloven 0,510826 0,000064
enhanced 1,386294 0,000173
enhancement 2,207275 0,006595
enhancements 1,897120 0,000236
enjoyed 2,995732 0,000373
enough 0,843970 0,000105
ensures 1,832581 0,000228
enter 1,966113 0,000490
enthought 3,912023 0,002435
entire 0,755023 0,000188
environment 0,478036 0,000298
environments 0,941609 0,000469
epi 3,912023 0,000487
epl 2,995732 0,000373
equal 1,347074 0,000503
equality 2,040221 0,000254
equals 2,040221 0,000254
equation 1,832581 0,000684
equivalent 1,021651 0,000127
eric 1,078810 0,000269
erlang 1,714798 0,000213
error 0,713350 0,000089
errors 0,733969 0,000274
escape 1,966113 0,000490
espa 0,210721 0,000026
essential 0,941609 0,000117
esterbrook 3,912023 0,000487
euler 2,995732 0,000373
european 0,755023 0,000094
euroscipy 3,912023 0,000974
eval 2,813411 0,000701
evaluate 1,771957 0,000221
evaluates 2,120264 0,000528
evaluating 1,771957 0,000221
evaluation 0,843970 0,000105
even 0,235722 0,000117
events 0,634878 0,000079
eventsrandom -0,009950 -0,000001
eviews 3,912023 0,000487
example 0,030459 0,000061
examples 0,328504 0,000204
excel 2,813411 0,000701
except 1,171183 0,000437
exception 1,386294 0,000863
exceptions 1,714798 0,000640
exchange 0,693147 0,000086
exec 3,218876 0,000802
executable 1,514128 0,000566
executed 1,203973 0,000150
executes 1,714798 0,000640
executing 2,120264 0,000264
execution 0,891598 0,000555
exercises 3,218876 0,000401
exist 0,653926 0,000163
existed 1,897120 0,000236
existing 0,673345 0,000251
exits 3,218876 0,000802
expect 1,897120 0,000236
expected 0,693147 0,000431
expects 2,659260 0,000331
experience 1,021651 0,000127
experiences 1,560648 0,000194
experimental 1,021651 0,000382
expert 1,347074 0,000168
experts 1,660731 0,000207
explicit 1,171183 0,000146
explicitly 0,916291 0,000228
exponentiation 3,218876 0,000802
export -0,009950 -0,000001
expression 1,021651 0,001908
expressions 1,386294 0,003452
extending 1,714798 0,000427
extensible 1,609438 0,000401
extension 0,967584 0,000241
extensions 0,916291 0,000456
extensive 1,272966 0,000317
external 0,030459 0,000011
facilities 1,171183 0,000146
facing 2,207275 0,000275
fact 0,755023 0,000094
factor 0,867501 0,000324
factorial 2,659260 0,001655
facundo 3,912023 0,000487
fail 1,660731 0,000207
failed 1,108663 0,000552
fails 2,302585 0,000573
fairchild 3,912023 0,000487
falls 1,832581 0,000228
false 1,272966 0,000158
familiar 1,714798 0,000213
family 1,078810 0,000134
famous 1,771957 0,000221
faq 1,386294 0,000863
far 0,867501 0,000216
fast 0,673345 0,000084
fastapi 2,995732 0,000746
faster 0,994252 0,000619
featool 3,912023 0,000487
feature 0,616186 0,000230
features 0,371064 0,000739
featuring 2,120264 0,000264
february 0,061875 0,000324
feedback 1,309333 0,000163
feels 2,813411 0,000350
fehily 3,912023 0,000487
fellow 2,995732 0,000373
fernandes 3,506558 0,000437
fewer 1,897120 0,000236
field 0,527633 0,000066
file 0,616186 0,000077
filepermanent -0,009950 -0,000001
filespecial -0,009950 -0,000001
filter 1,514128 0,000189
final 0,916291 0,000456
finally 1,108663 0,000276
find 0,544727 0,000068
finishes 3,218876 0,000401
firmware 2,207275 0,000275
first 0,020203 0,000020
five 0,776529 0,000290
fix 1,714798 0,000427
fixed 0,494296 0,000123
fixes 2,120264 0,000264
flask 2,995732 0,000746
float 1,966113 0,000490
floating 1,660731 0,001447
floats 2,659260 0,000662
floor 2,207275 0,001099
floors 3,218876 0,000401
flow 0,510826 0,000254
fluency 3,912023 0,000487
fluent 3,218876 0,000401
flux 2,302585 0,000287
flying 3,218876 0,000401
fold 2,302585 0,000287
followed 0,733969 0,000091
following 0,210721 0,000157
follows 0,891598 0,000111
foo 2,207275 0,000550
forbidding 3,218876 0,000401
force 0,867501 0,000108
fork 1,386294 0,000518
forking 2,659260 0,000331
form 0,162519 0,000020
format 0,941609 0,000586
formats 1,609438 0,000200
formatted 2,995732 0,000373
formatting 2,302585 0,000573
former 1,049822 0,000131
formerly 1,309333 0,000326
forming 1,966113 0,000245
forth 1,560648 0,000194
fortran 1,560648 0,000389
fortress 3,506558 0,000437
forum 1,347074 0,000168
forums 2,407946 0,000300
forward 1,021651 0,000127
found 0,385662 0,000144
foundation -0,009950 -0,000043
foundationfirst 3,506558 0,000437
four 0,820981 0,000102
fraction 2,207275 0,000275
fractions 2,813411 0,000350
framework 0,342490 0,000085
frameworks 1,108663 0,000414
frameworksfree 3,912023 0,000487
fran 0,223144 0,000028
franca 1,609438 0,000200
francisco 1,609438 0,000601
fredrik 3,506558 0,000437
free -0,009950 -0,000019
freebsd 1,897120 0,000236
freed 2,995732 0,000373
freefem 3,912023 0,000487
freemat 3,912023 0,000487
freeware 3,506558 0,000437
frequently 0,967584 0,000241
frozenset 3,912023 0,001461
frustrations 3,912023 0,000487
full 0,371064 0,000185
fully 0,616186 0,000077
fun 2,659260 0,000331
function 0,210721 0,000420
functional 0,733969 0,000731
functionality 0,843970 0,000420
functions 0,356675 0,000577
functools 3,912023 0,000487
further 0,139262 0,000052
future 0,274437 0,000034
gained 1,237874 0,000154
gains 1,514128 0,000189
game 0,713350 0,000178
games 1,078810 0,000134
gang 3,506558 0,000437
gap 1,609438 0,000200
garbage 1,832581 0,000684
gateway 2,659260 0,000662
gauss 2,407946 0,000600
gdscript 3,912023 0,001948
geany 3,506558 0,000437
general -0,009950 -0,000016
generally 0,287682 0,000036
generating 1,427116 0,000178
generational 2,040221 0,000254
generator 2,040221 0,001778
generators 2,302585 0,001720
generic 1,203973 0,000150
genius 2,813411 0,000350
genshi 3,912023 0,000487
gensim 3,912023 0,000487
genstat 3,912023 0,000487
geometry 1,347074 0,000335
get 0,733969 0,000091
gil 2,813411 0,000350
git 2,207275 0,000275
github 1,078810 0,001075
given 0,261365 0,000065
giving 1,714798 0,000213
global 0,478036 0,000119
glossary 0,891598 0,000111
glue 3,506558 0,000873
gmsh 3,912023 0,000487
gnu 1,272966 0,000951
goal 0,713350 0,000266
good 0,733969 0,000091
goodger 3,912023 0,000487
google 0,579818 0,000722
governance 1,309333 0,000163
gpl 2,120264 0,000264
grammar 1,966113 0,000245
graph 0,994252 0,000124
graphical 1,386294 0,000173
graphics 0,941609 0,000117
graphpad 3,912023 0,000974
gratis 2,995732 0,000373
greatest 1,897120 0,000236
greatly 1,427116 0,000178
gretl 3,506558 0,000873
grifski 3,912023 0,000487
grok 2,207275 0,000550
groovy 2,407946 0,000600
group 0,301105 0,000225
grouping 2,302585 0,000287
groups 0,891598 0,000111
grumpy 3,912023 0,001461
gtk 2,659260 0,000331
guelton 3,912023 0,000487
guide 0,356675 0,000400
guideline 3,218876 0,000401
guidelines 1,272966 0,000317
guido 2,995732 0,008578
gurus 2,813411 0,000350
guttag 3,506558 0,000437
guys 2,813411 0,000350
half 1,108663 0,000138
hall 0,653926 0,000081
hand 0,733969 0,000274
handled 1,609438 0,000200
handling 0,798508 0,000199
happen 1,832581 0,000228
hard 1,078810 0,000134
hardware 0,579818 0,000217
harmful 2,659260 0,000331
harper 2,302585 0,000287
hashable 3,912023 0,001461
haskell 1,514128 0,001131
hausa 1,609438 0,000200
hdl 1,049822 0,000131
header 1,897120 0,000236
health 0,994252 0,000124
healy 3,506558 0,000437
heap 2,040221 0,000254
heavy 1,609438 0,000200
hello 1,714798 0,000854
help 0,248461 0,000093
helplearn -0,009950 -0,000001
helps 1,347074 0,000168
hence 1,347074 0,000168
hererelated -0,009950 -0,000001
hetland 3,912023 0,000487
hettinger 3,912023 0,000974
hidden 0,843970 0,000105
hide -0,009950 -0,000005
hiding 2,302585 0,000287
hierarchy 1,660731 0,000207
high 0,223144 0,000139
highlighting 2,302585 0,000287
highlights 2,207275 0,000275
highly 0,867501 0,000108
hints 3,506558 0,002183
history -0,009950 -0,000012
hitchhiker 3,912023 0,000487
holder 2,302585 0,000287
holth 3,912023 0,000487
home 0,653926 0,000163
homepage 2,207275 0,000275
hood 2,525729 0,000314
hope 1,897120 0,000236
horovod 3,912023 0,000487
hosted 1,660731 0,000414
hosting 1,560648 0,000583
however 0,094311 0,000094
howto 3,912023 0,000487
hoyt 3,912023 0,000487
hrvatskiidobahasa 1,203973 0,000150
http 1,021651 0,000127
https -0,009950 -0,000001
hughes 1,966113 0,000245
human 0,579818 0,000072
hundred 2,120264 0,000264
hylton 3,912023 0,000487
ibm 0,693147 0,000173
icon 2,207275 0,000550
ide 1,771957 0,001324
ideal 2,207275 0,000275
ideas 0,891598 0,000333
identical 1,514128 0,000189
identifying 1,139434 0,000284
identities 2,302585 0,000287
ides 2,040221 0,001016
idiom 3,218876 0,000401
idioms 3,218876 0,000401
idle 2,995732 0,002611
ieee 0,634878 0,000237
ignored 1,832581 0,000228
imaginary 3,912023 0,000487
imaging 1,966113 0,000245
immediately 1,309333 0,000489
immutable 2,407946 0,005096
imperative 1,660731 0,000414
implement 0,755023 0,000188
implementation 0,328504 0,000573
implementations 0,733969 0,001462
implementationscpython 3,912023 0,000487
implemented 0,544727 0,000271
implementing 0,994252 0,000124
implements 1,347074 0,000335
implicit 1,514128 0,000189
implies 1,560648 0,000389
import 1,966113 0,000734
important 0,287682 0,000036
imported 2,525729 0,000314
impossible 1,347074 0,000168
improve 0,274437 0,000034
improved 0,776529 0,000290
improves 1,832581 0,000228
improving 1,171183 0,000146
ina 0,356675 0,000044
inasloven 0,616186 0,000077
inc -0,009950 -0,000001
include 0,061875 0,000062
included 0,400478 0,000050
includes 0,274437 0,000137
including 0,040822 0,000066
inclusion 1,832581 0,000228
incompatible 1,560648 0,000389
incorporating 1,832581 0,000228
increase 0,544727 0,000068
increases 1,171183 0,000146
incredibly 2,659260 0,000331
incremented 3,506558 0,001746
indent 3,912023 0,000487
indentation 2,659260 0,003642
index -0,009950 -0,000016
indexes 2,040221 0,000762
india 1,171183 0,000146
indicate 1,272966 0,000158
indicating 1,897120 0,000236
indicator 2,207275 0,000550
indiscriminate 3,912023 0,000487
indonesiainterlingua 1,660731 0,000207
inductive 2,302585 0,000287
industry 0,527633 0,000066
infinity 2,659260 0,000331
infix 3,912023 0,001948
influence 1,078810 0,000134
influenced 1,203973 0,000899
influencedapache 3,912023 0,000487
influences 1,771957 0,000441
influencing 2,207275 0,000275
info 1,832581 0,000456
infographic 3,506558 0,000437
infoq 2,302585 0,000287
informatica 3,218876 0,000401
information 0,072571 0,000036
informationcite -0,009950 -0,000001
infoworld 1,609438 0,000401
infrequently 3,912023 0,000487
inherent 2,302585 0,000287
initialization 2,207275 0,000275
initially 0,693147 0,000173
initiative 1,078810 0,000269
inline 1,966113 0,000245
input 0,733969 0,000548
inputs 1,386294 0,000173
inside 0,755023 0,000094
insider 1,609438 0,000200
inspired 1,347074 0,000839
instagram 2,813411 0,000350
install 1,714798 0,000427
installer 2,995732 0,000746
instance 0,510826 0,000254
instances 1,514128 0,000377
instat 3,912023 0,000487
instead 0,301105 0,000037
instruction 1,560648 0,000194
int 1,560648 0,000389
integer 1,272966 0,001268
integers 1,609438 0,001202
integrate 1,560648 0,000194
integrated 0,634878 0,000237
integrates 2,659260 0,000331
integration 0,673345 0,000084
intel 1,609438 0,000200
intelligence 0,693147 0,000173
intended 0,494296 0,000123
intentionally 2,302585 0,000287
interactive 0,891598 0,000222
interface 0,616186 0,000153
interfacecomputer 3,912023 0,000487
interfaces 0,713350 0,000178
interfacing 2,659260 0,000331
intermediate 1,514128 0,000189
internal 0,634878 0,000158
internals 2,407946 0,000300
international 0,139262 0,000017
internationalgndfastnationalunited 1,237874 0,000154
internet 0,462035 0,000058
interpolation 2,302585 0,000573
interpret 1,832581 0,000456
interpreted 1,514128 0,000566
interpreter 1,609438 0,002605
interval 1,514128 0,000377
interview 1,560648 0,000389
introduce 1,660731 0,000414
introduced 0,371064 0,000139
introducing 1,021651 0,000127
introduction 0,261365 0,000195
introductory 2,302585 0,000573
invariants 3,218876 0,000401
invented 1,427116 0,000178
inventionsdynamically 3,912023 0,000487
iop 2,995732 0,000373
ios 1,660731 0,000414
ipu 3,506558 0,000437
ipython 3,912023 0,002435
ironlanguages 3,912023 0,000487
ironpython 3,506558 0,003056
isbn 0,051293 0,000083
isc 2,995732 0,000373
isplattd 2,120264 0,000264
issn 0,478036 0,000179
issues 0,527633 0,000263
item -0,009950 -0,000001
items 1,108663 0,000138
iterable 3,506558 0,000873
iterates 3,506558 0,000437
iterating 3,506558 0,000873
iteration 2,120264 0,000264
iterator 2,995732 0,000373
iterators 2,659260 0,001655
itertools 3,912023 0,001461
itself 0,342490 0,000085
ivan 2,995732 0,000373
jags 3,912023 0,000487
jake 2,659260 0,000662
jamovi 3,912023 0,000487
january 0,083382 0,000529
jason 1,771957 0,000441
jasp 3,506558 0,000437
java 0,891598 0,000444
javascript 1,021651 0,001145
jax 2,995732 0,000746
jean 1,514128 0,000189
jeff 1,560648 0,000194
jeremy 2,120264 0,000528
jetbrains 2,813411 0,000350
jinja 3,912023 0,000487
jit 2,207275 0,000550
jmp 3,912023 0,000487
jmulti 3,912023 0,000487
jocelyn 3,912023 0,000487
john 0,210721 0,000052
jots 3,912023 0,000487
journal 0,198451 0,000049
jruby 2,995732 0,000373
jstor 0,843970 0,000210
julia 1,514128 0,002828
july 0,127833 0,000477
jump -0,009950 -0,000001
june 0,094311 0,000658
jupyter 3,912023 0,003409
justify 2,813411 0,000350
jython 3,218876 0,002405
kadazandusun 3,506558 0,000437
kaggle 3,912023 0,000487
karpinski 3,506558 0,000437
keith 2,207275 0,000275
kennedy 2,813411 0,000350
kentucky 3,912023 0,000487
keras 3,218876 0,000802
kernighan 3,218876 0,000401
key 0,356675 0,000133
keys 1,514128 0,000943
keyword 2,040221 0,000508
keywords 2,040221 0,000762
kids 2,995732 0,000373
kincaid 3,506558 0,000437
kinds 1,171183 0,000146
kiswahilikurd 1,897120 0,000236
kivy 3,912023 0,000487
knights 3,506558 0,000437
known 0,127833 0,000032
koepke 3,912023 0,000487
komodo 2,813411 0,000350
kotlin 1,897120 0,000236
krill 2,207275 0,000275
kuchling 3,912023 0,001461
kuhlman 3,912023 0,000487
labview 3,506558 0,000437
lacks 2,040221 0,000254
lambda 2,407946 0,000899
lang 1,966113 0,000490
language 0,186330 0,001577
languages -0,009950 -0,000042
languagescross 2,995732 0,000373
languageseducational 3,912023 0,000487
languageshigh 2,813411 0,000350
languagesinformation 3,912023 0,000487
languagesmonty 3,912023 0,000487
languagesnotebook 3,912023 0,000487
languagesobject 2,659260 0,000331
languagespattern 3,218876 0,000401
languagesprogramming 2,120264 0,000528
languagestext 3,912023 0,000487
large 0,127833 0,000080
largely 1,272966 0,000158
larger 0,941609 0,000352
last -0,009950 -0,000007
late 0,755023 0,000282
later 0,223144 0,000083
latest 0,994252 0,000248
latinalatvie 1,203973 0,000150
latter 0,916291 0,000114
lattner 2,813411 0,001051
lawson 2,995732 0,000373
lazy 2,813411 0,000350
lccn 2,407946 0,000300
lead 0,673345 0,000168
leads 1,237874 0,000154
leaks 1,897120 0,000236
learn 0,494296 0,000123
learned 1,386294 0,000345
learning 0,494296 0,000369
least 0,527633 0,000197
left 0,916291 0,000342
legal -0,009950 -0,000001
lego 3,506558 0,001310
leland 3,912023 0,000487
less 0,430783 0,000161
level 0,116534 0,000116
levels 0,755023 0,000094
leverages 2,525729 0,000314
levkivskyi 3,912023 0,000487
lgpl 2,659260 0,000331
libraries 0,713350 0,000888
library 0,478036 0,000893
libre 2,813411 0,000350
license -0,009950 -0,000009
licensefilename 3,912023 0,000487
licensepython 3,912023 0,000487
licenses 1,771957 0,000441
lie 2,120264 0,000528
lies 1,897120 0,000236
life 0,653926 0,000407
lightning 2,207275 0,000275
like 0,072571 0,000099
limdep 3,912023 0,000487
limitations 1,139434 0,000567
limited 0,510826 0,000127
line 0,356675 0,000089
lines 1,078810 0,000269
lingua 2,040221 0,000254
linkpage -0,009950 -0,000001
links -0,009950 -0,000007
linux 0,916291 0,000342
lipova 3,912023 0,000487
lisp 1,386294 0,000863
lispers 3,912023 0,000487
lisrel 3,912023 0,000487
list 0,083382 0,000228
lists 0,597837 0,000521
literal 2,040221 0,001270
literals 2,525729 0,000943
literature 1,272966 0,000158
llvm 2,407946 0,000600
lnorsk 0,653926 0,000081
local 0,415515 0,000052
lock 1,832581 0,000913
log -0,009950 -0,000002
logic 0,755023 0,000094
lojban 2,659260 0,000331
lombardmagyar 1,832581 0,000228
long 0,287682 0,000215
longer 0,755023 0,000188
look 0,967584 0,000120
loop 1,609438 0,000601
looping 3,912023 0,000974
loops 1,897120 0,000945
loraine 3,506558 0,000437
lot 1,469676 0,000183
ltd 1,203973 0,000150
lua 1,897120 0,000236
lubanovic 3,912023 0,000487
luc 2,813411 0,000350
luciano 2,995732 0,000373
lukewarm 3,506558 0,000437
lumberjack 3,912023 0,000487
lundh 3,912023 0,000487
lutz 3,218876 0,001202
lux 0,371064 0,000046
lwn 2,659260 0,000993
machine 0,083382 0,000114
machinery 1,203973 0,000150
machines 0,776529 0,000097
macos 1,660731 0,000620
macs 3,218876 0,000401
made 0,186330 0,000070
magnitude 1,897120 0,000236
magnus 2,995732 0,000373
mailing 1,966113 0,000734
main -0,009950 -0,000007
maintainable 2,995732 0,000373
maintaining 1,171183 0,000146
major 0,314711 0,000235
maker 1,966113 0,000245
makes 0,415515 0,000155
making 0,328504 0,000082
mako 3,506558 0,000437
malloc 3,506558 0,000437
management 0,139262 0,000052
managementgarbage 2,813411 0,000350
manager 0,994252 0,000248
manifesto 2,302585 0,000287
manifold 2,813411 0,000350
manifolds 2,995732 0,000373
manim 3,912023 0,000487
manipulating 2,302585 0,000287
manipulation 0,994252 0,000124
manual 1,237874 0,000154
manually 1,714798 0,000427
many 0,061875 0,000131
map 1,171183 0,000292
maple 2,995732 0,000746
march 0,116534 0,000435
marco 1,966113 0,000245
mark 0,462035 0,000173
marked 1,139434 0,000284
marks 1,660731 0,000827
marries 3,912023 0,000487
martelli 3,912023 0,000974
martin 0,891598 0,000111
massive 1,714798 0,000213
massively 2,659260 0,000662
match 1,386294 0,000173
matches 1,021651 0,000127
matching 1,171183 0,000292
materials 1,386294 0,000173
mathcad 3,912023 0,000974
mathematica 2,407946 0,000600
mathematical 0,733969 0,000183
mathematics 0,916291 0,000456
matlab 1,660731 0,000620
matplotlib 3,912023 0,000487
matrix 1,609438 0,000802
mattip 3,912023 0,000487
mcinnes 3,912023 0,000487
meaning 0,544727 0,000136
meanings 2,813411 0,000350
means 0,198451 0,000025
meant 1,514128 0,000377
measure 0,994252 0,000124
mechanism 0,733969 0,000091
mechanisms 1,171183 0,000146
medcalc 3,912023 0,000487
media 0,139262 0,000104
meeting 1,427116 0,000178
meets 1,966113 0,000245
mehdi 2,813411 0,000350
melayu 0,820981 0,000102
member 1,237874 0,000308
membership 1,832581 0,000228
memory 0,579818 0,000505
memristor 3,506558 0,000437
mentoring 3,912023 0,000487
menu -0,009950 -0,000002
mercurial 3,218876 0,000401
merlini 3,912023 0,000487
metaclass 3,506558 0,000437
metaclasses 3,506558 0,000437
metaobjects 3,912023 0,000487
metaprogramming 2,995732 0,000746
metasyntactic 3,912023 0,000487
method 0,210721 0,000367
methodology 1,108663 0,000138
methods 0,274437 0,000034
mfem 3,912023 0,000487
michael 0,400478 0,000100
michele 2,207275 0,000275
microcontrollers 2,659260 0,000993
microfit 3,912023 0,000487
micropython 3,506558 0,002183
microsoft 0,579818 0,000072
microthreads 3,912023 0,000487
migrated 2,659260 0,000331
mime 2,525729 0,000314
mindspore 3,506558 0,000873
mindstorms 3,912023 0,000487
minimalist 3,218876 0,000401
minitab 3,912023 0,000487
minor 1,469676 0,000366
miran 3,506558 0,000437
mismatchpages 2,525729 0,000314
mit 0,776529 0,000290
mixed 1,309333 0,000815
mixture 2,407946 0,000300
mkennedy 3,912023 0,000487
mlir 3,912023 0,000487
mlpy 3,912023 0,000487
mlwin 3,912023 0,000487
mne 3,912023 0,000487
mobile -0,009950 -0,000002
mod 2,120264 0,000264
model 0,162519 0,000040
modeler 2,995732 0,000373
modern 0,314711 0,000078
modes 1,714798 0,000213
modify 1,237874 0,000154
modifying 1,832581 0,000456
modula 2,995732 0,001492
modular 1,560648 0,000389
modularity 2,813411 0,000350
module 1,049822 0,000784
modules 1,347074 0,001845
modulo 3,506558 0,000873
mojo 2,813411 0,003152
monitors 2,120264 0,000264
months 0,891598 0,000111
monty 3,912023 0,002922
moore 1,771957 0,000221
moreover 1,560648 0,000194
moshe 3,218876 0,001202
mostly 0,994252 0,000124
motto 3,506558 0,000437
move -0,009950 -0,000005
moved 1,347074 0,000168
movement 1,427116 0,000533
moving 0,776529 0,000193
mozilla 1,514128 0,000189
mpl 2,995732 0,000373
much 0,400478 0,000050
multi 0,342490 0,000043
multiflow 3,912023 0,000487
multiphysics 3,912023 0,000487
multiple 0,116534 0,000102
multiplication 2,040221 0,001270
multiprocessing 1,832581 0,000228
multithreading 1,897120 0,000709
murri 3,912023 0,000487
mutability 3,506558 0,000437
mutable 2,207275 0,001374
mworks 3,912023 0,000487
mxnet 3,218876 0,000401
myhdl 3,912023 0,000974
mypy 3,912023 0,002435
mypyc 3,912023 0,000974
myths 2,525729 0,000314
najaarsconferentie 3,912023 0,000487
name 0,342490 0,000341
named 0,820981 0,000102
names 0,673345 0,000335
namespace 1,832581 0,000456
naming 1,386294 0,000518
nathaniel 2,207275 0,000275
native 1,078810 0,000269
natural 0,733969 0,000091
nature 0,597837 0,000149
navigation -0,009950 -0,000001
ncss 3,912023 0,000487
neal 2,813411 0,000350
nearest 2,659260 0,000331
nearly 1,139434 0,000284
necessary 0,616186 0,000077
needed 0,210721 0,000052
needing 0,597837 0,000149
needs 0,415515 0,000052
negative 1,078810 0,001075
neil 1,771957 0,000221
neologism 3,912023 0,000487
neopythonic 3,912023 0,000487
net 0,415515 0,000466
netbeans 2,525729 0,000314
netherlands 1,897120 0,000236
netherlandsconcurrent 3,912023 0,000487
netherlandsmulti 3,912023 0,000487
network 0,210721 0,000052
networkx 3,506558 0,000437
neurokit 3,912023 0,000487
neuromorphic 2,813411 0,000350
never 1,021651 0,000509
nevertheless 1,660731 0,000207
nevow 2,995732 0,000746
new 0,010050 0,000026
news 0,446287 0,000056
newsletter 3,506558 0,000437
next 0,400478 0,000050
nim 2,813411 0,000701
ninjas 2,995732 0,000373
nltk 3,506558 0,000437
nluug 3,912023 0,000487
nokia 2,207275 0,000824
non -0,009950 -0,000009
none 1,609438 0,000200
nonetype 3,912023 0,000487
nop 3,912023 0,000487
norsk 0,342490 0,000043
norvig 3,218876 0,000401
norwitz 3,912023 0,000487
notable 0,941609 0,000117
notation 1,203973 0,000150
note 0,776529 0,000097
notebook 3,506558 0,000437
notebooks 3,912023 0,000974
notes 0,415515 0,000103
nothing 1,966113 0,000245
notimplemented 3,912023 0,000487
notimplementedtype 3,912023 0,000487
november 0,150823 0,000526
nuitka 3,912023 0,002922
null 1,347074 0,000168
numba 3,912023 0,001948
number 0,051293 0,000096
numbers 0,544727 0,000475
numeric 1,427116 0,000355
numerical 1,021651 0,000254
numpy 3,912023 0,003896
nynorsk 2,302585 0,000287
object 0,544727 0,001289
objective 1,386294 0,000173
objects 0,544727 0,000203
observed 1,469676 0,000183
obtained 1,171183 0,000146
obvious 2,120264 0,000528
ocaml 1,966113 0,000245
occur 0,916291 0,000228
oceanparcels 3,912023 0,000487
oclc 0,891598 0,000111
octave 3,912023 0,000974
october 0,139262 0,000590
off 0,776529 0,000097
offer 0,820981 0,000102
offers 0,755023 0,000470
office 0,916291 0,000114
official 0,733969 0,000366
officially 1,660731 0,000207
often 0,127833 0,000127
ogre 3,912023 0,000487
ola 3,506558 0,000437
old 0,994252 0,000124
older 1,237874 0,000771
oldest 2,120264 0,000264
oldid -0,009950 -0,000001
olesperantoeuskara 0,510826 0,000064
omits 3,506558 0,000437
omitted 1,832581 0,000228
one 0,010050 0,000015
online 0,415515 0,000052
onpython 3,912023 0,000487
ons 3,218876 0,000802
open 0,235722 0,000440
openbugs 3,912023 0,000487
openfoam 3,912023 0,000487
opening 1,966113 0,000245
opensource 2,659260 0,000331
operand 3,218876 0,000802
operating 0,462035 0,000288
operation 0,713350 0,000089
operations 0,301105 0,000337
operator 1,139434 0,003972
operators 1,237874 0,000925
opposite 1,897120 0,000236
optimization 0,693147 0,000345
optimizations 2,407946 0,000300
optimized 1,714798 0,000213
optimizing 1,469676 0,000366
optional 1,386294 0,001208
oracle 1,108663 0,000414
orange 2,525729 0,000629
order 0,094311 0,000035
oreilly 2,995732 0,000373
org -0,009950 -0,000058
organisations 1,897120 0,000236
organization -0,009950 -0,000001
orgmajor 3,506558 0,000437
oriented 0,798508 0,001193
origin 1,108663 0,000138
original 0,030459 0,000618
originally 0,820981 0,000204
osunofficial 3,912023 0,000487
others 0,314711 0,000039
out 0,261365 0,000163
outdated 2,302585 0,000287
outline 0,653926 0,000163
output 0,713350 0,000089
outstanding 2,407946 0,000300
over 0,094311 0,000059
overcome 1,897120 0,000236
overflow 1,771957 0,000662
overloaded 3,218876 0,000401
owen 2,659260 0,000331
oxmetrics 3,912023 0,000487
package 1,078810 0,000672
packages 1,309333 0,000163
packard 2,407946 0,000300
page -0,009950 -0,000001
pagecontentscurrent -0,009950 -0,000001
pageget -0,009950 -0,000001
pages -0,009950 -0,000005
pagesarticles 2,407946 0,000300
paine 3,506558 0,000437
pairs 1,832581 0,000228
panda 3,218876 0,000401
pandas 3,506558 0,000437
paper 0,713350 0,000089
paradigm 1,021651 0,000382
paradigms 1,714798 0,000427
parallelism 2,525729 0,000629
parameter 1,108663 0,000414
parameters 1,021651 0,000127
parentheses 2,302585 0,000287
parrot 2,302585 0,000287
part 0,127833 0,000143
partial 1,237874 0,000154
particular 0,301105 0,000037
particularly 0,597837 0,000149
parts 0,544727 0,000339
party 0,798508 0,000298
pascal 1,386294 0,000518
pass 1,469676 0,000549
passed 1,469676 0,000366
past 1,049822 0,000131
paste 3,218876 0,000401
patched 3,218876 0,000401
patches 1,966113 0,000490
patents 1,714798 0,000213
paths 1,897120 0,000236
pattern 0,891598 0,000111
paul 0,544727 0,000136
paulo 2,995732 0,000373
pdf 0,139262 0,000191
pdfprintable -0,009950 -0,000001
peachpit 3,912023 0,000487
people 0,356675 0,000044
pep 3,912023 0,017534
peps 3,912023 0,007306
pereira 2,995732 0,000373
performance 0,261365 0,000456
perl 1,386294 0,001381
permanent 1,609438 0,000200
permissive 2,659260 0,000331
permits 2,302585 0,000287
personal -0,009950 -0,000001
peter 0,494296 0,000062
peters 2,407946 0,000899
peterson 2,525729 0,000943
phase 1,560648 0,000194
philip 1,469676 0,000183
phillip 2,995732 0,000746
philosophy 0,994252 0,000619
phones 1,832581 0,000228
php -0,009950 -0,000002
phrases 1,832581 0,000228
phrasesarticles 2,407946 0,000300
physics 0,994252 0,000124
piemont 1,427116 0,000178
pierrick 3,912023 0,000487
piotrowski 3,912023 0,000487
pip 3,506558 0,000873
place 0,597837 0,000149
placeholder 2,995732 0,000746
plaidml 3,912023 0,000487
plans 1,171183 0,000146
platform 0,527633 0,000788
platforms 0,776529 0,000677
playful 3,912023 0,000974
please 0,776529 0,000097
plotly 3,912023 0,000487
plus 1,203973 0,000450
point 0,301105 0,000262
policy -0,009950 -0,000004
ponat 2,120264 0,000264
poorly 2,659260 0,000331
popular 0,579818 0,000217
popularity 1,171183 0,000292
portability 1,771957 0,000221
portal 0,597837 0,000223
portalfree 3,218876 0,000401
portalrecent -0,009950 -0,000001
portals 2,120264 0,000264
ported 1,966113 0,000490
positive 1,272966 0,000475
possible 0,287682 0,000179
postconditions 3,912023 0,000487
postponed 3,506558 0,000437
potential 0,653926 0,000081
potentially 0,755023 0,000470
power 0,400478 0,000050
powerful 1,108663 0,000138
pprint 3,912023 0,000487
practical 0,634878 0,000079
practicality 3,506558 0,000437
practice 0,371064 0,000092
practices 1,139434 0,000142
pre 0,941609 0,000117
precedence 3,218876 0,000401
precision 1,469676 0,001647
preconditions 3,912023 0,000487
preferably 2,995732 0,000746
prefixing 3,218876 0,000401
prentice 0,994252 0,000124
presented 1,139434 0,000142
press 0,210721 0,000079
pretty 2,813411 0,000701
previews 3,506558 0,000437
previous 0,843970 0,000105
primary 0,527633 0,000131
principles 0,597837 0,000074
print -0,009950 -0,000007
printed 1,560648 0,000194
printer 3,506558 0,001310
printf 3,218876 0,000401
prints 2,407946 0,000300
priorities 2,407946 0,000300
prioritize 2,120264 0,000264
prism 2,995732 0,000373
privacy -0,009950 -0,000002
probably 1,897120 0,000236
problog 3,912023 0,000487
procedural 2,040221 0,000508
procedure 1,386294 0,000173
proceedings 0,597837 0,000149
process 0,116534 0,000029
processing 0,356675 0,000044
produce 0,916291 0,000228
produced 0,820981 0,000102
produces 1,560648 0,000389
producing 1,347074 0,000168
product 0,579818 0,000072
professional 0,843970 0,000210
profit -0,009950 -0,000001
program 0,328504 0,000368
programmable 1,966113 0,000245
programmed 1,609438 0,000200
programmer 1,386294 0,000345
programmers 1,347074 0,000503
programming 0,446287 0,003667
programs 0,494296 0,000677
project 0,314711 0,000431
projects -0,009950 -0,000006
proliferation 1,832581 0,000228
prolog 1,897120 0,000236
promise 1,427116 0,000178
property 0,776529 0,000097
proposal 1,514128 0,000189
proposals 1,966113 0,005630
proposing 2,659260 0,000331
proprietary 1,171183 0,000729
protected 0,776529 0,000097
protocols 0,967584 0,000120
provide 0,174353 0,000022
provided 0,494296 0,000246
provides 0,261365 0,000163
providing 0,673345 0,000168
przemyslaw 3,912023 0,000487
pseudorandom 2,813411 0,000350
pspp 3,506558 0,000437
psyco 3,912023 0,001948
public 0,248461 0,000062
publishing 0,446287 0,000056
pulsar 3,912023 0,000487
punctuation 2,659260 0,000331
purity 2,995732 0,000373
purpose 0,356675 0,000133
purposely 3,912023 0,000487
put 0,994252 0,000124
puzzles 2,525729 0,000314
pvlib 3,912023 0,000487
pyaiml 3,912023 0,000487
pyc 3,912023 0,000974
pycharm 3,912023 0,001461
pycon 3,506558 0,001746
pydatalog 3,912023 0,000487
pydbc 3,912023 0,000487
pydev 3,912023 0,000487
pydoc 3,506558 0,000437
pydwebsitepython 3,912023 0,000487
pygame 3,912023 0,000974
pygobject 3,912023 0,000487
pygtk 3,912023 0,000974
pyi 3,912023 0,000487
pyinstaller 3,912023 0,000487
pyjl 3,912023 0,000974
pyladies 3,912023 0,000487
pylons 2,995732 0,000746
pymc 3,912023 0,000974
pyobjc 3,912023 0,000487
pypi 3,912023 0,002435
pypy 3,218876 0,009618
pyqt 3,912023 0,000974
pyramid 2,525729 0,000629
pyrex 3,912023 0,000974
pyrobot 3,912023 0,000487
pys 3,912023 0,000487
pyside 3,912023 0,000487
pyston 3,912023 0,000974
python 0,916291 0,060462
pythonanywhere 3,218876 0,000802
pythonbytes 3,912023 0,000487
pythonclass 3,912023 0,000487
pythondialectscython 3,912023 0,000487
pythonic 3,912023 0,000974
pythonistas 3,912023 0,000487
pythonparadigmmulti 3,912023 0,000487
pythonsimplified 3,912023 0,000487
pythran 3,912023 0,000974
pytorch 2,995732 0,001492
pyw 3,912023 0,000487
pyz 3,912023 0,000487
qiskit 3,506558 0,000437
qlattice 3,912023 0,000487
queue 1,771957 0,000221
quietly 3,506558 0,000437
quixote 2,995732 0,000746
quot 1,560648 0,006606
quotation 2,207275 0,000824
quoted 2,040221 0,000254
quoting 2,995732 0,000373
rafael 2,813411 0,000350
raii 3,506558 0,000437
rails 2,525729 0,000629
raise 1,966113 0,001224
raised 1,714798 0,000213
raku 2,040221 0,000254
ramalho 3,506558 0,000437
range 0,446287 0,000333
ranked 2,995732 0,000373
ranks 2,813411 0,000350
rapid 1,237874 0,000154
rapidsms 3,912023 0,000487
rarely 1,514128 0,000189
raspberry 2,525729 0,000314
rather 0,287682 0,000287
rational 1,966113 0,000245
rats 3,912023 0,000487
rauschmayer 3,912023 0,000974
ravenscroft 3,912023 0,000487
raw 1,272966 0,000317
raymond 1,966113 0,000490
raynaud 3,912023 0,000487
rbaycanca 0,248461 0,000031
rdflib 3,912023 0,000487
rdkit 3,912023 0,000487
reached 1,309333 0,000163
read 0,843970 0,000105
readability 2,120264 0,001320
readable 1,469676 0,000366
reading 0,342490 0,000085
readthedocs 3,912023 0,000487
readview 1,309333 0,000326
ready 1,469676 0,000366
real 0,210721 0,000105
realpython 3,912023 0,000974
reasons 0,891598 0,000222
rebound 2,813411 0,000350
rebranding 2,813411 0,000350
receive 1,108663 0,000414
received 1,078810 0,000134
receives 1,469676 0,000183
recognition 1,078810 0,000134
recommendations 1,966113 0,000245
recommended 1,609438 0,000200
record 0,916291 0,000114
recursion 2,813411 0,000350
redefined 3,218876 0,000401
redirects 1,078810 0,000134
reduce 0,673345 0,000084
reed 3,506558 0,000437
reference 0,478036 0,001250
references 0,020203 0,000013
referenceshidden 3,912023 0,000487
referred 0,446287 0,000167
refers 0,755023 0,000094
refine 2,407946 0,000300
reflect 1,386294 0,000173
reflected 1,609438 0,000200
reflection 2,040221 0,000254
reflectivedesigned 3,218876 0,000401
regarding 1,386294 0,000173
regardless 1,272966 0,000158
registered -0,009950 -0,000001
regression 1,832581 0,000228
regular 1,049822 0,000523
reilly 1,078810 0,000806
reject 2,525729 0,000314
relate 1,832581 0,000228
related 0,051293 0,000019
relational 1,714798 0,000213
relations 1,386294 0,000173
relative 1,108663 0,000414
release 0,579818 0,001444
released 0,693147 0,001036
releases 1,347074 0,002013
releasing 2,207275 0,000275
relevant 0,916291 0,000114
remainder 2,995732 0,000373
removes 1,966113 0,000245
removing 1,714798 0,000213
ren 2,525729 0,000314
renegade 3,912023 0,000487
repl 3,218876 0,000401
replace 1,203973 0,000150
replacing 1,609438 0,000200
replit 3,912023 0,000487
report 0,462035 0,000058
repository 1,078810 0,000269
represent 0,733969 0,000183
represented 0,967584 0,000120
representing 1,108663 0,000138
represents 0,891598 0,000444
republicisraelotheridrefyale 3,912023 0,000487
required 0,274437 0,000068
requires 0,430783 0,000054
research 0,261365 0,000065
resembling 2,995732 0,000373
resigned 2,995732 0,000373
resolution 1,560648 0,000389
resource 0,733969 0,000091
respectively 0,967584 0,000241
responses 1,771957 0,000221
responsibilities 2,302585 0,000287
responsibility 1,560648 0,000194
rest 1,108663 0,000138
restricted 1,427116 0,000178
restriction 2,302585 0,000287
result 0,371064 0,000185
resulting 0,798508 0,000199
results 0,446287 0,000167
retention 2,659260 0,000331
retirement 2,813411 0,000350
retrieved -0,009950 -0,000218
return 0,820981 0,000307
returned 1,832581 0,000228
returns 1,560648 0,000972
reversed 2,813411 0,000350
review 0,385662 0,000048
reviewed 1,714798 0,000213
revision 1,347074 0,000335
revolution 1,272966 0,000317
rewritten 1,966113 0,000245
rexcel 3,912023 0,000487
ribeiro 2,813411 0,000350
riccardo 2,995732 0,000373
ricci 3,218876 0,000401
right 0,478036 0,000179
rights 0,891598 0,000111
rigidly 3,506558 0,000437
risc 2,659260 0,000331
ritchie 2,525729 0,000314
river 1,309333 0,000163
robot 1,832581 0,000228
rocks 2,525729 0,000314
role 0,634878 0,000079
rom 0,616186 0,000077
rossum 2,995732 0,010070
rossumdeveloperpython 3,912023 0,000487
rough 2,659260 0,000331
round 1,714798 0,001921
rounding 2,995732 0,001865
roundup 3,218876 0,000401
routines 2,525729 0,000314
routing 1,560648 0,000194
rpyc 3,912023 0,000487
rpython 3,912023 0,000974
rstudio 3,912023 0,000487
rua 3,506558 0,000437
ruby 1,347074 0,001174
rui 2,659260 0,000662
rule 0,941609 0,000352
rules 0,616186 0,000230
run 0,446287 0,000389
runa 0,916291 0,000114
running 0,713350 0,000266
runs 1,171183 0,000146
runtime 1,347074 0,000671
runtimes 2,407946 0,000300
russell 1,897120 0,000236
rust 1,427116 0,000355
saddle 2,120264 0,000264
safety -0,009950 -0,000001
sage 2,659260 0,000331
sagemath 3,912023 0,001461
salome 3,912023 0,000487
san 1,272966 0,000317
saraiva 3,506558 0,000437
sas 1,771957 0,001103
scaling 1,609438 0,000200
schedule 1,832581 0,000684
schedules 2,207275 0,000275
scheme 1,469676 0,000183
schemenauer 3,912023 0,000487
scicoslab 3,912023 0,000487
science 0,287682 0,000215
scientific 0,693147 0,000431
scientificpython 3,912023 0,000487
scientist 1,609438 0,000200
scikit 2,995732 0,001119
scilab 3,912023 0,000487
scipy 3,912023 0,000974
sco 2,813411 0,000350
scotsshqip 2,659260 0,000331
scott 0,891598 0,000111
scratch 1,771957 0,000221
script 1,897120 0,000236
scripting 1,237874 0,000308
search -0,009950 -0,000005
searches 1,560648 0,000194
sebastopol 2,207275 0,000275
secnetix 3,912023 0,000487
second 0,342490 0,000043
section 0,562119 0,000140
security 0,314711 0,000313
see -0,009950 -0,000011
select 1,347074 0,000168
self 0,478036 0,000179
semantic 1,272966 0,000475
semantics 1,171183 0,001604
semi 0,843970 0,000105
semicolons 2,525729 0,000314
separate 0,693147 0,000086
september 0,150823 0,000263
sequence 0,994252 0,000619
sequences 1,514128 0,000377
sequentially 3,506558 0,000437
serdar 3,218876 0,000401
serge 3,218876 0,000401
series 0,328504 0,000245
server 0,653926 0,000244
serving 2,302585 0,000287
session 1,660731 0,000207
set 0,083382 0,000073
setl 3,912023 0,000974
sets 0,776529 0,000097
setup 2,040221 0,000254
several 0,094311 0,000094
shah 2,207275 0,000275
shallow 3,218876 0,000401
sharealike -0,009950 -0,000001
shared 0,755023 0,000188
shazam 3,218876 0,000401
shed 3,218876 0,001202
shell 1,237874 0,000462
shells 2,207275 0,000824
short -0,009950 -0,000001
shortened -0,009950 -0,000001
show 0,867501 0,000108
showed 1,514128 0,000189
side 0,693147 0,000345
sidebar -0,009950 -0,000005
sigmastat 3,912023 0,000487
sign 1,469676 0,000549
significant 0,328504 0,000082
significantly 1,171183 0,000292
signifies 3,218876 0,000401
signifying 3,506558 0,000437
sigplan 2,525729 0,000314
silenced 3,912023 0,000487
silently 3,506558 0,000437
silicon 2,120264 0,000264
simfit 3,912023 0,000487
simi 0,755023 0,000094
similar 0,186330 0,000070
similarly 0,843970 0,000105
simionato 3,506558 0,000437
simon 1,108663 0,000138
simple 0,150823 0,000056
simpleitk 3,912023 0,000487
simpler 1,832581 0,000228
simplified 1,609438 0,000200
simplifies 2,120264 0,000264
simply 0,733969 0,000091
simula 2,040221 0,000254
simulation 1,309333 0,000163
simultaneously 1,309333 0,000163
since 0,139262 0,000243
singa 3,912023 0,000487
single 0,127833 0,000095
sister 1,386294 0,000518
site -0,009950 -0,000001
size 0,462035 0,000058
sizes 1,514128 0,000189
sketch 3,218876 0,000401
skin 2,302585 0,000860
skipped 3,506558 0,000437
skips 3,912023 0,000487
sle 3,506558 0,000437
sleepycat 2,995732 0,000373
slenskaitaliano 0,562119 0,000070
slice 2,813411 0,001051
slices 3,506558 0,000437
slicing 3,912023 0,000974
slightly 1,771957 0,000221
slowness 3,912023 0,000487
small 0,314711 0,000118
smaller 0,994252 0,000124
smalltalk 1,714798 0,000213
smartpls 3,912023 0,000487
smith 1,203973 0,000150
sml 3,218876 0,000401
snek 3,912023 0,004383
snekboard 3,912023 0,000487
sofa 3,912023 0,000487
software 0,127833 0,000971
softwarecross 3,506558 0,000437
softwaredutch 3,912023 0,000487
softwarefree 2,207275 0,000275
softwaregeneral 2,995732 0,000373
softwarepackages 2,995732 0,000373
softwarepublic 3,912023 0,000487
solaris 2,207275 0,000275
sole 2,120264 0,000264
solving 1,609438 0,000200
something 1,347074 0,000671
sometime 3,218876 0,000401
sometimes 0,301105 0,000112
soup 3,506558 0,000437
source 0,186330 0,000510
sources 0,446287 0,000167
sourceview 1,309333 0,000326
spaces 1,771957 0,000221
spacy 3,506558 0,000437
spam 1,897120 0,002362
spamclass 3,912023 0,000487
spameggs 3,912023 0,000487
span 2,302585 0,000287
spanning 2,659260 0,000331
speakeasy 3,912023 0,000487
speaking 1,514128 0,000189
special 0,494296 0,000308
specialized 0,843970 0,000210
specializing 3,218876 0,000401
specific 0,094311 0,000023
specifically 0,843970 0,000210
specification 0,941609 0,000117
specifications 1,237874 0,000154
specified 0,733969 0,000366
specifying 1,897120 0,000236
speed 1,049822 0,001568
speeds 1,897120 0,000236
speedup 3,218876 0,000802
speedups 3,218876 0,000401
spencer 2,659260 0,000331
spent 2,040221 0,000254
sphinx 3,506558 0,000437
spinnaker 3,506558 0,000437
spring 1,660731 0,000207
spss 2,659260 0,000662
spyce 3,506558 0,000437
spyder 3,912023 0,001461
sqaraqalpaqsha 1,386294 0,000173
sql 1,171183 0,000146
sqlalchemy 3,506558 0,000437
sqlobject 3,912023 0,000487
srpskisrpskohrvatski 0,510826 0,000064
stability 1,609438 0,000200
stable 0,867501 0,000324
stack 0,867501 0,000756
stackless 3,912023 0,002922
stan 2,813411 0,000350
standard 0,198451 0,000445
standards 0,462035 0,000058
starch 2,659260 0,000331
starlark 3,912023 0,000974
start 0,843970 0,000315
starting 0,755023 0,000282
stata 3,912023 0,000487
state 0,235722 0,000088
statement -0,009950 -0,000037
statements 0,314711 0,000588
statementsarticles 0,544727 0,000136
statesfrancebnf 0,510826 0,000064
static 1,272966 0,000792
statically 2,407946 0,000600
statistica 2,659260 0,000331
statistical 0,776529 0,000097
statistics -0,009950 -0,000005
statsdirect 3,912023 0,000487
statsmodels 3,912023 0,000487
status 0,693147 0,000086
statview 3,912023 0,000487
statxact 3,912023 0,000487
steering 2,207275 0,000824
stefan 1,560648 0,000194
stemmed 3,218876 0,000401
step 0,967584 0,000241
stepping 3,506558 0,000437
stochastic 1,347074 0,000168
stop 1,203973 0,000450
storm 2,407946 0,000300
str 2,813411 0,000701
strategies 1,078810 0,000134
strategy 0,891598 0,000111
strengths 2,813411 0,000350
stride 3,912023 0,000487
string 1,171183 0,002625
strings 1,514128 0,001131
strive 2,659260 0,000331
strong 0,776529 0,000097
strongly 1,560648 0,000583
structure 0,314711 0,000078
structured 0,653926 0,000244
structures 0,673345 0,000084
stuart 1,832581 0,000228
studies 0,673345 0,000084
studio 1,660731 0,000620
stuff 2,813411 0,000350
style 0,994252 0,001362
subsection 0,020203 0,000008
subsequently 1,514128 0,000189
subset 1,237874 0,000925
substack 3,912023 0,000487
subtraction 2,995732 0,000373
successor 2,040221 0,000508
sudaan 3,912023 0,000487
sufficient 1,309333 0,000163
suite 1,386294 0,000173
suites 2,207275 0,000550
sultana 3,506558 0,000437
summarized 2,120264 0,000264
summary 1,469676 0,000183
summer 1,660731 0,000207
summerfield 3,506558 0,000437
sunsetting 3,912023 0,000487
suomisvenskatagalog 1,171183 0,000146
superset 2,995732 0,001119
supplemented 3,218876 0,000401
support 0,198451 0,000618
supported 0,634878 0,000711
supporting 0,843970 0,000105
supports 0,867501 0,000972
survey 0,579818 0,000072
swallow 3,912023 0,001461
swift 1,386294 0,000690
switch 1,514128 0,000189
symbian 2,207275 0,000275
symbol 1,469676 0,000183
symbols 1,560648 0,000194
sympy 3,912023 0,000487
syntactic 2,040221 0,000254
syntactically 2,813411 0,000350
syntax 1,171183 0,002916
systat 3,912023 0,000487
system 0,030459 0,000015
systems 0,061875 0,000054
table -0,009950 -0,000002
tail 2,659260 0,000993
take 0,527633 0,000066
target 0,673345 0,000084
tasks 0,798508 0,000298
tatar 1,272966 0,000158
taught 2,995732 0,000373
team 0,776529 0,000387
techcrunch 1,660731 0,000207
technique 0,994252 0,000124
technology 0,186330 0,000116
techrepublic 2,302585 0,000287
television 1,609438 0,000200
ten 1,469676 0,000366
tensorflow 2,407946 0,000600
term 0,223144 0,000083
termed 2,120264 0,000264
terms -0,009950 -0,000007
test 0,673345 0,000335
testing 0,616186 0,000230
tests 1,309333 0,000489
text -0,009950 -0,000005
theano 3,218876 0,000802
theory 0,400478 0,000100
thereby 1,309333 0,000326
theregister 2,995732 0,000373
therenegadecoder 3,912023 0,000487
things 0,843970 0,000105
think 1,309333 0,000326
third 0,356675 0,000222
thomas 0,527633 0,000066
thonny 3,912023 0,000487
though 0,544727 0,000271
thousands 1,469676 0,000183
three 0,287682 0,000179
throughput 2,120264 0,000264
thus 0,328504 0,000123
tie 2,813411 0,000350
tier 1,832581 0,000684
tim 0,867501 0,000324
time 0,010050 0,000020
timeline 0,776529 0,000290
times 0,314711 0,000118
tinacymraegdanskdeutscheesti 2,302585 0,000287
tiobe 3,218876 0,002805
tireless 2,995732 0,000373
title -0,009950 -0,000002
titled 1,966113 0,000245
tivoization 2,995732 0,000373
tkinter 3,912023 0,000487
today 0,693147 0,000086
together 0,579818 0,000072
toggle -0,009950 -0,000006
toki 2,120264 0,000264
tomopy 3,912023 0,000487
took 1,237874 0,000154
tool 0,653926 0,000163
toolbox 2,407946 0,000300
tools -0,009950 -0,000012
toolsweb 3,912023 0,000487
top -0,009950 -0,000005
topic -0,009950 -0,000001
topics 0,653926 0,000163
tornado 2,659260 0,000662
toward 1,108663 0,000138
towards 1,203973 0,000150
tpu 3,218876 0,000401
tracker 3,218876 0,000401
trademark -0,009950 -0,000001
tradition 2,659260 0,000331
traditional 0,544727 0,000136
transcrypt 3,912023 0,001948
transformers 2,525729 0,000314
transforms 2,302585 0,000287
translated 1,609438 0,000200
translates 2,525729 0,000314
transpile 3,506558 0,000437
transpiler 3,506558 0,000873
transpilers 3,218876 0,001202
transpiles 3,506558 0,000873
transpiling 3,912023 0,000487
tribute 3,912023 0,000487
triple 2,525729 0,000314
true 0,776529 0,000677
truefalse 3,912023 0,000487
truly 1,897120 0,000236
trusted 1,560648 0,000194
try 1,427116 0,000533
tschpolskiportugu 1,832581 0,000228
tsp 2,995732 0,000373
tuple 2,525729 0,001887
tuples 2,302585 0,001433
turbogears 2,995732 0,000746
tutorial 1,771957 0,000662
tutorials 1,966113 0,000245
twalon 3,506558 0,000437
twisted 3,506558 0,000437
twistedweb 3,912023 0,000487
two 0,083382 0,000062
type 0,150823 0,000469
typed 1,609438 0,001403
types 0,198451 0,000469
typical 1,139434 0,000284
typically 0,223144 0,000111
typing 1,560648 0,002332
ugi 2,813411 0,000350
ulietuvi 1,049822 0,000131
unambiguous 2,813411 0,000350
unary 3,506558 0,000437
uncluttered 3,912023 0,000487
under -0,009950 -0,000005
underlying 0,755023 0,000094
understanding 0,562119 0,000070
unicode 1,832581 0,000456
unidirectionally 3,912023 0,000487
unifying 2,995732 0,000373
unistat 3,912023 0,000974
unit 0,798508 0,000298
university 0,186330 0,000046
unix 1,469676 0,000915
unladen 3,912023 0,001461
unless 1,237874 0,000154
unlicense 2,995732 0,000373
unlike 0,798508 0,000298
unlimited 2,302585 0,000287
unnecessary 2,302585 0,000287
unofficial 2,040221 0,000762
unordered 2,813411 0,001051
unpacking 2,995732 0,000373
unrestricted 2,995732 0,000373
unscrambler 3,912023 0,000487
unsourced 0,446287 0,000111
unsupported 2,302585 0,001433
until 0,510826 0,000191
untyped 3,218876 0,000401
unverified 3,912023 0,000487
update 0,527633 0,000263
updated 0,867501 0,000108
updates 1,203973 0,000450
upper 1,660731 0,000207
upstream 2,659260 0,000331
urldownload -0,009950 -0,000001
usa 1,427116 0,000355
usable 2,407946 0,000899
usage 0,597837 0,000298
use -0,009950 -0,000031
used -0,009950 -0,000032
useful 0,634878 0,000079
user 0,328504 0,000041
users 0,478036 0,000179
uses 0,094311 0,000164
using -0,009950 -0,000021
usually 0,223144 0,000028
utc -0,009950 -0,000001
utilizing 2,040221 0,000254
uyghurcheti 2,302585 0,000287
vacation 3,912023 0,000487
vakavitinederlands 2,659260 0,000331
valid 1,272966 0,000158
validity 1,771957 0,000221
value 0,301105 0,000375
valueerror 3,912023 0,000487
values 0,597837 0,000372
van 0,891598 0,002997
variable 0,843970 0,001156
variables 0,891598 0,000444
variant 1,560648 0,000389
variants 1,427116 0,000355
varieties 2,659260 0,000331
various 0,223144 0,000056
venners 2,995732 0,000373
verification 0,733969 0,000274
verificationarticles 2,407946 0,000300
verilog 3,912023 0,000487
version -0,009950 -0,000021
versions 0,579818 0,001083
versus 1,347074 0,000168
veusz 3,912023 0,000487
vhdl 3,912023 0,000487
via 0,186330 0,000139
video 0,616186 0,000077
view -0,009950 -0,000001
vim 2,407946 0,000300
violating 2,407946 0,000300
viral 3,218876 0,000401
virtual 0,527633 0,000066
vision 0,891598 0,000111
vissim 3,912023 0,000487
visual 0,843970 0,000525
visually 2,525729 0,000314
visualstudio 3,912023 0,000487
viya 3,912023 0,000974
vms 2,813411 0,000350
vmspython 3,912023 0,000974
von 1,469676 0,000183
vosa 2,659260 0,000331
vpu 3,506558 0,000437
vpython 3,912023 0,000487
vte 0,967584 0,000120
vtedifferentiable 3,506558 0,000437
vtefree 2,995732 0,000373
vtenumerical 3,912023 0,000487
vteprogramming 2,040221 0,000254
vtepython 3,912023 0,000487
vtepythonimplementations 3,912023 0,000487
vtestatistical 3,912023 0,000487
vulnerabilities 1,469676 0,000183
walrus 3,912023 0,001461
want 1,272966 0,000317
warsaw 3,912023 0,000974
washington 1,049822 0,000131
wasi 2,995732 0,000373
way 0,198451 0,000124
ways 0,446287 0,000222
weasel 2,407946 0,000600
web 0,342490 0,000426
webassembly 1,660731 0,000207
website 0,634878 0,000237
weir 3,218876 0,000401
weka 2,995732 0,000373
well 0,051293 0,000038
wesley 1,078810 0,000269
western 1,108663 0,000138
what -0,009950 -0,000010
whether 0,400478 0,000050
whetting 3,912023 0,000487
which 0,000000 0,000000
while 0,051293 0,000077
whitespace 2,207275 0,000275
who 0,301105 0,000075
whole 0,916291 0,000114
whom 2,120264 0,000264
whose 0,776529 0,000193
widely 0,342490 0,000043
widespread 0,994252 0,000124
widget 2,813411 0,000350
wiki 1,427116 0,000711
wikibook 3,218876 0,000401
wikibooks 1,427116 0,000178
wikibooksresources 1,660731 0,000207
wikidata 0,562119 0,000140
wikidataarticles 1,171183 0,000146
wikidatawikipedia 0,967584 0,000120
wikimedia -0,009950 -0,000002
wikipedia -0,009950 -0,000012
wikipediacontact -0,009950 -0,000001
wikiquotetextbooks 2,525729 0,000314
wikiversitydata 2,302585 0,000287
winaray 2,407946 0,000300
winbugs 3,912023 0,000487
windows 1,021651 0,001018
wing 2,813411 0,000350
wireless 1,078810 0,000134
wis 3,912023 0,000487
wiskunde 3,912023 0,000487
within 0,116534 0,000015
without 0,094311 0,000012
wku 3,912023 0,000487
won 1,469676 0,000183
word 0,693147 0,000086
worded 2,407946 0,000600
work 0,127833 0,000032
working 0,478036 0,000238
workload 2,207275 0,000275
works 0,693147 0,000173
world 0,139262 0,000052
worse 2,040221 0,000762
wps 3,912023 0,000487
writable 3,912023 0,000974
write 0,941609 0,000117
written 0,287682 0,000573
wrote 1,078810 0,000134
wsgi 2,813411 0,001051
wsgiref 3,912023 0,000487
wtfpl 2,995732 0,000373
www 0,356675 0,000133
wxpython 3,912023 0,000487
xavier 3,506558 0,000437
xdmf 3,912023 0,000487
xlfit 3,912023 0,000487
xlispstat 3,912023 0,000487
xplore 3,506558 0,000437
year 0,579818 0,000072
years 0,274437 0,000171
yegulalp 3,218876 0,000401
yet 0,891598 0,000333
yield 1,660731 0,000207
yields 2,120264 0,000264
york 0,371064 0,000046
zadka 3,912023 0,001461
zbekcha 0,462035 0,000058
zen 2,207275 0,001374
zero 0,733969 0,000274
zip 2,302585 0,000287
zlib 2,813411 0,000350
zope 2,995732 0,000746
