abaco 2,659260 0,000444
abc 2,207275 0,000369
abdelberi 3,912023 0,000654
abil 0,562119 0,000094
abstract 0,713350 0,000119
ac 1,560648 0,000261
access 0,127833 0,000107
account -0,009950 -0,000003
achiev 0,510826 0,000085
acquir 1,203973 0,000402
acrobat 3,912023 0,001307
act 0,713350 0,000119
action -0,009950 -0,000007
actionscript 2,813411 0,001880
activ 0,356675 0,000179
activeblink 2,659260 0,000444
activex 2,659260 0,001333
ad 0,198451 0,000166
ada 1,609438 0,000269
add -0,009950 -0,000008
addison 1,203973 0,000402
addit -0,009950 -0,000010
addition 0,967584 0,000162
adob 2,659260 0,002222
adopt 0,415515 0,000139
adsaf 3,912023 0,001307
advanc 0,235722 0,000039
advent 2,207275 0,000369
adversari 2,040221 0,000341
advertis 1,347074 0,000450
advisori 2,302585 0,000385
affect 0,693147 0,000116
affili 2,659260 0,000444
again 1,078810 0,000180
against 0,462035 0,000154
ago 0,967584 0,000647
agre -0,009950 -0,000003
agreement 1,078810 0,000180
aid 0,843970 0,000282
aisgalego 1,309333 0,000219
ajax 1,832581 0,001225
alert 1,897120 0,000317
alexa 2,525729 0,000422
algol 1,897120 0,000317
alix 3,912023 0,000654
allow 0,061875 0,000093
allsettl 3,912023 0,000654
alon 1,272966 0,000425
along 0,462035 0,000154
alongsid 1,660731 0,000555
alphabet 1,469676 0,000246
alreadi 0,776529 0,000130
although 0,287682 0,000192
alwai 0,597837 0,000400
amaya 2,659260 0,000444
ambiti 2,407946 0,000402
among 0,356675 0,000060
amp -0,009950 -0,000008
analys 1,309333 0,000219
analysi 0,186330 0,000062
analyt 0,798508 0,000133
anc 3,912023 0,001307
ancestor 2,659260 0,000444
andersen 3,506558 0,000586
andrew 0,820981 0,000137
angu 2,995732 0,000501
angular 2,207275 0,000738
angularj 2,525729 0,000422
ani 0,083382 0,000153
anim 1,021651 0,000171
annoi 3,506558 0,000586
announc 0,733969 0,000245
annual 0,776529 0,000130
anonym 1,560648 0,001304
anoth 0,127833 0,000150
answer 1,171183 0,000196
anta 3,912023 0,000654
aol 2,120264 0,000354
api 0,798508 0,000801
apl 2,040221 0,000341
app 1,021651 0,000341
appear -0,009950 -0,000008
appjet 3,218876 0,000538
appl 1,203973 0,000201
appli -0,009950 -0,000003
applic 0,030459 0,000066
approach 0,174353 0,000058
apress 1,966113 0,000657
april 0,072571 0,000182
ar 1,049822 0,000351
arachn 2,659260 0,000444
aragon 1,171183 0,000196
arbitrari 1,049822 0,000351
arc 2,040221 0,000341
archiv 0,040822 0,000600
arena 1,966113 0,000329
arg 2,407946 0,000402
argument 1,171183 0,000783
arkt 3,218876 0,001076
arora 2,207275 0,000369
around 0,356675 0,000060
arrai 0,994252 0,002326
arrow 1,966113 0,000986
arshad 3,912023 0,000654
articl 0,000000 0,000000
articleabout -0,009950 -0,000002
articlesarticl 3,912023 0,000654
articletalk -0,009950 -0,000002
arxiv 1,078810 0,000361
ashkena 3,912023 0,000654
ask 0,867501 0,000290
aslr 3,912023 0,001961
asm 2,659260 0,001777
asp 2,040221 0,000341
assault 3,218876 0,000538
assembl 0,867501 0,000145
assemblyscript 2,995732 0,001502
assign 0,798508 0,000667
associ 0,127833 0,000128
assum 0,891598 0,000149
asturianuaz 1,427116 0,000238
async 2,813411 0,001880
asynchron 2,040221 0,001364
atla 2,525729 0,000422
atom 1,309333 0,000219
atscript 3,506558 0,000586
attack 0,867501 0,003044
attempt 0,478036 0,000160
attribut -0,009950 -0,000002
audio 0,891598 0,000298
auerbach 3,218876 0,000538
augment 1,237874 0,000414
august 0,162519 0,000760
authent 1,347074 0,000900
author 0,040822 0,000055
automat 0,462035 0,000386
avail -0,009950 -0,000005
avast 2,525729 0,000422
avoid 0,579818 0,000097
await 2,525729 0,001688
awk 3,218876 0,001076
azer 3,912023 0,000654
babel 3,218876 0,000538
back 0,462035 0,000077
backbon 2,407946 0,001207
background 1,237874 0,000207
bad 1,347074 0,000900
bahasa 0,186330 0,000031
baker 2,302585 0,000385
bank 0,941609 0,000472
bar 1,386294 0,000232
base 0,010050 0,000050
basedproprietari 2,659260 0,000444
basi 0,820981 0,000137
basic 0,198451 0,000066
basilisk 2,207275 0,000369
bbc 1,514128 0,000253
beaker 2,659260 0,000444
becam 0,579818 0,000291
becaus 0,127833 0,000171
becom 0,274437 0,000046
began 0,634878 0,000106
begin 0,385662 0,000064
begun 1,966113 0,000329
behavior 0,342490 0,000458
behind 0,867501 0,000145
belong 1,347074 0,000225
benchmark 1,427116 0,000715
benchmarkj 3,912023 0,000654
beonex 2,525729 0,000422
bernhardt 3,912023 0,000654
best 0,462035 0,000309
beta 1,386294 0,000463
beyond 0,713350 0,000119
bibl 3,218876 0,000538
big 0,673345 0,000225
bigint 3,218876 0,001613
binari 0,916291 0,000459
bind 1,469676 0,000737
bitflip 3,912023 0,000654
blazer 2,659260 0,000444
blind 2,120264 0,000354
blink 3,506558 0,000586
block 0,597837 0,000799
blog 0,713350 0,000477
blogspot 2,995732 0,000501
bob 1,832581 0,001225
bodi 0,867501 0,000145
bokm 0,127833 0,000021
bolt 2,207275 0,000369
bookmark 2,407946 0,000402
boolean 1,560648 0,000261
boom 2,120264 0,000354
bootstrap 2,040221 0,001023
bottom 2,040221 0,000341
bound 1,171183 0,000783
bower 2,813411 0,000470
box 0,843970 0,000141
bracket 1,897120 0,000951
branscomb 3,912023 0,000654
brave 2,407946 0,000805
breach 1,714798 0,000287
break 0,733969 0,000245
brendan 2,407946 0,005633
brezhoneg 3,506558 0,000586
britannica 1,897120 0,000317
broader 1,309333 0,000219
broke 2,995732 0,000501
brown 1,237874 0,000207
brows 1,966113 0,000329
browser 1,021651 0,007682
browsersfeatur 2,659260 0,000444
buffer 1,609438 0,002420
bug 1,171183 0,000978
bui 1,237874 0,000207
build 0,274437 0,000046
built 0,462035 0,000463
bun 2,995732 0,002503
bundler 3,506558 0,000586
bust 3,218876 0,000538
bybrendan 3,912023 0,000654
byjava 3,912023 0,000654
bypass 2,207275 0,000369
bytecod 1,966113 0,000657
cach 1,386294 0,000232
caja 3,218876 0,001076
cake 2,659260 0,000444
california 1,021651 0,000171
call 0,030459 0,000092
callback 2,659260 0,000444
came 1,078810 0,000180
camino 2,525729 0,000422
caml 2,040221 0,000341
cannot 0,314711 0,000210
capabl 0,562119 0,000282
cappuccino 3,218876 0,000538
carakan 3,218876 0,000538
carri 0,967584 0,000162
case 0,083382 0,000014
cast 1,832581 0,004287
catal 0,094311 0,000016
categor 1,171183 0,000196
categori -0,009950 -0,000007
caus 0,430783 0,000288
ceas 2,659260 0,000444
ceo 1,714798 0,000287
cert 3,218876 0,000538
certain 0,274437 0,000046
chaaban 3,912023 0,000654
chain 0,843970 0,000564
chakra 2,813411 0,000940
chakracor 2,995732 0,000501
challeng 0,400478 0,000067
champeon 3,912023 0,000654
chang 0,051293 0,000026
changesupload -0,009950 -0,000003
chapter 0,891598 0,000298
charact 0,843970 0,000141
check 0,634878 0,000212
chitumbukadanskdeutscheesti 3,912023 0,000654
choic 0,755023 0,000126
chou 2,659260 0,000444
christo 3,218876 0,000538
chrome 1,966113 0,001971
chromium 2,120264 0,000354
cid 0,356675 0,000060
circul 1,966113 0,000329
citat 0,248461 0,000042
cite 0,597837 0,000100
citi 1,272966 0,000213
citrio 2,659260 0,000444
cj 3,912023 0,000654
claburn 2,525729 0,000422
class 0,446287 0,000969
classic 0,544727 0,000182
classilla 2,525729 0,000422
click 1,714798 0,000860
client 0,713350 0,002145
clinick 3,912023 0,000654
clojurescript 3,506558 0,000586
closur 1,771957 0,001776
cloud 0,733969 0,000123
clouddev 3,912023 0,000654
cnet 1,609438 0,000269
coast 2,302585 0,000385
cobol 1,966113 0,000329
cocktailj 3,912023 0,001307
code -0,009950 -0,000062
codemirror 3,506558 0,000586
codeparadigmsmulti 3,912023 0,000654
coder 2,407946 0,000402
coffeescript 2,525729 0,001688
coin 0,941609 0,000315
collabor 0,941609 0,000315
collect 0,274437 0,000092
collectedscopelexicalfilenam 3,912023 0,000654
collin 2,525729 0,000422
com 0,150823 0,000605
combin 0,261365 0,000175
comet 2,407946 0,000402
comma 2,659260 0,000444
command 0,891598 0,000149
comment 1,049822 0,000175
committe 1,309333 0,000219
common -0,009950 -0,000008
commonj 2,813411 0,001410
commonsmediawikiwikibookswikifunctionswikiversitywikidata 3,912023 0,000654
commonstextbook 2,659260 0,000444
commun 0,139262 0,000163
comodo 2,525729 0,000422
comparison 0,371064 0,000434
competit 1,203973 0,000201
compil 0,755023 0,000757
complement 1,966113 0,000329
complet 0,223144 0,000112
complex 0,186330 0,000031
compon 0,261365 0,000044
composit 1,386294 0,000695
comprehens 0,867501 0,000290
comput 0,020203 0,000020
computec 3,912023 0,000654
concaten 2,407946 0,000805
conceal 2,659260 0,000444
concept 0,198451 0,000066
concern 0,597837 0,000100
concert 2,995732 0,000501
concis 1,966113 0,000329
conclud 1,966113 0,000329
concurr 0,994252 0,000332
conduct -0,009950 -0,000002
confer 0,274437 0,000046
confin 2,525729 0,000422
conform 1,272966 0,000851
confus 0,693147 0,000232
conjunct 1,714798 0,000287
conkeror 2,659260 0,000444
consid 0,274437 0,000367
consol 1,897120 0,000634
const 2,407946 0,003219
constant 1,660731 0,000832
constrain 1,897120 0,000317
constructor 2,659260 0,005332
contact -0,009950 -0,000003
contain 0,162519 0,000054
content -0,009950 -0,000012
context 0,446287 0,000075
continu 0,174353 0,000087
contribut -0,009950 -0,000003
control 0,020203 0,000017
conveni 1,609438 0,000269
convent 0,891598 0,000298
convers 0,776529 0,000259
convert 1,049822 0,000526
cooki -0,009950 -0,000008
cooper 1,021651 0,000171
cordova 3,218876 0,000538
core 0,579818 0,000194
corp 1,832581 0,000306
corpor 0,562119 0,000657
correct 0,820981 0,000137
counterpart 2,120264 0,000354
cover 0,733969 0,000245
craft 2,407946 0,000402
creat -0,009950 -0,000042
creation 0,653926 0,000656
creativ -0,009950 -0,000002
creator 1,469676 0,000246
credenti 2,120264 0,000354
critic 0,385662 0,000129
crockford 2,659260 0,001777
croll 3,912023 0,000654
cross 0,562119 0,001033
crypto 1,897120 0,000317
csrf 3,506558 0,002344
css 1,897120 0,001268
culmin 2,525729 0,000422
curli 2,525729 0,000422
current 0,210721 0,000106
dahl 3,218876 0,001613
dai 0,562119 0,000094
dan 0,916291 0,000153
daniel 0,776529 0,000130
danni 2,813411 0,000470
dart 2,525729 0,000844
data 0,030459 0,000056
databas 0,072571 0,000036
dataczech 1,171183 0,000196
date 0,210721 0,000176
david 0,385662 0,000322
deal 0,843970 0,000282
debugg 2,302585 0,000769
debut 2,525729 0,000844
decemb 0,061875 0,000196
decid 0,867501 0,000290
declar 1,108663 0,001297
dedic 1,272966 0,000213
deepfish 2,659260 0,000444
deepnet 2,659260 0,000444
default 0,693147 0,000232
defin 0,116534 0,000117
definit 0,186330 0,000187
deleg 1,966113 0,002628
delet 1,139434 0,000762
deliv 1,078810 0,000180
demonstr 0,994252 0,000166
demot 3,912023 0,000654
deno 2,813411 0,001410
depend 0,105361 0,000106
deploy 1,049822 0,000175
deprec 1,660731 0,000277
deriv 0,494296 0,000083
describ 0,174353 0,000146
descript -0,009950 -0,000002
descriptionshort 0,000000 0,000000
design 0,040822 0,000027
desir 0,941609 0,000157
destroi 2,040221 0,000341
determin 0,342490 0,000114
dev 1,514128 0,000253
develop -0,009950 -0,000057
devic 0,634878 0,000318
devis 2,525729 0,000422
devtool 2,995732 0,000501
dhtml 2,302585 0,000385
dia 2,407946 0,000402
differ 0,010050 0,000013
difficult 0,597837 0,000100
dillo 2,659260 0,000444
directli 0,415515 0,000278
disabl 1,609438 0,000269
disciplinedynam 3,506558 0,000586
disclaim -0,009950 -0,000002
disclos 2,407946 0,000402
discontinuedblink 2,659260 0,000444
dispar 2,813411 0,000470
distinct 0,544727 0,000364
dmy 0,994252 0,000166
doc 1,139434 0,000762
document 0,328504 0,000384
doi 0,162519 0,000027
dojo 2,995732 0,001001
dolphin 2,659260 0,000444
dom 1,560648 0,001565
domin 1,021651 0,000512
don 0,916291 0,000153
donat -0,009950 -0,000003
done 0,653926 0,000219
doobl 2,659260 0,000444
dot 1,609438 0,000538
doubl 0,843970 0,000282
dougla 1,237874 0,000827
download -0,009950 -0,000002
draft 1,427116 0,000477
dram 3,218876 0,000538
drive 0,867501 0,000435
driven 0,867501 0,000290
duck 2,659260 0,000444
duckduckgo 2,525729 0,000422
duckmemori 3,912023 0,000654
dvd 2,659260 0,000444
dynam 0,342490 0,000572
earli 0,301105 0,000151
easili 0,843970 0,000141
ebasa 2,995732 0,000501
echo 1,897120 0,000317
ecma 2,525729 0,003798
ecmascript 2,302585 0,013081
econom 0,653926 0,000109
ecosia 2,659260 0,000444
ecosystem 1,108663 0,000185
edg 0,820981 0,000412
edit -0,009950 -0,000012
editcommun -0,009950 -0,000002
editor 1,347074 0,000450
effect 0,274437 0,000138
effort 0,653926 0,000109
eich 2,659260 0,008442
eight 2,120264 0,000354
either 0,248461 0,000083
electron 0,430783 0,000072
element 0,301105 0,000050
elink 2,659260 0,000444
elixir 1,771957 0,000296
elm 3,218876 0,000538
eloqu 3,912023 0,001307
emait 1,560648 0,000261
emb 2,302585 0,001154
embed 0,755023 0,000757
ember 2,525729 0,000422
emerg 0,527633 0,000088
empti 1,386294 0,002548
emscripten 3,506558 0,000586
emul 1,832581 0,000306
enabl 0,274437 0,000092
encrypt 1,139434 0,000190
encyclop 2,525729 0,000422
encyclopedia -0,009950 -0,000002
end 0,186330 0,000031
engin 0,061875 0,000331
english -0,009950 -0,000003
englishsloven 0,510826 0,000085
enhanc 0,510826 0,000171
ensur 0,713350 0,000119
enterpris 0,446287 0,000149
entir 0,597837 0,000200
entireti 2,995732 0,000501
enumer 2,040221 0,000341
environ 0,385662 0,000129
enzer 3,912023 0,000654
ep 2,659260 0,000444
epic 2,040221 0,000341
equival 0,820981 0,000137
erlang 1,714798 0,000287
error 0,430783 0,000288
esbuild 3,218876 0,000538
escal 2,525729 0,000422
eslint 3,506558 0,001172
espa 0,210721 0,000035
especi 0,415515 0,000139
espruino 3,912023 0,001307
establish 0,634878 0,000212
etc 0,562119 0,000094
eval 2,813411 0,000940
evalu 0,562119 0,000188
even 0,235722 0,000158
event 0,356675 0,000417
eventsrandom -0,009950 -0,000002
eventu 0,798508 0,000534
ever 1,272966 0,000213
evolut 0,820981 0,000137
evolv 1,078810 0,000180
eww 2,659260 0,000444
exampl 0,020203 0,000054
except 0,733969 0,000123
excerpt 1,714798 0,000287
excerptsal 3,218876 0,000538
execut 0,356675 0,000715
expand 0,776529 0,000130
expect 0,494296 0,000165
experiment 0,916291 0,000153
explicit 1,171183 0,000587
explicitli 0,916291 0,000459
exploit 1,078810 0,001262
explor 0,820981 0,002332
export -0,009950 -0,000002
expr 2,995732 0,000501
express 0,544727 0,001274
ext 2,813411 0,000470
extant 3,218876 0,000538
extend 0,385662 0,000129
extens 0,342490 0,000458
extensionpag 3,912023 0,000654
extern 0,030459 0,000010
extract 1,108663 0,000370
facil 0,891598 0,000149
fact 0,579818 0,000097
facto 2,207275 0,000369
fade 3,218876 0,000538
fail 0,693147 0,000347
falkon 2,659260 0,000444
fals 1,237874 0,000414
far 0,867501 0,000145
fast 0,673345 0,000113
faster 0,994252 0,000166
fastifi 2,813411 0,000470
fault 1,237874 0,000207
featur 0,210721 0,000352
februari 0,061875 0,000300
festa 3,912023 0,000654
field 0,314711 0,000210
file 0,446287 0,000373
fileperman -0,009950 -0,000002
filespeci -0,009950 -0,000002
filter 1,108663 0,000185
fin 3,218876 0,000538
final 0,494296 0,000083
find 0,371064 0,000062
firebug 3,506558 0,000586
firefox 1,771957 0,002961
first 0,020203 0,000041
fix 0,385662 0,000064
flanagan 3,218876 0,002151
flash 1,897120 0,000634
flaw 1,469676 0,001228
flock 2,207275 0,000369
floorp 2,525729 0,000422
flourish 3,218876 0,000538
flow 0,430783 0,000072
fluid 1,660731 0,000277
follow 0,072571 0,000036
foo 2,207275 0,000738
forerunn 2,813411 0,000470
foreword 2,659260 0,000444
forgeri 3,218876 0,002151
forget 2,659260 0,000444
fork 1,203973 0,000201
form 0,072571 0,000085
formal 0,510826 0,000171
format 0,634878 0,000424
formerli 1,309333 0,000219
forth 1,560648 0,000261
fortran 1,560648 0,000261
forward 0,941609 0,000315
foss 1,966113 0,000329
found 0,274437 0,000183
foundat -0,009950 -0,000007
frame 1,560648 0,000522
framework 0,287682 0,000625
frameworkscli 3,218876 0,000538
fran 0,223144 0,000037
franca 1,609438 0,000269
francisco 1,609438 0,000538
free -0,009950 -0,000003
frequent 0,916291 0,000153
fresh 2,120264 0,000354
front 1,078810 0,000180
fruition 3,218876 0,000538
full 0,371064 0,000062
fulli 0,616186 0,000309
function 0,030459 0,000366
further 0,139262 0,000093
fusion 1,514128 0,000253
futhark 3,218876 0,000538
futur 0,235722 0,000039
gain 0,616186 0,000309
galeon 2,659260 0,000444
game 0,478036 0,000160
gari 1,714798 0,000287
garrett 2,995732 0,001001
gazel 2,659260 0,000444
gecko 2,407946 0,001207
gener -0,009950 -0,000023
georg 0,843970 0,000141
germonkei 3,218876 0,000538
get 0,430783 0,000216
ghandi 3,912023 0,000654
ghostzilla 2,659260 0,000444
giant 1,660731 0,000277
github 1,078810 0,001082
give 0,446287 0,000149
global 0,446287 0,000149
gnome 2,302585 0,001154
gnu 1,272966 0,000213
goal 0,562119 0,000188
goanna 2,525729 0,000422
goodin 3,912023 0,000654
goodman 2,659260 0,000444
googl 0,579818 0,000969
gosl 2,995732 0,000501
gov 1,469676 0,000246
gpio 3,912023 0,000654
graalj 3,912023 0,001961
graalvm 2,995732 0,001001
grant 1,139434 0,000381
graphic 0,733969 0,000368
greater 0,755023 0,000126
greatli 1,427116 0,000238
greenbrows 2,659260 0,000444
grow 0,653926 0,000219
growth 0,733969 0,000245
gruss 3,912023 0,000654
guid 0,287682 0,000240
guidelin 1,237874 0,000207
hack 1,203973 0,000201
hak 1,897120 0,000317
han 1,897120 0,000317
handl 0,415515 0,000069
handler 2,207275 0,000369
happen 1,021651 0,000171
hard 1,049822 0,000175
hardwar 0,579818 0,000291
harri 2,120264 0,000354
haskel 1,514128 0,000253
haudio 2,995732 0,000501
hausa 1,609438 0,000269
haverbek 3,912023 0,001307
hax 2,813411 0,001410
header 1,714798 0,000287
heavi 1,609438 0,000538
help 0,174353 0,000087
helplearn -0,009950 -0,000002
henc 1,347074 0,000450
hererel -0,009950 -0,000002
herman 2,659260 0,000889
hidden 0,843970 0,000282
hide -0,009950 -0,000007
high 0,223144 0,000075
highlight 1,309333 0,000219
hijack 2,040221 0,000341
hire 1,966113 0,000329
histor 0,579818 0,000097
histori -0,009950 -0,000012
home 0,616186 0,000206
hors 2,120264 0,001063
host 0,755023 0,000126
hotjava 2,659260 0,000444
hour 1,386294 0,000232
howev 0,094311 0,000126
hrvatskiidobahasa 1,203973 0,000201
html 1,078810 0,001442
http -0,009950 -0,000007
huawei 1,966113 0,000329
human 0,527633 0,000088
hypertalk 3,912023 0,000654
ibm 0,693147 0,000232
ibrows 2,659260 0,000444
icab 2,659260 0,000444
icecat 2,525729 0,000422
icedragon 2,659260 0,000444
id 0,994252 0,000332
idiot 3,506558 0,000586
idl 2,302585 0,000385
ieblog 3,912023 0,000654
imag 0,494296 0,000165
immedi 0,967584 0,000485
imper 1,560648 0,001043
implement 0,105361 0,000264
implementationsv 3,912023 0,000654
impli 0,994252 0,000166
implic 1,309333 0,000219
implicit 1,514128 0,000506
implicitli 1,966113 0,000986
import 0,162519 0,000109
improv 0,150823 0,000025
inasloven 0,616186 0,000103
inasoomaaliga 2,525729 0,000422
inc -0,009950 -0,000005
includ 0,000000 0,000000
inconsist 2,302585 0,000385
incorrectli 2,302585 0,000385
increas 0,287682 0,000096
increasingli 0,776529 0,000130
inde 1,714798 0,000287
indefinit 1,237874 0,000414
index -0,009950 -0,000005
indexeddb 2,407946 0,000805
individu 0,314711 0,000053
indonesiainterlingua 1,660731 0,000277
induc 2,040221 0,000341
influenc 0,579818 0,000291
influencedactionscript 3,912023 0,000654
inform 0,061875 0,000093
informationcit -0,009950 -0,000002
infoworld 1,609438 0,000269
ingeni 3,912023 0,000654
inherit 1,609438 0,003496
initi 0,235722 0,000236
inner 2,302585 0,000385
innov 0,820981 0,000274
input 0,634878 0,000318
insert 1,560648 0,000261
inspector 3,506558 0,001172
instanc 0,478036 0,000319
instead 0,301105 0,000151
integ 1,139434 0,000190
intel 1,609438 0,000269
intend 0,478036 0,000319
interact 0,356675 0,000179
interfac 0,494296 0,000330
intern 0,040822 0,000055
internationalgndfastnationalunit 1,237874 0,000207
internet 0,462035 0,001698
interoper 1,609438 0,000269
interpret 0,579818 0,000678
introduc 0,210721 0,000211
introduct 0,210721 0,000106
invalid 1,714798 0,000287
inventionscross 3,912023 0,000654
invers 1,897120 0,000317
invoc 2,659260 0,000444
invok 1,714798 0,000573
iri 2,040221 0,000341
isaac 2,120264 0,000354
isbn 0,051293 0,000103
isbnarticl 2,525729 0,000422
iso 1,309333 0,000219
isol 1,427116 0,000238
ispinayuananpolskiportugu 3,912023 0,000654
issu 0,314711 0,000053
item -0,009950 -0,000002
jame 0,634878 0,000318
jan 1,386294 0,000232
januari 0,083382 0,000223
jasmin 3,506558 0,000586
java 0,891598 0,003873
javanes 3,506558 0,000586
javascript 1,021651 0,033458
javascriptamerican 3,912023 0,000654
javascriptcor 3,218876 0,001076
javascriptscreenshot 3,912023 0,000654
jawa 1,560648 0,000261
jaxer 3,218876 0,000538
jdk 3,506558 0,001758
jean 1,514128 0,000253
jen 2,525729 0,000422
jeremi 2,120264 0,000354
jess 2,659260 0,000889
jit 2,207275 0,000738
jj 2,813411 0,000470
john 0,198451 0,000133
join 1,386294 0,000463
jointli 2,407946 0,000402
journal 0,186330 0,000031
jqueri 2,813411 0,002350
jsben 3,912023 0,001961
jsbench 3,912023 0,000654
jsconf 3,218876 0,000538
jscript 2,995732 0,007008
jsdoc 2,995732 0,001001
jsgi 2,407946 0,000805
jshint 2,995732 0,001001
jslint 2,995732 0,001502
json 1,347074 0,001576
jsplatform 2,995732 0,000501
jsss 2,813411 0,000470
juli 0,127833 0,000534
julia 1,514128 0,000253
julien 2,813411 0,000470
jump -0,009950 -0,000002
june 0,094311 0,000378
jvm 2,659260 0,000444
katz 2,302585 0,000385
kazehakas 2,659260 0,000444
keep 0,733969 0,000123
keerthi 3,912023 0,000654
kei 0,314711 0,000105
keith 2,207275 0,000369
kernel 1,171183 0,000196
kevin 1,386294 0,000232
keyword 1,897120 0,003487
kidzui 2,659260 0,000444
kind 0,673345 0,000113
kirda 3,506558 0,000586
kiswahilikurd 1,897120 0,000317
kit 1,714798 0,000287
kj 3,218876 0,000538
known 0,127833 0,000043
komodo 2,813411 0,000470
konqueror 2,659260 0,000444
korolev 3,912023 0,000654
kotlin 1,897120 0,000317
kottelin 3,912023 0,000654
krill 2,207275 0,000369
kylo 2,659260 0,000444
lack 0,544727 0,000091
ladybird 2,659260 0,000444
lag 2,407946 0,000402
languag -0,009950 -0,000090
languagesfunct 3,506558 0,000586
languageshidden 2,525729 0,000422
languageshigh 2,813411 0,000470
languagesobject 2,659260 0,000444
languagesprogram 2,120264 0,000354
languagesscript 3,912023 0,000654
languagesweb 3,912023 0,000654
larri 1,514128 0,000253
last -0,009950 -0,000003
late 0,733969 0,000123
later 0,223144 0,000075
latinalatvi 1,203973 0,000201
lauinger 3,912023 0,000654
launch 0,941609 0,000157
lawton 3,912023 0,000654
lccn 2,407946 0,000402
lead 0,287682 0,000144
least 0,527633 0,000176
leav 1,078810 0,000180
led 0,446287 0,000224
left 0,916291 0,000306
legaci 1,309333 0,000219
legal -0,009950 -0,000005
less 0,430783 0,000072
let 0,916291 0,001531
letter 0,843970 0,000282
level 0,083382 0,000056
leverag 1,237874 0,000414
lexic 2,040221 0,001364
librari 0,356675 0,001847
librewolf 2,525729 0,000422
licens -0,009950 -0,000002
lifehack 3,506558 0,001172
light 1,049822 0,000175
lightspe 3,912023 0,000654
like 0,051293 0,000111
limit 0,186330 0,000125
line 0,261365 0,000131
linear 0,916291 0,000153
lingua 2,040221 0,000341
link -0,009950 -0,000015
linkpag -0,009950 -0,000002
linksc 1,272966 0,000213
linux 0,916291 0,000153
lisp 1,386294 0,000232
list 0,051293 0,000069
listen 1,966113 0,000329
lite 2,302585 0,000385
liter 1,714798 0,002292
live 0,733969 0,000123
livejourn 3,912023 0,000654
livescript 3,506558 0,001172
load 0,891598 0,000745
local 0,314711 0,000210
lodash 2,995732 0,001001
log -0,009950 -0,000008
login 1,966113 0,000329
logo 1,771957 0,000592
look 0,478036 0,000240
loop 1,347074 0,001576
looper 3,912023 0,000654
loren 3,506558 0,000586
lot 1,386294 0,000232
lotu 2,120264 0,000354
lua 1,897120 0,000317
lunascap 2,659260 0,000444
lux 0,371064 0,000062
lynx 2,525729 0,000422
mac 1,237874 0,000207
machin 0,040822 0,000102
macromedia 3,506558 0,001172
made 0,186330 0,000031
magazin 0,755023 0,000378
mahemoff 3,912023 0,000654
main -0,009950 -0,000038
maint 0,798508 0,000267
maintain 0,400478 0,000335
major 0,223144 0,000261
make 0,061875 0,000083
malici 1,660731 0,001110
manag 0,105361 0,000088
managementgarbag 2,813411 0,000470
mangard 3,912023 0,000654
mani 0,061875 0,000114
manipul 0,673345 0,000113
manual 0,994252 0,000332
march 0,116534 0,000409
mari 1,347074 0,000225
marijn 3,506558 0,001172
market 0,446287 0,000373
mass 1,309333 0,000219
master 0,941609 0,000157
match 0,400478 0,000067
math 1,832581 0,000306
matlab 1,660731 0,000277
matur 1,560648 0,000522
mauric 2,525729 0,000422
maxthon 2,659260 0,000444
mayb 2,813411 0,000470
mccracken 3,912023 0,000654
mdn 2,302585 0,001539
mean 0,083382 0,000070
meant 1,514128 0,000253
meanwhil 2,207275 0,000369
mechan 0,356675 0,000060
media 0,139262 0,000116
mediabrows 2,659260 0,000444
median 2,407946 0,000402
mediawiki 3,218876 0,000538
medium 1,171183 0,000196
meen 2,995732 0,000501
melayu 0,820981 0,000137
meleon 2,525729 0,000422
mentin 3,912023 0,000654
mention 1,237874 0,000207
menu -0,009950 -0,000003
mercuri 2,302585 0,000385
mere 1,609438 0,000269
messag 0,400478 0,000468
meteor 2,813411 0,000470
method 0,150823 0,000479
michael 0,385662 0,000064
microb 2,659260 0,000444
microcontrol 2,407946 0,000402
microformatsspoken 2,995732 0,000501
microsoft 0,579818 0,002228
microsystem 1,897120 0,000951
midori 2,407946 0,000805
migrat 1,427116 0,000238
mikhail 3,218876 0,000538
million 0,843970 0,000141
mind 1,347074 0,000225
mini 1,832581 0,000306
minim 0,579818 0,000194
minimo 2,525729 0,000422
minut 1,469676 0,000491
miscellan 2,525729 0,000844
misconcept 2,407946 0,000402
mislead 2,659260 0,000444
mismatchpag 2,525729 0,000422
misplac 3,218876 0,002151
mistak 1,832581 0,000306
mistaken 3,218876 0,000538
mixin 3,218876 0,003227
mj 3,506558 0,000586
mobil -0,009950 -0,000003
mocha 3,506558 0,000586
mochikit 3,218876 0,000538
mode 0,755023 0,000505
model 0,116534 0,000078
modern 0,314711 0,000105
modernizr 3,912023 0,000654
modifi 0,527633 0,000441
modul 0,820981 0,000412
monei 1,171183 0,000391
mongodb 2,525729 0,000422
monmouth 3,912023 0,000654
month 0,776529 0,000259
moon 2,040221 0,000341
mootool 2,995732 0,001001
morfik 3,218876 0,000538
mosaic 2,120264 0,001063
mothbal 3,912023 0,000654
motherboard 2,659260 0,000444
mous 2,207275 0,000369
move -0,009950 -0,000010
mozilla 1,514128 0,004301
mozillazin 2,995732 0,001001
msdn 2,995732 0,000501
mshtml 2,659260 0,000444
msn 2,525729 0,001266
much 0,400478 0,000134
mullvad 2,659260 0,000444
multi 0,342490 0,000114
multipl 0,094311 0,000047
mutabl 2,207275 0,000369
mynumb 3,912023 0,002615
name 0,162519 0,000760
namespac 1,560648 0,000261
nan 2,659260 0,000444
nashorn 2,995732 0,002002
nastier 3,912023 0,000654
nativ 1,078810 0,000541
navig -0,009950 -0,000008
ndss 3,506558 0,000586
necessari 0,616186 0,000206
nederland 0,415515 0,000069
need 0,030459 0,000031
nelaturu 3,912023 0,000654
neoplanet 2,659260 0,000444
nest 1,609438 0,000538
nestj 2,813411 0,000470
net 0,385662 0,000387
netcaptor 2,659260 0,000444
netfront 2,659260 0,000444
netoti 1,771957 0,000296
netposit 2,659260 0,000444
netscap 2,040221 0,006477
netsurf 2,659260 0,000444
network 0,127833 0,000192
never 1,021651 0,000341
new 0,010050 0,000039
newer 1,309333 0,000656
newest 2,995732 0,000501
next 0,400478 0,000335
ngliscafrikaan 3,218876 0,000538
nich 3,218876 0,000538
nichola 1,560648 0,000261
nim 2,813411 0,000470
node 0,867501 0,002464
nodej 3,506558 0,000586
nokia 2,207275 0,000369
non -0,009950 -0,000017
nonprogramm 3,912023 0,000654
nordfriisknorsk 1,714798 0,000287
northeastern 3,912023 0,000654
notabl 0,616186 0,000309
notat 0,941609 0,000472
note 0,150823 0,000101
notic 1,427116 0,000477
novalombardmagyar 2,659260 0,000444
novemb 0,150823 0,000252
npm 2,659260 0,003110
null 1,309333 0,000219
number 0,040822 0,000191
nuxt 2,813411 0,000470
obfusc 2,302585 0,000769
obj 3,218876 0,001076
object 0,174353 0,002097
obsolet 1,609438 0,000269
ocaml 1,966113 0,000329
occur 0,510826 0,000427
oclc 0,891598 0,000149
ocsp 2,659260 0,000444
oct 2,302585 0,000385
octob 0,139262 0,000163
offer 0,248461 0,000083
offic 0,733969 0,000123
offici 0,653926 0,000328
often 0,127833 0,000043
old 0,994252 0,000332
older 1,237874 0,000207
oldest 2,120264 0,000354
oldid -0,009950 -0,000002
olesperantoeuskara 0,510826 0,000085
omit 1,714798 0,000287
omniweb 2,659260 0,000444
onlin 0,415515 0,000069
opa 3,506558 0,001172
open 0,150823 0,000101
openjdk 2,813411 0,000470
openli 3,506558 0,000586
oper 0,010050 0,000022
opera 2,302585 0,001539
operand 3,218876 0,003227
option 0,527633 0,000176
oracl 1,078810 0,003064
order 0,094311 0,000032
ordinari 1,272966 0,000213
oreilli 2,995732 0,000501
org -0,009950 -0,000008
organ -0,009950 -0,000002
orient 0,653926 0,001202
orientedfamilyecmascriptdesign 3,912023 0,000654
origin -0,009950 -0,000133
origyn 2,659260 0,000444
orion 2,302585 0,000769
oslo 3,912023 0,000654
otherwis 1,108663 0,000185
otter 2,659260 0,000444
out 0,261365 0,000131
outdat 2,302585 0,000385
outer 2,302585 0,001154
outlin 0,562119 0,000094
output 0,597837 0,000200
outsid 0,776529 0,000389
over 0,094311 0,000047
overflow 1,771957 0,002961
overhaul 2,659260 0,000444
overhead 1,469676 0,000246
overrid 2,659260 0,000444
overrun 3,506558 0,000586
overview 0,616186 0,000103
overwhelm 2,659260 0,000444
overwrit 2,659260 0,000444
owner 1,171183 0,000196
oxlint 3,506558 0,000586
pack 2,040221 0,000682
packag 0,776529 0,000519
page -0,009950 -0,000035
pagecontentscurr -0,009950 -0,000002
pageget -0,009950 -0,000002
pagesus 1,469676 0,000246
pale 2,525729 0,000422
paper 0,527633 0,000264
paradigm 0,941609 0,000315
paramet 0,755023 0,000631
parenthes 2,207275 0,000369
parenthesi 3,506558 0,000586
part 0,072571 0,000061
parti 0,616186 0,000618
partial 0,916291 0,000306
particip 1,021651 0,000171
particular 0,301105 0,000050
particularli 0,597837 0,000100
pascal 1,347074 0,000450
pass 0,776529 0,000130
password 1,609438 0,000538
past 0,994252 0,000166
patent 1,203973 0,000201
pattern 0,494296 0,000083
paul 0,544727 0,000273
pc 1,514128 0,000253
pdf 0,139262 0,000163
pdfprintabl -0,009950 -0,000002
peopl 0,356675 0,000179
perfectli 2,995732 0,000501
perform 0,040822 0,000048
period 0,713350 0,000358
perl 1,347074 0,000225
person -0,009950 -0,000010
peter 0,446287 0,000075
peterselig 3,912023 0,000654
pharun 3,912023 0,000654
phono 2,525729 0,000422
php -0,009950 -0,000003
phpstorm 3,218876 0,000538
piec 1,309333 0,000219
piemont 1,427116 0,000238
piratebrows 2,659260 0,000444
plai 0,713350 0,000238
platform 0,400478 0,000134
playback 3,506558 0,000586
player 1,469676 0,000246
playground 2,995732 0,000501
ploi 3,912023 0,000654
plu 1,203973 0,000201
plugin 1,897120 0,000951
pnpm 2,995732 0,001001
pogo 2,525729 0,000422
point 0,186330 0,000031
polici -0,009950 -0,000010
polish 2,525729 0,000422
pollut 1,832581 0,000306
polymorph 1,966113 0,000329
ponat 2,120264 0,000354
pong 3,218876 0,000538
pop 1,714798 0,000573
popular 0,400478 0,000401
portal 0,494296 0,000083
portalrec -0,009950 -0,000002
portion 1,560648 0,000261
posit 0,616186 0,000103
possibl 0,186330 0,000093
post 0,478036 0,000080
potenti 0,371064 0,000186
practic 0,186330 0,000218
preced 1,427116 0,000238
predat 2,525729 0,000422
prefer 0,798508 0,000133
prefix 1,966113 0,000657
present 0,287682 0,000048
preserv 1,309333 0,000219
press 0,210721 0,000141
prevent 0,634878 0,000212
preview 1,897120 0,000317
previou 0,843970 0,000141
principl 0,385662 0,000064
print -0,009950 -0,000002
privaci -0,009950 -0,000005
privat 0,634878 0,000318
privileg 2,207275 0,002950
problem 0,186330 0,000031
proce 1,771957 0,000296
procedur 0,867501 0,000145
process 0,051293 0,000094
processor 1,021651 0,000171
produc 0,342490 0,000057
profession 0,673345 0,000113
profil 1,021651 0,000341
profit -0,009950 -0,000002
program 0,116534 0,000681
programm 0,693147 0,000116
programmingprogram 3,912023 0,000654
project -0,009950 -0,000013
prolog 1,897120 0,000317
promin 1,237874 0,000207
promis 1,078810 0,001803
promot 0,891598 0,000149
pronunciationsc 3,912023 0,000654
proof 1,347074 0,000225
properli 1,309333 0,000219
properti 0,314711 0,000684
propos 0,510826 0,000427
protect 0,462035 0,000309
protocol 0,527633 0,000088
protocolsfeatur 2,659260 0,000444
prototyp 1,386294 0,008339
provid 0,061875 0,000134
public 0,127833 0,000043
publish 0,105361 0,000018
puffin 2,659260 0,000444
purdi 3,912023 0,000654
purescript 3,506558 0,000586
purpos 0,248461 0,000125
pursu 1,966113 0,000329
put 0,755023 0,000126
python 0,916291 0,000306
qooxdoo 2,995732 0,000501
qtscript 3,218876 0,001076
qtweb 2,659260 0,000444
quartz 1,966113 0,000329
queri 1,139434 0,000190
question 0,597837 0,000200
queue 1,660731 0,000555
quickli 0,891598 0,000149
quirk 3,218876 0,000538
qunit 3,506558 0,000586
quot 1,049822 0,001754
qutebrows 2,659260 0,000444
race 1,427116 0,000238
raju 2,995732 0,000501
raku 2,040221 0,000341
rang 0,371064 0,000124
rare 1,108663 0,000185
raspberri 2,525729 0,000422
rather 0,287682 0,000096
raw 1,272966 0,000213
rbaycanca 0,248461 0,000042
reach 0,755023 0,000505
react 1,832581 0,000919
read 0,162519 0,000054
readabl 1,309333 0,000219
reader 1,560648 0,000261
readview 1,309333 0,000438
readwrit 3,218876 0,000538
reassign 3,506558 0,002929
rebound 2,659260 0,000444
receiv 0,400478 0,000201
recogn 1,021651 0,000171
record 0,400478 0,000067
redcor 2,659260 0,000444
redirect 0,673345 0,000338
refer -0,009950 -0,000008
referr 3,506558 0,000586
refin 1,386294 0,000232
reflect 0,562119 0,000282
regist -0,009950 -0,000003
regular 0,867501 0,001160
rehorik 3,912023 0,000654
reilli 1,078810 0,000361
relat 0,030459 0,000051
releas 0,415515 0,000972
releaseecmascript 3,912023 0,001307
relev 0,798508 0,000267
reli 0,562119 0,000470
reload 2,995732 0,001001
remain 0,400478 0,000067
remot 0,776529 0,000389
remov 0,301105 0,000201
renaiss 2,813411 0,000470
render 0,994252 0,000332
replac 0,494296 0,000083
report 0,261365 0,000044
repositori 0,994252 0,000166
represent 0,634878 0,000106
republicspainisraelotheridrefelmcipyal 3,506558 0,000586
request 0,776529 0,000908
requir 0,051293 0,000017
rescript 2,995732 0,001001
research 0,223144 0,000075
reserv 1,272966 0,000425
resig 2,813411 0,000940
resiz 2,995732 0,000501
respect 0,544727 0,000091
respons 0,415515 0,000139
restrict 0,755023 0,000126
result 0,139262 0,000116
retriev -0,009950 -0,000143
return 0,510826 0,000341
revers 1,139434 0,000190
revis 1,021651 0,000341
rhino 2,659260 0,000444
right 0,314711 0,000158
rise 0,916291 0,000459
risk 0,579818 0,000194
rkmen 1,966113 0,000329
robert 0,527633 0,000353
robertson 2,525729 0,000422
rockmelt 2,659260 0,000444
role 0,527633 0,000705
rom 0,616186 0,000103
root 0,733969 0,000123
rout 1,108663 0,000185
rowhamm 3,912023 0,002615
rubi 1,347074 0,000225
rule 0,510826 0,000085
run 0,248461 0,000581
runa 0,916291 0,000153
runtim 1,309333 0,002625
rust 1,427116 0,000477
ryan 1,560648 0,000782
sa 1,347074 0,000225
safari 2,040221 0,002045
safe 0,916291 0,000306
safeti -0,009950 -0,000002
said 0,755023 0,000126
sail 2,525729 0,000422
sajjad 3,506558 0,000586
salamweb 2,659260 0,000444
sam 1,347074 0,000450
sampl 1,171183 0,000196
samsung 2,040221 0,000341
san 1,203973 0,000402
sandbox 2,302585 0,003847
sanit 3,506558 0,000586
save 0,994252 0,000166
scalabl 1,203973 0,000201
scan 1,660731 0,000277
scenario 1,139434 0,000190
scene 2,207275 0,000369
schedul 1,021651 0,000171
scheme 1,171183 0,000783
school 0,867501 0,000145
scienc 0,274437 0,000092
scope 0,891598 0,001341
scotsshqip 2,659260 0,000444
scott 0,891598 0,000149
scratch 1,771957 0,000296
script 0,916291 0,005358
scroll 3,218876 0,000538
se 1,386294 0,000463
seamonkei 2,525729 0,000422
search -0,009950 -0,000010
searcharticl 3,218876 0,000538
sebastopol 2,207275 0,000369
second 0,328504 0,000055
secret 1,560648 0,000782
section 0,446287 0,000075
secur 0,274437 0,000780
securityfocu 3,218876 0,000538
securitytrack 3,912023 0,000654
see -0,009950 -0,000010
seeker 3,506558 0,000586
seen 0,776529 0,000130
seibel 3,912023 0,000654
select 0,371064 0,000062
self 0,478036 0,000080
semi 0,843970 0,000141
semicolon 2,207275 0,000738
send 1,108663 0,000370
sensit 1,078810 0,000361
sent 1,171183 0,000587
sep 2,813411 0,000470
septemb 0,150823 0,000302
serial 2,120264 0,000354
serv 0,713350 0,000238
server 0,597837 0,001798
servic 0,210721 0,000176
serviceobject 3,912023 0,001307
set 0,051293 0,000060
sever 0,072571 0,000036
shalt 3,912023 0,000654
share 0,301105 0,000201
sharealik -0,009950 -0,000002
shell 1,049822 0,000351
sheon 3,912023 0,000654
shiira 2,659260 0,000444
ship 1,272966 0,000213
short -0,009950 -0,000002
shortcut 2,525729 0,000422
shorten -0,009950 -0,000003
shrink 2,813411 0,000470
side 0,579818 0,001938
sidebar -0,009950 -0,000007
sidekick 3,506558 0,000586
sign 0,916291 0,000153
signatori 3,506558 0,000586
signific 0,261365 0,000087
signtext 3,912023 0,000654
silk 2,040221 0,000341
simi 0,755023 0,000126
similar 0,150823 0,000151
similarli 0,843970 0,000423
simpl 0,150823 0,000025
simul 1,021651 0,000171
simula 2,040221 0,000341
sinc 0,139262 0,000023
singl 0,127833 0,000043
sister 1,386294 0,000927
site -0,009950 -0,000033
skr 3,912023 0,000654
skweezer 2,659260 0,000444
skyfir 2,659260 0,000444
slash 2,207275 0,000369
slate 3,218876 0,000538
sleipnir 2,659260 0,000444
slenskaitaliano 0,562119 0,000094
slimbrows 2,659260 0,000444
slow 1,237874 0,000207
small 0,314711 0,000053
smalltalk 1,714798 0,000287
snapshot 2,525729 0,000422
snippet 2,995732 0,000501
social 0,510826 0,000085
softwar 0,127833 0,000107
softwaredynam 3,506558 0,000586
sole 1,609438 0,000269
solid 1,171183 0,000196
solut 0,478036 0,000240
son 1,049822 0,000351
soon 1,427116 0,000238
sourc 0,094311 0,000158
sourceview 1,309333 0,000438
spacetim 2,302585 0,000385
spark 1,714798 0,000573
speakingj 3,912023 0,001307
spearhead 3,506558 0,001172
special 0,235722 0,000039
specif 0,051293 0,000086
specifi 0,446287 0,000224
spectr 3,506558 0,001758
specul 1,714798 0,000287
speed 0,941609 0,000157
spidermonkei 2,995732 0,001001
spoken 2,302585 0,000385
sproutcor 2,995732 0,000501
spry 3,218876 0,000538
sputnik 2,407946 0,000805
sqaraqalpaqsha 1,386294 0,000232
sql 1,171183 0,000196
srpskisrpskohrvatski 0,510826 0,000085
srware 2,659260 0,000444
stabl 0,867501 0,000145
stack 0,843970 0,000987
stagnant 3,506558 0,000586
stand 1,078810 0,000361
standalon 2,525729 0,000844
standard 0,094311 0,000425
standardfirst 3,912023 0,000654
standardprototyp 3,912023 0,000654
starch 2,659260 0,001333
starr 3,912023 0,000654
start 0,261365 0,000175
state 0,083382 0,000056
statement -0,009950 -0,000010
statesfrancebnf 0,510826 0,000085
static 1,272966 0,000638
statist -0,009950 -0,000005
statu 0,693147 0,000232
steadi 2,659260 0,000444
steel 1,897120 0,000317
stefan 1,560648 0,000261
steve 1,078810 0,000180
still 0,342490 0,000229
stop 0,967584 0,000162
storag 0,430783 0,000288
store 0,356675 0,000119
strata 2,407946 0,000402
stream 0,733969 0,000123
strict 1,609438 0,000269
string 1,049822 0,004385
structur 0,139262 0,000186
student 1,049822 0,000702
studi 0,314711 0,000053
studio 1,609438 0,001613
style 0,941609 0,000157
subclass 2,525729 0,000422
submit 1,427116 0,000238
subsect 0,020203 0,000020
subsequ 0,916291 0,000153
subset 1,108663 0,000556
substanti 1,237874 0,000207
substitut 1,560648 0,000261
subtract 2,525729 0,000844
success 0,494296 0,000083
successor 1,897120 0,000317
succinct 2,659260 0,000444
sugar 2,525729 0,000422
suit 0,891598 0,000298
sun 1,237874 0,001241
sundasuomisvenskatagalog 1,897120 0,000317
sunspid 3,218876 0,000538
super 1,771957 0,000592
supermium 2,659260 0,000444
superset 2,659260 0,000444
superus 3,506558 0,000586
suppli 0,994252 0,000166
support 0,150823 0,000428
surf 2,207275 0,000369
surround 1,514128 0,000253
survei 0,462035 0,000077
swfobject 3,218876 0,000538
swift 1,386294 0,000232
swiftfox 2,525729 0,000422
switch 0,916291 0,000306
symantec 2,207275 0,000369
symbian 2,207275 0,000369
synchron 1,386294 0,000463
syntact 1,966113 0,000986
syntax 1,171183 0,003131
system 0,010050 0,000032
tabl -0,009950 -0,000005
tag 1,309333 0,000219
take 0,210721 0,000070
talent 2,659260 0,000444
talkback 3,912023 0,000654
tamarin 2,995732 0,001502
taqbaylit 1,897120 0,000317
target 0,462035 0,000232
task 0,415515 0,000069
tatar 1,272966 0,000213
teach 1,469676 0,000246
team 0,634878 0,000106
tech 0,843970 0,000282
technet 3,506558 0,000586
technic 0,478036 0,000080
technica 1,347074 0,000450
technolog 0,116534 0,000136
techvis 3,912023 0,000654
telerik 3,912023 0,000654
templat 0,301105 0,000050
ten 1,347074 0,000225
tenfourfox 2,659260 0,000444
term -0,009950 -0,000008
termin 0,941609 0,000157
terrifi 2,995732 0,000501
tessel 3,912023 0,001961
test 0,248461 0,000166
tetuntoki 3,506558 0,000586
text -0,009950 -0,000007
theoret 0,776529 0,000130
therebi 1,309333 0,000219
theserversid 3,506558 0,000586
third 0,342490 0,000286
thoma 0,527633 0,000088
thor 3,912023 0,000654
thou 3,912023 0,000654
though 0,544727 0,000091
thousand 1,386294 0,000232
thread 1,386294 0,000232
thu 0,314711 0,000105
thunderhawk 2,659260 0,000444
tim 0,867501 0,000145
timberwolf 2,659260 0,000444
time 0,000000 0,000000
timelin 0,733969 0,000123
tina 1,771957 0,000296
tini 2,407946 0,000402
titl -0,009950 -0,000002
tobia 2,407946 0,000402
togeth 0,579818 0,000097
toggl -0,009950 -0,000013
token 1,386294 0,000232
tool -0,009950 -0,000013
toolkit 1,427116 0,000954
top -0,009950 -0,000002
topic -0,009950 -0,000002
tor 2,525729 0,000422
torch 2,407946 0,000402
tostr 3,218876 0,000538
tracemonkei 3,218876 0,001076
track 0,713350 0,000119
trademark -0,009950 -0,000017
tradit 0,544727 0,000091
trait 2,302585 0,002308
transfer 0,544727 0,000273
transpil 2,659260 0,002666
treitter 3,912023 0,000654
trick 2,120264 0,000354
trojan 2,407946 0,001207
truli 1,897120 0,000317
trust 0,820981 0,000960
tutori 1,347074 0,000450
two 0,083382 0,000098
type 0,051293 0,000189
typescript 2,407946 0,002012
typic 0,186330 0,000093
ugi 2,813411 0,000470
ulietuvi 1,049822 0,000175
ultim 1,139434 0,000190
ulu 3,912023 0,000654
unari 3,506558 0,001172
uncommon 3,218876 0,000538
undefin 2,207275 0,001844
under -0,009950 -0,000003
underli 0,693147 0,000232
undermin 2,813411 0,000470
underscor 2,525729 0,001266
understand 0,342490 0,000057
unfit 1,609438 0,000269
ungoogl 2,659260 0,000444
union 0,994252 0,000166
unit 0,248461 0,000125
univers 0,139262 0,000023
unless 1,237874 0,000620
unlik 0,653926 0,000109
unnam 2,659260 0,000444
unpatch 3,506558 0,000586
unsupport 2,302585 0,000385
until 0,510826 0,000085
untrust 2,659260 0,000444
unwelcom 3,506558 0,000586
upcom 2,659260 0,000444
updat 0,342490 0,000057
upon 0,673345 0,000563
urg 2,302585 0,000385
url 1,203973 0,000201
urldownload -0,009950 -0,000002
urlwebarch 3,506558 0,000586
usag 0,579818 0,001259
user 0,274437 0,000642
usernam 2,407946 0,000402
uspto 3,506558 0,000586
usual 0,198451 0,000066
utc -0,009950 -0,000002
util 0,597837 0,000100
uzbl 2,659260 0,000444
valid 0,616186 0,000412
valu 0,162519 0,000326
valueof 3,912023 0,000654
vanilla 3,218876 0,001613
var 1,966113 0,001971
vari 0,478036 0,000080
variabl 0,494296 0,001239
variad 3,506558 0,002344
varieti 0,616186 0,000206
variou 0,223144 0,000075
vbscript 3,506558 0,000586
vector 1,237874 0,000207
vendor 1,139434 0,000952
vengeanc 3,912023 0,000654
verif 0,733969 0,000245
verifi 1,237874 0,000207
verificationarticl 2,407946 0,000402
version -0,009950 -0,000012
vet 3,218876 0,000538
via 0,186330 0,000311
viabl 2,813411 0,000470
vice 1,660731 0,000277
victim 2,407946 0,002012
video 0,597837 0,000100
view -0,009950 -0,000007
viewer 2,407946 0,000402
vim 2,407946 0,000402
violat 1,386294 0,000232
vision 0,867501 0,000145
vista 2,813411 0,000940
visual 0,562119 0,000657
vite 2,995732 0,000501
vivaldi 2,659260 0,000444
vteecmascriptdialect 3,218876 0,000538
vtejavascriptcod 3,506558 0,000586
vtenod 2,995732 0,000501
vteprogram 2,040221 0,000341
vteweb 1,966113 0,000329
vue 2,813411 0,000940
vulner 0,994252 0,002658
vusec 3,912023 0,000654
wai 0,105361 0,000070
wait 1,771957 0,000296
wakanda 3,218876 0,000538
wakandadb 3,218876 0,000538
walk 2,120264 0,000354
war 1,078810 0,000180
wat 3,912023 0,000654
waterfox 2,525729 0,000844
wayback 0,478036 0,001278
weak 1,660731 0,000277
weakli 2,813411 0,001880
web 0,342490 0,002632
webassembl 1,660731 0,003052
webauthn 2,407946 0,000402
weber 2,813411 0,000470
webexplor 2,659260 0,000444
webgl 2,407946 0,000402
webgpu 2,407946 0,000402
webkit 2,525729 0,000844
webpack 2,995732 0,000501
webpag 2,407946 0,000805
webposit 2,659260 0,000444
webrtc 2,407946 0,000402
websharp 2,813411 0,000470
websit 0,527633 0,001940
websiteecma 3,912023 0,000654
websocket 2,207275 0,000738
webviewfoldericon 3,912023 0,000654
well 0,051293 0,000017
weslei 1,078810 0,000361
whale 2,207275 0,000369
what -0,009950 -0,000007
wherea 1,049822 0,000175
which 0,000000 0,000000
while 0,051293 0,000077
white 1,108663 0,000185
who 0,301105 0,000151
wide 0,210721 0,000106
widespread 0,994252 0,000166
wikibook 1,386294 0,000695
wikibooksresourc 1,660731 0,000277
wikidata 0,562119 0,000094
wikidatapag 2,525729 0,000422
wikidatawikipedia 0,967584 0,000162
wikimedia -0,009950 -0,000003
wikipedia -0,009950 -0,000012
wikipediacontact -0,009950 -0,000002
wikiversitydocument 3,506558 0,000586
wiktionarymedia 1,660731 0,000277
wild 2,302585 0,000385
wilei 0,562119 0,000188
william 0,616186 0,000103
wilson 1,469676 0,000246
window 0,891598 0,000745
winwap 2,659260 0,000444
wire 0,941609 0,000315
wish 1,609438 0,000269
within 0,116534 0,000078
without 0,094311 0,000110
wmlscript 3,218876 0,000538
word 0,446287 0,000075
work 0,030459 0,000071
world 0,139262 0,000047
worldwideweb 2,407946 0,000402
wrap 2,120264 0,000354
write 0,527633 0,000176
written 0,287682 0,000192
xml 1,203973 0,000603
xombrero 2,659260 0,000444
xss 3,218876 0,003765
yandex 2,207275 0,000369
yarn 2,995732 0,001001
year 0,162519 0,000190
yearli 2,525729 0,000422
yehuda 2,995732 0,000501
yet 0,891598 0,000149
york 0,371064 0,000062
yourself 2,659260 0,000444
youtub 1,272966 0,000425
zac 2,525729 0,000422
zaka 3,912023 0,000654
zbekcha 0,462035 0,000077
zen 2,207275 0,000369
zero 0,693147 0,000347
