abandon 1,771957 0,000786
abbrevi 2,040221 0,000226
abil 0,562119 0,000187
absolut 1,660731 0,000369
abstract 0,713350 0,000871
acceler 1,021651 0,000453
access 0,127833 0,000128
account -0,009950 -0,000003
acquia 3,912023 0,000434
acronym 2,120264 0,000470
across 0,415515 0,000046
act 0,713350 0,000079
action -0,009950 -0,000001
activex 2,659260 0,000590
ad 0,198451 0,000308
ada 1,609438 0,000179
adam 1,203973 0,000134
add -0,009950 -0,000004
adder 3,912023 0,002604
addit -0,009950 -0,000013
addition 0,967584 0,000215
admin 2,813411 0,000312
adob 2,659260 0,000295
adopt 0,415515 0,000092
advanc 0,235722 0,000078
advantag 0,693147 0,000077
advertis 1,347074 0,000149
advocaci 2,525729 0,000280
affect 0,693147 0,000077
afieldguidetoelephp 3,912023 0,000434
afl 2,995732 0,000332
afrikaansalemannisch 2,040221 0,000226
afterward 2,525729 0,000280
ag 0,867501 0,000385
again 1,078810 0,000120
against 0,462035 0,000205
agent 0,733969 0,000081
aggelo 3,912023 0,000434
ago 0,967584 0,000537
agpl 2,813411 0,000312
agre -0,009950 -0,000002
agreement 1,078810 0,000120
ahack 3,912023 0,000434
ahead 1,427116 0,000158
aim 0,634878 0,000352
aisgaeilgegalego 1,427116 0,000158
ajax 1,832581 0,000203
ajp 2,995732 0,000332
alex 1,469676 0,000163
alfakhria 3,912023 0,000434
algol 1,897120 0,000210
ali 1,609438 0,000179
alic 2,525729 0,000560
allow 0,061875 0,000110
almost 0,798508 0,000089
alon 1,272966 0,000282
along 0,462035 0,000103
alongsid 1,660731 0,000184
alphabet 1,469676 0,000163
alreadi 0,776529 0,000086
alshetwi 3,912023 0,000434
altern 0,342490 0,000228
although 0,287682 0,000160
alwai 0,597837 0,000398
amazon 1,309333 0,000291
amend 1,609438 0,000357
among 0,356675 0,000119
amp -0,009950 -0,000008
analysi 0,186330 0,000021
anderson 1,609438 0,000179
andi 1,714798 0,001142
andr 2,120264 0,000235
andrei 2,525729 0,001121
android 1,272966 0,000141
angl 2,040221 0,000226
ani 0,083382 0,000083
annot 1,108663 0,000123
announc 0,733969 0,001384
anonym 1,560648 0,000866
anoth 0,127833 0,000057
anthoni 1,714798 0,000190
anymor 2,525729 0,000280
anyth 2,207275 0,000245
apach 1,386294 0,001384
apc 3,912023 0,000434
api 0,798508 0,000620
apiswhatwg 2,995732 0,000332
apl 2,040221 0,000226
app 1,021651 0,000340
appear -0,009950 -0,000004
appli -0,009950 -0,000003
applic 0,030459 0,000084
approach 0,174353 0,000058
apress 1,966113 0,000436
april 0,072571 0,000048
apsl 2,813411 0,000312
aptana 3,506558 0,000389
aragon 1,171183 0,000130
architect 2,407946 0,000267
architectur 0,400478 0,000089
archiv 0,040822 0,000240
argument 1,171183 0,000910
argyro 3,912023 0,000434
aris 1,469676 0,000163
arithmet 1,272966 0,000282
arntzen 3,912023 0,000434
around 0,356675 0,000040
arrai 0,994252 0,001986
arrayaccess 3,912023 0,000434
arrow 1,966113 0,000436
articl 0,000000 0,000000
articleabout -0,009950 -0,000001
articlespag 3,506558 0,000389
articletalk -0,009950 -0,000001
artist 1,771957 0,000197
asapi 2,995732 0,000332
ascii 1,897120 0,000210
asgi 2,813411 0,000312
asp 2,040221 0,001132
assembl 0,867501 0,000096
assign 0,798508 0,000443
associ 0,127833 0,000014
ast 2,407946 0,000267
asymmetr 2,407946 0,000267
attack 0,867501 0,000770
attempt 0,478036 0,000053
attract 1,771957 0,000197
attribut -0,009950 -0,000015
audio 0,891598 0,000396
august 0,162519 0,000505
authent 1,347074 0,000149
author 0,040822 0,000023
automat 0,462035 0,000051
avail -0,009950 -0,000021
avoid 0,579818 0,000129
aw 2,302585 0,001022
awar 1,203973 0,000134
ayesh 3,912023 0,001302
ayisyenkurd 2,813411 0,000312
azur 1,771957 0,000590
back 0,462035 0,000051
backend 2,120264 0,000235
backronym 3,912023 0,000434
backward 1,514128 0,000336
bad 1,347074 0,000149
bahasa 0,186330 0,000021
bakken 3,912023 0,000434
base 0,010050 0,000013
basic 0,198451 0,000154
bazaar 2,525729 0,000280
becam 0,579818 0,000064
becaus 0,127833 0,000085
becom 0,274437 0,000122
beerwar 2,995732 0,000332
began 0,634878 0,000211
begin 0,385662 0,000128
behat 3,912023 0,000434
behavior 0,342490 0,000076
behaviour 1,832581 0,000813
behind 0,867501 0,000096
believ 1,272966 0,000141
benchmark 1,427116 0,000475
benefit 0,776529 0,000086
besid 1,832581 0,000203
best 0,462035 0,000103
beta 1,386294 0,000154
better 0,494296 0,000110
beyond 0,713350 0,000079
bho 2,995732 0,000332
big 0,673345 0,000075
binari 0,916291 0,000813
bind 1,469676 0,000489
bioinformat 1,660731 0,000184
birth 1,897120 0,000421
birthdai 2,659260 0,000295
birthyear 3,912023 0,000868
bit 1,078810 0,000718
bitwis 2,995732 0,001330
block 0,597837 0,000265
blog 0,713350 0,000554
bloomberg 1,469676 0,000163
blue 1,560648 0,000173
board 0,843970 0,000094
boarischbosanskibrezhoneg 2,407946 0,000267
bob 1,832581 0,000407
bodi 0,867501 0,000192
bokm 0,127833 0,000014
book 0,210721 0,000094
boolean 1,560648 0,001212
borhan 3,912023 0,000434
bottom 2,040221 0,000226
bound 1,171183 0,000130
brai 2,525729 0,000280
branch 1,021651 0,000680
break 0,733969 0,000326
brent 3,506558 0,000778
bridg 1,427116 0,000158
bring 1,021651 0,000113
broad 1,203973 0,000134
browser 1,021651 0,000113
bsd 1,832581 0,000407
bug 1,171183 0,000650
build 0,274437 0,000244
built 0,462035 0,000461
bundl 1,514128 0,000672
busi 0,287682 0,000160
businessweek 2,207275 0,000245
byperl 3,912023 0,000434
byrasmu 3,912023 0,000434
byte 1,560648 0,000519
bytecod 1,966113 0,001091
cach 1,386294 0,000923
caddi 3,506558 0,000389
cakephp 2,995732 0,000665
calcul 0,916291 0,000305
california 1,021651 0,000113
call 0,030459 0,000057
callabl 3,506558 0,001167
callback 2,659260 0,000590
caller 2,995732 0,000332
came 1,078810 0,000239
caml 2,040221 0,000226
canadian 1,714798 0,000190
canva 2,525729 0,000280
captur 0,916291 0,000305
caraveo 3,912023 0,000434
carlo 1,714798 0,000190
case 0,083382 0,000093
cast 1,832581 0,000407
catal 0,094311 0,000010
catch 1,966113 0,001309
categor 1,171183 0,000130
categori -0,009950 -0,000006
cathedr 2,995732 0,000332
caus 0,430783 0,000096
cclass 3,912023 0,000434
cddl 2,813411 0,000312
ceas 2,659260 0,000295
cebuano 2,407946 0,000267
center 0,415515 0,000046
certain 0,274437 0,000030
certif 1,078810 0,000239
certifi 1,714798 0,000190
cgi 2,525729 0,002522
challeng 0,400478 0,000044
chang 0,051293 0,000125
changelog 2,525729 0,000560
changesupload -0,009950 -0,000002
charact 0,843970 0,000094
characteris 3,506558 0,000389
charg 1,272966 0,000141
charli 2,302585 0,000511
chat 2,407946 0,000267
check 0,634878 0,000211
chosen 1,469676 0,000489
christian 1,560648 0,000173
cil 3,506558 0,000389
circular 2,120264 0,000235
citat 0,248461 0,000358
cite 0,597837 0,000133
claburn 2,525729 0,000280
clara 3,506558 0,000389
clarion 3,218876 0,000357
class 0,446287 0,001684
classic 0,544727 0,000060
claus 2,040221 0,000226
cleanup 2,302585 0,000255
clear 1,049822 0,000116
cli 2,040221 0,001358
client 0,713350 0,000396
clone 2,207275 0,001469
close 0,356675 0,000158
closur 1,771957 0,001769
cloud 0,733969 0,000244
cm 1,560648 0,000173
coalesc 2,995732 0,001662
cobol 1,966113 0,000218
code -0,009950 -0,000040
codec 2,813411 0,000312
codeignit 2,995732 0,000665
codelobst 3,506558 0,000389
codepoint 3,218876 0,000357
collect 0,274437 0,000061
colon 2,407946 0,000267
colour 3,218876 0,000357
com 0,150823 0,000351
combin 0,261365 0,000058
come 0,356675 0,000040
command 0,891598 0,001187
comment 1,049822 0,000815
commerc 1,021651 0,000340
commerci 0,527633 0,000117
commit 1,108663 0,000123
common -0,009950 -0,000015
commonli 0,342490 0,000076
commonstextbook 2,659260 0,000295
commonswikibookswikiversitywikidata 2,302585 0,000255
commun 0,139262 0,000124
comp 2,407946 0,000534
compact 1,609438 0,000179
compar 0,342490 0,000152
comparison 0,371064 0,000535
compat 0,693147 0,000461
compet 1,139434 0,000126
compil 0,755023 0,002010
complet 0,223144 0,000124
complex 0,186330 0,000021
compon 0,261365 0,000087
compos 1,171183 0,000130
composit 1,386294 0,000154
compress 1,108663 0,000123
comput 0,020203 0,000027
concaten 2,407946 0,000267
condit 0,579818 0,000064
conduct -0,009950 -0,000001
confer 0,274437 0,000030
configur 0,798508 0,002126
confus 0,693147 0,000154
conjunct 1,714798 0,000190
consid 0,274437 0,000061
consider 0,713350 0,000158
consist 0,301105 0,000401
consortium 1,771957 0,000197
const 2,407946 0,000267
constant 1,660731 0,001843
constraint 1,139434 0,000126
construct 0,579818 0,000515
constructor 2,659260 0,001180
contact -0,009950 -0,000002
contain 0,162519 0,000234
content -0,009950 -0,000015
context 0,446287 0,000099
continu 0,174353 0,000058
contribut -0,009950 -0,000001
contributor 1,832581 0,000203
control 0,020203 0,000009
controversi 1,171183 0,000130
conveni 1,609438 0,000179
convent 0,891598 0,000099
convers 0,776529 0,000862
convert 1,049822 0,000582
cooki -0,009950 -0,000001
coordinatesal 3,912023 0,000434
copi 0,891598 0,000297
copyleft 2,813411 0,000312
cor 2,995732 0,000332
corbet 2,995732 0,000332
core 0,579818 0,000965
correctli 1,832581 0,000203
corrupt 1,832581 0,000203
countabl 2,995732 0,000997
counter 1,660731 0,000184
countri 0,867501 0,000096
cours 0,967584 0,000215
cover 0,733969 0,000081
craft 2,407946 0,000267
creat -0,009950 -0,000024
creation 0,653926 0,000073
creativ -0,009950 -0,000003
creator 1,469676 0,000489
credit 0,867501 0,000192
critic 0,385662 0,000086
cross 0,562119 0,000312
cryptograph 1,897120 0,000842
csprng 2,995732 0,000665
cultur 1,049822 0,000116
curl 3,218876 0,000357
current 0,210721 0,000117
custom 0,544727 0,000363
cycl 0,867501 0,000192
daemon 2,659260 0,000295
dai 0,562119 0,000125
dan 0,916291 0,000203
danger 1,514128 0,000168
daniel 0,776529 0,000172
danish 2,659260 0,000295
darryl 3,506558 0,000389
data 0,030459 0,000051
databas 0,072571 0,000129
dataczech 1,171183 0,000130
dataobject 3,912023 0,000434
date 0,210721 0,000210
dead 1,386294 0,000308
deal 0,843970 0,000094
debat 1,272966 0,000282
debian 2,407946 0,000267
debugg 2,302585 0,000255
dec 2,040221 0,000226
decad 1,078810 0,000239
decemb 0,061875 0,000281
decim 1,660731 0,000184
decis 0,400478 0,000089
declar 1,108663 0,002214
deconstruct 3,506558 0,000389
deep 1,078810 0,000120
defac 3,912023 0,000434
default 0,693147 0,000461
defin 0,116534 0,000220
definit 0,186330 0,000083
delai 1,347074 0,000149
delayedtargetvalid 3,912023 0,001302
deleg 1,966113 0,000436
delimit 2,207275 0,001714
depend 0,105361 0,000023
deploi 1,108663 0,000492
deploy 1,049822 0,000116
deprec 1,660731 0,002027
derefenc 3,912023 0,000434
dereferenc 3,218876 0,000357
derick 3,506558 0,000389
deriv 0,494296 0,000055
describ 0,174353 0,000039
descript -0,009950 -0,000003
descriptionshort 0,000000 0,000000
design 0,040822 0,000041
desktop 1,347074 0,000299
destructor 2,995732 0,000332
detail 0,510826 0,000057
detect 0,755023 0,000084
determin 0,342490 0,000076
dev 1,514128 0,000336
develop -0,009950 -0,000051
devic 0,634878 0,000070
devnewz 3,912023 0,000434
dhtml 2,302585 0,000255
differ 0,010050 0,000011
difficult 0,597837 0,000133
difficulti 1,237874 0,000137
digit 0,400478 0,000089
direct 0,261365 0,000319
directli 0,415515 0,000138
directori 1,560648 0,000693
disabl 1,609438 0,000714
disallow 2,407946 0,000267
disambigu 1,049822 0,000233
disciplinedynam 3,506558 0,000389
disclaim -0,009950 -0,000001
discontinu 1,514128 0,000504
discourag 2,659260 0,000295
discuss 0,494296 0,000055
disjunct 3,506558 0,000778
displai 0,755023 0,000084
distinct 0,544727 0,000060
distribut 0,198451 0,000154
dll 3,912023 0,000868
dmitri 2,813411 0,000936
dnf 3,912023 0,000868
doc 1,139434 0,000126
doctrin 2,407946 0,000267
doctyp 3,218876 0,000357
document 0,328504 0,000292
dollar 1,514128 0,000168
dom 1,560648 0,000519
domain 0,544727 0,000060
don 0,916291 0,000102
donat -0,009950 -0,000002
doubl 0,843970 0,000281
download -0,009950 -0,000001
drawback 1,966113 0,000218
driver 1,237874 0,000275
drone 2,659260 0,000885
drupal 2,995732 0,001330
dstogov 3,912023 0,000434
dual 1,609438 0,000179
dub 2,813411 0,000312
due 0,261365 0,000116
dynam 0,342490 0,000646
earli 0,301105 0,000267
earlier 1,139434 0,000253
earth 1,272966 0,000141
easi 1,021651 0,000113
easier 1,049822 0,000233
easili 0,843970 0,000187
echo 1,897120 0,002526
eclips 1,771957 0,000197
edit -0,009950 -0,000038
editcommun -0,009950 -0,000001
editor 1,347074 0,000299
effici 0,287682 0,000064
either 0,248461 0,000110
element 0,301105 0,000067
eleph 3,506558 0,000778
elephp 3,912023 0,003906
elixir 1,771957 0,000197
elsewher 2,040221 0,000226
em 1,560648 0,000173
emait 1,560648 0,000173
emb 2,302585 0,000255
embed 0,755023 0,000586
emploi 0,673345 0,000075
enabl 0,274437 0,000213
encod 1,203973 0,000134
encrypt 1,139434 0,000126
encyclopedia -0,009950 -0,000001
end 0,186330 0,000062
endif 3,912023 0,000868
endur 2,659260 0,000295
enforc 0,916291 0,000102
engin 0,061875 0,000233
english -0,009950 -0,000002
englishsloven 0,510826 0,000057
enhanc 0,510826 0,000057
ensur 0,713350 0,000079
enterpris 0,446287 0,000050
entropi 2,995732 0,000332
enumer 2,040221 0,000453
environ 0,385662 0,000086
epl 2,995732 0,000332
equal 0,843970 0,000281
equival 0,820981 0,000091
era 1,386294 0,000154
ereg 3,912023 0,000434
erin 2,995732 0,000665
erlang 1,714798 0,000190
error 0,430783 0,000335
escap 1,832581 0,000407
espa 0,210721 0,000023
especi 0,415515 0,000046
etc 0,562119 0,000125
euro 2,525729 0,000280
eval 2,813411 0,000624
even 0,235722 0,000157
event 0,356675 0,000119
eventsrandom -0,009950 -0,000001
ever 1,272966 0,000141
everywher 2,120264 0,000235
evolv 1,078810 0,000120
exam 2,040221 0,000226
exampl 0,020203 0,000049
except 0,733969 0,000896
exec 2,813411 0,000312
execut 0,356675 0,000752
exist 0,186330 0,000083
exit 2,040221 0,000226
expand 0,776529 0,000172
expans 1,309333 0,000145
expect 0,494296 0,000055
expens 1,108663 0,000123
experi 0,510826 0,000057
expert 1,078810 0,000120
explain 0,798508 0,000177
explicit 1,171183 0,000260
exploit 1,078810 0,000359
exponenti 1,560648 0,000173
export -0,009950 -0,000001
express 0,544727 0,000484
ext 2,813411 0,001249
extend 0,385662 0,000428
extens 0,342490 0,001900
extensionsfre 3,912023 0,000434
extern 0,030459 0,000010
extrem 0,941609 0,000104
facebook 1,560648 0,000866
facil 0,891598 0,000198
facilit 0,916291 0,000102
fact 0,579818 0,000193
facto 2,207275 0,000245
factual 2,659260 0,000590
fail 0,693147 0,000077
failur 1,021651 0,000113
fals 1,237874 0,000687
famili 0,994252 0,000110
familiar 1,609438 0,000179
fastcgi 3,912023 0,002170
fat 1,966113 0,000218
fatal 2,659260 0,000295
favor 1,139434 0,000126
favour 2,407946 0,000267
fcgi 2,995732 0,000332
featur 0,210721 0,000514
feb 2,659260 0,000295
februari 0,061875 0,000041
ferrara 3,912023 0,000434
fetch 1,966113 0,000436
ffi 3,506558 0,000778
fiber 2,040221 0,000453
field 0,314711 0,000035
fifth 2,040221 0,000226
file 0,446287 0,000891
fileinfo 3,912023 0,000434
filenam 1,897120 0,000210
fileperman -0,009950 -0,000001
filespeci -0,009950 -0,000001
filter 1,108663 0,000123
final 0,494296 0,000274
firmwar 2,207275 0,000245
first 0,020203 0,000025
five 0,776529 0,000172
fix 0,385662 0,000471
flash 1,897120 0,000210
flaw 1,469676 0,000326
flexibl 1,139434 0,000506
float 1,347074 0,001345
flow 0,430783 0,000048
fly 2,120264 0,000235
focu 0,755023 0,000084
focus 0,653926 0,000145
follow 0,072571 0,000089
foo 2,207275 0,000490
footer 3,912023 0,000434
fopen 3,506558 0,000389
forc 0,597837 0,000133
ford 2,302585 0,000255
foreach 3,506558 0,001556
foreign 1,139434 0,000126
forget 2,659260 0,000295
forgot 3,912023 0,000434
fork 1,203973 0,000134
form 0,072571 0,000201
formal 0,510826 0,000113
format 0,634878 0,000211
formerli 1,309333 0,000436
forth 1,560648 0,000173
fortran 1,560648 0,000173
forum 1,203973 0,000267
found 0,274437 0,000030
foundat -0,009950 -0,000028
foundationfirst 3,506558 0,000389
founder 1,714798 0,000190
founderautomatt 3,912023 0,000434
four 0,820981 0,000091
fpm 3,912023 0,000868
framework 0,287682 0,000223
fran 0,223144 0,000025
franca 1,609438 0,000179
frankenphp 3,912023 0,000434
franki 3,912023 0,000868
free -0,009950 -0,000023
frequent 0,916291 0,000203
frontend 2,407946 0,000267
ftp 2,040221 0,000226
fuelphp 2,995732 0,000332
full 0,371064 0,000082
function 0,030459 0,000294
fund 0,941609 0,000313
fundament 0,478036 0,000053
further 0,139262 0,000046
furthermor 1,272966 0,000141
fusion 1,514128 0,000168
futur 0,235722 0,000078
fwdai 3,912023 0,000434
gain 0,616186 0,000068
game 0,478036 0,000053
gan 2,407946 0,000267
garbag 1,832581 0,000203
gatewai 2,302585 0,001022
gear 1,771957 0,000393
geek 2,813411 0,000312
gener -0,009950 -0,000022
geoloc 2,525729 0,000280
georg 0,843970 0,000094
germani 1,560648 0,000173
get 0,430783 0,000048
getadd 3,912023 0,003038
getenv 3,912023 0,000434
getimages 3,912023 0,000434
gif 3,218876 0,000714
gilmor 3,506558 0,000389
github 1,078810 0,000598
given 0,261365 0,000058
global 0,446287 0,000347
gnu 1,272966 0,000847
go 0,462035 0,000103
golemon 3,912023 0,000434
good 0,616186 0,000068
gophp 3,912023 0,002170
goto 2,813411 0,000312
gpc 3,912023 0,000434
gpl 2,120264 0,000706
gpu 2,407946 0,000534
gradual 1,560648 0,000173
graphic 0,733969 0,000489
graphql 2,659260 0,000295
grati 2,995732 0,000332
grav 2,995732 0,000332
greet 3,218876 0,000714
grew 1,386294 0,000154
group 0,186330 0,000558
grow 0,653926 0,000145
gtk 2,659260 0,001770
gui 1,309333 0,000291
guid 0,287682 0,000032
guidelin 1,237874 0,000137
gutman 3,912023 0,003038
gyroscop 2,525729 0,000280
hack 1,203973 0,000134
hak 1,897120 0,000210
half 1,108663 0,000123
handl 0,415515 0,000415
handler 2,207275 0,000245
happen 1,021651 0,000113
harden 2,407946 0,000267
hardwar 0,579818 0,000064
hash 1,560648 0,001385
haskel 1,514128 0,000168
haudio 2,995732 0,000332
head 0,867501 0,000289
header 1,714798 0,000190
health 0,994252 0,000110
heavi 1,609438 0,000179
heavili 1,203973 0,000134
hei 2,813411 0,000312
height 1,771957 0,000393
helicopt 2,813411 0,000312
hello 1,714798 0,002093
help 0,174353 0,000058
helplearn -0,009950 -0,000001
henc 1,347074 0,000149
heredoc 3,912023 0,002170
hererel -0,009950 -0,000001
hexadecim 2,525729 0,000280
hhvm 3,506558 0,003502
hidden 0,843970 0,000094
hide -0,009950 -0,000004
high 0,223144 0,000099
hiphop 3,506558 0,001556
hiphopvm 3,912023 0,000434
hire 1,966113 0,000218
histor 0,579818 0,000129
histori -0,009950 -0,000017
hole 2,040221 0,000226
home 0,616186 0,000479
homepag 2,207275 0,000245
hook 1,966113 0,000218
hope 1,660731 0,000184
hord 2,995732 0,000332
hormon 3,218876 0,001071
host 0,755023 0,000419
howev 0,094311 0,000052
hphpc 3,912023 0,000868
hrtime 3,912023 0,000868
hrvatskiidobahasa 1,203973 0,000134
html 1,078810 0,001317
http -0,009950 -0,000006
hui 2,659260 0,000295
hydrat 2,525729 0,000280
hype 2,120264 0,000235
hypertext 1,771957 0,000590
ibm 0,693147 0,000692
icu 3,912023 0,000434
id 0,994252 0,000221
idea 0,527633 0,000117
ident 0,820981 0,000091
idl 2,302585 0,000255
ifless 3,912023 0,000434
ii 0,994252 0,000221
iii 1,560648 0,000173
imag 0,494296 0,000439
impact 0,544727 0,000181
imper 1,560648 0,000173
implement 0,105361 0,000304
implementationszend 3,912023 0,000434
impli 0,994252 0,000110
implod 3,506558 0,000389
import 0,162519 0,000054
improv 0,150823 0,000368
ina 0,356675 0,000040
inasloven 0,616186 0,000068
inc -0,009950 -0,000001
includ 0,000000 0,000000
inclus 1,514128 0,000168
incompat 1,272966 0,000847
inconsist 2,302585 0,000766
incorrect 2,207275 0,000245
increas 0,287682 0,000032
increment 1,386294 0,000154
inde 1,714798 0,000190
independ 0,527633 0,000176
index -0,009950 -0,000004
indexeddb 2,407946 0,000267
india 1,171183 0,000130
indiana 2,525729 0,000280
indic 0,356675 0,000079
indonesiainterlingua 1,660731 0,000184
induc 2,040221 0,000226
industri 0,356675 0,000040
ineffici 1,897120 0,000210
infin 2,659260 0,000295
influencedhack 3,912023 0,000434
infobox 3,506558 0,000389
inform 0,061875 0,000021
informationcit -0,009950 -0,000001
infosystem 3,218876 0,000714
infoworld 1,609438 0,000714
inherit 1,609438 0,000179
ini 3,506558 0,002334
initi 0,235722 0,000314
inlin 1,897120 0,000210
input 0,634878 0,000070
insecur 1,714798 0,000571
insert 1,560648 0,000173
insid 0,579818 0,000064
instal 0,994252 0,001213
instanc 0,478036 0,000053
instead 0,301105 0,000167
instruct 1,108663 0,000369
int 1,514128 0,001512
integ 1,139434 0,002528
integr 0,174353 0,000077
intend 0,478036 0,000106
intent 1,171183 0,000260
interact 0,356675 0,000079
interfac 0,494296 0,001590
interfacesserv 2,995732 0,000332
interfer 2,120264 0,000235
intermedi 1,309333 0,000581
intermediari 1,897120 0,000210
intermingl 3,912023 0,000434
intern 0,040822 0,000077
internation 2,040221 0,000226
internationalgndnationalunit 1,108663 0,000123
internet 0,462035 0,000205
internetnew 3,912023 0,000434
interoper 1,609438 0,000357
interoperabilitybridg 3,912023 0,000434
interpol 2,120264 0,000470
interpret 0,579818 0,000515
interpretershigh 3,912023 0,000434
intersect 1,897120 0,000842
introduc 0,210721 0,000187
introduct 0,210721 0,000164
invalid 1,714798 0,000190
involv 0,415515 0,000046
io 0,916291 0,000102
iplanet 3,506558 0,000389
ipsec 2,995732 0,000665
irc 2,659260 0,000295
irtema 3,912023 0,000434
isapi 2,995732 0,000665
isbn 0,051293 0,000017
isc 2,995732 0,000332
ismael 3,912023 0,000434
isplattd 2,120264 0,000235
israel 1,897120 0,000210
isset 3,912023 0,000434
issu 0,314711 0,000140
item -0,009950 -0,000007
iter 1,272966 0,000706
iteratoraggreg 3,912023 0,000434
itself 0,342490 0,000152
jakarta 2,659260 0,000295
jame 0,634878 0,000070
januari 0,083382 0,000093
jason 1,771957 0,000197
java 0,891598 0,000594
javascript 1,021651 0,000567
javaserv 3,506558 0,001167
jawa 1,560648 0,000173
jetbrain 2,813411 0,001561
jim 1,514128 0,000168
jit 2,207275 0,002449
job 1,171183 0,000520
john 0,198451 0,000022
join 1,386294 0,000154
jolicod 3,912023 0,000434
jonathan 1,347074 0,000149
joomla 2,995732 0,000997
journal 0,186330 0,000021
jsgi 2,407946 0,000267
json 1,347074 0,000747
jsp 2,995732 0,000332
juli 0,127833 0,000128
julia 1,514128 0,000168
julien 2,813411 0,000312
jump -0,009950 -0,000002
june 0,094311 0,000136
karunaratn 3,912023 0,001302
keep 0,733969 0,000081
kei 0,314711 0,000035
kempken 3,912023 0,000434
kept 1,560648 0,000346
kerner 3,506558 0,000389
keyword 1,897120 0,000842
khrono 2,995732 0,000332
kiayia 3,912023 0,000434
kind 0,673345 0,000075
kinsta 3,912023 0,000434
kiswahilikrei 2,659260 0,000295
kit 1,714798 0,000190
know 0,653926 0,000145
known 0,127833 0,000071
kotlin 1,897120 0,000210
krawczyk 3,912023 0,000868
krill 2,207275 0,000980
lab 1,171183 0,000130
label 1,049822 0,000116
lack 0,544727 0,000242
lambda 2,407946 0,000267
lamina 2,995732 0,000665
lamp 3,218876 0,001071
land 1,309333 0,000145
lang 1,660731 0,000184
languag -0,009950 -0,000074
languagec 3,912023 0,000434
languagescross 2,995732 0,000332
languagesdynam 3,506558 0,000389
languagesfilenam 3,912023 0,000434
languageshidden 2,525729 0,000280
languagesinternet 3,912023 0,000434
languagesprogram 2,120264 0,000470
languagessoftwar 3,506558 0,000778
laravel 2,995732 0,000997
larg 0,127833 0,000028
last -0,009950 -0,000002
late 0,733969 0,000244
later 0,223144 0,000173
latest 0,994252 0,000110
latinalatvi 1,203973 0,000134
latter 0,916291 0,000102
launch 0,941609 0,000104
layer 0,713350 0,000079
ldap 2,525729 0,000280
lead 0,287682 0,000128
learn 0,162519 0,000090
least 0,527633 0,000234
led 0,446287 0,000099
left 0,916291 0,000102
legaci 1,309333 0,000436
legal -0,009950 -0,000001
legend 2,813411 0,000312
length 1,237874 0,000275
lerdorf 3,912023 0,007379
lerdorfdeveloperth 3,912023 0,000434
less 0,430783 0,000191
letter 0,843970 0,000281
level 0,083382 0,000046
lgpl 2,659260 0,000295
libmysql 3,912023 0,000434
libr 2,659260 0,000295
librari 0,356675 0,000396
libsodium 3,912023 0,000868
licens -0,009950 -0,000029
licensetext 3,506558 0,000389
lieu 3,506558 0,000389
life 0,653926 0,000290
lightweight 1,609438 0,000179
like 0,051293 0,000034
limit 0,186330 0,000083
line 0,261365 0,000377
lingua 2,040221 0,000226
link -0,009950 -0,000012
linkpag -0,009950 -0,000001
linter 2,995732 0,000332
linux 0,916291 0,000203
lisp 1,386294 0,000308
list 0,051293 0,000131
listc 2,302585 0,000255
listen 1,966113 0,000218
liter 1,714798 0,000381
live 0,733969 0,000081
liveconnect 2,995732 0,000332
lnorsk 0,653926 0,000073
load 0,891598 0,000396
local 0,314711 0,000140
locat 0,527633 0,000117
log -0,009950 -0,000002
logic 0,616186 0,000137
logo 1,771957 0,000197
long 0,287682 0,000223
longer 0,755023 0,000168
look 0,478036 0,000053
loop 1,347074 0,000149
loos 1,609438 0,000179
lower 0,673345 0,000075
lowercas 2,659260 0,000295
lsp 2,995732 0,000332
lt 1,237874 0,000137
ltd 1,203973 0,000134
lua 1,897120 0,000210
luajit 3,506558 0,000389
lux 0,371064 0,000041
machin 0,040822 0,000032
maco 1,660731 0,000553
made 0,186330 0,000124
magazin 0,755023 0,000084
magic 2,302585 0,001022
magyar 1,049822 0,000116
mail 1,203973 0,000267
main -0,009950 -0,000008
mainli 1,021651 0,000113
maint 0,798508 0,000354
maintain 0,400478 0,000044
major 0,223144 0,000173
make 0,061875 0,000062
malagasi 2,040221 0,000226
malici 1,660731 0,000369
mamp 3,912023 0,000434
manag 0,105361 0,000117
mani 0,061875 0,000103
manifesto 2,302585 0,000255
manner 1,469676 0,000326
manual 0,994252 0,003309
mapfram 3,506558 0,000389
march 0,116534 0,000181
mark 0,261365 0,000116
market 0,446287 0,000347
markup 1,966113 0,000654
mascot 2,302585 0,001533
mashup 2,407946 0,000267
match 0,400478 0,000133
mathemat 0,616186 0,000137
matlab 1,660731 0,000184
mean 0,083382 0,000065
mechan 0,356675 0,000079
media 0,139262 0,000031
mediawiki 3,218876 0,001429
meet 0,527633 0,000059
melayuminangkabau 2,040221 0,000226
member 0,562119 0,000187
memori 0,562119 0,000187
menu -0,009950 -0,000002
merg 1,514128 0,000168
messag 0,400478 0,000044
metadata 1,347074 0,000149
method 0,150823 0,000268
mic 3,218876 0,000357
michael 0,385662 0,000043
microformatsspoken 2,995732 0,000332
microservic 2,302585 0,000255
microsoft 0,579818 0,000579
microsystem 1,897120 0,000421
midgard 2,995732 0,000332
migrat 1,427116 0,000475
mikael 3,506558 0,000389
million 0,843970 0,000187
mime 2,525729 0,000560
minimum 1,469676 0,000163
minor 1,309333 0,000726
minut 1,469676 0,000163
mismatchpag 2,525729 0,000280
miss 0,867501 0,000096
mistak 1,832581 0,000203
mit 0,776529 0,000086
mix 0,891598 0,000495
mixtur 2,407946 0,000267
mjtsai 3,912023 0,000434
mobil -0,009950 -0,000001
mod 1,832581 0,002440
mode 0,755023 0,000335
model 0,116534 0,000052
modern 0,314711 0,000035
modifi 0,527633 0,000117
modul 0,820981 0,000911
modx 2,995732 0,000332
mono 2,407946 0,000267
month 0,776529 0,000431
moodl 3,912023 0,000868
mostli 0,994252 0,000221
move -0,009950 -0,000008
movement 1,108663 0,000369
mozilla 1,514128 0,000336
mpl 2,995732 0,000332
mse 2,302585 0,000255
multi 0,342490 0,000038
multibyt 3,912023 0,001302
multipl 0,094311 0,000073
multithread 1,832581 0,000407
muppet 3,912023 0,000434
museum 1,660731 0,000184
myag 3,912023 0,000868
mysql 2,525729 0,002522
mysqlnd 3,912023 0,000434
nacl 2,525729 0,000280
name 0,162519 0,000811
namespac 1,560648 0,000866
nan 2,659260 0,000295
nation 0,527633 0,000176
nativ 1,078810 0,000958
navig -0,009950 -0,000001
near 1,171183 0,000130
necessari 0,616186 0,000137
nederland 0,415515 0,000046
need 0,030459 0,000064
neg 0,967584 0,000322
net 0,385662 0,007231
netbean 2,525729 0,000280
netmajor 3,912023 0,000434
netscap 2,040221 0,000226
network 0,127833 0,000043
never 1,021651 0,000793
neverend 3,912023 0,000434
new 0,010050 0,000048
newer 1,309333 0,000145
newlin 2,813411 0,000312
newsgroup 2,525729 0,000560
next 0,400478 0,000222
nibbl 3,912023 0,000434
nikita 3,912023 0,001736
node 0,867501 0,000096
nodiscard 3,912023 0,000434
non -0,009950 -0,000013
none 1,609438 0,000179
noreturn 3,912023 0,000434
normal 0,673345 0,000299
norsk 0,342490 0,000038
notabl 0,616186 0,000137
notat 0,941609 0,000627
note 0,150823 0,000050
notic 1,427116 0,000158
nov 1,966113 0,000218
novalombardmadhur 2,813411 0,000312
novemb 0,150823 0,000535
novic 2,407946 0,000267
nowdoc 3,912023 0,001736
npapi 2,813411 0,000312
npruntim 2,995732 0,000332
nsapi 2,995732 0,000332
nuanc 3,506558 0,000389
nuke 2,813411 0,000312
null 1,309333 0,001889
nullabl 2,995732 0,001662
nullsaf 3,912023 0,000868
number 0,040822 0,000036
numentri 3,912023 0,000434
numer 0,430783 0,000430
nvd 3,506558 0,000389
nynorskoccitano 2,659260 0,000295
object 0,174353 0,000716
ocaml 1,966113 0,000218
occur 0,510826 0,000113
oct 2,302585 0,000511
octal 3,218876 0,001071
octob 0,139262 0,000324
offer 0,248461 0,000138
offic 0,733969 0,000081
offici 0,653926 0,001088
old 0,994252 0,000441
older 1,237874 0,000137
oldid -0,009950 -0,000001
olesperantoeuskara 0,510826 0,000057
olsson 3,912023 0,000434
omnihttpd 3,912023 0,000434
onlin 0,415515 0,000138
onward 2,207275 0,000490
opcach 3,912023 0,000868
opcod 3,912023 0,001736
open 0,150823 0,000385
openssl 2,995732 0,000665
openvm 3,218876 0,000357
oper 0,010050 0,000025
optim 0,415515 0,000231
option 0,527633 0,000176
orchestr 2,813411 0,000312
order 0,094311 0,000031
org -0,009950 -0,000004
organ -0,009950 -0,000003
organis 1,560648 0,000173
orient 0,653926 0,000508
origin -0,009950 -0,000063
orm 2,995732 0,000332
osunix 3,912023 0,000434
out 0,261365 0,000058
outdat 2,302585 0,001022
outlin 0,562119 0,000062
outperform 2,120264 0,000235
output 0,597837 0,000265
outsid 0,776529 0,000258
over 0,094311 0,000094
overflow 1,771957 0,000590
overhaul 2,659260 0,000295
overhead 1,469676 0,000163
overrid 2,659260 0,001475
overriden 3,912023 0,000434
overview 0,616186 0,000137
owasp 3,218876 0,000357
owin 2,995732 0,000332
packag 0,776529 0,000431
packagist 3,912023 0,000434
page -0,009950 -0,000025
pagecontentscurr -0,009950 -0,000001
pageget -0,009950 -0,000001
pai 1,021651 0,000113
paper 0,527633 0,000059
paradigm 0,941609 0,000104
paramet 0,755023 0,001508
parent 1,714798 0,000381
parenthes 2,207275 0,000490
parrot 2,302585 0,001533
parrotinfluenc 3,912023 0,000434
pars 1,514128 0,000504
parsabl 3,912023 0,000434
parser 2,207275 0,000245
part 0,072571 0,000081
parti 0,616186 0,000068
particular 0,301105 0,000033
pascal 1,347074 0,000299
pass 0,776529 0,000775
passeng 1,966113 0,000218
password 1,609438 0,000893
past 0,994252 0,000110
patch 1,560648 0,000173
patent 1,203973 0,000134
path 0,798508 0,000089
patterson 2,525729 0,000280
paul 0,544727 0,000302
pauli 3,506558 0,000389
pawel 3,506558 0,000778
pcre 3,912023 0,000868
pdf 0,139262 0,000031
pdfprintabl -0,009950 -0,000001
pdo 3,912023 0,001736
pdt 3,912023 0,000434
peachpi 3,912023 0,001736
pear 3,912023 0,000868
pecl 3,912023 0,002170
peopl 0,356675 0,000079
per 0,616186 0,000205
perforc 3,218876 0,000357
perform 0,040822 0,000091
period 0,713350 0,000158
perl 1,347074 0,001495
perman 1,272966 0,000141
permiss 1,469676 0,000326
permit 1,203973 0,000134
persist 1,386294 0,000154
person -0,009950 -0,000011
phalang 3,506558 0,001167
phalcon 2,995732 0,000665
phar 3,912023 0,000868
php -0,009950 -0,001005
phparch 3,912023 0,000434
phpbb 3,912023 0,000434
phpdbg 3,912023 0,000434
phpedit 3,912023 0,000434
phpfoo 3,912023 0,000434
phpformationnovemb 3,912023 0,000434
phpinfo 3,912023 0,000434
phpng 3,912023 0,002604
phpparadigmmulti 3,912023 0,000434
phpprocedur 3,912023 0,000434
phpstorm 3,218876 0,000714
phpswebsitephp 3,912023 0,000434
phpunit 3,912023 0,000434
pht 3,912023 0,000434
phtml 3,912023 0,000434
phusion 2,813411 0,000312
physic 0,446287 0,000050
piemont 1,427116 0,000158
pipe 2,407946 0,000534
pipp 3,912023 0,000434
place 0,356675 0,000040
plan 0,430783 0,000430
platform 0,400478 0,000533
plush 3,912023 0,000434
point 0,186330 0,000103
pointer 1,771957 0,000197
polici -0,009950 -0,000002
pontier 3,506558 0,001167
pop 1,714798 0,000190
popov 2,995732 0,001330
popular 0,400478 0,000267
port 1,272966 0,000424
portabl 1,203973 0,000267
portal 0,494296 0,000110
portalfre 3,218876 0,000357
portalrec -0,009950 -0,000001
portlet 2,995732 0,000332
posit 0,616186 0,000137
possibl 0,186330 0,000041
post 0,478036 0,000053
postgresql 2,813411 0,000312
potenti 0,371064 0,000247
power 0,261365 0,000116
ppapi 2,995732 0,000332
practic 0,186330 0,000021
prado 2,813411 0,000624
prais 2,813411 0,000312
preced 1,427116 0,000158
predecessor 2,120264 0,000235
predict 0,733969 0,000081
prefac 2,407946 0,000534
prefix 1,966113 0,000218
preload 3,218876 0,000714
prepar 1,139434 0,000126
preprocessor 2,995732 0,000997
present 0,287682 0,000064
preserv 1,309333 0,000145
press 0,210721 0,000023
prestashop 3,912023 0,000434
preval 2,040221 0,000453
previou 0,843970 0,000187
previous 0,843970 0,000094
primari 0,527633 0,000117
primarili 0,653926 0,000073
principl 0,385662 0,000043
print -0,009950 -0,000003
prior 0,891598 0,000198
privaci -0,009950 -0,000002
privat 0,634878 0,000493
problem 0,186330 0,000083
procedur 0,867501 0,000096
process 0,051293 0,000085
processor 1,021651 0,000227
processwir 2,995732 0,000332
produc 0,342490 0,000152
product 0,174353 0,000039
profession 0,673345 0,000075
profil 1,021651 0,000227
profit -0,009950 -0,000001
program 0,116534 0,000478
programm 0,693147 0,000615
progress 1,171183 0,000130
project -0,009950 -0,000022
prolifer 1,832581 0,000203
prolog 1,897120 0,000210
promis 1,078810 0,000120
promot 0,891598 0,000396
prone 2,120264 0,000235
pronskii 3,912023 0,001302
properti 0,314711 0,000559
propos 0,510826 0,000113
proprietari 1,171183 0,000520
protect 0,462035 0,000256
protocol 0,527633 0,000059
prototyp 1,386294 0,000154
provid 0,061875 0,000151
proxi 1,771957 0,000197
pseudo 2,302585 0,000511
pseudorandom 2,659260 0,000295
psgi 2,995732 0,000332
pthread 3,218876 0,001071
public 0,127833 0,000213
publish 0,105361 0,000035
pure 1,203973 0,000267
purport 3,218876 0,000357
purpos 0,248461 0,000083
push 1,203973 0,000134
python 0,916291 0,000813
qcodo 2,995732 0,000332
quercu 3,912023 0,001302
quick 1,609438 0,000357
quit 1,347074 0,000149
quot 1,049822 0,006989
rack 2,302585 0,000255
rad 3,218876 0,000357
rahmat 3,912023 0,000434
raku 2,040221 0,000226
ramat 3,912023 0,000434
rand 2,525729 0,001121
random 0,693147 0,000615
rang 0,371064 0,000082
rapid 1,203973 0,000134
rare 1,108663 0,000369
rasmu 3,506558 0,005836
rather 0,287682 0,000064
raw 1,272966 0,000141
raz 3,912023 0,000868
rbaycanca 0,248461 0,000028
rdbm 2,813411 0,000312
reach 0,755023 0,000084
react 1,832581 0,000203
read 0,162519 0,000072
readeditview 0,287682 0,000064
readonli 3,506558 0,001556
real 0,210721 0,000023
reason 0,328504 0,000036
rebrand 2,659260 0,000295
receiv 0,400478 0,000089
recent 0,562119 0,000125
reclassif 3,912023 0,000434
reclassifi 3,912023 0,000434
recogn 1,021651 0,000113
recommend 0,891598 0,000198
record 0,400478 0,000044
recoveri 1,714798 0,000190
recurs 1,514128 0,000336
redact 3,912023 0,000434
redbook 3,912023 0,000868
redirect 0,673345 0,000075
reduc 0,274437 0,000091
refactor 2,659260 0,000590
refer -0,009950 -0,000022
referenc 1,609438 0,000536
reflect 0,562119 0,000187
reflectivedesign 3,218876 0,000357
regist -0,009950 -0,000010
registri 2,120264 0,000470
reilli 1,078810 0,000359
reject 1,514128 0,000168
relai 2,207275 0,000245
relat 0,030459 0,000024
releas 0,415515 0,003458
remain 0,400478 0,000133
remot 0,776529 0,000086
remov 0,301105 0,000367
replac 0,494296 0,000165
replica 3,506558 0,000389
report 0,261365 0,000145
repositori 0,994252 0,000331
repres 0,235722 0,000078
represent 0,634878 0,000070
republicspainisraelotherelmcipyal 3,218876 0,000357
request 0,776529 0,000431
requir 0,051293 0,000046
resembl 1,771957 0,000197
reserv 1,272966 0,000141
reset 2,525729 0,000560
resourc 0,248461 0,000193
respect 0,544727 0,000060
respons 0,415515 0,000184
rest 1,049822 0,000233
restrict 0,755023 0,000084
result 0,139262 0,000201
retain 1,832581 0,000203
retham 3,912023 0,000434
retriev -0,009950 -0,000312
retrospect 2,659260 0,000295
return 0,510826 0,001304
reus 1,832581 0,000203
reveal 1,203973 0,000134
review 0,314711 0,000070
revis 1,021651 0,000113
revolut 1,272966 0,000141
rework 2,813411 0,000312
rewrit 1,560648 0,000173
rewritten 1,966113 0,000218
rewrot 3,506558 0,000778
rfc 1,714798 0,019406
rich 1,309333 0,000291
right 0,314711 0,000070
rkmen 1,966113 0,000218
roa 2,813411 0,000312
road 1,272966 0,000141
rock 2,120264 0,000235
role 0,527633 0,000059
rom 0,616186 0,000068
roman 1,660731 0,000553
room 1,832581 0,000203
root 0,733969 0,000081
roslyn 3,506558 0,000389
rout 1,108663 0,000123
rowest 3,912023 0,000434
rubi 1,347074 0,000598
rule 0,510826 0,000057
run 0,248461 0,000193
runa 0,916291 0,000102
runtim 1,309333 0,001743
russian 1,609438 0,000357
rust 1,427116 0,000158
sa 1,347074 0,000149
safe 0,916291 0,000102
safeti -0,009950 -0,000002
sai 0,616186 0,000068
said 0,755023 0,000168
salari 2,659260 0,000295
sam 1,347074 0,000299
sampl 1,171183 0,000260
sandwich 3,506558 0,000389
saner 3,912023 0,002170
santa 2,659260 0,000295
sapi 3,506558 0,005058
sara 2,995732 0,000332
saramg 3,912023 0,000434
sascha 3,218876 0,000357
sasturianuaz 2,525729 0,000280
scalar 2,525729 0,001962
scenario 1,139434 0,000126
scgi 2,995732 0,000332
scheme 1,171183 0,000130
scherzer 3,912023 0,000868
schumann 3,912023 0,000434
scienc 0,274437 0,000244
scientif 0,673345 0,000149
scissor 3,912023 0,000434
sco 2,813411 0,000312
scope 0,891598 0,000099
scratch 1,771957 0,000197
script 0,916291 0,002948
sdk 2,407946 0,001336
sean 1,609438 0,000179
search -0,009950 -0,000007
second 0,328504 0,000073
secret 1,560648 0,000173
section 0,446287 0,000149
secur 0,274437 0,000883
see -0,009950 -0,000004
seed 2,120264 0,000235
seek 1,021651 0,000113
seen 0,776529 0,000086
seiler 3,912023 0,000434
select 0,371064 0,000041
self 0,478036 0,000106
semant 0,891598 0,000692
semicolon 2,207275 0,000245
senior 1,714798 0,000190
sensit 1,078810 0,000239
sensitiveparamet 3,912023 0,000434
separ 0,400478 0,000089
septemb 0,150823 0,000100
seri 0,328504 0,000036
serial 2,120264 0,000470
seriou 1,832581 0,000407
serv 0,713350 0,000237
server 0,597837 0,003317
servic 0,210721 0,000070
servlet 2,525729 0,000280
session 1,469676 0,000652
set 0,051293 0,000057
sever 0,072571 0,000056
shane 2,659260 0,000295
shape 1,078810 0,000120
share 0,301105 0,000367
sharealik -0,009950 -0,000001
sharma 2,995732 0,000332
shell 1,049822 0,000233
shelv 2,813411 0,000312
shift 1,021651 0,000227
short -0,009950 -0,000010
shortag 2,302585 0,000511
shorten -0,009950 -0,000002
shorter 1,714798 0,000381
shorthand 2,813411 0,000624
show 0,400478 0,000044
shqip 1,966113 0,000218
side 0,579818 0,000772
sidebar -0,009950 -0,000004
sidebrows 2,995732 0,000332
sideprotocol 2,995732 0,000332
sidewai 3,912023 0,000434
sign 0,916291 0,000203
signatur 1,560648 0,000346
signific 0,261365 0,000145
silverstrip 2,995732 0,001330
simi 0,755023 0,000084
similar 0,150823 0,000134
simpl 0,150823 0,000084
simpler 1,832581 0,000610
simpli 0,733969 0,000081
simplifi 0,820981 0,000182
simula 2,040221 0,000226
sinc 0,139262 0,000232
singl 0,127833 0,000043
sister 1,386294 0,000461
site -0,009950 -0,000002
situat 0,776529 0,000086
size 0,342490 0,000038
skip 2,407946 0,000267
sleepycat 2,995732 0,000332
slenskaitaliano 0,562119 0,000062
slide 2,040221 0,000453
small 0,314711 0,000070
smaller 0,994252 0,000221
smalltalk 1,714798 0,000190
snuffleupagu 3,912023 0,000868
softwar 0,127833 0,000482
softwaredynam 3,506558 0,000389
softwarefre 2,207275 0,000245
softwaregener 2,995732 0,000332
softwarepackag 2,995732 0,000332
solut 0,478036 0,000106
solv 0,820981 0,000091
sometim 0,301105 0,000100
sorri 3,506558 0,000389
sourc 0,094311 0,000398
sovereign 2,525729 0,000560
spaceship 3,506558 0,001167
special 0,235722 0,000052
specif 0,051293 0,000046
specifi 0,446287 0,000099
speech 1,469676 0,000163
speed 0,941609 0,000313
spl 3,218876 0,000714
split 1,139434 0,000379
spoken 2,302585 0,000255
sponsor 1,714798 0,000190
sqaraqalpaqsha 1,386294 0,000154
sql 1,171183 0,000520
sqlite 2,813411 0,000624
squid 2,995732 0,000332
srpskisrpskohrvatski 0,510826 0,000057
sse 2,813411 0,000312
stabilis 3,912023 0,000434
stabl 0,867501 0,000192
stack 0,843970 0,000375
stage 1,139434 0,000126
stand 1,078810 0,000479
standalon 2,525729 0,000841
standard 0,094311 0,000146
standardphplibrari 3,912023 0,000434
start 0,261365 0,000087
state 0,083382 0,000019
statement -0,009950 -0,000011
statementsarticl 0,544727 0,000060
statementspag 3,218876 0,000357
statesfrancebnf 0,510826 0,000057
static 1,272966 0,001412
statist -0,009950 -0,000010
statu 0,693147 0,000077
statusc 3,506558 0,000389
stdio 3,218876 0,000357
step 0,713350 0,000079
stig 3,912023 0,000434
still 0,342490 0,000114
stipul 2,813411 0,000312
stitcher 3,912023 0,000868
stogov 3,912023 0,001302
stop 0,967584 0,000107
storag 0,430783 0,000048
store 0,356675 0,000198
stori 1,237874 0,000137
str 2,813411 0,000312
strcmp 3,912023 0,000434
strict 1,609438 0,000179
stricter 2,813411 0,000936
string 1,049822 0,004892
strtolow 3,912023 0,000868
structur 0,139262 0,000077
student 1,049822 0,000815
studi 0,314711 0,000140
studio 1,609438 0,000179
style 0,941609 0,000209
subject 0,478036 0,000053
subsect 0,020203 0,000009
subsequ 0,916291 0,000102
substanti 1,237874 0,000275
substr 3,506558 0,000389
subtract 2,525729 0,000280
succeed 2,659260 0,000295
success 0,494296 0,000055
successor 1,897120 0,000210
suggest 0,820981 0,000091
suhosin 3,912023 0,000434
suit 0,891598 0,000396
sun 1,237874 0,000275
suomisvenskatagalog 1,171183 0,000130
superglob 3,912023 0,000434
supplement 2,302585 0,000255
suppli 0,994252 0,000110
support 0,150823 0,000904
suraski 3,912023 0,002604
surpris 2,525729 0,000280
surround 1,514128 0,000168
survei 0,462035 0,000051
svg 2,525729 0,000280
swift 1,386294 0,000154
switch 0,916291 0,000102
symbol 1,078810 0,000120
symfoni 2,813411 0,000936
synonym 1,966113 0,000218
syntax 1,171183 0,004678
synthesi 1,714798 0,000190
system 0,010050 0,000022
tabl -0,009950 -0,000007
tag 1,309333 0,000581
taint 3,506558 0,001167
take 0,210721 0,000023
talk 1,108663 0,000246
tall 3,218876 0,000357
taqbaylit 1,897120 0,000210
task 0,415515 0,000092
tcl 2,525729 0,000280
teach 1,469676 0,000652
teacher 2,813411 0,002185
teachingcours 3,912023 0,000868
team 0,634878 0,000282
tech 0,843970 0,000843
technic 0,478036 0,000106
techniqu 0,385662 0,000043
technolog 0,116534 0,000181
televis 1,514128 0,000168
templat 0,301105 0,000067
ten 1,347074 0,000149
term -0,009950 -0,000010
termin 0,941609 0,000104
terminologyobject 3,912023 0,000434
ternari 3,218876 0,000357
test 0,248461 0,000110
text -0,009950 -0,000007
thank 2,207275 0,000245
thankyou 3,912023 0,000434
thephp 3,912023 0,000868
therefor 0,478036 0,000053
theregist 2,995732 0,000332
theserverpag 3,912023 0,000434
thi 3,912023 0,000434
thin 2,207275 0,000245
third 0,342490 0,000038
thoma 0,527633 0,000059
though 0,544727 0,000242
thread 1,386294 0,000154
three 0,287682 0,000223
throughout 1,078810 0,000120
throw 2,659260 0,001180
thu 0,314711 0,000035
tidewai 3,912023 0,000434
tight 2,995732 0,000332
tim 0,867501 0,000192
time 0,000000 0,000000
timelin 0,733969 0,000244
tinacymraegdanskdeutscheesti 2,302585 0,000255
titl -0,009950 -0,000004
tivoiz 2,995732 0,000332
todo 3,506558 0,001945
togeth 0,579818 0,000064
toggl -0,009950 -0,000007
toi 2,207275 0,000245
tool -0,009950 -0,000017
toolkit 1,427116 0,000158
top -0,009950 -0,000002
topic -0,009950 -0,000006
total 0,673345 0,000149
toward 0,713350 0,000158
trachtenberg 3,912023 0,000434
trademark -0,009950 -0,000001
traffic 1,272966 0,000141
train 0,967584 0,000107
trait 2,302585 0,001533
transfer 0,544727 0,000060
transform 0,544727 0,000121
transit 1,171183 0,000130
translat 0,798508 0,000266
transpar 1,237874 0,000412
travers 2,207275 0,000735
treat 0,967584 0,000322
tree 0,693147 0,000077
trend 0,733969 0,000081
trojan 2,407946 0,000267
true 0,776529 0,000603
trust 0,820981 0,000091
tschpolskiportugu 1,832581 0,000203
tune 2,207275 0,000245
tweak 3,506558 0,000778
tweet 2,995732 0,000332
twitter 1,660731 0,000369
two 0,083382 0,000102
type 0,051293 0,000541
typeerror 3,912023 0,000434
typehint 3,912023 0,000434
typic 0,186330 0,000021
typo 2,995732 0,001330
tyson 3,912023 0,000434
tzebuergeschlietuvi 1,514128 0,000168
ucfirst 3,912023 0,000434
ugli 3,506558 0,000389
unbundl 3,912023 0,000434
under -0,009950 -0,000010
underli 0,693147 0,000077
understand 0,342490 0,000038
understood 1,469676 0,000163
unfit 1,609438 0,000179
unicod 1,832581 0,002847
uniform 1,347074 0,000299
uniniti 2,995732 0,000332
union 0,994252 0,000441
unit 0,248461 0,000028
univers 0,139262 0,000015
unix 1,469676 0,000163
unless 1,237874 0,000137
unlicens 2,525729 0,000280
unlik 0,653926 0,000073
unmaintain 3,506558 0,000778
unoffici 1,966113 0,000218
unpack 2,659260 0,000295
unregist 2,995732 0,000332
unsign 2,525729 0,000280
unsourc 0,446287 0,000149
unsupport 2,302585 0,006387
unsupportedsupportedlatest 3,218876 0,000357
until 0,510826 0,000057
unusu 2,120264 0,000235
updat 0,342490 0,000228
upload 1,771957 0,000590
uppercas 2,995732 0,000332
url 1,203973 0,000534
urlc 2,120264 0,000235
urldownload -0,009950 -0,000001
usag 0,579818 0,000836
usenet 2,659260 0,000295
usenix 1,966113 0,000436
user 0,274437 0,000670
usernam 2,407946 0,000267
usual 0,198451 0,000044
utc -0,009950 -0,000001
utf 2,207275 0,000490
valid 0,616186 0,000342
valu 0,162519 0,000343
var 1,966113 0,000436
variabl 0,494296 0,001536
variad 3,506558 0,000389
varianc 1,660731 0,000184
variat 0,994252 0,000110
varieti 0,616186 0,000137
variou 0,223144 0,000198
verif 0,733969 0,000081
verificationwikipedia 3,506558 0,000389
version -0,009950 -0,000064
versionfutur 3,218876 0,000357
versionpreview 3,218876 0,000357
versu 1,347074 0,000149
via 0,186330 0,000083
video 0,597837 0,000133
view -0,009950 -0,000002
vincent 1,771957 0,000590
vinit 3,912023 0,000434
virtual 0,462035 0,000256
visibl 1,021651 0,000793
visual 0,562119 0,000062
vlamswinaraywolof 3,218876 0,000357
void 2,207275 0,000735
vote 1,514128 0,000672
vtefre 2,995732 0,000332
vtephppeopl 3,912023 0,000434
vteprogram 2,040221 0,000226
vteweb 1,966113 0,000218
vulner 0,994252 0,001324
vy 3,506558 0,000389
wai 0,105361 0,000164
walk 2,120264 0,000235
walker 2,525729 0,000280
wamp 3,912023 0,000434
want 0,820981 0,000091
warn 1,272966 0,000141
watch 1,237874 0,000412
wddx 3,912023 0,000868
weak 1,660731 0,000553
weakref 3,912023 0,000434
web 0,342490 0,002546
webassembl 1,660731 0,000184
webauthn 2,407946 0,000267
webcl 2,813411 0,000312
webdav 2,995732 0,000332
webgl 2,407946 0,000267
webgpu 2,407946 0,000267
webhook 2,813411 0,000312
webhost 3,912023 0,000434
webrtc 2,407946 0,000267
websit 0,527633 0,000820
websitehttp 3,912023 0,000434
websocket 2,207275 0,000490
webusb 2,995732 0,000332
webxr 2,525729 0,000280
welcom 1,966113 0,000218
well 0,051293 0,000034
what -0,009950 -0,000015
whether 0,400478 0,000133
which 0,000000 0,000000
while 0,051293 0,000063
white 1,108663 0,000123
whitespac 2,207275 0,000245
who 0,301105 0,000033
whole 0,916291 0,000203
wide 0,210721 0,000117
widen 2,659260 0,000295
widget 2,525729 0,000280
wiki 1,427116 0,011400
wikibook 1,386294 0,000154
wikibooksresourc 1,660731 0,000184
wikidata 0,562119 0,000062
wikidataal 2,207275 0,000245
wikidataarticl 1,171183 0,000130
wikimedia -0,009950 -0,000002
wikipedia -0,009950 -0,000008
wikipediacontact -0,009950 -0,000001
wikiversitydocument 3,506558 0,000389
window 0,891598 0,001682
winstead 3,912023 0,000434
wireless 1,078810 0,000120
within 0,116534 0,000065
without 0,094311 0,000031
woa 2,995732 0,000332
won 1,469676 0,000163
wonder 2,995732 0,000332
word 0,446287 0,000050
wordpress 2,407946 0,001603
work 0,030459 0,000041
worker 1,427116 0,000158
world 0,139262 0,000077
wrap 2,120264 0,000470
wrapper 2,407946 0,000267
write 0,527633 0,000644
written 0,287682 0,000223
wrote 1,078810 0,000120
wsgi 2,813411 0,000624
wsrp 2,995732 0,000332
wtfpl 2,995732 0,000332
wwphp 3,912023 0,000434
www 0,356675 0,000277
wxphp 3,912023 0,000434
xampp 3,912023 0,000434
xbap 2,995732 0,000332
xhtml 2,813411 0,000312
xinchen 3,912023 0,000434
xml 1,203973 0,000534
xmlhttprequest 2,407946 0,000267
xoop 2,995732 0,000332
xpconnect 2,995732 0,000332
yahoo 1,832581 0,000203
year 0,162519 0,000397
yearli 2,525729 0,000280
yearsold 3,912023 0,001302
yet 0,891598 0,000099
yii 2,995732 0,000665
zbekcha 0,462035 0,000051
zeev 3,912023 0,002170
zend 3,506558 0,018286
zendengin 3,912023 0,000434
zephir 3,912023 0,001302
zero 0,693147 0,000385
zlib 2,813411 0,000312
zlicensephp 3,912023 0,000434
zmievski 3,912023 0,001736
zone 2,302585 0,000255
zpp 3,506558 0,000389
zval 3,912023 0,000868
