abil 0,562119 0,000123
abramov 3,912023 0,002563
accept 0,634878 0,000139
acceptcharset 3,912023 0,000854
access 0,127833 0,000056
accident 1,771957 0,000774
accomplish 1,771957 0,001161
accord 0,287682 0,000063
account -0,009950 -0,000007
acdlit 3,912023 0,000854
acquisit 1,203973 0,000526
act 0,713350 0,000312
action -0,009950 -0,000033
actionscript 2,813411 0,000614
activ 0,356675 0,000078
actual 0,597837 0,000261
ad 0,198451 0,000867
adam 1,203973 0,000526
add -0,009950 -0,000067
addit -0,009950 -0,000015
addon 3,506558 0,003829
address 0,342490 0,000150
adher 1,660731 0,000363
adopt 0,415515 0,000181
advantag 0,693147 0,000151
affair 1,966113 0,000429
affili 2,659260 0,002904
afia 3,912023 0,000854
again 1,078810 0,000236
against 0,462035 0,000303
agent 0,733969 0,000160
aggarw 3,506558 0,000766
ago 0,967584 0,000634
agre -0,009950 -0,000002
aida 3,218876 0,000703
aim 0,634878 0,000139
aisgalego 1,309333 0,000286
ajax 1,832581 0,000800
alan 1,049822 0,000229
alex 1,469676 0,000321
alexandr 2,995732 0,000654
alexandrescu 3,912023 0,000854
algorithm 0,462035 0,000303
alleg 2,407946 0,001052
allow 0,061875 0,000149
along 0,462035 0,000101
alter 1,469676 0,000321
altern 0,342490 0,000075
although 0,287682 0,000126
ambigu 1,386294 0,000303
amd 2,813411 0,000614
amp -0,009950 -0,000011
analog 1,021651 0,000223
analysi 0,186330 0,000041
analytica 3,912023 0,000854
andr 2,120264 0,000463
andreessen 3,218876 0,000703
andrei 2,525729 0,000552
andrew 0,820981 0,000538
android 1,272966 0,000556
angelo 3,506558 0,000766
angular 2,207275 0,001928
angularj 2,525729 0,001655
ani 0,083382 0,000473
anim 1,021651 0,000446
announc 0,733969 0,001122
anoth 0,127833 0,000112
anyon 1,386294 0,000303
anywher 1,560648 0,000341
apach 1,386294 0,003028
api 0,798508 0,003488
app 1,021651 0,001562
appear -0,009950 -0,000007
appfus 2,995732 0,000654
appjet 3,218876 0,000703
appli -0,009950 -0,000009
applic 0,030459 0,000093
applicationshidden 3,912023 0,000854
april 0,072571 0,000285
aquila 3,506558 0,000766
architectur 0,400478 0,000700
archiv 0,040822 0,000508
argument 1,171183 0,000256
aris 1,469676 0,000642
arnold 2,407946 0,000526
arrang 1,560648 0,000341
arrayof 3,912023 0,000854
arriaga 3,912023 0,000854
articl 0,000000 0,000000
articleabout -0,009950 -0,000002
articletalk -0,009950 -0,000002
asantewaa 3,912023 0,000854
asar 3,912023 0,000854
asf 3,912023 0,000854
ask 0,867501 0,000189
asm 2,659260 0,000581
asp 2,040221 0,000446
aspect 0,616186 0,000135
assert 1,514128 0,001323
assign 0,798508 0,000349
associ 0,127833 0,000028
aswad 3,912023 0,000854
async 2,813411 0,001843
asynchron 2,040221 0,001782
atishai 3,912023 0,000854
atla 2,525729 0,000552
attach 1,514128 0,000331
attack 0,867501 0,000189
attempt 0,478036 0,000209
attribut -0,009950 -0,000022
audienc 2,659260 0,000581
audio 0,891598 0,000195
aug 2,659260 0,000581
august 0,162519 0,000142
austin 2,207275 0,000482
author 0,040822 0,000009
authorjordan 3,912023 0,000854
autobind 3,912023 0,000854
autocorrect 3,912023 0,000854
automat 0,462035 0,000404
avail -0,009950 -0,000009
avoid 0,579818 0,000253
awai 1,139434 0,000249
await 2,525729 0,000552
back 0,462035 0,000202
backbon 2,407946 0,002103
backport 2,995732 0,001308
bahasa 0,186330 0,000041
ban 1,897120 0,000414
barra 3,506558 0,000766
base 0,010050 0,000011
basic 0,198451 0,000087
batch 1,771957 0,001548
batchedupd 3,912023 0,001709
bayuni 3,912023 0,000854
beacon 2,659260 0,001162
becaus 0,127833 0,000084
becom 0,274437 0,000060
behav 1,427116 0,000312
behavior 0,342490 0,000224
beyond 0,713350 0,000467
bfc 3,218876 0,000703
bibliographi 1,966113 0,000859
bidirect 2,813411 0,000614
bill 0,776529 0,000170
billionair 3,506558 0,000766
blake 2,659260 0,000581
blaze 2,525729 0,000552
blazor 2,995732 0,000654
bleepingcomput 3,506558 0,000766
blog 0,713350 0,001091
bluebream 2,995732 0,000654
bluetooth 2,302585 0,000503
board 0,843970 0,000553
boardcurr 3,912023 0,000854
bokm 0,127833 0,000028
bolt 2,207275 0,000482
book 0,210721 0,000138
boost 1,660731 0,000363
bosworth 3,912023 0,000854
botero 3,912023 0,000854
boundari 1,427116 0,000623
bower 2,813411 0,000614
box 0,843970 0,000184
boycott 3,506558 0,000766
break 0,733969 0,000160
brendan 2,407946 0,000526
bret 3,506558 0,000766
broad 1,203973 0,000263
broken 1,660731 0,000363
browser 1,021651 0,002231
browserifi 3,912023 0,000854
bsd 1,832581 0,000400
buck 3,506558 0,000766
bug 1,171183 0,001535
build 0,274437 0,000659
built 0,462035 0,000303
bun 2,995732 0,000654
bundl 1,514128 0,000331
busi 0,287682 0,000126
button 2,040221 0,001337
cach 1,386294 0,000303
caja 3,218876 0,000703
cakephp 2,995732 0,000654
call 0,030459 0,000126
callback 2,659260 0,001162
calypso 3,912023 0,000854
cambridg 0,755023 0,000165
cannot 0,314711 0,000137
canva 2,525729 0,000552
cappuccino 3,218876 0,000703
carakan 3,218876 0,000703
careless 2,813411 0,000614
carmack 3,506558 0,000766
carozza 3,912023 0,000854
case 0,083382 0,000036
cassandra 3,218876 0,000703
catal 0,094311 0,000021
catalina 3,506558 0,000766
catalyst 2,813411 0,000614
catch 1,966113 0,000429
categori -0,009950 -0,000004
caus 0,430783 0,000094
censorship 2,659260 0,000581
central 0,478036 0,000104
ceo 1,714798 0,000374
chair 2,525729 0,003310
chairman 2,659260 0,000581
chakra 2,813411 0,000614
chakracor 2,995732 0,000654
chalabi 3,912023 0,000854
challeng 0,400478 0,000087
chamath 3,912023 0,000854
chan 2,120264 0,000926
chang 0,051293 0,000202
changelog 2,525729 0,000552
changesupload -0,009950 -0,000004
channel 1,049822 0,000229
chapter 0,891598 0,000195
characterist 0,843970 0,000184
charli 2,302585 0,000503
chart 1,309333 0,000286
check 0,634878 0,000139
cheever 3,912023 0,000854
chen 1,309333 0,000286
cherin 3,912023 0,000854
cherrypi 2,995732 0,000654
chief 1,609438 0,001406
child 1,771957 0,000387
childcompon 3,912023 0,000854
choic 0,755023 0,000165
chri 0,994252 0,000869
chrome 1,966113 0,000429
chunk 2,302585 0,000503
citat 0,248461 0,000109
cite 0,597837 0,000261
civic 2,995732 0,000654
claim 0,634878 0,000832
clark 1,514128 0,000331
class 0,446287 0,001170
classid 3,912023 0,000854
classset 3,912023 0,000854
claus 2,040221 0,001782
cleanup 2,302585 0,000503
clear 1,049822 0,000688
clegg 3,912023 0,000854
click 1,714798 0,000749
client 0,713350 0,001402
close 0,356675 0,000078
closur 1,771957 0,000774
code -0,009950 -0,000037
codecademi 3,912023 0,000854
codeignit 2,995732 0,000654
cohler 3,912023 0,000854
col 3,218876 0,000703
coldbox 3,218876 0,000703
coldfus 2,995732 0,000654
collison 3,912023 0,000854
color 1,609438 0,001054
com 0,150823 0,000198
come 0,356675 0,000078
command 0,891598 0,000195
comment 1,049822 0,000229
commiss 1,309333 0,000286
common -0,009950 -0,000013
commonj 2,813411 0,000614
commonli 0,342490 0,000299
commonswikidata 1,171183 0,000256
commun 0,139262 0,000122
communityiniti 3,912023 0,000854
compani 0,342490 0,000299
compar 0,342490 0,000075
comparison 0,371064 0,000405
compat 0,693147 0,000151
compel 3,218876 0,000703
compil 0,755023 0,000330
complet 0,223144 0,000097
complex 0,186330 0,000041
complic 1,427116 0,000312
compon 0,261365 0,004395
componentdidmount 3,912023 0,000854
componentdidupd 3,912023 0,000854
componentwillunmount 3,912023 0,000854
composit 1,386294 0,000303
comput 0,020203 0,000009
concept 0,198451 0,000260
concern 0,597837 0,000392
concurr 0,994252 0,000869
concurrentmod 3,912023 0,000854
condit 0,579818 0,000127
conduct -0,009950 -0,000002
conf 2,407946 0,001052
confer 0,274437 0,000060
configur 0,798508 0,000174
connect 0,430783 0,000188
consid 0,274437 0,000300
consist 0,301105 0,000132
const 2,407946 0,001052
consum 0,653926 0,000143
contact -0,009950 -0,000004
contain 0,162519 0,000106
content -0,009950 -0,000011
context 0,446287 0,000292
contexttyp 3,912023 0,000854
continu 0,174353 0,000038
contrast 0,891598 0,000389
contribut -0,009950 -0,000002
contributori 3,506558 0,001532
control 0,020203 0,000018
controversi 1,171183 0,000256
convert 1,049822 0,000229
coo 3,912023 0,000854
cooki -0,009950 -0,000002
core 0,579818 0,000380
corpor 0,562119 0,000368
correspond 0,798508 0,000174
counsel 2,813411 0,000614
count 0,916291 0,000800
counterclaim 3,506558 0,000766
cox 2,302585 0,000503
cpo 3,912023 0,000854
cppcm 3,218876 0,000703
crash 1,560648 0,000682
creat -0,009950 -0,000028
createclass 3,912023 0,002563
createel 3,912023 0,000854
createfrag 3,912023 0,000854
createroot 3,912023 0,002563
createsyncroot 3,912023 0,001709
creativ -0,009950 -0,000002
credit 0,867501 0,000189
critic 0,385662 0,000253
crockford 2,659260 0,000581
cross 0,562119 0,000123
crossorigin 3,912023 0,000854
css 1,897120 0,001657
cssfloat 3,912023 0,000854
cto 3,506558 0,001532
cubicweb 2,995732 0,000654
current 0,210721 0,000046
custom 0,544727 0,000238
cve 2,525729 0,004413
cvss 3,912023 0,002563
dad 3,506558 0,000766
dan 0,916291 0,000600
dana 2,407946 0,000526
dancer 3,218876 0,000703
data 0,030459 0,000086
databas 0,072571 0,000079
date 0,210721 0,000092
david 0,385662 0,000168
dawson 2,813411 0,000614
dean 2,525729 0,000552
debat 1,272966 0,000278
decemb 0,061875 0,000176
decid 0,867501 0,000189
declar 1,108663 0,001695
defer 2,407946 0,000526
defin 0,116534 0,000025
definit 0,186330 0,000041
deleg 1,966113 0,000429
demand 0,820981 0,000179
denial 2,040221 0,001337
deno 2,813411 0,000614
depend 0,105361 0,000092
deploi 1,108663 0,000242
deprec 1,660731 0,002539
depth 1,427116 0,000312
dere 3,912023 0,001709
describ 0,174353 0,000114
descript -0,009950 -0,000004
descriptionshort 0,000000 0,000000
descriptor 2,813411 0,000614
design 0,040822 0,000018
detail 0,510826 0,000558
detect 0,755023 0,000165
determin 0,342490 0,000150
dev 1,514128 0,002976
develop -0,009950 -0,000056
devic 0,634878 0,000139
devlan 3,912023 0,000854
devtool 2,995732 0,001308
dhtml 2,302585 0,000503
diff 2,995732 0,000654
differ 0,010050 0,000002
dina 2,995732 0,000654
diplomaci 3,912023 0,000854
direct 0,261365 0,000171
directli 0,415515 0,000272
director 1,660731 0,001088
disclaim -0,009950 -0,000002
disclos 2,407946 0,000526
discontinu 1,514128 0,000331
discuss 0,494296 0,000108
dismiss 2,302585 0,000503
dispatch 2,407946 0,001578
displai 0,755023 0,000330
dist 3,218876 0,000703
ditch 2,813411 0,000614
div 2,659260 0,003485
django 2,995732 0,000654
dnn 3,218876 0,000703
doc 1,139434 0,000498
document 0,328504 0,000646
documentari 2,813411 0,000614
dojo 2,995732 0,001963
dom 1,560648 0,010566
domin 1,021651 0,000223
donat -0,009950 -0,000007
done 0,653926 0,000143
donor 2,659260 0,000581
dougla 1,237874 0,000270
down 0,597837 0,000392
download -0,009950 -0,000007
downstream 2,813411 0,001229
draft 1,427116 0,000312
draw 0,994252 0,000217
drew 2,407946 0,000526
driven 0,867501 0,000189
drogon 3,218876 0,000703
drone 2,659260 0,000581
drop 0,994252 0,000217
drupal 2,995732 0,000654
duguid 3,506558 0,000766
dustin 3,912023 0,000854
dynam 0,342490 0,000224
earli 0,301105 0,000066
ebersman 3,912023 0,000854
echo 1,897120 0,000414
ecma 2,525729 0,000552
ecosystem 1,108663 0,000242
edg 0,820981 0,000538
edgerank 3,912023 0,000854
edit -0,009950 -0,000056
editcommun -0,009950 -0,000002
eduardo 2,525729 0,000552
effect 0,274437 0,000240
effici 0,287682 0,000063
eich 2,659260 0,000581
element 0,301105 0,000460
elixir 1,771957 0,000387
elkann 3,912023 0,000854
elliot 3,506558 0,000766
elsewher 2,040221 0,000446
ember 2,525729 0,001655
emerg 0,527633 0,000115
emi 3,912023 0,000854
empow 2,302585 0,000503
enabl 0,274437 0,000180
encyclopedia -0,009950 -0,000002
end 0,186330 0,000041
endclient 3,218876 0,000703
endi 3,912023 0,000854
endserv 3,218876 0,000703
enforc 0,916291 0,000200
engin 0,061875 0,000054
english -0,009950 -0,000002
ensur 0,713350 0,000312
entir 0,597837 0,000131
entiti 0,843970 0,000184
equiti 1,771957 0,000387
erlang 1,714798 0,000374
error 0,430783 0,000847
especi 0,415515 0,000091
esprima 3,912023 0,000854
estim 0,820981 0,000179
evelyn 2,813411 0,000614
event 0,356675 0,000935
eventlisten 3,912023 0,000854
eventsrandom -0,009950 -0,000002
exampl 0,020203 0,000026
excess 1,386294 0,000303
exclus 1,272966 0,000278
execut 0,356675 0,000389
executiveofficerscurr 3,912023 0,000854
exercis 2,120264 0,000463
experiment 0,916291 0,000400
explain 0,798508 0,000174
exploit 1,078810 0,000236
explor 0,820981 0,000179
export -0,009950 -0,000002
exposur 1,560648 0,001022
express 0,544727 0,000595
ext 2,813411 0,001229
extend 0,385662 0,000084
extens 0,342490 0,000150
extern 0,030459 0,000013
extra 1,609438 0,000703
face 1,021651 0,000446
facebook 1,560648 0,013974
factori 1,514128 0,000661
failur 1,021651 0,000223
fallback 3,506558 0,001532
fals 1,237874 0,000270
familiar 1,609438 0,000351
fan 1,832581 0,000400
fastapi 2,995732 0,000654
faster 0,994252 0,000217
fastifi 2,813411 0,000614
fat 1,966113 0,000429
favor 1,139434 0,000498
faxj 3,912023 0,000854
fear 1,966113 0,000429
featur 0,210721 0,000736
februari 0,061875 0,000135
feder 1,021651 0,000223
feed 1,966113 0,000859
feedback 1,309333 0,000286
felton 3,912023 0,000854
fenerec 3,912023 0,000854
fetch 1,966113 0,000429
fetchmessagefromdb 3,912023 0,000854
fiber 2,040221 0,004456
field 0,314711 0,000344
file 0,446287 0,000292
fileperman -0,009950 -0,000002
filespeci -0,009950 -0,000002
filter 1,108663 0,000242
financi 0,776529 0,000170
find 0,371064 0,000081
finddomnod 3,912023 0,000854
fire 1,560648 0,001022
firefox 1,771957 0,000387
first 0,020203 0,000018
fix 0,385662 0,003032
flask 2,995732 0,000654
flaw 1,469676 0,000321
fledg 2,995732 0,000654
flow 0,430783 0,000941
flux 2,302585 0,005029
focu 0,755023 0,000165
follow 0,072571 0,000111
forc 0,597837 0,000131
form 0,072571 0,000048
former 1,049822 0,000917
formerli 1,309333 0,001144
formermemb 3,912023 0,000854
forward 0,941609 0,000206
found 0,274437 0,000060
foundat -0,009950 -0,000020
fql 3,912023 0,000854
fralei 3,912023 0,000854
frame 1,560648 0,000341
framework 0,287682 0,000754
frameworkscli 3,218876 0,000703
fran 0,223144 0,000049
franc 1,427116 0,000312
freder 2,302585 0,000503
free -0,009950 -0,000011
freecodecamp 3,506558 0,001532
friend 2,040221 0,000446
friendfe 3,912023 0,000854
friendli 1,386294 0,000303
front 1,078810 0,000471
fuelphp 2,995732 0,000654
full 0,371064 0,000162
fulli 0,616186 0,000135
function 0,030459 0,000146
fusion 1,514128 0,000331
futhark 3,218876 0,000703
futur 0,235722 0,000103
game 0,478036 0,000104
gate 1,660731 0,000363
gather 1,469676 0,000321
gatsbi 3,912023 0,000854
geeksforgeek 2,525729 0,000552
gener -0,009950 -0,000009
georg 0,843970 0,000184
germonkei 3,218876 0,000703
getdefaultprop 3,912023 0,000854
getderivedstatefromprop 3,912023 0,000854
getinitialst 3,912023 0,000854
getlastmeasur 3,912023 0,000854
gideon 3,218876 0,000703
giphi 3,912023 0,000854
github 1,078810 0,002120
glanc 3,506558 0,000766
gleit 3,912023 0,000854
global 0,446287 0,000390
glossari 0,867501 0,000189
gnd 2,659260 0,000581
googl 0,579818 0,000253
gracefulli 3,506558 0,000766
gradual 1,560648 0,000341
graduat 1,660731 0,000363
grai 2,120264 0,000463
grail 2,813411 0,001229
grant 1,139434 0,001244
graph 0,967584 0,000634
grav 2,995732 0,000654
great 0,941609 0,000411
green 0,916291 0,000400
grid 1,660731 0,000363
gridcolumn 3,912023 0,000854
gridrow 3,912023 0,000854
grok 2,207275 0,000482
groovi 2,407946 0,000526
group 0,186330 0,000041
growth 0,733969 0,000321
guid 0,287682 0,000126
gutenberg 3,506558 0,000766
gwt 2,813411 0,000614
gyroscop 2,525729 0,000552
haaga 3,912023 0,000854
hack 1,203973 0,000526
hacker 1,309333 0,000286
handl 0,415515 0,000726
handlebar 3,506558 0,000766
handler 2,207275 0,000964
hardwar 0,579818 0,000127
haskel 1,514128 0,000331
haugen 3,912023 0,000854
hax 2,813411 0,000614
head 0,867501 0,000568
heck 3,506558 0,000766
hell 2,995732 0,000654
help 0,174353 0,000152
helper 2,302585 0,000503
helplearn -0,009950 -0,000002
hemel 3,912023 0,000854
hererel -0,009950 -0,000002
hereund 3,912023 0,001709
heurist 1,966113 0,000429
hhvm 3,506558 0,000766
hide -0,009950 -0,000009
highest 1,514128 0,000331
hiphop 3,506558 0,000766
histori -0,009950 -0,000020
hive 3,218876 0,000703
hock 3,912023 0,000854
hold 0,579818 0,000127
home 0,616186 0,000135
honeypot 3,218876 0,000703
hook 1,966113 0,017604
hord 2,995732 0,000654
horizon 1,714798 0,000374
hotz 3,912023 0,000854
houston 2,813411 0,000614
howev 0,094311 0,000021
hreflang 3,506558 0,000766
htc 3,506558 0,000766
html 1,078810 0,003063
htmx 2,995732 0,000654
http -0,009950 -0,000007
hugh 1,714798 0,000374
hugo 2,995732 0,000654
hunt 2,302585 0,000503
hunzak 3,912023 0,000854
hydrat 2,525729 0,003310
hyperlaps 3,912023 0,000854
icefac 3,218876 0,000703
ident 0,820981 0,000179
idiom 2,995732 0,001963
ignor 1,078810 0,000236
ignoredwebarch 3,506558 0,000766
igtv 3,912023 0,000854
iii 1,560648 0,000682
imbalanc 3,912023 0,000854
img 2,659260 0,000581
immedi 0,967584 0,000634
immut 2,120264 0,001852
imper 1,560648 0,000341
implement 0,105361 0,000069
import 0,162519 0,000035
improv 0,150823 0,000758
ina 0,356675 0,000078
inappropri 2,525729 0,001103
inc -0,009950 -0,000013
incept 2,525729 0,000552
incl 3,506558 0,000766
includ 0,000000 0,000000
incompat 1,272966 0,000278
incorrectli 2,302585 0,000503
index -0,009950 -0,000002
indirect 2,040221 0,000891
indirectli 1,771957 0,000387
individu 0,314711 0,000069
indonesiaitaliano 1,237874 0,000270
induc 2,040221 0,000891
infer 1,139434 0,000249
infinit 1,609438 0,000351
influenc 0,579818 0,000253
infoq 2,302585 0,000503
inform 0,061875 0,000014
informationcit -0,009950 -0,000002
infoworld 1,609438 0,000351
infra 3,912023 0,000854
infring 2,659260 0,002323
initi 0,235722 0,000412
injavascriptplatformweb 3,912023 0,000854
inlin 1,897120 0,000414
insert 1,560648 0,000341
insid 0,579818 0,000380
instagram 2,813411 0,006144
instanc 0,478036 0,000209
instant 1,897120 0,000414
instapoetri 3,912023 0,000854
instead 0,301105 0,000329
integr 0,174353 0,000152
interest 0,478036 0,000104
interfac 0,494296 0,000972
intern 0,040822 0,000053
internet 0,462035 0,000202
interpret 0,579818 0,000127
introduc 0,210721 0,000506
introduct 0,210721 0,000138
invalid 1,714798 0,000374
invit 2,407946 0,000526
invok 1,714798 0,000374
io 0,916291 0,000600
ipo 2,995732 0,000654
isaac 2,120264 0,000463
isbn 0,051293 0,000034
isomorph 2,995732 0,001308
isrun 3,912023 0,000854
issu 0,314711 0,000687
issueswikipedia 3,506558 0,000766
isvalidclass 3,912023 0,000854
item -0,009950 -0,000002
iter 1,272966 0,000278
itself 0,342490 0,000075
jain 2,813411 0,000614
jamal 3,506558 0,000766
java 0,891598 0,000195
javascript 1,021651 0,005355
javascriptback 3,218876 0,000703
javascriptcor 3,218876 0,000703
javier 2,813411 0,000614
jaxer 3,218876 0,000703
jennif 2,302585 0,000503
jessica 2,525729 0,000552
jest 3,506558 0,001532
jhipster 2,995732 0,000654
joe 1,771957 0,000387
joel 2,040221 0,000446
john 0,198451 0,000260
johnson 1,714798 0,000749
joomla 2,995732 0,000654
jordan 1,714798 0,001123
joseph 0,820981 0,000179
journal 0,186330 0,000041
jqueri 2,813411 0,001229
jsconf 3,218876 0,000703
jscript 2,995732 0,002617
jsdoc 2,995732 0,000654
jsgi 2,407946 0,000526
jshint 2,995732 0,000654
jslint 2,995732 0,000654
json 1,347074 0,000588
jsss 2,813411 0,000614
jstor 0,843970 0,000184
jstransform 3,912023 0,000854
jsx 3,218876 0,011247
juli 0,127833 0,000168
jump -0,009950 -0,000002
june 0,094311 0,000103
jwt 2,995732 0,000654
kaplan 2,407946 0,000526
karlan 3,912023 0,000854
karman 3,912023 0,000854
kate 2,659260 0,000581
katherin 2,525729 0,000552
kei 0,314711 0,000137
kelli 2,302585 0,000503
kenji 3,218876 0,000703
kernel 1,171183 0,000256
khale 3,218876 0,000703
kiai 3,912023 0,000854
kid 2,995732 0,000654
killef 3,912023 0,000854
kimmitt 3,912023 0,000854
kj 3,218876 0,000703
knockout 3,218876 0,001406
known 0,127833 0,000084
krill 2,207275 0,000482
krishnaswami 3,912023 0,000854
kristina 2,995732 0,000654
krunal 3,912023 0,000854
kyei 3,912023 0,000854
lab 1,171183 0,001279
lamina 2,995732 0,000654
languag -0,009950 -0,000009
lar 3,218876 0,000703
laravel 2,995732 0,000654
lardinoi 2,525729 0,001103
larsen 3,506558 0,001532
last -0,009950 -0,000002
later 0,223144 0,000049
latest 0,994252 0,000217
latvi 0,994252 0,000217
lauren 2,407946 0,000526
lawsuit 2,120264 0,000926
layer 0,713350 0,000156
lazi 2,813411 0,003072
lazili 3,912023 0,000854
leak 1,832581 0,001601
leanpub 3,912023 0,000854
learn 0,162519 0,000142
led 0,446287 0,000097
legaci 1,309333 0,000572
legal -0,009950 -0,000009
lemo 3,912023 0,000854
less 0,430783 0,000094
let 0,916291 0,000600
level 0,083382 0,000036
levin 2,813411 0,000614
librari 0,356675 0,001636
librarieslibrari 3,506558 0,000766
librariessoftwar 3,912023 0,000854
librarylicensemit 3,506558 0,000766
licens -0,009950 -0,000043
license 3,218876 0,001406
licenseweb 3,506558 0,000766
licensewebsitehttp 3,912023 0,000854
licensor 3,912023 0,000854
lifecycl 2,120264 0,003704
lifetim 2,120264 0,000463
lift 2,407946 0,000526
like 0,051293 0,000045
likewis 2,407946 0,000526
line 0,261365 0,000057
linear 0,916291 0,000200
link -0,009950 -0,000011
linkpag -0,009950 -0,000002
linksarticl 1,021651 0,000223
linter 2,995732 0,000654
linux 0,916291 0,000400
lisp 1,386294 0,000303
list 0,051293 0,000034
litig 3,218876 0,000703
liu 1,427116 0,000312
live 0,733969 0,000481
ller 2,302585 0,001006
load 0,891598 0,000584
local 0,314711 0,000137
lockhart 3,912023 0,000854
log -0,009950 -0,000004
logic 0,616186 0,000135
longer 0,755023 0,000495
lookalik 3,912023 0,000854
loop 1,347074 0,000883
lopez 2,995732 0,000654
lyon 2,813411 0,000614
machin 0,040822 0,000009
made 0,186330 0,000041
main -0,009950 -0,000011
maina 3,912023 0,000854
maintain 0,400478 0,000175
mainten 0,843970 0,000184
major 0,223144 0,000146
make 0,061875 0,000068
man 0,843970 0,000184
manag 0,105361 0,000115
mani 0,061875 0,000122
manifest 2,525729 0,000552
mansour 3,912023 0,000854
manual 0,994252 0,000217
mapillari 3,912023 0,000854
marc 1,771957 0,000387
march 0,116534 0,000331
marino 3,912023 0,000854
mark 0,261365 0,000285
markb 3,912023 0,000854
market 0,446287 0,000195
marn 3,912023 0,000854
marni 3,912023 0,000854
martin 0,843970 0,000184
massmedia 3,912023 0,000854
master 0,941609 0,000206
match 0,400478 0,000087
materi 0,616186 0,000135
matt 1,609438 0,000351
matter 1,049822 0,000459
matur 1,560648 0,000341
max 1,660731 0,000363
mayb 2,813411 0,000614
maypol 3,218876 0,000703
mccollum 3,912023 0,000854
mcconnel 3,506558 0,000766
mdn 2,302585 0,001006
measur 0,371064 0,000162
mechan 0,356675 0,000078
media 0,139262 0,000030
mediagroup 3,912023 0,000854
medium 1,171183 0,000512
member 0,562119 0,000123
memo 2,525729 0,000552
memoiz 3,218876 0,000703
memori 0,562119 0,000614
mendelsohn 3,506558 0,000766
menu -0,009950 -0,000004
merb 2,995732 0,000654
merg 1,514128 0,000331
messag 0,400478 0,000612
messeng 3,912023 0,000854
meta 1,386294 0,003330
metadata 1,347074 0,000294
meteor 2,813411 0,000614
method 0,150823 0,000198
michael 0,385662 0,000084
midgard 2,995732 0,000654
midori 2,407946 0,000526
mike 1,237874 0,000270
minor 1,309333 0,000286
miss 0,867501 0,000189
mistak 1,832581 0,000400
mit 0,776529 0,000848
mix 0,891598 0,000389
mixin 3,218876 0,000703
mobil -0,009950 -0,000007
mobx 3,912023 0,000854
mochikit 3,218876 0,000703
mode 0,755023 0,000495
model 0,116534 0,000178
modern 0,314711 0,000069
modifi 0,527633 0,000230
modul 0,820981 0,000359
modular 1,427116 0,000312
modx 2,995732 0,000654
mohan 3,506558 0,000766
mojarra 3,218876 0,000703
mojolici 3,218876 0,000703
monorail 3,218876 0,000703
month 0,776529 0,000509
mootool 2,995732 0,001308
mori 3,912023 0,000854
moskovitz 3,912023 0,000854
mosseri 3,912023 0,000854
mount 2,207275 0,000964
mous 2,207275 0,000482
mouseent 3,912023 0,000854
move -0,009950 -0,000011
movementi 3,912023 0,000854
movementx 3,912023 0,000854
mozilla 1,514128 0,000331
multi 0,342490 0,000075
multipl 0,094311 0,000103
mustach 3,506558 0,000766
mute 3,912023 0,000854
mvc 2,995732 0,001308
mvvm 3,506558 0,000766
mycompon 3,912023 0,001709
myrock 3,912023 0,000854
name 0,162519 0,000035
namespac 1,560648 0,000341
nanci 2,659260 0,000581
naomi 2,659260 0,000581
nashorn 2,995732 0,000654
nathan 2,207275 0,000482
nation 0,527633 0,000461
nativ 1,078810 0,001649
natta 3,912023 0,000854
navig -0,009950 -0,000004
neal 2,813411 0,000614
necessari 0,616186 0,000135
nederland 0,415515 0,000091
need 0,030459 0,000053
nest 1,609438 0,001054
nestj 2,813411 0,000614
net 0,385662 0,000337
netflix 2,813411 0,001229
netflixtechblog 3,912023 0,000854
network 0,127833 0,000056
nevow 2,995732 0,000654
new 0,010050 0,000055
newspap 1,347074 0,000294
newstead 3,912023 0,000854
next 0,400478 0,000700
nichola 1,560648 0,000682
nick 1,469676 0,000321
nicola 2,120264 0,000926
nighat 3,912023 0,000854
nist 1,771957 0,001161
node 0,867501 0,000568
non -0,009950 -0,000004
nontechn 3,912023 0,000854
normal 0,673345 0,000294
norsk 0,342490 0,000075
nossel 3,912023 0,000854
notabl 0,616186 0,000404
notableemployeescurr 3,912023 0,000854
note 0,150823 0,000066
notic 1,427116 0,000623
novemb 0,150823 0,000231
nuke 2,813411 0,000614
nuxt 2,813411 0,000614
nvd 3,506558 0,002297
object 0,174353 0,000190
observ 0,820981 0,000179
occasion 1,714798 0,000374
occhino 3,912023 0,000854
occur 0,510826 0,000223
oct 2,302585 0,000503
octob 0,139262 0,000456
oculu 3,912023 0,001709
offic 0,733969 0,000641
offici 0,653926 0,000428
often 0,127833 0,000084
oftruste 3,912023 0,000854
old 0,994252 0,000434
older 1,237874 0,000270
oldid -0,009950 -0,000002
olivan 3,912023 0,000854
onauxclick 3,912023 0,000854
onavo 3,912023 0,000854
onclick 3,506558 0,000766
oncontextmenu 3,912023 0,000854
oneoftyp 3,912023 0,000854
onerror 3,912023 0,001709
ongo 1,560648 0,000341
onion 2,813411 0,000614
onload 3,912023 0,001709
onmouseent 3,912023 0,000854
onmouseleav 3,912023 0,000854
onmouseout 3,912023 0,000854
onmouseov 3,912023 0,000854
opaqu 2,407946 0,000526
open 0,150823 0,000264
openac 3,218876 0,000703
opensourc 2,659260 0,000581
openui 3,218876 0,000703
oper 0,010050 0,000007
oppos 1,237874 0,000270
optim 0,415515 0,000091
optimist 2,995732 0,000654
order 0,094311 0,000041
org -0,009950 -0,000035
organ -0,009950 -0,000002
origin -0,009950 -0,000124
out 0,261365 0,000114
outag 2,995732 0,000654
over 0,094311 0,000062
overflow 1,771957 0,001161
overlai 2,407946 0,000526
oversightboardmemb 3,912023 0,000854
overview 0,616186 0,000135
owen 2,525729 0,000552
owono 3,912023 0,000854
packag 0,776529 0,000509
packageprev 3,912023 0,000854
packt 2,120264 0,000463
padrino 2,995732 0,000654
page -0,009950 -0,000017
pagecontentscurr -0,009950 -0,000002
pageget -0,009950 -0,000002
palihapitiya 3,912023 0,000854
palmor 3,912023 0,000854
pamela 2,995732 0,001308
panchal 3,912023 0,001709
paolo 2,207275 0,000482
paper 0,527633 0,000115
paradigm 0,941609 0,000206
parent 1,714798 0,000374
parentcompon 3,912023 0,000854
parker 2,659260 0,000581
part 0,072571 0,000079
parti 0,616186 0,000673
pass 0,776529 0,001187
passiv 2,207275 0,000482
patent 1,203973 0,003155
patrick 1,714798 0,000374
pattern 0,494296 0,000540
paul 0,544727 0,000238
paypal 3,218876 0,001406
pdf 0,139262 0,000061
pdfprintabl -0,009950 -0,000002
peerdepend 3,912023 0,000854
pend 2,120264 0,000463
pendingst 3,912023 0,000854
peopl 0,356675 0,000156
peoplefound 3,912023 0,000854
perf 3,912023 0,001709
perform 0,040822 0,000116
perhap 1,660731 0,000363
period 0,713350 0,000156
perl 1,347074 0,000294
permiss 1,469676 0,000321
permit 1,203973 0,000263
person -0,009950 -0,000004
pete 3,218876 0,000703
peter 0,446287 0,000097
phabric 3,506558 0,000766
phalcon 2,995732 0,000654
phoenix 2,813411 0,000614
php -0,009950 -0,000017
place 0,356675 0,000078
placehold 2,813411 0,000614
plai 0,713350 0,000312
plain 1,514128 0,000331
platform 0,400478 0,000437
platformsproduct 3,912023 0,000854
platformtypejavascript 3,912023 0,000854
pleas 0,755023 0,000495
point 0,186330 0,000081
pointer 1,771957 0,000774
polici -0,009950 -0,000011
polskiportugu 0,916291 0,000200
polyfil 3,912023 0,000854
pop 1,714798 0,000374
popular 0,400478 0,000087
portal 0,494296 0,000324
portalrec -0,009950 -0,000002
possibl 0,186330 0,000041
post 0,478036 0,000209
powel 2,525729 0,000552
prado 2,813411 0,000614
pre 0,941609 0,000206
prefer 0,798508 0,000349
preload 3,218876 0,000703
presenc 1,108663 0,000242
prevent 0,634878 0,000139
preview 1,897120 0,000414
previous 0,843970 0,000184
primari 0,527633 0,000115
primarili 0,653926 0,000143
print -0,009950 -0,000002
prioriti 1,609438 0,000351
priscilla 3,506558 0,000766
privaci -0,009950 -0,000007
pro 1,237874 0,000270
problemat 2,407946 0,000526
process 0,051293 0,000034
processwir 2,995732 0,000654
product 0,174353 0,000228
profil 1,021651 0,001116
profit -0,009950 -0,000002
program 0,116534 0,000127
programm 0,693147 0,000151
programmat 2,813411 0,000614
progress 1,171183 0,000256
project -0,009950 -0,000013
prompt 1,609438 0,000351
prop 3,506558 0,006126
propag 2,207275 0,000964
properti 0,314711 0,000412
proptyp 3,912023 0,004272
prototyp 1,386294 0,000908
provid 0,061875 0,000068
public 0,127833 0,000140
publish 0,105361 0,000138
pure 1,203973 0,000263
purecompon 3,912023 0,000854
purpos 0,248461 0,000054
pylon 2,995732 0,000654
pyramid 2,525729 0,000552
python 0,916291 0,000200
qcodo 2,995732 0,000654
qooxdoo 2,995732 0,001308
qtscript 3,218876 0,001406
quest 2,407946 0,002103
question 0,597837 0,000131
quixot 2,995732 0,000654
quot 1,049822 0,000459
rai 1,832581 0,000400
rail 2,040221 0,000446
randi 2,659260 0,000581
rasmussen 3,506558 0,000766
rather 0,287682 0,000188
razor 2,995732 0,000654
rbaycanca 0,248461 0,000054
react 1,832581 0,092450
reactdom 3,912023 0,001709
reactj 3,912023 0,015378
reactorigin 3,912023 0,000854
reactperf 3,912023 0,000854
reacttestrender 3,912023 0,001709
reacttestutil 3,912023 0,000854
read 0,162519 0,000035
readeditview 0,287682 0,000126
readili 2,407946 0,000526
real 0,210721 0,000092
realdom 3,912023 0,000854
realiti 1,237874 0,000811
reardon 3,506558 0,000766
reason 0,328504 0,000143
reblog 3,506558 0,000766
receiv 0,400478 0,000262
recent 0,562119 0,000123
reckon 3,506558 0,000766
recommend 0,891598 0,000195
reconcili 3,506558 0,001532
reconsid 2,659260 0,000581
redirect 0,673345 0,000147
redux 3,218876 0,003515
reel 3,912023 0,000854
ref 2,407946 0,002629
refer -0,009950 -0,000017
referencesarticl 1,660731 0,000363
referrerpolici 3,912023 0,000854
reflect 0,562119 0,000123
refus 2,040221 0,000446
regan 3,506558 0,000766
regist -0,009950 -0,000007
regress 1,771957 0,001548
relai 2,207275 0,000482
relat 0,030459 0,000047
releas 0,415515 0,001633
releasemai 3,506558 0,000766
reli 0,562119 0,000246
reliabl 0,371064 0,000081
relicens 3,506558 0,000766
remix 2,813411 0,000614
remot 0,776529 0,000509
remov 0,301105 0,001118
renam 1,771957 0,000774
render 0,994252 0,010205
replac 0,494296 0,000108
report 0,261365 0,000114
repositori 0,994252 0,000217
repositorygithub 2,813411 0,000614
repres 0,235722 0,000051
requir 0,051293 0,000045
research 0,223144 0,000097
resig 2,813411 0,000614
resolut 1,560648 0,000341
resourc 0,248461 0,000109
respect 0,544727 0,000119
respons 0,415515 0,000181
result 0,139262 0,000122
retriev -0,009950 -0,000178
return 0,510826 0,000669
reus 1,832581 0,000400
review 0,314711 0,000069
revok 2,407946 0,000526
rewrit 1,560648 0,000682
rhino 2,659260 0,000581
rift 3,218876 0,000703
right 0,314711 0,000137
risingstack 3,912023 0,000854
risk 0,579818 0,000253
road 1,272966 0,000278
robert 0,527633 0,000230
robin 1,714798 0,000374
rocket 2,120264 0,000463
rocksdb 3,912023 0,001709
ronaldo 3,912023 0,000854
room 1,832581 0,000400
root 0,733969 0,000321
rootnodeid 3,912023 0,000854
ross 1,560648 0,000341
rout 1,108663 0,001695
router 1,714798 0,001872
row 1,714798 0,000374
rsc 3,506558 0,001532
rubi 1,347074 0,000588
rule 0,510826 0,000669
run 0,248461 0,000054
runa 0,916291 0,000200
runtim 1,309333 0,000286
rusbridg 3,912023 0,000854
rust 1,427116 0,000312
safari 2,040221 0,000446
safeti -0,009950 -0,000004
sail 2,525729 0,000552
saj 3,912023 0,000854
sampl 1,171183 0,000256
san 1,203973 0,000263
sanchit 3,912023 0,000854
sandberg 3,506558 0,001532
sandbox 2,302585 0,000503
save 0,994252 0,000217
saverin 3,912023 0,000854
savona 3,912023 0,000854
scala 2,040221 0,000446
scalatra 3,218876 0,000703
scandal 1,771957 0,000387
scenario 1,139434 0,000249
schedul 1,021651 0,000223
schmidt 2,207275 0,000482
scholar 1,021651 0,000223
schrage 3,912023 0,000854
schroepfer 3,912023 0,000854
schwarzm 3,912023 0,001709
scientist 1,171183 0,000256
scope 0,891598 0,000195
score 1,609438 0,000351
scott 0,891598 0,000195
screen 1,660731 0,000363
scribe 3,912023 0,000854
script 0,916291 0,000200
seam 2,995732 0,000654
seamless 2,659260 0,001162
sean 1,609438 0,000351
search -0,009950 -0,000015
seasid 3,218876 0,000703
sebastian 2,407946 0,000526
secret 1,560648 0,000341
secretari 2,659260 0,000581
secur 0,274437 0,000060
see -0,009950 -0,000007
segment 1,108663 0,000484
select 0,371064 0,000162
self 0,478036 0,000313
sencha 3,218876 0,000703
send 1,108663 0,000484
sent 1,171183 0,000767
separ 0,400478 0,000262
septemb 0,150823 0,000296
sequenc 0,820981 0,000179
servant 3,218876 0,000703
server 0,597837 0,004308
servic 0,210721 0,000230
servicesfacebook 3,912023 0,000854
set 0,051293 0,000034
setcount 3,912023 0,001709
setinterv 3,912023 0,000854
setstat 3,912023 0,000854
sever 0,072571 0,000016
shape 1,078810 0,000236
share 0,301105 0,000066
sharealik -0,009950 -0,000002
shell 1,049822 0,000229
sheryl 3,912023 0,001709
shini 2,995732 0,000654
short -0,009950 -0,000004
shorten -0,009950 -0,000002
shouldcomponentupd 3,912023 0,000854
side 0,579818 0,001899
sidebar -0,009950 -0,000009
signific 0,261365 0,000057
silverstrip 2,995732 0,000654
simi 0,755023 0,000165
similar 0,150823 0,000132
simpli 0,733969 0,000160
simplifi 0,820981 0,000179
sinatra 2,995732 0,000654
sinc 0,139262 0,000122
singl 0,127833 0,000112
site -0,009950 -0,000004
sitepoint 3,506558 0,000766
size 0,342490 0,000075
sling 2,995732 0,000654
slingshot 3,912023 0,000854
sloven 1,514128 0,000331
slow 1,237874 0,000270
slower 1,966113 0,000429
small 0,314711 0,000069
smalltalk 1,714798 0,000374
smoother 3,506558 0,001532
snap 3,218876 0,000703
social 0,510826 0,000446
softwar 0,127833 0,000503
softwareajax 3,506558 0,000766
softwarejavascript 3,218876 0,000703
solid 1,171183 0,000256
solut 0,478036 0,000209
sometim 0,301105 0,000066
song 1,897120 0,000414
soshac 3,912023 0,000854
sound 1,237874 0,000270
sourc 0,094311 0,000371
sourcesarticl 3,218876 0,000703
span 1,771957 0,000387
specif 0,051293 0,000034
specifi 0,446287 0,000097
spidermonkei 2,995732 0,000654
split 1,139434 0,000249
spread 1,171183 0,000512
spring 1,609438 0,000351
sproutcor 2,995732 0,001308
spry 3,218876 0,000703
sputnik 2,407946 0,000526
sqaraqalpaqsharom 2,302585 0,000503
sql 1,171183 0,000256
srcdoc 3,912023 0,000854
srcset 3,912023 0,000854
srpskisuomisvenska 1,714798 0,000374
ssr 3,218876 0,004218
stabl 0,867501 0,000189
stack 0,843970 0,001659
stai 1,771957 0,000387
stamo 3,912023 0,000854
standard 0,094311 0,000041
startup 1,660731 0,000363
state 0,083382 0,000364
statement -0,009950 -0,000004
static 1,272966 0,000278
statist -0,009950 -0,000004
stephen 0,843970 0,000184
stop 0,967584 0,000211
storag 0,430783 0,000094
store 0,356675 0,000467
stori 1,237874 0,000270
strategi 0,733969 0,000160
stream 0,733969 0,000160
strict 1,609438 0,000351
stripe 2,659260 0,000581
structur 0,139262 0,000091
strut 2,813411 0,000614
style 0,941609 0,000411
stylesheet 2,813411 0,000614
sublicens 3,506558 0,000766
subsect 0,020203 0,000009
subsequ 0,916291 0,000200
subset 1,108663 0,000242
subsidiari 2,302585 0,002514
sudhir 3,912023 0,000854
sue 2,659260 0,000581
sunspid 3,218876 0,000703
superintellig 2,995732 0,000654
supernatur 3,912023 0,000854
supersed 1,966113 0,000429
support 0,150823 0,001285
survei 0,462035 0,000202
suspens 3,506558 0,003063
suzann 3,218876 0,000703
suzor 3,912023 0,000854
svelt 3,218876 0,002109
sveltekit 3,218876 0,000703
svg 2,525729 0,001655
swfobject 3,218876 0,000703
switch 0,916291 0,000200
symbol 1,078810 0,000236
symfoni 2,813411 0,000614
synchron 1,386294 0,000303
syntax 1,171183 0,001279
system 0,010050 0,000004
tabl -0,009950 -0,000004
tag 1,309333 0,000572
take 0,210721 0,000138
taken 0,867501 0,000189
talk 1,108663 0,000484
tamarin 2,995732 0,000654
tan 2,207275 0,000964
tangentialpressur 3,912023 0,000854
tapestri 2,995732 0,000654
target 0,462035 0,000202
task 0,415515 0,000091
tawakkol 3,912023 0,000854
taylor 1,203973 0,000263
tbh 3,912023 0,000854
tcl 2,525729 0,000552
team 0,634878 0,000416
tech 0,843970 0,000184
techcrunch 1,660731 0,001088
technolog 0,116534 0,000051
ted 2,040221 0,000446
telecom 2,659260 0,000581
templat 0,301105 0,000132
term -0,009950 -0,000004
termin 0,941609 0,000617
test 0,248461 0,000109
testinst 3,912023 0,000854
text -0,009950 -0,000007
textanchor 3,912023 0,000854
textarea 3,912023 0,000854
themselv 0,843970 0,000184
thenabl 3,912023 0,000854
therebi 1,309333 0,000286
therefor 0,478036 0,000104
thiel 3,912023 0,000854
third 0,342490 0,000075
thoma 0,527633 0,000115
thorn 3,912023 0,000854
though 0,544727 0,000119
thought 1,108663 0,000242
thread 1,386294 0,000303
three 0,287682 0,000063
thrift 2,813411 0,000614
time 0,000000 0,000000
timelin 0,733969 0,000481
tinadeutscheestiespa 3,218876 0,000703
titl -0,009950 -0,000002
toggl -0,009950 -0,000009
tom 1,203973 0,000263
toni 1,714798 0,000374
tool -0,009950 -0,000015
toolkit 1,427116 0,000312
top -0,009950 -0,000004
topic -0,009950 -0,000002
torn 3,912023 0,000854
tornado 2,659260 0,001162
touch 2,040221 0,000891
toula 3,912023 0,000854
tourism 2,995732 0,000654
tracemonkei 3,218876 0,000703
trade 0,916291 0,000200
trademark -0,009950 -0,000002
transferpropsto 3,912023 0,000854
transform 0,544727 0,000238
transformwithdetail 3,912023 0,000854
transit 1,171183 0,000512
tree 0,693147 0,000151
trick 2,120264 0,000463
trigger 1,514128 0,000331
truste 3,506558 0,000766
truth 1,714798 0,000374
try 0,994252 0,000217
turbogear 2,995732 0,000654
turn 0,776529 0,000170
twice 1,714798 0,000374
twist 2,813411 0,000614
two 0,083382 0,000036
type 0,051293 0,000045
typescript 2,407946 0,001052
typic 0,186330 0,000081
typo 2,995732 0,000654
ui 2,207275 0,000482
ullyot 3,912023 0,000854
ultim 1,139434 0,000249
umbraco 3,218876 0,000703
umd 3,506558 0,000766
unchang 2,525729 0,000552
unconvent 3,506558 0,000766
under -0,009950 -0,000009
underscor 2,525729 0,000552
understood 1,469676 0,000321
unenforc 3,912023 0,000854
unfairli 3,506558 0,000766
unidirect 3,912023 0,003417
union 0,994252 0,000217
univers 0,139262 0,000061
unmount 3,912023 0,003417
unnecessari 2,302585 0,001509
unreli 2,120264 0,000463
unsourc 0,446287 0,000097
unstabl 2,525729 0,002758
unus 2,302585 0,000503
updat 0,342490 0,001795
upgrad 1,469676 0,000963
url 1,203973 0,000526
urldownload -0,009950 -0,000002
usabl 1,714798 0,000374
usag 0,579818 0,000633
useactionst 3,912023 0,000854
usecontext 3,912023 0,000854
usedeferredvalu 3,912023 0,000854
useeffect 3,912023 0,002563
useformstatu 3,912023 0,000854
usememo 3,912023 0,000854
useoptimist 3,912023 0,000854
user 0,274437 0,001019
usereduc 3,912023 0,002563
usest 3,912023 0,003417
usual 0,198451 0,000043
utc -0,009950 -0,000002
util 0,597837 0,000261
uwp 3,506558 0,000766
vaadin 2,995732 0,000654
valid 0,616186 0,000135
valu 0,162519 0,000071
van 0,867501 0,000189
variabl 0,494296 0,000324
variant 1,139434 0,000249
vendor 1,139434 0,000249
vercel 3,218876 0,000703
verif 0,733969 0,000160
version -0,009950 -0,000020
vert 2,995732 0,000654
via 0,186330 0,000041
video 0,597837 0,000131
view -0,009950 -0,000015
viewmodel 3,506558 0,000766
villag 3,506558 0,000766
violat 1,386294 0,000303
virtual 0,462035 0,001009
virtualdom 3,912023 0,000854
void 2,207275 0,000482
vteecmascriptdialect 3,218876 0,000703
vtejavascript 3,506558 0,000766
vtemeta 3,912023 0,000854
vteweb 1,966113 0,000429
vue 2,813411 0,001843
vuln 3,912023 0,000854
vulner 0,994252 0,001520
wai 0,105361 0,000138
wait 1,771957 0,000387
wakanda 3,218876 0,000703
wakandadb 3,218876 0,000703
walk 2,120264 0,001389
walkedevelopersmeta 3,912023 0,000854
wanda 3,912023 0,000854
wang 1,427116 0,000312
want 0,820981 0,000179
warn 1,272966 0,001390
watch 1,237874 0,000270
wavegroup 3,912023 0,000854
wavemak 2,813411 0,000614
wayback 0,478036 0,000209
web 0,342490 0,001272
webgui 3,218876 0,000703
websharp 2,813411 0,000614
websit 0,527633 0,000691
week 1,171183 0,000256
wehner 3,912023 0,000854
well 0,051293 0,000022
what -0,009950 -0,000015
whatsapp 3,506558 0,001532
whether 0,400478 0,000175
which 0,000000 0,000000
whichev 2,995732 0,000654
while 0,051293 0,000011
white 1,108663 0,000242
who 0,301105 0,000066
whole 0,916291 0,000400
whose 0,776529 0,000170
wicket 2,995732 0,000654
wide 0,210721 0,000046
wieruch 3,912023 0,001709
wife 3,912023 0,000854
wikidataarticl 1,171183 0,000256
wikimedia -0,009950 -0,000004
wikipedia -0,009950 -0,000015
wikipediacontact -0,009950 -0,000002
willow 3,912023 0,000854
window 0,891598 0,000195
wirehog 3,912023 0,000854
without 0,094311 0,000082
wmlscript 3,218876 0,000703
wong 2,407946 0,000526
wordpress 2,407946 0,001578
work 0,030459 0,000020
workplac 2,525729 0,000552
wrap 2,120264 0,000463
write 0,527633 0,000230
written 0,287682 0,000188
xhp 3,506558 0,001532
xml 1,203973 0,000526
xmln 3,218876 0,000703
xmlnsxlink 3,912023 0,000854
xoop 2,995732 0,000654
yaw 2,995732 0,000654
year 0,162519 0,000035
yesod 3,218876 0,000703
yii 2,995732 0,000654
yishan 3,912023 0,000854
yoshino 3,912023 0,000854
young 1,897120 0,000414
youtub 1,272966 0,000556
zbekcha 0,462035 0,000101
zef 3,912023 0,000854
zero 0,693147 0,000303
zope 2,995732 0,000654
zuckerberg 3,912023 0,005126
