accessed 0,916291 0,000483
accessibility 1,560648 0,001644
accessible 1,021651 0,001076
according 0,301105 0,000159
account -0,009950 -0,000010
across 0,415515 0,000219
actions -0,009950 -0,000005
actionscript 2,813411 0,001482
active 0,843970 0,001333
add -0,009950 -0,000005
added 0,415515 0,000438
adding 0,597837 0,000315
additional -0,009950 -0,000016
adhere 2,207275 0,001162
ago 0,967584 0,002038
agree -0,009950 -0,000005
aida 3,218876 0,001695
aiming 2,302585 0,001213
ais 1,272966 0,000670
ajax 1,832581 0,001930
allows 0,248461 0,000262
alpha 1,832581 0,001930
america 0,994252 0,000524
among 0,356675 0,000188
amp -0,009950 -0,000031
analog 2,040221 0,004297
analogdeveloperbrandon 3,912023 0,002060
analogjs 3,912023 0,004120
anddevelopment 2,995732 0,001578
android 1,272966 0,000670
angular 2,207275 0,183649
angulardevelopergoogleinitial 3,912023 0,002060
angularjs 2,525729 0,026601
animations 2,302585 0,001213
annotations 2,659260 0,001400
announced 0,798508 0,001261
announcing 1,897120 0,000999
any 0,083382 0,000044
aot 2,813411 0,001482
api 0,916291 0,000965
apis 1,237874 0,001304
appearance -0,009950 -0,000016
appfuse 2,995732 0,001578
appjet 3,218876 0,001695
application 0,127833 0,000875
applications 0,094311 0,000199
apply -0,009950 -0,000005
apps 1,272966 0,000670
apr 2,995732 0,001578
april 0,072571 0,000076
architectural 1,609438 0,000848
architecture 0,462035 0,000973
archived 0,040822 0,000086
aria 2,995732 0,001578
arrived 2,302585 0,001213
article 0,040822 0,000043
articleabout -0,009950 -0,000005
articles 0,020203 0,000021
articletalk -0,009950 -0,000005
asm 2,659260 0,001400
asp 2,040221 0,001074
assemblyscript 2,995732 0,001578
associated 0,400478 0,000422
asynchronous 2,040221 0,001074
attributes 1,347074 0,000709
attribution -0,009950 -0,000005
authors 1,021651 0,000538
automatically 0,653926 0,000344
available -0,009950 -0,000073
backbone 2,407946 0,003804
backward 1,897120 0,001998
based 0,010050 0,000037
bazel 2,813411 0,001482
beam 2,525729 0,001330
behavior 0,462035 0,000243
beta 1,386294 0,001460
bfc 3,218876 0,001695
binding 1,966113 0,006212
blaze 2,813411 0,001482
blazor 2,995732 0,001578
blockly 2,995732 0,001578
blog 0,776529 0,003680
blogspot 2,995732 0,004733
bluebream 2,995732 0,001578
books 0,544727 0,000287
branding 2,659260 0,001400
brandon 2,120264 0,001117
breaking 1,469676 0,000774
brendan 2,407946 0,001268
brotli 3,218876 0,001695
buffers 2,302585 0,001213
build 0,673345 0,001773
builder 2,659260 0,001400
building 0,415515 0,000219
builds 1,714798 0,000903
built 0,462035 0,000730
bun 2,995732 0,001578
bundle 2,040221 0,001074
buttons 2,659260 0,001400
caja 3,218876 0,001695
cakephp 2,995732 0,001578
called 0,040822 0,000043
candidate 2,040221 0,001074
cappuccino 3,218876 0,001695
carakan 3,218876 0,001695
carbon 1,609438 0,000848
cards 1,427116 0,000752
catalyst 2,813411 0,001482
categories -0,009950 -0,000010
cdk 3,912023 0,004120
chakra 2,813411 0,001482
chakracore 2,995732 0,001578
change 0,261365 0,000275
changes 0,356675 0,000376
changesupload -0,009950 -0,000010
characteristic 1,560648 0,000822
cherrypy 2,995732 0,001578
chromium 2,120264 0,001117
chromiumos 2,813411 0,001482
clarify 2,995732 0,001578
cli 2,040221 0,007521
closure 1,897120 0,001998
code -0,009950 -0,000026
codeigniter 2,995732 0,001578
coffeescript 2,525729 0,001330
coldbox 3,218876 0,001695
coldfusion 2,995732 0,001578
collection 0,527633 0,000278
com 0,150823 0,000318
command 1,021651 0,001076
common 0,072571 0,000038
commonjs 2,813411 0,002963
commonly 0,342490 0,000180
commons -0,009950 -0,000005
commonswikidata 1,171183 0,000617
community 0,616186 0,000324
comparison 0,446287 0,001175
compatible 1,049822 0,001106
compilation 1,714798 0,000903
compiler 1,078810 0,001136
complete 0,713350 0,000376
complex 0,261365 0,000138
component 0,713350 0,002254
components 0,415515 0,003282
composing 2,813411 0,001482
composition 2,120264 0,001117
concept 0,415515 0,000219
conditionally 2,813411 0,001482
conduct -0,009950 -0,000005
conf 2,407946 0,002536
conference 0,301105 0,000159
confusion 1,609438 0,000848
consistent 1,108663 0,000584
consists 1,078810 0,001136
contact -0,009950 -0,000005
contacts -0,009950 -0,000005
contains 0,634878 0,000334
content -0,009950 -0,000026
contents -0,009950 -0,000016
contribute -0,009950 -0,000005
control 0,020203 0,000021
controllers 1,897120 0,000999
controls 1,078810 0,000568
cookie -0,009950 -0,000005
core 0,597837 0,000315
corporations 1,660731 0,000875
cppcms 3,218876 0,001695
cpplint 3,218876 0,001695
crawlers 2,995732 0,001578
create -0,009950 -0,000016
creating 0,562119 0,000296
creative -0,009950 -0,000005
creators 2,525729 0,001330
critical 0,653926 0,000344
crockford 2,659260 0,001400
css 1,897120 0,000999
cubicweb 2,995732 0,001578
curtis 3,218876 0,001695
custom 1,171183 0,002467
customizable 3,218876 0,001695
cycle 1,049822 0,000553
dancer 3,218876 0,001695
daniel 0,776529 0,000409
dart 2,525729 0,001330
data 0,030459 0,000080
date 0,579818 0,000611
debugging 1,660731 0,000875
december 0,061875 0,000065
default 0,693147 0,002555
defaulting 3,506558 0,001847
define 0,798508 0,000420
definition 0,342490 0,000180
delayed 2,207275 0,001162
deno 2,813411 0,001482
dependencies 1,660731 0,000875
dependency 2,407946 0,007608
deploying 2,302585 0,001213
deprecated 1,714798 0,002709
description -0,009950 -0,000005
descriptionshort 0,000000 0,000000
design 0,127833 0,000269
designed 0,261365 0,000275
detailed 1,272966 0,000670
detection 1,108663 0,000584
deutscheestiespa 3,506558 0,001847
dev 1,514128 0,007973
developed 0,127833 0,000067
developer 0,820981 0,001729
developers -0,009950 -0,000037
development 0,083382 0,000176
devices 0,867501 0,000457
devrepositoryangular 3,912023 0,002060
dhtml 2,302585 0,001213
dialogs 3,912023 0,002060
difference 0,820981 0,000432
differences 0,967584 0,001019
different 0,020203 0,000032
differential 1,609438 0,000848
directive 1,771957 0,000933
directives 2,302585 0,008488
disabling 2,813411 0,001482
disclaimers -0,009950 -0,000005
diverse 1,771957 0,000933
django 2,995732 0,001578
dnn 3,218876 0,001695
docs 1,309333 0,002068
documentation 0,867501 0,000457
dojo 2,995732 0,004733
dom 1,560648 0,000822
donate -0,009950 -0,000010
douglas 1,237874 0,000652
download -0,009950 -0,000005
drag 2,813411 0,001482
drogon 3,218876 0,001695
drop 1,714798 0,001806
drupal 2,995732 0,001578
duration 2,040221 0,001074
dynamic 0,562119 0,000592
easier 1,049822 0,002211
easy 1,021651 0,000538
echo 2,207275 0,001162
ecma 2,525729 0,001330
ecosystem 1,171183 0,000617
edit -0,009950 -0,000115
editcommunity -0,009950 -0,000005
edited -0,009950 -0,000005
eich 2,659260 0,001400
element 1,021651 0,000538
elements 0,415515 0,001750
elixir 1,771957 0,000933
ember 2,525729 0,002660
emma 3,506558 0,001847
emphasizing 2,659260 0,001400
enabled 0,994252 0,000524
enables 0,693147 0,000365
enabling 0,941609 0,000992
encapsulated 3,506558 0,001847
encapsulates 3,912023 0,002060
encyclopedia -0,009950 -0,000005
endclient 3,218876 0,001695
ends 1,966113 0,002071
endserver 3,218876 0,001695
engine 0,693147 0,001095
engines 1,237874 0,001304
english -0,009950 -0,000005
enhancements 1,897120 0,000999
enhances 2,813411 0,001482
ensures 1,832581 0,000965
erlang 1,714798 0,000903
esbuild 3,218876 0,001695
event 0,843970 0,000444
events 0,634878 0,000334
eventsrandom -0,009950 -0,000005
excessively 2,659260 0,001400
expected 0,693147 0,000365
experimental 1,021651 0,002690
explorer 1,771957 0,000933
export -0,009950 -0,000005
express 1,427116 0,003006
expression 1,021651 0,000538
ext 2,813411 0,002963
extends 1,771957 0,000933
external 0,030459 0,000032
fastapi 2,995732 0,001578
fastify 2,813411 0,002963
fat 1,966113 0,001035
features 0,371064 0,001368
february 0,061875 0,000065
filepermanent -0,009950 -0,000005
filespecial -0,009950 -0,000005
final 0,916291 0,000483
find 0,544727 0,000287
first 0,020203 0,000011
fixes 2,120264 0,001117
flask 2,995732 0,001578
flatbuffers 2,659260 0,001400
flow 0,510826 0,000807
fluin 3,912023 0,008240
flutter 3,218876 0,001695
focusing 2,120264 0,001117
followed 0,733969 0,000387
form 0,162519 0,000086
former 1,049822 0,000553
forms 0,562119 0,000888
foundation -0,009950 -0,000010
framework 0,342490 0,002345
frameworklicensemit 3,912023 0,004120
frameworks 1,108663 0,004087
frameworksclient 3,218876 0,001695
frameworkssoftware 3,506558 0,001847
fran 0,223144 0,000118
free -0,009950 -0,000026
front 1,108663 0,000584
fuchsia 2,659260 0,001400
fuelphp 2,995732 0,001578
full 0,371064 0,000586
fullstack 3,912023 0,002060
functionality 0,843970 0,000444
fusion 1,514128 0,000797
futhark 3,218876 0,001695
future 0,274437 0,000289
ganeti 2,813411 0,001482
gears 2,120264 0,001117
gechev 3,912023 0,012360
gemma 2,659260 0,001400
general -0,009950 -0,000005
generate 0,798508 0,000420
generics 2,659260 0,001400
germonkey 3,218876 0,001695
gerrit 2,995732 0,001578
github 1,078810 0,001704
glinux 3,218876 0,001695
glop 3,218876 0,001695
goobuntu 3,218876 0,001695
google 0,579818 0,001832
gorrion 3,912023 0,002060
grails 2,995732 0,003155
grav 2,995732 0,001578
grids 2,813411 0,001482
grok 2,207275 0,001162
groovy 2,407946 0,001268
ground 1,771957 0,000933
group 0,301105 0,000159
grpc 3,218876 0,001695
gson 2,813411 0,001482
guards 3,912023 0,002060
guava 2,813411 0,001482
guetzli 3,218876 0,001695
guice 2,995732 0,001578
guide 0,356675 0,000376
guidelines 1,272966 0,000670
gvisor 2,995732 0,001578
gwt 2,813411 0,001482
gyroscope 2,813411 0,001482
haskell 1,514128 0,000797
haxe 2,813411 0,001482
helplearn -0,009950 -0,000005
hererelated -0,009950 -0,000005
hide -0,009950 -0,000021
hierarchy 1,660731 0,000875
history -0,009950 -0,000037
horde 2,995732 0,001578
html 1,078810 0,001136
htmx 2,995732 0,001578
http 1,021651 0,001076
httpclient 3,506558 0,001847
https -0,009950 -0,000005
hydration 2,525729 0,001330
icefaces 3,218876 0,001695
implementation 0,328504 0,000173
implements 1,347074 0,000709
imports 2,302585 0,001213
improve 0,274437 0,000289
improved 0,776529 0,000818
improvements 1,203973 0,001902
improves 1,832581 0,000965
inc -0,009950 -0,000010
include 0,061875 0,000033
includes 0,274437 0,000289
index -0,009950 -0,000005
individual 0,415515 0,000219
individuals 1,309333 0,000689
infoq 2,302585 0,001213
informationcite -0,009950 -0,000005
infoworld 1,609438 0,000848
initial 0,597837 0,000315
inject 3,506558 0,001847
injection 1,771957 0,004665
instead 0,301105 0,000159
integrate 1,560648 0,000822
interface 0,616186 0,000973
international 0,139262 0,000073
internet 0,462035 0,000243
introduced 0,371064 0,000782
introduces 1,832581 0,001930
introducing 1,021651 0,001076
intypescript 3,912023 0,004120
isaacs 3,218876 0,001695
italiano 3,506558 0,001847
item -0,009950 -0,000005
ivy 3,506558 0,012926
january 0,083382 0,000176
java 0,891598 0,000470
javascript 1,021651 0,003766
javascriptback 3,218876 0,001695
javascriptcore 3,218876 0,001695
javascriptplatformweb 3,912023 0,002060
jaxer 3,218876 0,001695
jest 3,506558 0,001847
jhipster 2,995732 0,001578
john 0,210721 0,000111
joomla 2,995732 0,001578
jquery 2,813411 0,002963
jscript 2,995732 0,006310
jsdoc 2,995732 0,001578
jsgi 2,407946 0,001268
jshint 2,995732 0,001578
jslint 2,995732 0,001578
json 1,347074 0,000709
jsplatform 2,995732 0,001578
jsss 2,813411 0,001482
jstor 0,843970 0,000444
july 0,127833 0,000202
jump -0,009950 -0,000005
june 0,094311 0,000199
jwt 2,995732 0,001578
kernel 1,171183 0,000617
keynote 2,659260 0,002801
kit 1,966113 0,001035
kjs 3,218876 0,001695
knockout 3,218876 0,001695
krill 2,207275 0,001162
kubernetes 2,659260 0,001400
lacking 1,514128 0,001595
laminas 2,995732 0,001578
language 0,186330 0,000098
languages -0,009950 -0,000026
laravel 2,995732 0,001578
last -0,009950 -0,000005
latest 0,994252 0,001047
lazy 2,813411 0,001482
leaner 3,912023 0,002060
learn 0,494296 0,000260
led 0,446287 0,000235
legacy 1,309333 0,000689
legal -0,009950 -0,000005
leveldb 3,218876 0,001695
libraries 0,713350 0,002254
librariesjavascript 3,912023 0,002060
library 0,478036 0,001007
libvpx 3,218876 0,001695
license -0,009950 -0,000005
licensehidden 3,506558 0,001847
licensewebsiteanalogjs 3,912023 0,002060
licensewebsiteangular 3,912023 0,002060
life 0,653926 0,000344
lift 2,659260 0,001400
lighthouse 2,995732 0,001578
line 0,356675 0,000188
linear 0,916291 0,000483
linkpage -0,009950 -0,000005
links -0,009950 -0,000021
lisp 1,386294 0,000730
lists 0,597837 0,000315
lively 3,218876 0,001695
llc 1,714798 0,000903
load 1,347074 0,000709
loading 1,897120 0,000999
lodash 2,995732 0,001578
log -0,009950 -0,000010
long 0,287682 0,000151
longer 0,755023 0,000398
lts 2,659260 0,005601
made 0,186330 0,000098
main -0,009950 -0,000016
major 0,314711 0,000166
makes 0,415515 0,000219
making 0,328504 0,000692
manage 0,967584 0,001529
march 0,116534 0,000123
mark 0,462035 0,000730
material 0,867501 0,006395
maypole 3,218876 0,001695
mean 0,755023 0,000398
meaning 0,544727 0,000287
medium 1,203973 0,003170
meen 2,995732 0,001578
meet 0,867501 0,000457
menu -0,009950 -0,000010
merb 2,995732 0,001578
message 0,478036 0,000252
meta 1,386294 0,000730
meteor 2,813411 0,002963
microsoft 0,579818 0,000305
midgard 2,995732 0,001578
midori 2,407946 0,001268
million 0,916291 0,000483
minko 3,912023 0,012360
minor 1,469676 0,000774
mit 0,776529 0,000409
mobile -0,009950 -0,000005
mochikit 3,218876 0,001695
model 0,162519 0,000171
modern 0,314711 0,000166
modularity 2,813411 0,001482
module 1,049822 0,000553
modules 1,347074 0,001419
modx 2,995732 0,001578
mojarra 3,218876 0,001695
mojolicious 3,218876 0,001695
mongodb 2,525729 0,001330
monorail 3,218876 0,001695
months 0,891598 0,002348
mootools 2,995732 0,003155
move -0,009950 -0,000021
moved 1,347074 0,002128
moves 1,427116 0,000752
much 0,400478 0,000211
multiple 0,116534 0,000061
mvc 2,995732 0,001578
nacl 2,525729 0,001330
name 0,342490 0,000180
namebench 3,218876 0,001695
names 0,673345 0,000355
naming 1,386294 0,001460
nashorn 2,995732 0,001578
navigation -0,009950 -0,000010
nederlands 0,415515 0,000219
need 0,248461 0,000131
nestjs 2,813411 0,002963
net 0,415515 0,000875
nevow 2,995732 0,001578
new 0,010050 0,000042
news 0,446287 0,000235
newspapers 1,427116 0,000752
next 0,400478 0,000422
ngfor 3,912023 0,002060
ngif 3,912023 0,002060
ngmodule 3,912023 0,002060
nitro 3,912023 0,002060
node 1,203973 0,001902
nomulus 3,218876 0,001695
non -0,009950 -0,000005
nov 1,966113 0,003106
november 0,150823 0,001509
npm 2,659260 0,001400
nuke 2,995732 0,001578
nuxt 2,813411 0,002963
october 0,139262 0,000147
offer 0,820981 0,000865
official 0,733969 0,000773
oldid -0,009950 -0,000005
one 0,010050 0,000005
ongoing 1,560648 0,000822
open 0,235722 0,000621
openacs 3,218876 0,001695
openrefine 3,218876 0,001695
openui 3,218876 0,001695
operating 0,462035 0,000243
opt 2,995732 0,001578
optimization 0,693147 0,000365
optimizer 2,525729 0,001330
oracle 1,108663 0,000584
org -0,009950 -0,000005
organization -0,009950 -0,000005
orgrepositoryhttps 3,912023 0,002060
original 0,030459 0,000064
output 0,713350 0,000376
over 0,094311 0,000050
overflow 1,771957 0,002799
overview 0,616186 0,000973
package 1,078810 0,000568
packaging 1,771957 0,000933
padrino 2,995732 0,001578
page -0,009950 -0,000016
pagecontentscurrent -0,009950 -0,000005
pageget -0,009950 -0,000005
pages -0,009950 -0,000005
part 0,127833 0,000067
partial 1,237874 0,000652
patches 1,966113 0,002071
paths 1,897120 0,000999
paul 0,544727 0,000287
pawe 3,912023 0,002060
pdfprintable -0,009950 -0,000005
people 0,356675 0,000188
performance 0,261365 0,000275
perl 1,386294 0,000730
personal -0,009950 -0,000005
phalcon 2,995732 0,001578
phoenix 2,813411 0,001482
php -0,009950 -0,000026
picker 3,506558 0,001847
pieces 1,966113 0,001035
pipeline 2,659260 0,001400
pipes 3,506558 0,003693
plan 0,916291 0,000483
platform 0,527633 0,001111
platforms 0,776529 0,000409
platformtypefull 3,912023 0,002060
platformtypeweb 3,912023 0,002060
platformweb 3,912023 0,002060
play 1,139434 0,001200
please 0,776529 0,000409
pledged 3,912023 0,002060
pnpm 2,995732 0,001578
policy -0,009950 -0,000021
polskiportugu 0,916291 0,000483
polymer 2,659260 0,001400
pop 1,771957 0,000933
portal 0,597837 0,000315
portalrecent -0,009950 -0,000005
powered 1,660731 0,000875
prado 2,813411 0,001482
pretius 3,912023 0,002060
preview 1,966113 0,004141
previews 3,506558 0,001847
primary 0,527633 0,000556
primitives 2,120264 0,001117
print -0,009950 -0,000005
prior 0,891598 0,000470
privacy -0,009950 -0,000010
processwire 2,995732 0,001578
profit -0,009950 -0,000005
programming 0,446287 0,000470
progressive 2,407946 0,001268
project 0,314711 0,000166
projection 2,659260 0,001400
projects -0,009950 -0,000016
promotes 2,659260 0,001400
prompts 2,659260 0,001400
property 0,776529 0,000409
proprioception 3,912023 0,002060
protocol 0,713350 0,000376
prototype 1,609438 0,001695
provides 0,261365 0,000275
publish 1,714798 0,000903
published 0,328504 0,000346
pylons 2,995732 0,001578
pyramid 2,525729 0,001330
python 0,916291 0,000483
qcodo 2,995732 0,001578
qooxdoo 2,995732 0,003155
qtscript 3,218876 0,003390
quixote 2,995732 0,001578
rails 2,525729 0,001330
range 0,446287 0,000235
rapid 1,237874 0,000652
razor 2,995732 0,001578
react 1,966113 0,004141
readeditview 0,287682 0,000303
recommends 1,966113 0,001035
redirected 2,207275 0,001162
redirects 1,078810 0,000568
references 0,020203 0,000053
referred 0,446287 0,000235
referring 2,120264 0,002233
reflected 1,609438 0,000848
regarding 1,386294 0,001460
registered -0,009950 -0,000005
regularly 1,771957 0,000933
reinforcement 1,832581 0,000965
related 0,051293 0,000054
release 0,579818 0,003053
released 0,693147 0,001825
releases 1,347074 0,002837
reliable 0,616186 0,000649
relies 1,272966 0,000670
remix 2,813411 0,001482
remote 0,843970 0,000444
remove 0,527633 0,000278
removed 0,693147 0,000730
renderer 3,506558 0,001847
rendering 1,347074 0,005675
replacement 1,714798 0,000903
repository 1,078810 0,000568
requests 1,237874 0,000652
rescript 2,995732 0,001578
resig 2,813411 0,001482
resolvers 3,912023 0,002060
resources 0,314711 0,000166
responsive 2,813411 0,001482
retrieved -0,009950 -0,000204
reusable 2,995732 0,003155
rewrite 2,207275 0,003487
rhino 2,659260 0,001400
roberts 2,207275 0,001162
robertsinitial 3,912023 0,002060
rocket 2,120264 0,001117
router 2,302585 0,003638
routes 2,525729 0,001330
routing 1,560648 0,003287
ruby 1,347074 0,001419
runtime 1,347074 0,000709
rust 1,427116 0,001503
rxjs 3,912023 0,002060
safety -0,009950 -0,000005
sails 2,813411 0,002963
sawzall 2,995732 0,001578
scala 2,040221 0,001074
scalatra 3,218876 0,001695
schedule 1,832581 0,001930
scheduled 2,813411 0,001482
scholar 1,309333 0,000689
scope 0,941609 0,000496
scott 0,891598 0,000470
scroll 3,506558 0,001847
scrolling 3,218876 0,001695
seam 2,995732 0,001578
search -0,009950 -0,000026
seaside 3,218876 0,001695
secondary 1,386294 0,000730
security 0,314711 0,000331
see -0,009950 -0,000021
selects 2,407946 0,001268
sencha 3,218876 0,001695
separate 0,693147 0,000365
september 0,150823 0,000556
servant 3,218876 0,001695
server 0,653926 0,003099
servers 1,021651 0,000538
services 0,400478 0,000633
set 0,083382 0,000088
setup 2,040221 0,001074
several 0,094311 0,000050
sharealike -0,009950 -0,000005
shiny 2,995732 0,001578
short -0,009950 -0,000005
shortened -0,009950 -0,000005
side 0,693147 0,004380
sidebar -0,009950 -0,000021
signal 1,347074 0,000709
silverstripe 2,995732 0,001578
simplifies 2,120264 0,001117
sinatra 2,995732 0,001578
since 0,139262 0,000073
single 0,127833 0,000135
site -0,009950 -0,000005
sizes 1,514128 0,000797
sling 2,995732 0,001578
smalltalk 1,714798 0,000903
snap 3,218876 0,001695
software 0,127833 0,000135
softwareajax 3,506558 0,001847
softwarejavascript 3,218876 0,001695
softwaresoftwareapplications 3,218876 0,001695
solidity 2,813411 0,001482
source 0,186330 0,000491
sources 0,446287 0,000705
specifications 1,237874 0,000652
speeds 1,897120 0,000999
spidermonkey 2,995732 0,001578
spring 1,660731 0,000875
sproutcore 2,995732 0,003155
spry 3,218876 0,001695
sputnik 2,407946 0,001268
sql 1,171183 0,000617
srom 1,609438 0,000848
ssr 3,218876 0,003390
stable 0,867501 0,000457
stack 0,867501 0,003198
standalone 2,525729 0,007980
standard 0,198451 0,000105
statement -0,009950 -0,000005
states 0,385662 0,000203
static 1,272966 0,000670
statistics -0,009950 -0,000005
status 0,693147 0,000365
stephen 0,867501 0,001827
stripes 2,995732 0,001578
struts 2,813411 0,001482
subsection 0,020203 0,000032
substituted 2,995732 0,001578
suffixes 3,218876 0,001695
summer 1,660731 0,000875
sunspider 3,218876 0,001695
suomisvenskat 3,912023 0,002060
support 0,198451 0,001672
supported 0,634878 0,001337
supports 0,867501 0,000457
survey 0,579818 0,000611
svelte 3,218876 0,003390
sveltekit 3,218876 0,001695
swfobject 3,218876 0,001695
symfony 2,813411 0,001482
synchronizes 3,506558 0,001847
syntax 1,171183 0,001850
system 0,030459 0,000032
systems 0,061875 0,000033
table -0,009950 -0,000010
tamarin 2,995732 0,001578
tapestry 2,995732 0,001578
tasks 0,798508 0,000420
tcl 2,525729 0,001330
team 0,776529 0,001636
tensorflow 2,407946 0,001268
term 0,223144 0,000118
terms -0,009950 -0,000010
tertiary 2,407946 0,001268
tesseract 3,218876 0,001695
test 0,673345 0,000355
testing 0,616186 0,000649
text -0,009950 -0,000005
theming 3,912023 0,002060
thompson 1,714798 0,002709
time 0,010050 0,000005
times 0,314711 0,000166
title -0,009950 -0,000005
toggle -0,009950 -0,000026
toolkit 1,469676 0,000774
tools -0,009950 -0,000042
top -0,009950 -0,000005
topic -0,009950 -0,000005
tornado 2,659260 0,001400
touch 2,120264 0,001117
tracemonkey 3,218876 0,001695
trademark -0,009950 -0,000005
true 0,776529 0,000409
turbogears 2,995732 0,001578
tweet 2,995732 0,001578
twersky 3,912023 0,002060
twice 1,714798 0,000903
twitter 1,660731 0,000875
two 0,083382 0,000044
type 0,150823 0,000079
typed 1,609438 0,000848
typescript 2,407946 0,008876
typing 1,560648 0,000822
typo 2,995732 0,001578
umbraco 3,218876 0,001695
under -0,009950 -0,000010
underscore 2,659260 0,002801
understanding 0,562119 0,000296
universal 0,994252 0,000524
unlike 0,798508 0,000420
unsupported 2,302585 0,020613
update 0,527633 0,000278
updates 1,203973 0,001902
upgrades 2,525729 0,001330
upon 0,673345 0,000355
urawski 3,912023 0,002060
urldownload -0,009950 -0,000005
use -0,009950 -0,000021
used -0,009950 -0,000010
user 0,328504 0,000346
uses 0,094311 0,000149
using -0,009950 -0,000016
utc -0,009950 -0,000005
vaadin 2,995732 0,001578
variety 0,653926 0,000344
versa 2,302585 0,001213
version -0,009950 -0,000100
versions 0,579818 0,001221
vert 2,995732 0,001578
via 0,186330 0,000098
vice 1,660731 0,000875
view -0,009950 -0,000026
virtual 0,527633 0,000556
vite 2,995732 0,001578
vteecmascriptdialects 3,218876 0,001695
vtegoogle 3,218876 0,001695
vtenode 2,995732 0,001578
vteweb 1,966113 0,001035
vue 2,813411 0,004445
wakanda 3,218876 0,001695
wakandadb 3,218876 0,001695
wavemaker 2,813411 0,001482
way 0,198451 0,000105
web 0,342490 0,004689
webassembly 1,660731 0,000875
webgui 3,218876 0,001695
webpack 2,995732 0,001578
websharper 2,813411 0,001482
website 0,634878 0,000669
what -0,009950 -0,000010
which 0,000000 0,000000
wicket 2,995732 0,001578
wikidataarticles 1,171183 0,000617
wikimedia -0,009950 -0,000010
wikipedia -0,009950 -0,000031
wikipediacontact -0,009950 -0,000005
without 0,094311 0,000099
wmlscript 3,218876 0,001695
wordpress 2,407946 0,001268
workers 1,832581 0,000965
working 0,478036 0,000252
written 0,287682 0,000303
xoops 2,995732 0,001578
yarn 2,995732 0,001578
yaws 3,218876 0,001695
year 0,579818 0,000305
years 0,274437 0,000723
yesod 3,218876 0,001695
yii 2,995732 0,001578
youtube 1,272966 0,000670
zbekcha 0,462035 0,000243
zoneless 3,912023 0,006180
zope 2,995732 0,001578
