abaco 2,659260 0,000439
abil 0,562119 0,000093
abl 0,733969 0,000121
acceler 1,021651 0,000506
accept 0,634878 0,001258
access 0,127833 0,000317
accident 1,771957 0,000293
accomplish 1,771957 0,000293
accord 0,287682 0,000048
account -0,009950 -0,000005
acct 3,506558 0,000579
act 0,713350 0,000353
action -0,009950 -0,000012
activ 0,356675 0,000059
activeblink 2,659260 0,000439
activex 2,659260 0,000439
ad 0,198451 0,000262
adapt 0,798508 0,000132
add -0,009950 -0,000005
addit -0,009950 -0,000010
address 0,342490 0,000509
administr 0,867501 0,000286
adob 2,659260 0,000878
adopt 0,415515 0,000343
advanc 0,235722 0,000117
advertis 1,347074 0,000445
afrikaan 1,108663 0,000183
ag 0,867501 0,000143
again 1,078810 0,000178
against 0,462035 0,000076
agent 0,733969 0,001212
aggarw 3,506558 0,000579
ago 0,967584 0,000160
agre -0,009950 -0,000002
aim 0,634878 0,000105
aisgaeilgegalego 1,427116 0,000236
ajax 1,832581 0,000303
ajp 2,995732 0,000495
alert 1,897120 0,000313
algorithm 0,462035 0,000076
aliv 3,506558 0,002316
allow 0,061875 0,000215
almost 0,798508 0,000264
along 0,462035 0,000076
alpn 3,506558 0,000579
alreadi 0,776529 0,000641
alter 1,469676 0,000243
altern 0,342490 0,000057
although 0,287682 0,000190
alwai 0,597837 0,000395
amaya 2,659260 0,000439
amp -0,009950 -0,000005
analyt 0,798508 0,000132
ani 0,083382 0,000138
annot 1,108663 0,000366
announc 0,733969 0,000364
anonym 1,560648 0,000258
anoth 0,127833 0,000063
anshu 3,912023 0,000646
aol 2,120264 0,000350
apach 1,386294 0,001373
apacheweek 3,912023 0,000646
api 0,798508 0,000527
apiswhatwg 2,995732 0,000495
app 1,021651 0,000337
appar 2,207275 0,000364
appear -0,009950 -0,000005
append 2,407946 0,000398
appendix 2,659260 0,000439
appli -0,009950 -0,000002
applic 0,030459 0,000126
applicationspag 3,912023 0,000646
april 0,072571 0,000036
arachn 2,659260 0,000439
arbitrari 1,049822 0,000520
arbitrarili 2,407946 0,000398
arc 2,040221 0,000337
architectur 0,400478 0,000265
archiv 0,040822 0,000027
area 0,478036 0,000079
arena 1,966113 0,000325
ari 2,040221 0,000337
arora 2,207275 0,000364
around 0,356675 0,000059
arp 2,995732 0,000495
artech 3,218876 0,000532
articl 0,000000 0,000000
articleabout -0,009950 -0,000002
articletalk -0,009950 -0,000002
asapi 2,995732 0,000495
ascii 1,897120 0,000627
asgi 2,813411 0,000465
ask 0,867501 0,000143
asp 2,040221 0,000674
aspect 0,616186 0,000203
associ 0,127833 0,000021
assum 0,891598 0,000294
asturianuaz 1,427116 0,000236
atla 2,525729 0,000417
attempt 0,478036 0,000237
attribut -0,009950 -0,000002
audio 0,891598 0,000147
august 0,162519 0,000054
authent 1,347074 0,004226
author 0,040822 0,000007
autom 0,597837 0,000099
automat 0,462035 0,000076
avail -0,009950 -0,000005
avast 2,525729 0,000417
averag 0,967584 0,000160
avif 3,912023 0,000646
avoid 0,579818 0,000096
back 0,462035 0,000076
backend 2,120264 0,000350
backward 1,514128 0,000250
bad 1,347074 0,000445
badli 2,813411 0,000465
bahasa 0,186330 0,000031
bai 2,813411 0,000465
bandwidth 1,832581 0,000908
base 0,010050 0,000023
basedproprietari 2,659260 0,000439
basic 0,198451 0,000131
basilisk 2,207275 0,000364
beaker 2,659260 0,000439
becam 0,579818 0,000096
becaus 0,127833 0,000211
becom 0,274437 0,000091
begin 0,385662 0,000127
begun 1,966113 0,000325
behalf 2,207275 0,000364
behavior 0,342490 0,000057
belong 1,347074 0,000222
belsh 3,912023 0,000646
benefit 0,776529 0,000128
benfield 3,912023 0,000646
beonex 2,525729 0,000417
berner 2,525729 0,005839
beta 1,386294 0,000458
better 0,494296 0,000082
beyond 0,713350 0,000236
bgp 3,218876 0,000532
bho 2,995732 0,000495
bi 2,120264 0,000700
bibfram 2,813411 0,000465
bibo 2,813411 0,000465
bidirect 2,813411 0,000465
bin 2,525729 0,000417
binari 0,916291 0,000454
bio 2,659260 0,000439
bishop 2,525729 0,000834
blank 2,659260 0,001317
blazer 2,659260 0,000439
block 0,597837 0,000296
blog 0,713350 0,000236
bodi 0,867501 0,003438
bokm 0,127833 0,000021
bolt 2,207275 0,000364
book 0,210721 0,000035
bookmark 2,407946 0,000795
bootstrap 2,040221 0,000337
bosanski 1,347074 0,000222
bot 1,832581 0,000303
boundari 1,427116 0,000236
box 0,843970 0,000139
brad 2,525729 0,000417
brave 2,407946 0,000398
break 0,733969 0,000121
brian 1,108663 0,000183
broken 1,660731 0,000548
browser 1,021651 0,005061
browsersfeatur 2,659260 0,000439
bug 1,171183 0,000193
build 0,274437 0,000091
built 0,462035 0,000076
button 2,040221 0,000337
byiniti 3,912023 0,000646
byte 1,560648 0,002319
cach 1,386294 0,003663
cacheabl 3,506558 0,003474
cailliau 3,218876 0,000532
cake 2,659260 0,000439
call 0,030459 0,000030
came 1,078810 0,000178
camino 2,525729 0,000417
canavan 3,506558 0,000579
canius 3,912023 0,001292
cannot 0,314711 0,000052
canon 1,714798 0,000283
cantrel 3,912023 0,000646
canva 2,525729 0,000417
capabl 0,562119 0,000186
capit 0,994252 0,000164
careless 2,813411 0,000465
carriag 2,995732 0,000989
case 0,083382 0,000138
catal 0,094311 0,000016
catalin 2,659260 0,000439
categori -0,009950 -0,000007
caus 0,430783 0,000213
cellular 1,714798 0,000283
cern 2,407946 0,001590
cert 3,218876 0,000532
certain 0,274437 0,000091
cgi 2,525729 0,000417
challeng 0,400478 0,000331
chang 0,051293 0,000085
changesupload -0,009950 -0,000003
channel 1,049822 0,000173
chapter 0,891598 0,000147
charact 0,843970 0,000418
charg 1,272966 0,000210
charset 3,506558 0,000579
charter 1,897120 0,000313
check 0,634878 0,000315
chen 1,309333 0,000432
choic 0,755023 0,000125
christian 1,560648 0,000258
chrome 1,966113 0,000974
chromium 2,120264 0,001400
chunk 2,302585 0,001901
cid 0,356675 0,000059
cimpanu 2,659260 0,000439
cintroduc 3,912023 0,000646
cite 0,597837 0,000197
citrio 2,659260 0,000439
clarif 1,832581 0,000605
clarifi 2,525729 0,000417
class 0,446287 0,000221
classic 0,544727 0,000180
classifi 0,967584 0,000160
classilla 2,525729 0,000417
clear 1,049822 0,000347
clearli 1,771957 0,000293
cli 2,040221 0,000337
click 1,714798 0,000849
client 0,713350 0,006714
close 0,356675 0,000648
cloudflar 2,659260 0,001756
coast 2,302585 0,000380
code -0,009950 -0,000030
coffe 2,207275 0,000364
coin 0,941609 0,000155
collabor 0,941609 0,000155
collect 0,274437 0,000045
colon 2,407946 0,000795
color 1,609438 0,000266
com 0,150823 0,000398
combin 0,261365 0,000086
comet 2,407946 0,000398
command 0,891598 0,000147
comment 1,049822 0,000347
common -0,009950 -0,000012
commonli 0,342490 0,000113
commonswikibookswikidata 2,407946 0,000398
commun 0,139262 0,000207
comodo 2,525729 0,000417
compani 0,342490 0,000057
compar 0,342490 0,000057
comparison 0,371064 0,000184
compat 0,693147 0,000229
complet 0,223144 0,000184
compliant 1,897120 0,000627
compon 0,261365 0,000043
compress 1,108663 0,002014
comput 0,020203 0,000010
concurr 0,994252 0,000328
condit 0,579818 0,000479
conduct -0,009950 -0,000002
configur 0,798508 0,000527
conform 1,272966 0,000420
congest 2,995732 0,000495
conkeror 2,659260 0,000439
connect 0,430783 0,004268
consequ 0,891598 0,000294
consid 0,274437 0,000272
consider 0,713350 0,000118
consist 0,301105 0,000249
consortium 1,771957 0,002633
constitut 1,272966 0,000210
constrain 1,897120 0,000313
construct 0,579818 0,000191
consum 0,653926 0,000108
contact -0,009950 -0,000003
contain 0,162519 0,000161
content -0,009950 -0,000056
context 0,446287 0,000074
continu 0,174353 0,000115
contrast 0,891598 0,000589
contribut -0,009950 -0,000002
control 0,020203 0,000020
convei 2,525729 0,000417
cooki -0,009950 -0,000010
coordin 1,309333 0,000216
cor 2,995732 0,000495
core 0,579818 0,000191
correctli 1,832581 0,000303
correspond 0,798508 0,000132
cover 0,733969 0,000242
coverag 1,897120 0,000313
crawler 2,525729 0,000834
creat -0,009950 -0,000005
creativ -0,009950 -0,000002
credenti 2,120264 0,000350
credit 0,867501 0,000143
crid 3,506558 0,000579
critic 0,385662 0,000064
crlf 3,912023 0,002584
cross 0,562119 0,000093
css 1,897120 0,000940
current 0,210721 0,000035
custom 0,544727 0,000270
dac 2,995732 0,000495
daemon 2,659260 0,000439
data 0,030459 0,000116
databas 0,072571 0,000048
datagram 2,659260 0,000439
dataisraelotheryal 2,813411 0,000465
dataspac 2,813411 0,000465
datatrack 2,995732 0,000495
date 0,210721 0,000035
dave 1,771957 0,001463
david 0,385662 0,000064
dccp 3,218876 0,000532
debug 1,660731 0,000274
decid 0,867501 0,000286
decim 1,660731 0,000274
decommiss 3,218876 0,000532
deepfish 2,659260 0,000439
deepnet 2,659260 0,000439
default 0,693147 0,000343
defin 0,116534 0,000212
definit 0,186330 0,000031
deflat 2,813411 0,000465
delet 1,139434 0,003199
deliber 1,771957 0,000293
deliv 1,078810 0,000178
deliveri 1,309333 0,000216
demonstr 0,994252 0,000164
depend 0,105361 0,000017
deploi 1,108663 0,000183
deprec 1,660731 0,002468
deriv 0,494296 0,000082
describ 0,174353 0,000144
descript -0,009950 -0,000008
descriptionshort 0,000000 0,000000
design 0,040822 0,000040
desir 0,941609 0,000311
despit 1,021651 0,000169
detail 0,510826 0,000169
determin 0,342490 0,000057
dev 1,514128 0,000250
develop -0,009950 -0,000021
dhcp 2,995732 0,000495
dhtml 2,302585 0,000380
dialog 2,813411 0,000465
differ 0,010050 0,000008
digest 2,207275 0,001093
digit 0,400478 0,000265
dillo 2,659260 0,000439
disabl 1,609438 0,000797
discard 2,525729 0,000417
disclaim -0,009950 -0,000002
discontinuedblink 2,659260 0,000439
discourag 2,659260 0,000439
discoveri 1,139434 0,000188
dismiss 2,302585 0,000380
displac 2,525729 0,000417
displai 0,755023 0,000499
disposit 3,912023 0,001292
distinct 0,544727 0,000180
distinguish 0,733969 0,000121
distribut 0,198451 0,000066
divid 1,049822 0,000173
dn 1,897120 0,000627
dnt 3,218876 0,000532
doap 2,813411 0,000465
document 0,328504 0,001193
doi 0,162519 0,000751
dolphin 2,659260 0,000439
dom 1,560648 0,000773
domain 0,544727 0,000090
donat -0,009950 -0,000003
doobl 2,659260 0,000439
down 0,597837 0,000197
download -0,009950 -0,000005
draft 1,427116 0,002121
dublin 2,659260 0,000439
duckduckgo 2,525729 0,000417
due 0,261365 0,000129
duplic 1,897120 0,000313
durat 2,040221 0,000337
dusseault 3,912023 0,000646
dynam 0,342490 0,000283
earli 0,301105 0,000249
earlier 1,139434 0,000188
easili 0,843970 0,000139
ecn 2,813411 0,000465
ecosia 2,659260 0,000439
ed 0,210721 0,000278
edg 0,820981 0,000271
edig 3,912023 0,000646
edit -0,009950 -0,000077
editcommun -0,009950 -0,000002
effect 0,274437 0,000498
effici 0,287682 0,000143
effort 0,653926 0,000108
either 0,248461 0,000041
element 0,301105 0,000050
elig 2,525729 0,000417
elink 2,659260 0,000439
em 1,560648 0,000258
email 1,469676 0,001213
empti 1,386294 0,000229
enabl 0,274437 0,000272
encod 1,203973 0,002187
encrypt 1,139434 0,001505
encyclopedia -0,009950 -0,000002
end 0,186330 0,000277
endpoint 2,525729 0,000834
enforc 0,916291 0,000151
engin 0,061875 0,000204
english -0,009950 -0,000003
enhanc 0,510826 0,000084
entir 0,597837 0,000197
entireti 2,995732 0,000495
entiti 0,843970 0,001254
epic 2,040221 0,000337
equival 0,820981 0,000271
error 0,430783 0,000427
errorspag 3,912023 0,000646
espa 0,210721 0,000035
especi 0,415515 0,000069
establish 0,634878 0,000629
etag 3,218876 0,001595
etc 0,562119 0,001114
even 0,235722 0,000195
event 0,356675 0,000059
eventsrandom -0,009950 -0,000002
eventu 0,798508 0,000264
evolut 0,820981 0,000136
eww 2,659260 0,000439
exactli 1,171183 0,000193
exampl 0,020203 0,000060
except 0,733969 0,000364
excerpt 1,714798 0,000283
exchang 0,579818 0,000574
execut 0,356675 0,000059
exist 0,186330 0,000123
expand 0,776529 0,000128
expect 0,494296 0,000082
experi 0,510826 0,000084
experiment 0,916291 0,000151
explicitli 0,916291 0,000151
explor 0,820981 0,000407
export -0,009950 -0,000002
extend 0,385662 0,000191
extens 0,342490 0,000566
extern 0,030459 0,000015
extract 1,108663 0,000183
ey 1,660731 0,000274
facebook 1,560648 0,000258
facilit 0,916291 0,000151
fact 0,579818 0,000096
fail 0,693147 0,000229
falkon 2,659260 0,000439
far 0,867501 0,000143
fast 0,673345 0,000111
faster 0,994252 0,000821
fcgi 2,995732 0,000495
featur 0,210721 0,000174
februari 0,061875 0,000031
feed 1,966113 0,000974
feedback 1,309333 0,000216
fetch 1,966113 0,000325
field 0,314711 0,002754
file 0,446287 0,000737
fileperman -0,009950 -0,000002
filespeci -0,009950 -0,000002
final 0,494296 0,000163
find 0,371064 0,000061
finger 2,813411 0,000465
firefox 1,771957 0,001463
first 0,020203 0,000053
firstli 2,659260 0,000439
five 0,776529 0,000128
flock 2,207275 0,000364
floorp 2,525729 0,000417
flow 0,430783 0,000142
fluid 1,660731 0,000274
foaf 2,659260 0,000439
folksonomi 2,813411 0,000465
follow 0,072571 0,000144
forbidden 2,120264 0,000350
forc 0,597837 0,001876
fork 1,203973 0,000199
form 0,072571 0,000072
format 0,634878 0,000944
formerli 1,309333 0,000216
forum 1,203973 0,000199
forward 0,941609 0,000155
foss 1,966113 0,000325
found 0,274437 0,000136
foundat -0,009950 -0,000003
frame 1,560648 0,000773
framework 0,287682 0,000095
frank 1,203973 0,000199
free -0,009950 -0,000002
friedl 3,912023 0,000646
frindel 3,912023 0,000646
frontend 2,407946 0,000398
frystyk 3,506558 0,001737
ftp 2,040221 0,000674
fulfil 1,771957 0,000585
full 0,371064 0,000184
fulli 0,616186 0,000102
function 0,030459 0,000010
fundament 0,478036 0,000079
further 0,139262 0,000184
futur 0,235722 0,000195
galeon 2,659260 0,000439
gazel 2,659260 0,000439
gear 1,771957 0,000293
gecko 2,407946 0,001193
gemini 2,207275 0,000729
gener -0,009950 -0,000023
geo 2,407946 0,000398
geoloc 2,525729 0,000417
geotag 2,813411 0,000465
get 0,430783 0,001921
getti 3,218876 0,001063
ghostzilla 2,659260 0,000439
github 1,078810 0,000178
give 0,446287 0,000147
given 0,261365 0,000086
global 0,446287 0,000147
gmt 3,506558 0,001158
gnome 2,302585 0,000380
gnu 1,272966 0,000210
goanna 2,525729 0,000417
googl 0,579818 0,001245
gopher 2,995732 0,001484
gourlei 3,912023 0,000646
gradual 1,560648 0,000258
graphql 2,659260 0,000439
grddl 2,813411 0,000465
greatli 1,427116 0,000236
green 0,916291 0,000151
greenbrows 2,659260 0,000439
grigorik 3,506558 0,000579
group 0,186330 0,000769
guid 0,287682 0,000048
guidanc 1,714798 0,000283
gzip 3,506558 0,001737
handbook 0,941609 0,000155
handl 0,415515 0,000412
handler 2,207275 0,000364
handshak 3,506558 0,000579
hardwar 0,579818 0,000096
hat 1,966113 0,000325
hatom 2,813411 0,000465
hcalendar 2,813411 0,000465
hcard 2,813411 0,000465
head 0,867501 0,001719
header 1,714798 0,019255
hello 1,714798 0,000283
help 0,174353 0,000058
helplearn -0,009950 -0,000002
hererel -0,009950 -0,000002
hidden 0,843970 0,000139
hide -0,009950 -0,000007
high 0,223144 0,000111
higher 0,430783 0,000142
highest 1,514128 0,000250
histori -0,009950 -0,000013
holb 3,912023 0,000646
home 0,616186 0,000102
hop 2,659260 0,000878
host 0,755023 0,001745
hotjava 2,659260 0,000439
hous 0,820981 0,000136
howev 0,094311 0,000062
hpack 3,912023 0,001938
hproduct 2,813411 0,000465
hrecip 2,813411 0,000465
hreview 2,813411 0,000465
hrvatskiidobahasa 1,203973 0,000199
hsing 3,218876 0,000532
html 1,078810 0,002672
http -0,009950 -0,000513
httpbi 3,506558 0,003474
httpd 2,813411 0,000929
httpintern 3,912023 0,000646
httpmu 3,912023 0,000646
httpu 3,912023 0,000646
httpwg 3,506558 0,000579
huawei 1,966113 0,000325
human 0,527633 0,000174
hydrat 2,525729 0,000417
hyperdata 2,813411 0,000465
hyperlink 2,040221 0,000674
hypermedia 2,995732 0,000989
hypertext 1,771957 0,008485
ian 1,347074 0,000222
ibm 0,693147 0,000229
ibrows 2,659260 0,000439
icab 2,659260 0,000439
icecat 2,525729 0,000417
icedragon 2,659260 0,000439
icmp 2,995732 0,000495
idea 0,527633 0,000174
idempot 3,912023 0,008398
ident 0,820981 0,000542
identif 1,139434 0,000188
identifi 0,356675 0,000412
idl 2,302585 0,000380
iesg 3,506558 0,000579
ietf 2,040221 0,005390
igmp 3,218876 0,000532
ignor 1,078810 0,000534
ilya 2,302585 0,000380
imag 0,494296 0,000245
imap 2,813411 0,000465
immedi 0,967584 0,000160
implement 0,105361 0,000157
impos 2,040221 0,000337
improv 0,150823 0,000100
ina 0,356675 0,000059
inadvert 2,995732 0,000495
inasloven 0,616186 0,000102
inc -0,009950 -0,000007
includ 0,000000 0,000000
inde 1,714798 0,000283
index -0,009950 -0,000003
indexeddb 2,407946 0,000795
indic 0,356675 0,000177
indonesia 1,272966 0,000210
industri 0,356675 0,000059
info 1,832581 0,000303
inform 0,061875 0,000194
informationcit -0,009950 -0,000002
infrastructur 0,673345 0,000111
initi 0,235722 0,000117
inject 1,386294 0,000229
insensit 2,995732 0,000495
insert 1,560648 0,000258
insid 0,579818 0,000096
inspect 1,514128 0,000250
inspir 1,237874 0,000204
instanc 0,478036 0,000079
instead 0,301105 0,000348
integ 1,139434 0,000188
integr 0,174353 0,000029
intellig 0,510826 0,000084
intend 0,478036 0,000237
intent 1,171183 0,000193
interact 0,356675 0,000059
interchang 1,714798 0,000283
interfac 0,494296 0,000082
interfacesserv 2,995732 0,000495
interlink 3,218876 0,000532
intermedi 1,309333 0,000649
intermediari 1,897120 0,000627
intern 0,040822 0,000007
internationalgndnationalunit 1,108663 0,000183
internet 0,462035 0,002747
interplanetari 3,506558 0,000579
interpret 0,579818 0,000096
interrupt 1,609438 0,000266
intranet 2,813411 0,000465
introduc 0,210721 0,000174
introduct 0,210721 0,000035
invent 1,021651 0,000506
invok 1,714798 0,000283
ipp 3,218876 0,000532
ipsec 2,995732 0,000495
irc 2,659260 0,001756
iri 2,040221 0,000674
irregular 3,218876 0,000532
isapi 2,995732 0,000495
isbn 0,051293 0,000025
ispolskiportugu 1,771957 0,000293
issn 0,478036 0,000710
issu 0,314711 0,000260
item -0,009950 -0,000002
ixbrl 2,813411 0,000465
jacob 1,832581 0,000303
jakarta 2,659260 0,000439
jan 1,386294 0,000229
januari 0,083382 0,000055
javascript 1,021651 0,000337
john 0,198451 0,000066
journal 0,186330 0,000031
jsgi 2,407946 0,000398
json 1,347074 0,000222
juli 0,127833 0,000021
jump -0,009950 -0,000002
june 0,094311 0,000358
kazehakas 2,659260 0,000439
keep 0,733969 0,000606
khrono 2,995732 0,000495
kidzui 2,659260 0,000439
kind 0,673345 0,000111
know 0,653926 0,000216
knowledg 0,597837 0,000296
known 0,127833 0,000106
konqueror 2,659260 0,000439
krasic 3,912023 0,000646
kylo 2,659260 0,000439
lack 0,544727 0,000090
ladybird 2,659260 0,000439
lafon 3,912023 0,000646
lag 2,407946 0,000398
langlei 2,995732 0,000495
languag -0,009950 -0,000010
larg 0,127833 0,000021
last -0,009950 -0,000010
late 0,733969 0,000121
latenc 1,897120 0,001566
later 0,223144 0,000184
latest 0,994252 0,000164
latinalatvi 1,203973 0,000199
layer 0,713350 0,002002
layout 1,660731 0,000274
ldap 2,525729 0,001251
leach 2,995732 0,000495
lead 0,287682 0,000048
learn 0,162519 0,000027
least 0,527633 0,000261
leav 1,078810 0,000178
led 0,446287 0,000074
lee 0,994252 0,002463
legaci 1,309333 0,000216
legal -0,009950 -0,000003
length 1,237874 0,001840
less 0,430783 0,000285
level 0,083382 0,000028
librari 0,356675 0,000118
librewolf 2,525729 0,000417
licens -0,009950 -0,000002
like 0,051293 0,000025
limit 0,186330 0,000277
line 0,261365 0,001122
link -0,009950 -0,000016
linkcommon 2,813411 0,000465
linkpag -0,009950 -0,000002
linux 0,916291 0,000151
lisp 1,386294 0,000229
list 0,051293 0,000059
listen 1,966113 0,000325
lite 2,302585 0,000380
live 0,733969 0,000242
liveconnect 2,995732 0,000495
livinginternet 3,912023 0,000646
lnorsk 0,653926 0,000108
load 0,891598 0,000147
local 0,314711 0,000104
locat 0,527633 0,000349
log -0,009950 -0,000005
logic 0,616186 0,000203
login 1,966113 0,000325
logout 3,912023 0,000646
lombardmagyar 1,832581 0,000303
long 0,287682 0,000143
lotu 2,120264 0,000350
low 0,478036 0,000079
lower 0,673345 0,000111
lunascap 2,659260 0,000439
luotonen 3,912023 0,000646
lux 0,371064 0,000061
lynx 2,525729 0,000417
mac 1,237874 0,000409
machin 0,040822 0,000007
mad 2,407946 0,000398
made 0,186330 0,000092
magnet 1,966113 0,000325
mail 1,203973 0,000199
mailto 3,506558 0,000579
main -0,009950 -0,000007
mainli 1,021651 0,000169
maint 0,798508 0,000264
maintain 0,400478 0,000066
major 0,223144 0,000184
make 0,061875 0,000061
malici 1,660731 0,000274
manag 0,105361 0,000139
mandat 1,714798 0,000283
mandatori 2,207275 0,000729
mani 0,061875 0,000133
map 0,616186 0,000102
mapper 2,407946 0,000398
march 0,116534 0,000038
marjori 3,912023 0,000646
mark 0,261365 0,000086
mashup 2,407946 0,000398
masint 3,218876 0,001063
mask 1,832581 0,000303
mass 1,309333 0,000216
match 0,400478 0,000265
matt 1,609438 0,000266
maxthon 2,659260 0,000439
mean 0,083382 0,000055
meanwhil 2,207275 0,000364
mechan 0,356675 0,000530
media 0,139262 0,000092
mediabrows 2,659260 0,000439
melayu 0,820981 0,000136
meleon 2,525729 0,000417
menk 3,912023 0,000646
menu -0,009950 -0,000003
mercuri 2,302585 0,000380
messag 0,400478 0,001653
meta 1,386294 0,000229
metadata 1,347074 0,000890
method 0,150823 0,001544
metric 1,309333 0,000216
mgcp 3,218876 0,000532
michal 3,912023 0,000646
microb 2,659260 0,000439
microdata 2,659260 0,000439
microformat 2,659260 0,000878
microservic 2,302585 0,000380
microsoft 0,579818 0,000096
midori 2,407946 0,000398
mini 1,832581 0,000303
minim 0,579818 0,000096
minimo 2,525729 0,000417
minor 1,309333 0,000216
miss 0,867501 0,000286
mistak 1,832581 0,000303
mobil -0,009950 -0,000005
mod 1,832581 0,003631
mode 0,755023 0,000374
model 0,116534 0,000019
modern 0,314711 0,000052
modifi 0,527633 0,000784
modul 0,820981 0,000271
mogul 2,995732 0,000989
mon 3,506558 0,000579
mono 2,407946 0,000398
moon 2,040221 0,000337
mosaic 2,120264 0,000350
mous 2,207275 0,000364
move -0,009950 -0,000010
mozilla 1,514128 0,000750
mqtt 2,995732 0,000495
mse 2,302585 0,000380
mshtml 2,659260 0,000439
msn 2,525729 0,001251
much 0,400478 0,000198
mullvad 2,659260 0,000439
multi 0,342490 0,000057
multicast 3,912023 0,000646
multipl 0,094311 0,000202
multiplex 2,302585 0,001521
nacl 2,525729 0,000417
name 0,162519 0,000510
namesc 3,218876 0,000532
natur 0,356675 0,000059
navig -0,009950 -0,000002
ndp 3,218876 0,000532
nearli 1,139434 0,000188
necessarili 1,049822 0,000173
nederland 0,415515 0,000069
need 0,030459 0,000035
negoti 1,771957 0,001756
neoplanet 2,659260 0,000439
net 0,385662 0,000064
netcaptor 2,659260 0,000439
netfront 2,659260 0,000439
netoti 1,771957 0,000293
netposit 2,659260 0,000439
netscap 2,040221 0,000337
netsurf 2,659260 0,000439
network 0,127833 0,000338
never 1,021651 0,000844
new 0,010050 0,000027
newer 1,309333 0,000216
next 0,400478 0,000132
nf 3,218876 0,000532
nightli 3,506558 0,000579
nntp 2,995732 0,000989
node 0,867501 0,000143
nokia 2,207275 0,000364
non -0,009950 -0,000010
norsk 0,342490 0,000057
norwood 3,912023 0,000646
notat 0,941609 0,000155
note 0,150823 0,000149
nottingham 3,912023 0,002584
novemb 0,150823 0,000025
nowadai 2,302585 0,000380
npapi 2,813411 0,000465
npruntim 2,995732 0,000495
nsapi 2,995732 0,000495
ntp 3,218876 0,000532
number 0,040822 0,000034
nynorsk 2,302585 0,000380
object 0,174353 0,000029
obsolet 1,609438 0,010365
occasion 1,714798 0,000283
occur 0,510826 0,000253
ocsp 2,659260 0,000439
offici 0,653926 0,000648
often 0,127833 0,000084
oku 3,912023 0,000646
old 0,994252 0,000493
oldid -0,009950 -0,000002
olesperantoeuskara 0,510826 0,000084
omit 1,714798 0,000283
omniweb 2,659260 0,000439
onc 3,218876 0,000532
onlin 0,415515 0,000069
ontolog 1,660731 0,000548
open 0,150823 0,000050
oper 0,010050 0,000007
opera 2,302585 0,001141
opportunist 2,813411 0,000465
optim 0,415515 0,000274
option 0,527633 0,001568
order 0,094311 0,000125
org -0,009950 -0,000023
organ -0,009950 -0,000002
orient 0,653926 0,000108
origin -0,009950 -0,000013
origyn 2,659260 0,000439
orion 2,302585 0,000380
ospf 3,218876 0,000532
otter 2,659260 0,000439
ought 2,659260 0,000439
out 0,261365 0,000043
output 0,597837 0,000099
over 0,094311 0,000156
overhead 1,469676 0,000243
overview 0,616186 0,000102
owin 2,995732 0,000495
owl 2,525729 0,000417
packet 2,120264 0,000350
page -0,009950 -0,000030
pagecontentscurr -0,009950 -0,000002
pageget -0,009950 -0,000002
pageswikipedia 2,659260 0,000439
pagethi 2,659260 0,000439
pair 1,309333 0,000432
pale 2,525729 0,000417
paramet 0,755023 0,000249
pardu 3,912023 0,000646
parrot 2,302585 0,000380
pars 1,514128 0,000250
part 0,072571 0,000096
parti 0,616186 0,000102
partial 0,916291 0,000605
particular 0,301105 0,000050
pass 0,776529 0,000385
passeng 1,966113 0,000325
past 0,994252 0,000328
patch 1,560648 0,002062
path 0,798508 0,000132
payload 2,525729 0,000834
pdfprintabl -0,009950 -0,000002
peer 1,771957 0,000585
pend 2,120264 0,000350
peon 3,912023 0,001292
per 0,616186 0,000407
percept 1,832581 0,000303
perfectli 2,995732 0,000495
perform 0,040822 0,000027
period 0,713350 0,000118
perl 1,347074 0,000445
perman 1,272966 0,000210
permit 1,203973 0,000199
persist 1,386294 0,002289
person -0,009950 -0,000002
php -0,009950 -0,000003
phrase 1,469676 0,001941
phusion 2,813411 0,000465
piemont 1,427116 0,000236
pipelin 2,120264 0,001400
piratebrows 2,659260 0,000439
place 0,356675 0,000059
plain 1,514128 0,000500
plan 0,430783 0,000427
platform 0,400478 0,000066
plu 1,203973 0,000596
pogo 2,525729 0,000417
polici -0,009950 -0,000003
poll 2,040221 0,000337
pollut 1,832581 0,000303
pop 1,714798 0,000283
popov 2,995732 0,000495
popular 0,400478 0,000132
port 1,272966 0,001261
portalrec -0,009950 -0,000002
portion 1,560648 0,000515
portlet 2,995732 0,000495
posit 0,616186 0,000102
possibl 0,186330 0,000062
post 0,478036 0,001263
ppapi 2,995732 0,000495
ppp 2,995732 0,000495
practic 0,186330 0,000123
pre 0,941609 0,000622
preced 1,427116 0,000236
prefer 0,798508 0,000132
prefetch 3,218876 0,000532
prematur 3,506558 0,000579
prescrib 2,525729 0,000417
present 0,287682 0,000238
presum 2,659260 0,000439
previou 0,843970 0,000976
previous 0,843970 0,000139
primari 0,527633 0,000087
primarili 0,653926 0,000108
principl 0,385662 0,000127
print -0,009950 -0,000002
prior 0,891598 0,000147
priorit 1,609438 0,000532
privaci -0,009950 -0,000008
privat 0,634878 0,000105
problem 0,186330 0,000277
procedur 0,867501 0,000143
process 0,051293 0,000025
produc 0,342490 0,000057
product 0,174353 0,000058
profit -0,009950 -0,000002
program 0,116534 0,000038
progress 1,171183 0,000193
project -0,009950 -0,000003
properli 1,309333 0,000649
properti 0,314711 0,000104
propos 0,510826 0,001097
protect 0,462035 0,000229
protocol 0,527633 0,007667
protocolappl 3,912023 0,000646
protocolsfeatur 2,659260 0,000439
protocolsinternet 3,912023 0,000646
provid 0,061875 0,000102
proxi 1,771957 0,002926
pseudo 2,302585 0,000380
psgi 2,995732 0,000495
ptp 3,218876 0,000532
public 0,127833 0,000042
publish 0,105361 0,000139
puffin 2,659260 0,000439
purpl 3,218876 0,000532
purpos 0,248461 0,000041
push 1,203973 0,000398
put 0,755023 0,001371
python 0,916291 0,000454
qpack 3,912023 0,002584
qtweb 2,659260 0,000439
queri 1,139434 0,000188
quic 2,995732 0,003463
quickli 0,891598 0,000147
quot 1,049822 0,000347
qutebrows 2,659260 0,000439
rack 2,302585 0,000380
raggett 3,218876 0,002658
rail 2,040221 0,000674
rang 0,371064 0,000551
rapid 1,203973 0,000199
rbaycanca 0,248461 0,000041
rdf 2,120264 0,001050
rdfa 2,659260 0,000439
read 0,162519 0,000027
readabl 1,309333 0,000432
readeditview 0,287682 0,000095
reader 1,560648 0,000258
real 0,210721 0,000139
realli 1,660731 0,000274
realm 2,120264 0,000700
reason 0,328504 0,000814
receiv 0,400478 0,000265
rechart 3,912023 0,001292
recommend 0,891598 0,000294
record 0,400478 0,000265
red 1,237874 0,000409
redcor 2,659260 0,000439
reddi 2,659260 0,000439
redirect 0,673345 0,000445
reduc 0,274437 0,000181
refactor 2,659260 0,001317
refer -0,009950 -0,000013
refin 1,386294 0,000458
regard 0,776529 0,000128
regist -0,009950 -0,000002
reilli 1,078810 0,000356
relai 2,207275 0,000364
relat 0,030459 0,000030
releas 0,415515 0,000343
relev 0,798508 0,000132
reliabl 0,371064 0,000245
reload 2,995732 0,000495
remain 0,400478 0,000066
remot 0,776529 0,000128
remov 0,301105 0,000099
repeat 1,469676 0,000243
replac 0,494296 0,000082
report 0,261365 0,000129
repres 0,235722 0,000195
represent 0,634878 0,001048
request 0,776529 0,015900
requir 0,051293 0,000085
reschk 3,912023 0,005814
research 0,223144 0,000037
resid 1,714798 0,000283
resourc 0,248461 0,001805
respond 1,049822 0,000347
respons 0,415515 0,003842
rest 1,049822 0,000173
restart 2,995732 0,001484
result 0,139262 0,000046
resum 2,813411 0,000929
retain 1,832581 0,000303
retriev -0,009950 -0,000081
return 0,510826 0,000590
reus 1,832581 0,001210
review 0,314711 0,000052
revis 1,021651 0,001012
rfc 1,714798 0,037943
rfe 3,912023 0,000646
rich 1,309333 0,000216
richer 3,218876 0,000532
rip 2,995732 0,000495
rkmen 1,966113 0,000325
roa 2,813411 0,000465
robert 0,527633 0,000087
robot 1,347074 0,000222
rockmelt 2,659260 0,000439
rom 0,616186 0,000102
root 0,733969 0,000364
rout 1,108663 0,000549
routabl 3,912023 0,000646
router 1,714798 0,000283
roysktfran 2,040221 0,000337
rpc 2,813411 0,000465
rrid 2,813411 0,000465
rsvp 3,218876 0,000532
rsync 3,506558 0,000579
rtp 3,218876 0,000532
rtsp 3,218876 0,000532
rubi 1,347074 0,000445
ruellan 3,912023 0,000646
rule 0,510826 0,000337
run 0,248461 0,000082
safari 2,040221 0,000337
safe 0,916291 0,001967
safeti -0,009950 -0,000003
sai 0,616186 0,000102
sailu 3,912023 0,000646
salamweb 2,659260 0,000439
samsung 2,040221 0,000337
satisfi 1,347074 0,000445
save 0,994252 0,000328
saw 1,832581 0,000303
sawsdl 2,813411 0,000465
sayer 3,912023 0,000646
scenario 1,139434 0,000188
scgi 2,995732 0,000495
schema 1,771957 0,000585
scheme 1,171183 0,000967
schemesoffici 3,506558 0,000579
scienc 0,274437 0,000091
scope 0,891598 0,000147
screen 1,660731 0,000274
script 0,916291 0,000757
sctp 3,218876 0,000532
seamonkei 2,525729 0,000417
search -0,009950 -0,000012
sec 2,207275 0,001822
secondarili 3,912023 0,000646
secondli 2,813411 0,000465
secretari 2,659260 0,000439
section 0,446287 0,000147
secur 0,274437 0,000680
see -0,009950 -0,000023
seen 0,776529 0,000128
select 0,371064 0,000061
self 0,478036 0,000079
semant 0,891598 0,003533
send 1,108663 0,001831
sensit 1,078810 0,000356
sent 1,171183 0,001547
separ 0,400478 0,000397
septemb 0,150823 0,000125
sequenc 0,820981 0,000678
serv 0,713350 0,000707
server 0,597837 0,009872
servic 0,210721 0,000104
servlet 2,525729 0,000417
session 1,469676 0,001941
set 0,051293 0,000017
seven 1,469676 0,000243
sever 0,072571 0,000012
shacl 2,659260 0,000439
share 0,301105 0,000149
sharealik -0,009950 -0,000002
shiira 2,659260 0,000439
shop 1,771957 0,000293
short -0,009950 -0,000008
shorten -0,009950 -0,000002
show 0,400478 0,000132
shown 1,237874 0,000818
shqipsimpl 1,203973 0,000199
shun 2,659260 0,000439
shyan 3,506558 0,000579
side 0,579818 0,000287
sidebar -0,009950 -0,000007
sidebrows 2,995732 0,000495
sideprotocol 2,995732 0,000495
silk 2,040221 0,000337
similar 0,150823 0,000050
similarli 0,843970 0,000279
simpl 0,150823 0,000125
simpli 0,733969 0,000121
sinc 0,139262 0,000230
singl 0,127833 0,000232
sioc 2,813411 0,000465
sip 2,995732 0,001484
site -0,009950 -0,000003
situat 0,776529 0,000128
six 1,309333 0,000216
size 0,342490 0,000283
sko 2,659260 0,000439
skweezer 2,659260 0,000439
skyfir 2,659260 0,000439
sleipnir 2,659260 0,000439
slenskaitaliano 0,562119 0,000093
slightli 1,771957 0,000293
slimbrows 2,659260 0,000439
sloven 1,514128 0,000250
slow 1,237874 0,000409
slowli 2,525729 0,000417
small 0,314711 0,000052
smtp 2,659260 0,000439
smuggl 2,813411 0,000465
snmp 3,218876 0,000532
socket 2,302585 0,000380
softwar 0,127833 0,000106
solid 1,171183 0,000193
solut 0,478036 0,000079
solv 0,820981 0,000271
sometim 0,301105 0,000099
sort 1,309333 0,000216
sourc 0,094311 0,000047
space 0,415515 0,000343
spacetim 2,302585 0,000380
spare 2,302585 0,000380
sparql 2,407946 0,000398
spdy 3,506558 0,005790
spec 2,302585 0,000380
special 0,235722 0,000117
specif 0,051293 0,000119
specifi 0,446287 0,000958
speed 0,941609 0,000622
split 1,139434 0,000376
spoof 2,813411 0,000465
sputnik 2,407946 0,000398
sql 1,171183 0,000193
srpskisrpskohrvatski 0,510826 0,000084
srware 2,659260 0,000439
ssdp 3,912023 0,000646
sse 2,813411 0,000465
ssh 2,407946 0,000398
ssl 2,525729 0,000417
stack 0,843970 0,000139
standard 0,094311 0,000576
standardshidden 3,912023 0,000646
standardssyntax 2,813411 0,000465
start 0,261365 0,000691
state 0,083382 0,000083
stateless 2,659260 0,000878
statement -0,009950 -0,000002
statesfrancebnf 0,510826 0,000084
static 1,272966 0,000210
statist -0,009950 -0,000008
statu 0,693147 0,001946
statusarticl 2,995732 0,000495
statusthi 2,659260 0,000439
std 2,407946 0,001590
steel 1,897120 0,000313
stephan 2,813411 0,000465
still 0,342490 0,000170
stop 0,967584 0,000160
storag 0,430783 0,000142
store 0,356675 0,000059
strata 2,407946 0,000398
stream 0,733969 0,000727
strength 1,609438 0,000266
string 1,049822 0,000347
structur 0,139262 0,000046
struggl 1,771957 0,000293
style 0,941609 0,000155
stylesheet 2,813411 0,000465
sub 1,021651 0,000337
submit 1,427116 0,000707
subscrib 2,525729 0,000417
subsect 0,020203 0,000010
subsequ 0,916291 0,000151
success 0,494296 0,000245
successfulli 1,427116 0,000236
suit 0,891598 0,000442
summar 1,469676 0,000243
suomisvenskatagalog 1,171183 0,000193
supermium 2,659260 0,000439
supersed 1,966113 0,000325
support 0,150823 0,000697
surf 2,207275 0,000364
surma 3,912023 0,000646
suspend 2,207275 0,000364
svg 2,525729 0,000417
swiftfox 2,525729 0,000417
symbian 2,207275 0,000364
syntax 1,171183 0,000774
system 0,010050 0,000010
tab 2,302585 0,000380
tabl -0,009950 -0,000007
tag 1,309333 0,000432
take 0,210721 0,000035
taken 0,867501 0,000286
tap 2,120264 0,000350
target 0,462035 0,000610
task 0,415515 0,001235
tcp 1,897120 0,009398
team 0,634878 0,000105
tech 0,843970 0,000557
technic 0,478036 0,000395
technolog 0,116534 0,000115
telnet 3,218876 0,001595
temporarili 2,040221 0,000337
tend 1,108663 0,000183
tenfourfox 2,659260 0,000439
term -0,009950 -0,000007
termin 0,941609 0,000622
test 0,248461 0,000041
text -0,009950 -0,000007
textual 1,897120 0,000313
therefor 0,478036 0,000237
thereof 2,040221 0,000337
third 0,342490 0,000057
thomson 2,525729 0,000834
though 0,544727 0,000090
three 0,287682 0,000095
thu 0,314711 0,000052
thunderhawk 2,659260 0,000439
ti 0,328504 0,000054
tim 0,867501 0,001146
timberwolf 2,659260 0,000439
time 0,000000 0,000000
timelin 0,733969 0,000121
tinacymraegdanskdeutscheesti 2,302585 0,000380
titl -0,009950 -0,000005
tl 2,120264 0,002801
toggl -0,009950 -0,000008
tool -0,009950 -0,000005
top -0,009950 -0,000003
topic -0,009950 -0,000013
tor 2,525729 0,000417
torch 2,407946 0,000398
totti 3,912023 0,000646
toward 0,713350 0,000118
trace 1,427116 0,001414
track 0,713350 0,000118
trademark -0,009950 -0,000002
traffic 1,272966 0,000841
trail 1,897120 0,000313
transact 0,673345 0,000667
transfer 0,544727 0,003058
transmiss 1,347074 0,000222
transmit 1,347074 0,000222
transpar 1,237874 0,000204
transport 0,994252 0,001970
treat 0,967584 0,000320
tri 1,427116 0,000236
trig 2,813411 0,000465
trigger 1,514128 0,000250
tripl 1,966113 0,000649
trivial 2,207275 0,000729
trix 2,813411 0,000465
trust 0,820981 0,000136
tunnel 2,120264 0,000700
turtl 2,525729 0,000417
two 0,083382 0,000055
type 0,051293 0,000042
typic 0,186330 0,000092
tzebuergeschlietuvi 1,514128 0,000250
tzung 3,506558 0,000579
udp 2,659260 0,003513
unavail 2,207275 0,000364
unclear 2,207275 0,000364
under -0,009950 -0,000007
underli 0,693147 0,000343
understand 0,342490 0,000113
understood 1,469676 0,000243
undesir 2,207275 0,000364
unencrypt 2,302585 0,000380
ungoogl 2,659260 0,000439
unicast 3,912023 0,000646
uniform 1,347074 0,000667
unintend 2,813411 0,000465
unix 1,469676 0,000243
unknown 1,108663 0,000183
unlik 0,653926 0,000108
unlink 3,912023 0,000646
unnam 2,659260 0,000439
unoffici 1,966113 0,001299
unrecogn 3,912023 0,000646
unreli 2,120264 0,000700
unsaf 2,120264 0,000350
until 0,510826 0,000084
unwis 3,506558 0,000579
upcom 2,659260 0,000439
updat 0,342490 0,000961
upgrad 1,469676 0,001213
upload 1,771957 0,000293
upnp 3,912023 0,000646
upon 0,673345 0,000111
upstream 2,659260 0,000439
uri 2,040221 0,004043
url 1,203973 0,001392
urldownload -0,009950 -0,000002
urn 3,506558 0,000579
usag 0,579818 0,000479
user 0,274437 0,001178
usual 0,198451 0,000164
utc -0,009950 -0,000002
utf 2,207275 0,000364
uzbl 2,659260 0,000439
valid 0,616186 0,000102
valu 0,162519 0,000107
variabl 0,494296 0,000082
variant 1,139434 0,000376
variou 0,223144 0,000074
verb 2,813411 0,000465
verif 0,733969 0,000242
version -0,009950 -0,000053
via 0,186330 0,000215
video 0,597837 0,000099
view -0,009950 -0,000005
viewer 2,407946 0,000398
virtual 0,462035 0,000381
visibl 1,021651 0,000169
vision 0,867501 0,000143
vivaldi 2,659260 0,000439
vocabulari 1,966113 0,000649
voic 1,514128 0,000250
vpn 2,207275 0,000364
vte 0,967584 0,000320
vtesemant 2,813411 0,000465
vteuniform 3,506558 0,000579
vteweb 1,966113 0,000649
vulner 0,994252 0,000328
wai 0,105361 0,000087
wait 1,771957 0,000585
warn 1,272966 0,000210
waterfox 2,525729 0,000834
web 0,342490 0,005712
webassembl 1,660731 0,000548
webauthn 2,407946 0,000398
webbackground 2,813411 0,000465
webcl 2,813411 0,000465
webcom 3,506558 0,000579
webdav 2,995732 0,000989
webexplor 2,659260 0,000439
webgl 2,407946 0,000795
webgpu 2,407946 0,000795
webhook 2,813411 0,000465
webkit 2,525729 0,000834
webp 3,912023 0,000646
webposit 2,659260 0,000439
webrtc 2,407946 0,000795
webserv 3,912023 0,000646
websit 0,527633 0,001133
websitehttpwg 3,912023 0,000646
websocket 2,207275 0,001822
webusb 2,995732 0,000495
webxr 2,525729 0,000417
wed 3,506558 0,000579
week 1,171183 0,000387
wei 1,832581 0,000303
well 0,051293 0,000017
went 1,714798 0,000283
whale 2,207275 0,000364
what -0,009950 -0,000008
whatsoev 2,813411 0,000465
whenev 2,040221 0,000674
wherea 1,049822 0,000173
wherebi 1,897120 0,000313
whether 0,400478 0,000265
which 0,000000 0,000000
while 0,051293 0,000017
whitespac 2,207275 0,000729
who 0,301105 0,000099
wide 0,210721 0,000418
widespread 0,994252 0,000328
wiki 1,427116 0,000471
wikibook 1,386294 0,000229
wikidata 0,562119 0,000093
wikidatawikipedia 0,967584 0,000160
wikimedia -0,009950 -0,000005
wikipedia -0,009950 -0,000010
wikipediacontact -0,009950 -0,000002
winarai 2,407946 0,000398
winwap 2,659260 0,000439
wireless 1,078810 0,000178
within 0,116534 0,000038
without 0,094311 0,000125
woa 2,995732 0,000495
word 0,446287 0,000295
work 0,030459 0,000131
worker 1,427116 0,000236
world 0,139262 0,000322
worldwideweb 2,407946 0,000795
write 0,527633 0,000174
written 0,287682 0,000143
wsgi 2,813411 0,000929
wsrp 2,995732 0,000495
wss 3,506558 0,000579
www 0,356675 0,000471
xbap 2,995732 0,000495
xhtml 2,813411 0,000465
xml 1,203973 0,000795
xmlhttprequest 2,407946 0,000398
xmpp 2,813411 0,000929
xombrero 2,659260 0,000439
xpconnect 2,995732 0,000495
yandex 2,207275 0,000364
ye 1,966113 0,007792
year 0,162519 0,000161
yet 0,891598 0,000147
ymsgr 3,506558 0,000579
yor 2,040221 0,000337
zac 2,525729 0,000417
zalewski 3,912023 0,000646
zazaki 1,966113 0,000325
zdnet 1,560648 0,000258
zen 2,207275 0,000364
zero 0,693147 0,000229
