abaco 2,659260 0,000439
ability 0,616186 0,000102
able 0,733969 0,000121
accelerator 2,207275 0,001093
accept 1,427116 0,001650
accepted 1,171183 0,000774
accepts 2,207275 0,000364
access 0,287682 0,000523
accessed 0,916291 0,000303
accesses 2,302585 0,000380
accessing 1,386294 0,000229
accidentally 2,525729 0,000417
accomplish 2,659260 0,000439
according 0,301105 0,000050
account -0,009950 -0,000005
acct 3,506558 0,000579
acting 2,120264 0,000700
action 0,867501 0,000859
actions -0,009950 -0,000002
activeblink 2,659260 0,000439
activex 2,659260 0,000439
activity 0,867501 0,000143
acts 1,714798 0,000283
adapted 1,966113 0,000325
add -0,009950 -0,000003
added 0,415515 0,000480
adding 0,597837 0,000099
additional -0,009950 -0,000008
additions 2,525729 0,000417
address 0,713350 0,000707
addressability 3,506558 0,000579
addressable 3,218876 0,000532
addressed 1,272966 0,000210
adds 1,203973 0,000199
administrator 2,302585 0,000760
adobe 2,659260 0,000878
adopt 2,120264 0,000350
adopted 0,867501 0,000143
adoption 0,820981 0,000407
advance 1,609438 0,000532
advanced 0,430783 0,000071
advertised 3,506558 0,000579
advertising 1,609438 0,000266
afrikaans 1,108663 0,000183
again 1,078810 0,000178
against 0,462035 0,000076
age 1,108663 0,000183
agent 0,994252 0,001313
agents 1,309333 0,000432
aggarwal 3,506558 0,000579
ago 0,967584 0,000160
agree -0,009950 -0,000002
aim 1,347074 0,000222
aisgaeilgegalego 1,427116 0,000236
ajax 1,832581 0,000303
ajp 2,995732 0,000495
alert 2,120264 0,000350
algorithm 0,776529 0,000128
alive 3,506558 0,002316
allow 0,287682 0,000428
allowed 0,634878 0,000210
allowing 0,462035 0,000381
allows 0,248461 0,000205
almost 0,798508 0,000264
along 0,462035 0,000076
alpn 3,506558 0,000579
already 0,776529 0,000641
altered 2,407946 0,000398
alternative 0,527633 0,000087
although 0,287682 0,000190
always 0,597837 0,000395
amaya 2,659260 0,000439
amp -0,009950 -0,000005
analytics 1,049822 0,000173
annotated 1,771957 0,000293
annotation 1,966113 0,000325
announced 0,798508 0,000396
anonymity 2,407946 0,000398
another 0,127833 0,000063
anshu 3,912023 0,000646
any 0,083382 0,000138
aol 2,120264 0,000350
apache 1,386294 0,001373
apacheweek 3,912023 0,000646
api 0,916291 0,000303
apis 1,237874 0,000409
apiswhatwg 2,995732 0,000495
apparently 2,813411 0,000465
appear 1,049822 0,000173
appearance -0,009950 -0,000003
appending 3,506558 0,000579
appendix 2,659260 0,000439
application 0,127833 0,000485
applications 0,094311 0,000031
applicationspages 3,912023 0,000646
apply -0,009950 -0,000002
apps 1,272966 0,000420
april 0,072571 0,000036
arachne 2,659260 0,000439
arbitrarily 2,407946 0,000398
arbitrary 1,049822 0,000520
arc 2,207275 0,000364
architectural 1,609438 0,000266
architecture 0,462035 0,000229
archived 0,040822 0,000027
area 0,776529 0,000128
arena 2,120264 0,000350
ari 2,302585 0,000380
arora 2,207275 0,000364
around 0,356675 0,000059
arp 2,995732 0,000495
artech 3,218876 0,000532
article 0,040822 0,000027
articleabout -0,009950 -0,000002
articles 0,020203 0,000007
articletalk -0,009950 -0,000002
asapi 2,995732 0,000495
ascii 1,897120 0,000627
asgi 2,813411 0,000465
ask 1,832581 0,000303
asp 2,040221 0,000674
aspects 0,776529 0,000256
associated 0,400478 0,000066
assume 1,660731 0,000274
assumes 2,040221 0,000337
asturianuaz 1,427116 0,000236
atlas 2,525729 0,000417
attempt 1,049822 0,000347
attempts 0,916291 0,000151
attribution -0,009950 -0,000002
audio 0,891598 0,000147
august 0,162519 0,000054
authentication 1,386294 0,004349
authority 0,083382 0,000014
automated 0,776529 0,000128
automatically 0,653926 0,000108
available -0,009950 -0,000005
avast 2,525729 0,000417
average 1,139434 0,000188
avif 3,912023 0,000646
avoids 2,302585 0,000380
back 0,527633 0,000087
backend 2,120264 0,000350
backwards 2,207275 0,000364
bad 1,347074 0,000445
badly 2,813411 0,000465
bahasa 0,186330 0,000031
bai 3,218876 0,000532
bandwidth 1,897120 0,000940
based 0,010050 0,000023
basedproprietary 2,659260 0,000439
basic 0,235722 0,000156
basilisk 2,207275 0,000364
beaker 2,659260 0,000439
became 0,579818 0,000096
because 0,127833 0,000211
becomes 0,916291 0,000151
becoming 1,108663 0,000183
beginning 0,776529 0,000256
begun 1,966113 0,000325
behalf 2,207275 0,000364
behavior 0,462035 0,000076
belong 2,207275 0,000364
belshe 3,912023 0,000646
benefit 1,386294 0,000229
benfield 3,912023 0,000646
beonex 2,525729 0,000417
berner 3,912023 0,001292
berners 2,525729 0,005005
beta 1,386294 0,000458
better 0,494296 0,000082
beyond 0,713350 0,000236
bgp 3,218876 0,000532
bho 2,995732 0,000495
bibframe 2,813411 0,000465
bibo 2,813411 0,000465
bidirectional 2,813411 0,000465
bin 2,525729 0,000417
binary 0,916291 0,000454
bio 2,995732 0,000495
bis 2,813411 0,000929
bishop 2,525729 0,000834
blank 2,659260 0,001317
blazer 2,659260 0,000439
block 0,798508 0,000132
blocking 1,714798 0,000566
blog 0,776529 0,000128
blogs 1,897120 0,000313
body 1,139434 0,004516
bokm 0,127833 0,000021
bolt 2,302585 0,000380
book 0,478036 0,000079
bookmarking 3,506558 0,000579
bookmarks 2,525729 0,000417
bootstrapping 2,659260 0,000439
bosanski 1,347074 0,000222
bots 3,506558 0,000579
boundaries 1,660731 0,000274
boxes 2,120264 0,000350
brad 2,525729 0,000417
brave 2,407946 0,000398
breaking 1,469676 0,000243
brian 1,108663 0,000183
broken 1,660731 0,000548
browser 1,078810 0,001960
browsers 1,771957 0,005559
browsersfeatures 2,659260 0,000439
bug 1,771957 0,000293
building 0,415515 0,000069
builds 1,714798 0,000283
built 0,462035 0,000076
button 2,207275 0,000364
byinitially 3,912023 0,000646
byte 1,771957 0,001170
bytes 2,207275 0,001822
cache 1,714798 0,001416
cacheable 3,912023 0,003876
cached 2,995732 0,001484
caches 2,813411 0,000465
caching 2,120264 0,002451
cailliau 3,218876 0,000532
cake 2,659260 0,000439
called 0,040822 0,000040
came 1,078810 0,000178
camino 2,525729 0,000417
canavan 3,506558 0,000579
caniuse 3,912023 0,001292
cannot 0,314711 0,000052
canonical 1,714798 0,000283
cantrell 3,912023 0,000646
canvas 2,525729 0,000417
capability 1,309333 0,000432
capitalized 2,659260 0,000439
careless 3,218876 0,000532
carriage 3,218876 0,001063
case 0,139262 0,000092
cases 0,478036 0,000474
catal 0,094311 0,000016
catalin 2,659260 0,000439
categories -0,009950 -0,000003
category 0,116534 0,000038
cause 0,916291 0,000151
caused 1,049822 0,000173
causing 1,966113 0,000325
cellular 1,714798 0,000283
cern 2,407946 0,001590
cert 3,218876 0,000532
certain 0,274437 0,000091
cgi 2,525729 0,000417
challenge 1,139434 0,000941
chang 2,407946 0,000398
change 0,261365 0,000086
changed 0,941609 0,000155
changes 0,356675 0,000353
changesupload -0,009950 -0,000003
channels 1,897120 0,000313
chapter 0,941609 0,000155
character 1,108663 0,000366
characters 1,272966 0,000210
charging 2,659260 0,000439
charset 3,506558 0,000579
charter 2,407946 0,000398
check 1,139434 0,000188
checked 1,514128 0,000250
checking 1,272966 0,000210
chen 1,309333 0,000432
choice 0,967584 0,000160
christian 1,560648 0,000258
chrome 1,966113 0,000974
chromium 2,120264 0,001400
chunk 2,659260 0,000439
chunked 3,912023 0,001938
chunks 2,659260 0,000439
cid 0,356675 0,000059
cimpanu 2,659260 0,000439
cintroduced 3,912023 0,000646
cite 0,843970 0,000279
citrio 2,659260 0,000439
clarification 1,832581 0,000605
clarify 2,995732 0,000495
class 0,616186 0,000203
classes 0,967584 0,000160
classic 0,967584 0,000320
classify 2,120264 0,000350
classilla 2,525729 0,000417
clear 1,139434 0,000376
clearly 1,771957 0,000293
cli 2,040221 0,000337
click 1,832581 0,000605
clicking 2,525729 0,000417
client 0,867501 0,006446
clients 1,139434 0,002258
close 0,941609 0,000777
closed 1,021651 0,000844
closing 1,514128 0,000250
cloudflare 2,659260 0,001756
coast 2,302585 0,000380
code -0,009950 -0,000023
coded 2,207275 0,000364
codes 1,660731 0,000823
coffee 2,207275 0,000364
coins 1,771957 0,000293
collaborative 1,714798 0,000283
collective 1,771957 0,000293
colon 2,659260 0,000878
colors 2,659260 0,000439
com 0,150823 0,000398
combination 0,916291 0,000151
combined 0,798508 0,000132
comet 2,659260 0,000439
command 1,021651 0,000169
comments 1,514128 0,000500
common 0,072571 0,000060
commonly 0,342490 0,000113
commons -0,009950 -0,000003
commonswikibookswikidata 2,407946 0,000398
communication 0,616186 0,000407
communications 0,733969 0,000485
community 0,616186 0,000102
comodo 2,525729 0,000417
company 0,462035 0,000076
compared 0,634878 0,000105
comparison 0,446287 0,000221
compatibility 1,108663 0,000366
complete 0,713350 0,000236
completed 1,514128 0,000250
completely 0,941609 0,000155
completing 2,995732 0,000495
compliant 1,897120 0,000627
component 0,713350 0,000118
compressed 2,207275 0,001093
compression 1,347074 0,001779
computer 0,139262 0,000046
computing 0,301105 0,000050
concurrent 1,272966 0,000420
conditional 1,660731 0,001097
conditions 0,843970 0,000139
conduct -0,009950 -0,000002
configurations 1,966113 0,000325
configured 1,714798 0,000849
conform 2,040221 0,000337
conforming 2,302585 0,000380
congestion 2,995732 0,000495
conkeror 2,659260 0,000439
connect 1,427116 0,001885
connection 1,203973 0,006759
connections 1,272966 0,003784
consequences 1,966113 0,000649
considerable 1,832581 0,000303
considered 0,400478 0,000331
considering 1,347074 0,000222
consists 1,078810 0,000891
consortium 1,771957 0,002633
constituted 2,813411 0,000465
constrained 2,207275 0,000364
construct 1,609438 0,000266
constructed 1,609438 0,000266
consumes 2,995732 0,000495
contact -0,009950 -0,000002
contacts -0,009950 -0,000002
container 1,660731 0,000548
containing 0,579818 0,000191
contains 0,634878 0,000210
content -0,009950 -0,000051
contents -0,009950 -0,000005
context 0,494296 0,000082
continuation 2,813411 0,000929
continued 1,427116 0,000236
continuing 2,040221 0,000337
contrast 0,994252 0,000657
contribute -0,009950 -0,000002
control 0,020203 0,000020
conveyed 3,912023 0,000646
cookie -0,009950 -0,000003
cookies 2,407946 0,001590
coordinated 2,407946 0,000398
core 0,597837 0,000197
correctly 1,832581 0,000303
corresponds 2,995732 0,000495
cors 2,995732 0,000495
cover 1,203973 0,000199
coverage 1,897120 0,000313
covers 1,660731 0,000274
crawlers 2,995732 0,000989
create -0,009950 -0,000005
creative -0,009950 -0,000002
credentials 2,207275 0,000364
credited 2,120264 0,000350
crid 3,506558 0,000579
criticism 1,171183 0,000193
crlf 3,912023 0,002584
cross 0,562119 0,000093
css 1,897120 0,000940
current 0,385662 0,000064
custom 1,171183 0,000193
customer 1,139434 0,000376
dac 2,995732 0,000495
daemon 2,659260 0,000439
data 0,030459 0,000116
database 0,579818 0,000191
databases 0,127833 0,000042
datagram 2,659260 0,000439
dataisraelotheryale 2,813411 0,000465
dataspaces 2,813411 0,000465
datatracker 2,995732 0,000495
date 0,579818 0,000096
dave 1,771957 0,001463
david 0,385662 0,000064
dccp 3,218876 0,000532
debugging 1,660731 0,000274
decided 1,469676 0,000243
deciding 2,525729 0,000417
decimal 1,897120 0,000313
decommission 3,912023 0,000646
deepfish 2,659260 0,000439
deepnet 2,659260 0,000439
default 0,693147 0,000343
define 0,798508 0,000132
defined 0,248461 0,000410
definitive 2,302585 0,000380
deflate 3,912023 0,000646
delete 1,609438 0,003721
deleted 1,966113 0,000649
deletion 2,659260 0,000439
deliberately 2,120264 0,000350
deliver 1,514128 0,000250
delivery 1,347074 0,000222
demonstrates 2,407946 0,000398
depends 0,994252 0,000164
deploy 2,302585 0,000380
deprecate 2,813411 0,000929
deprecated 1,714798 0,001416
deprecation 2,659260 0,000878
derive 1,966113 0,000325
describe 0,820981 0,000136
described 0,430783 0,000071
describes 0,820981 0,000271
describing 1,203973 0,000199
description -0,009950 -0,000005
descriptions 1,771957 0,000585
descriptionshort 0,000000 0,000000
design 0,127833 0,000063
designed 0,261365 0,000086
designing 1,309333 0,000216
desired 1,347074 0,000445
despite 1,021651 0,000169
detail 1,660731 0,000274
detailed 1,272966 0,000210
determine 0,733969 0,000121
dev 1,514128 0,000250
develop 0,867501 0,000143
developed 0,127833 0,000084
developers -0,009950 -0,000010
development 0,083382 0,000028
dhcp 2,995732 0,000495
dhtml 2,302585 0,000380
dialog 2,995732 0,000495
different 0,020203 0,000013
differs 1,560648 0,000258
digest 2,302585 0,001141
digit 2,813411 0,000929
digital 0,400478 0,000132
dillo 2,659260 0,000439
disable 2,207275 0,000364
disabled 2,302585 0,000760
discarding 2,995732 0,000495
disclaimers -0,009950 -0,000002
discontinuedblink 2,659260 0,000439
discouraged 2,813411 0,000465
discovery 1,171183 0,000193
dismiss 3,506558 0,000579
displaced 2,659260 0,000439
display 1,171183 0,000193
displaying 1,966113 0,000649
displays 2,302585 0,000380
disposition 3,912023 0,001292
distinction 1,272966 0,000420
distinguishes 2,813411 0,000465
distributed 0,478036 0,000079
distribution 0,634878 0,000105
dividing 2,659260 0,000439
dns 1,897120 0,000627
dnt 3,218876 0,000532
doap 2,813411 0,000465
document 0,673345 0,001001
documentation 0,867501 0,000143
documented 1,832581 0,000605
documents 1,078810 0,001781
doi 0,162519 0,000751
dolphin 2,659260 0,000439
dom 1,560648 0,000773
domain 0,562119 0,000093
donate -0,009950 -0,000003
dooble 2,659260 0,000439
down 0,597837 0,000197
download -0,009950 -0,000003
downloaded 2,525729 0,000417
draft 1,514128 0,001000
drafts 2,659260 0,002196
dublin 2,659260 0,000439
duckduckgo 2,525729 0,000417
due 0,261365 0,000129
duplicate 2,525729 0,000417
duration 2,040221 0,000337
dusseault 3,912023 0,000646
dynamic 0,562119 0,000093
dynamically 1,714798 0,001133
earlier 1,139434 0,000188
early 0,301105 0,000249
easily 0,843970 0,000139
ecn 2,995732 0,000495
ecosia 2,659260 0,000439
edge 0,941609 0,000311
ediger 3,912023 0,000646
edit -0,009950 -0,000076
editcommunity -0,009950 -0,000002
edited -0,009950 -0,000002
eds 0,798508 0,001055
effect 0,843970 0,001115
effects 0,820981 0,000407
efficient 0,494296 0,000245
effort 0,967584 0,000160
either 0,248461 0,000041
elements 0,415515 0,000069
eligible 2,813411 0,000465
elinks 2,659260 0,000439
email 1,469676 0,000971
emails 2,302585 0,000380
eme 2,659260 0,000439
empty 1,427116 0,000236
enable 0,798508 0,000264
enabled 0,994252 0,000328
enables 0,693147 0,000114
enabling 0,941609 0,000155
encode 2,407946 0,000398
encoded 2,207275 0,001093
encoding 1,609438 0,001860
encrypted 1,714798 0,001699
encryption 1,272966 0,000420
encyclopedia -0,009950 -0,000002
end 0,261365 0,000345
ending 1,897120 0,000313
endpoint 2,995732 0,000989
enforced 1,714798 0,000283
engine 0,693147 0,000114
engineering 0,198451 0,000590
engines 1,237874 0,000204
english -0,009950 -0,000003
enhancements 1,897120 0,000313
entire 0,755023 0,000249
entirety 2,995732 0,000495
entity 1,309333 0,001946
epic 2,040221 0,000337
equivalent 1,021651 0,000337
error 0,713350 0,000707
errorspages 3,912023 0,000646
espa 0,210721 0,000035
especially 0,415515 0,000069
establish 1,714798 0,000566
established 0,916291 0,000151
establishing 1,660731 0,000548
establishment 2,207275 0,000364
etag 3,218876 0,001595
etc 0,562119 0,001114
even 0,235722 0,000195
events 0,634878 0,000105
eventsrandom -0,009950 -0,000002
eventually 0,867501 0,000286
evolution 0,820981 0,000136
eww 2,659260 0,000439
exactly 1,171183 0,000193
example 0,030459 0,000091
except 1,171183 0,000580
excerpt 2,040221 0,000337
exchange 0,693147 0,000458
exchanged 1,771957 0,000585
executable 1,514128 0,000250
exist 0,653926 0,000108
existent 3,506558 0,000579
existing 0,673345 0,000222
expand 1,897120 0,000313
expected 0,693147 0,000114
experience 1,021651 0,000169
experimental 1,021651 0,000169
explicitly 0,916291 0,000151
explorer 1,771957 0,000878
export -0,009950 -0,000002
extended 0,755023 0,000374
extensible 1,609438 0,000797
extension 0,967584 0,000799
extensions 0,916291 0,000303
external 0,030459 0,000015
extraction 1,660731 0,000274
eye 2,040221 0,000337
facebook 1,560648 0,000258
facilitate 1,714798 0,000283
fact 0,755023 0,000125
failed 1,108663 0,000183
failing 2,813411 0,000465
falkon 2,659260 0,000439
far 0,867501 0,000143
fast 0,673345 0,000111
faster 0,994252 0,000821
fcgi 2,995732 0,000495
feature 0,616186 0,000102
features 0,371064 0,000245
february 0,061875 0,000031
feed 2,040221 0,001011
feedback 1,309333 0,000216
fetched 3,506558 0,000579
field 0,527633 0,002004
fielding 2,407946 0,005169
fields 0,713350 0,002002
file 0,616186 0,001017
filepermanent -0,009950 -0,000002
filespecial -0,009950 -0,000002
final 0,916291 0,000303
finding 1,021651 0,000169
finger 2,995732 0,000495
firefox 1,771957 0,001463
first 0,020203 0,000053
firstly 2,659260 0,000439
five 0,776529 0,000128
flock 2,407946 0,000398
floorp 2,525729 0,000417
flow 0,510826 0,000169
fluid 1,771957 0,000293
foaf 2,659260 0,000439
folksonomy 2,813411 0,000465
followed 0,733969 0,000121
following 0,210721 0,000348
follows 0,891598 0,000147
forbidden 2,120264 0,000350
force 0,867501 0,002578
forcing 2,207275 0,000364
fork 1,386294 0,000229
form 0,162519 0,000107
format 0,941609 0,001088
formats 1,609438 0,000266
formatted 2,995732 0,000495
formed 1,139434 0,000188
formerly 1,309333 0,000216
forming 1,966113 0,000325
forum 1,347074 0,000222
forwarded 3,218876 0,000532
foss 1,966113 0,000325
found 0,385662 0,000191
foundation -0,009950 -0,000003
frame 1,897120 0,000313
frames 2,407946 0,000795
framework 0,342490 0,000113
franks 3,912023 0,000646
free -0,009950 -0,000002
friedl 3,912023 0,000646
frindell 3,912023 0,000646
frontend 2,407946 0,000398
frystyk 3,506558 0,001737
ftp 2,040221 0,000674
fulfill 2,525729 0,000417
fulfilled 2,813411 0,000465
full 0,371064 0,000184
fully 0,616186 0,000102
functionality 0,843970 0,000139
functions 0,356675 0,000059
fundamentals 1,309333 0,000216
further 0,139262 0,000184
future 0,274437 0,000227
galeon 2,659260 0,000439
gazelle 2,659260 0,000439
gears 2,120264 0,000350
gecko 2,407946 0,001193
gemini 2,207275 0,000729
general -0,009950 -0,000008
generally 0,287682 0,000143
generated 0,941609 0,000466
generation 0,867501 0,000286
generic 1,203973 0,000199
geo 2,659260 0,000439
geolocation 2,525729 0,000417
geotagging 2,813411 0,000465
get 0,733969 0,003151
getting 1,237874 0,000204
gettys 3,218876 0,001063
ghostzilla 2,659260 0,000439
github 1,078810 0,000178
give 0,843970 0,000279
given 0,261365 0,000086
global 0,478036 0,000079
globally 1,514128 0,000250
gmt 3,506558 0,001158
gnome 2,302585 0,000380
gnu 1,272966 0,000210
goanna 2,525729 0,000417
google 0,579818 0,001245
gopher 2,995732 0,001484
gourley 3,912023 0,000646
gradually 1,897120 0,000313
graphql 2,659260 0,000439
grddl 2,813411 0,000465
greatly 1,427116 0,000236
green 0,994252 0,000164
greenbrowser 2,659260 0,000439
grigorik 3,506558 0,000579
group 0,301105 0,001193
groups 0,891598 0,000147
guidance 1,714798 0,000283
guide 0,356675 0,000059
gzip 3,506558 0,001737
handbook 0,941609 0,000155
handle 0,994252 0,000493
handler 2,407946 0,000398
handles 2,040221 0,000337
handling 0,798508 0,000264
handshake 3,506558 0,000579
hardware 0,579818 0,000096
hat 1,966113 0,000325
hatom 2,813411 0,000465
having 0,579818 0,000191
hcalendar 2,813411 0,000465
hcard 2,813411 0,000465
head 1,021651 0,002024
header 1,897120 0,016916
headers 2,813411 0,006504
hello 1,714798 0,000283
help 0,248461 0,000082
helplearn -0,009950 -0,000002
hererelated -0,009950 -0,000002
hidden 0,843970 0,000139
hide -0,009950 -0,000007
high 0,223144 0,000111
higher 0,430783 0,000142
highest 1,514128 0,000250
history -0,009950 -0,000013
holb 3,912023 0,000646
home 0,653926 0,000108
hop 2,995732 0,000989
host 1,272966 0,001682
hosting 1,560648 0,001031
hosts 2,040221 0,000674
hotjava 2,659260 0,000439
house 0,916291 0,000151
however 0,094311 0,000062
hpack 3,912023 0,001938
hproduct 2,813411 0,000465
hrecipe 2,813411 0,000465
hreview 2,813411 0,000465
hrvatskiidobahasa 1,203973 0,000199
hsing 3,218876 0,000532
html 1,078810 0,002672
http 1,021651 0,051116
httpbis 3,506558 0,003474
httpd 2,813411 0,000929
httpinternational 3,912023 0,000646
httpmu 3,912023 0,000646
https -0,009950 -0,000015
httpu 3,912023 0,000646
httpwg 3,506558 0,000579
huawei 1,966113 0,000325
human 0,579818 0,000096
humanities 2,407946 0,000398
hydration 2,525729 0,000417
hyperdata 2,813411 0,000465
hyperlinks 2,659260 0,000878
hypermedia 2,995732 0,000989
hypertext 1,771957 0,008485
ian 1,347074 0,000222
ibm 0,693147 0,000229
ibrowse 2,659260 0,000439
icab 2,659260 0,000439
icecat 2,525729 0,000417
icedragon 2,659260 0,000439
icmp 2,995732 0,000495
idea 0,820981 0,000136
ideas 0,891598 0,000147
idempotence 3,912023 0,000646
idempotent 3,912023 0,007752
identical 1,514128 0,001000
identification 1,139434 0,000188
identified 0,994252 0,000328
identifier 1,560648 0,000773
identifies 1,609438 0,000532
idl 2,813411 0,000465
iesg 3,506558 0,000579
ietf 2,040221 0,005390
igmp 3,218876 0,000532
ignored 1,832581 0,000605
ignoring 2,407946 0,000398
ilya 2,302585 0,000380
image 0,544727 0,000180
images 1,237874 0,000204
imap 2,813411 0,000465
immediately 1,309333 0,000216
implement 0,755023 0,000374
implementation 0,328504 0,000108
implementations 0,733969 0,000242
implements 1,347074 0,000445
impose 2,659260 0,000439
improve 0,274437 0,000091
improvements 1,203973 0,000199
improves 1,832581 0,000303
ina 0,356675 0,000059
inadvertently 3,218876 0,000532
inasloven 0,616186 0,000102
inc -0,009950 -0,000007
include 0,061875 0,000072
included 0,400478 0,000132
includes 0,274437 0,000136
including 0,040822 0,000013
indeed 1,714798 0,000283
index -0,009950 -0,000002
indexeddb 2,407946 0,000795
indexing 1,771957 0,000293
indicated 1,609438 0,000266
indicates 1,272966 0,000420
indonesia 1,272966 0,000210
industrial 0,843970 0,000139
info 1,832581 0,000303
informally 2,525729 0,000417
information 0,072571 0,000168
informational 2,995732 0,000989
informationcite -0,009950 -0,000002
informed 1,560648 0,000258
informs 2,995732 0,000495
infrastructure 0,713350 0,000118
initially 0,693147 0,000229
initiated 1,897120 0,000313
injection 1,771957 0,000293
insensitive 3,218876 0,000532
insert 2,207275 0,000364
inside 0,755023 0,000125
inspection 1,966113 0,000325
inspired 1,347074 0,000222
instance 0,510826 0,000084
instead 0,301105 0,000348
integer 1,272966 0,000210
integrated 0,634878 0,000105
intelligence 0,693147 0,000114
intended 0,494296 0,000245
intent 1,771957 0,000293
interactive 0,891598 0,000147
interchange 2,120264 0,000350
interface 0,616186 0,000102
interfacesserver 2,995732 0,000495
interlinked 3,218876 0,000532
intermediaries 2,525729 0,000417
intermediary 2,120264 0,000350
intermediate 1,514128 0,000750
international 0,139262 0,000023
internationalgndnationalunited 1,108663 0,000183
internet 0,462035 0,002747
interplanetary 3,506558 0,000579
interpret 1,832581 0,000303
interrupted 2,813411 0,000465
intranets 3,912023 0,000646
introduced 0,371064 0,000245
introducing 1,021651 0,000169
introduction 0,261365 0,000043
invented 1,427116 0,000236
inventing 2,659260 0,000439
invention 1,660731 0,000274
invoked 2,120264 0,000350
ipp 3,218876 0,000532
ipsec 2,995732 0,000495
irc 2,659260 0,001317
ircs 3,506558 0,000579
iri 2,813411 0,000465
iris 2,302585 0,000380
irregular 3,506558 0,000579
isapi 2,995732 0,000495
isbn 0,051293 0,000025
ispolskiportugu 1,771957 0,000293
issn 0,478036 0,000710
issue 0,820981 0,000271
issues 0,527633 0,000261
item -0,009950 -0,000002
ixbrl 2,813411 0,000465
jacobs 2,995732 0,000495
jakarta 2,659260 0,000439
jan 1,386294 0,000229
january 0,083382 0,000055
javascript 1,021651 0,000337
john 0,210721 0,000070
journal 0,198451 0,000033
jsgi 2,407946 0,000398
json 1,347074 0,000222
july 0,127833 0,000021
jump -0,009950 -0,000002
june 0,094311 0,000358
kazehakase 2,659260 0,000439
keep 0,994252 0,000821
khronos 2,995732 0,000495
kidzui 2,659260 0,000439
kind 1,021651 0,000169
know 0,776529 0,000256
knowledge 0,616186 0,000305
known 0,127833 0,000106
konqueror 2,659260 0,000439
krasic 3,912023 0,000646
kylo 2,659260 0,000439
lacks 2,040221 0,000337
ladybird 2,659260 0,000439
lafon 3,912023 0,000646
lag 2,813411 0,000465
langley 2,995732 0,000495
language 0,186330 0,000123
languages -0,009950 -0,000003
large 0,127833 0,000021
last -0,009950 -0,000008
lasted 3,506558 0,000579
late 0,755023 0,000125
latency 1,897120 0,001566
later 0,223144 0,000184
latest 0,994252 0,000164
latinalatvie 1,203973 0,000199
layer 0,867501 0,002435
layout 1,714798 0,000283
ldap 2,525729 0,000834
ldaps 3,506558 0,000579
leach 2,995732 0,000495
leading 0,798508 0,000132
learned 1,386294 0,000229
least 0,527633 0,000261
leave 2,040221 0,000337
led 0,446287 0,000074
lee 0,994252 0,002463
legacy 1,309333 0,000216
legal -0,009950 -0,000003
length 1,237874 0,001840
less 0,430783 0,000285
level 0,116534 0,000038
library 0,478036 0,000158
librewolf 2,525729 0,000417
license -0,009950 -0,000002
like 0,072571 0,000036
limit 0,994252 0,000328
limitations 1,139434 0,000376
limited 0,510826 0,000253
limits 1,272966 0,000420
line 0,356675 0,001296
lines 1,078810 0,000713
link 0,162519 0,000107
linkcommons 2,813411 0,000465
linked 0,941609 0,000155
linkpage -0,009950 -0,000002
links -0,009950 -0,000008
linux 0,916291 0,000151
lisp 1,386294 0,000229
list 0,083382 0,000083
listening 2,813411 0,000465
listing 2,207275 0,000364
lite 2,302585 0,000380
live 1,203973 0,000199
liveconnect 2,995732 0,000495
lived 3,218876 0,000532
livinginternet 3,912023 0,000646
lnorsk 0,653926 0,000108
loads 2,207275 0,000364
local 0,415515 0,000069
localized 3,506558 0,000579
located 1,660731 0,000274
location 0,994252 0,000328
locator 3,506558 0,000579
log -0,009950 -0,000005
logic 0,755023 0,000249
login 1,966113 0,000325
logout 3,912023 0,000646
lombardmagyar 1,832581 0,000303
long 0,287682 0,000143
lotus 2,120264 0,000350
low 0,478036 0,000079
lower 0,776529 0,000128
lunascape 2,659260 0,000439
luotonen 3,912023 0,000646
lux 0,371064 0,000061
lynx 2,525729 0,000417
mac 1,272966 0,000420
machine 0,083382 0,000014
made 0,186330 0,000092
mads 2,659260 0,000439
magnet 3,506558 0,000579
mailing 1,966113 0,000325
mailto 3,506558 0,000579
main -0,009950 -0,000007
mainly 1,021651 0,000169
maint 0,798508 0,000264
maintain 0,941609 0,000155
major 0,314711 0,000260
make 0,235722 0,000156
makes 0,415515 0,000069
making 0,328504 0,000054
malicious 1,660731 0,000274
manage 0,967584 0,000320
managed 1,203973 0,000795
management 0,139262 0,000023
managers 1,427116 0,000236
mandates 2,207275 0,000364
mandatory 2,207275 0,000729
many 0,061875 0,000133
map 1,171183 0,000193
mapper 2,407946 0,000398
march 0,116534 0,000038
marjorie 3,912023 0,000646
mark 0,462035 0,000076
marks 1,660731 0,000274
mashup 2,525729 0,000417
masinter 3,506558 0,001158
masking 2,659260 0,000439
masse 3,506558 0,000579
match 1,386294 0,000458
matched 1,966113 0,000325
matching 1,171183 0,000193
matt 1,609438 0,000266
maxthon 2,659260 0,000439
mean 0,755023 0,000125
meaning 0,544727 0,000180
means 0,198451 0,000033
meanwhile 2,207275 0,000364
mechanism 0,733969 0,000970
mechanisms 1,171183 0,000193
media 0,139262 0,000092
mediabrowser 2,659260 0,000439
melayu 0,820981 0,000136
meleon 2,525729 0,000417
menke 3,912023 0,000646
menu -0,009950 -0,000003
mercury 2,659260 0,000439
message 0,478036 0,001421
messages 1,078810 0,001069
messaging 1,714798 0,000283
meta 1,386294 0,000229
metadata 1,347074 0,000890
method 0,210721 0,001148
methods 0,274437 0,001314
metrics 1,714798 0,000283
mgcp 3,218876 0,000532
michal 3,912023 0,000646
microb 2,659260 0,000439
microdata 2,659260 0,000439
microformat 2,659260 0,000439
microformats 2,659260 0,000439
microservices 2,407946 0,000398
microsoft 0,579818 0,000096
midori 2,407946 0,000398
mini 1,832581 0,000303
minimal 1,347074 0,000222
minimo 2,525729 0,000417
minor 1,469676 0,000243
missing 0,891598 0,000294
mistake 2,525729 0,000417
mobile -0,009950 -0,000005
mod 2,120264 0,003851
mode 0,891598 0,000442
model 0,162519 0,000027
modern 0,314711 0,000052
modified 1,203973 0,000398
modifiers 3,218876 0,001063
modify 1,237874 0,001022
mods 2,813411 0,000465
module 1,049822 0,000173
modules 1,347074 0,000222
mogul 3,218876 0,001063
mon 3,506558 0,000579
mono 2,407946 0,000398
moon 2,040221 0,000337
mosaic 2,207275 0,000364
mouse 2,207275 0,000364
move -0,009950 -0,000007
moved 1,347074 0,000222
moving 0,776529 0,000128
mozilla 1,514128 0,000750
mqtt 2,995732 0,000495
mse 2,302585 0,000380
mshtml 2,659260 0,000439
msn 2,525729 0,001251
much 0,400478 0,000198
mullvad 2,659260 0,000439
multi 0,342490 0,000057
multicast 3,912023 0,000646
multiple 0,116534 0,000250
multiplex 3,506558 0,000579
multiplexing 2,813411 0,001394
nacl 2,525729 0,000417
name 0,342490 0,000509
named 0,820981 0,000678
namely 1,771957 0,000293
names 0,673345 0,000445
namescs 3,218876 0,000532
nature 0,597837 0,000099
navigation -0,009950 -0,000002
ndp 3,218876 0,000532
nearly 1,139434 0,000188
necessarily 1,049822 0,000173
nederlands 0,415515 0,000069
need 0,248461 0,000082
needed 0,210721 0,000035
needing 0,597837 0,000099
needs 0,415515 0,000206
negotiate 2,813411 0,000465
negotiating 2,995732 0,000495
negotiation 2,813411 0,001858
neoplanet 2,659260 0,000439
net 0,415515 0,000069
netcaptor 2,659260 0,000439
netfront 2,659260 0,000439
netoti 1,771957 0,000293
netpositive 2,659260 0,000439
netscape 2,040221 0,000337
netsurf 2,659260 0,000439
network 0,210721 0,000418
networking 1,171183 0,000387
networks 0,446287 0,000147
never 1,021651 0,000844
new 0,010050 0,000027
newer 1,309333 0,000216
next 0,400478 0,000132
nfs 3,218876 0,000532
nightly 3,506558 0,000579
nntp 2,995732 0,000989
nodes 1,108663 0,000183
nokia 2,207275 0,000364
non -0,009950 -0,000010
norsk 0,342490 0,000057
norwood 3,912023 0,000646
notation 1,203973 0,000199
note 0,776529 0,000513
notes 0,415515 0,000137
nottingham 3,912023 0,002584
november 0,150823 0,000025
nowadays 2,302585 0,000380
npapi 2,813411 0,000465
npruntime 2,995732 0,000495
nsapi 2,995732 0,000495
ntp 3,218876 0,000532
number 0,051293 0,000034
numbers 0,544727 0,000090
nynorsk 2,302585 0,000380
object 0,544727 0,000090
obsolete 1,832581 0,005447
obsoleted 2,813411 0,003717
obsoletes 3,506558 0,006948
obsoleting 3,912023 0,000646
occasional 2,659260 0,000439
occur 0,916291 0,000303
occurring 1,832581 0,000303
ocsp 2,659260 0,000439
official 0,733969 0,000364
officially 1,660731 0,000823
often 0,127833 0,000084
oku 3,912023 0,000646
old 0,994252 0,000493
oldid -0,009950 -0,000002
olesperantoeuskara 0,510826 0,000084
omitted 1,832581 0,000303
omniweb 2,659260 0,000439
onc 3,218876 0,000532
one 0,010050 0,000022
online 0,415515 0,000069
ontologies 2,407946 0,000795
open 0,235722 0,000078
opera 2,302585 0,001141
operate 1,049822 0,000173
operating 0,462035 0,000076
operations 0,301105 0,000099
opportunistic 2,813411 0,000465
optimization 0,693147 0,000114
optimizations 2,407946 0,000795
optimizing 1,469676 0,000243
optional 1,386294 0,002289
optionally 2,120264 0,000700
options 1,108663 0,001098
order 0,094311 0,000125
org -0,009950 -0,000023
organization -0,009950 -0,000002
oriented 0,798508 0,000132
origin 1,108663 0,000366
original 0,030459 0,000030
origyn 2,659260 0,000439
orion 2,302585 0,000380
ospf 3,218876 0,000532
others 0,314711 0,000104
otter 2,659260 0,000439
ought 2,659260 0,000439
out 0,261365 0,000043
output 0,713350 0,000118
over 0,094311 0,000156
overhead 1,469676 0,000243
overview 0,616186 0,000102
owin 2,995732 0,000495
owl 2,525729 0,000417
packets 2,659260 0,000439
page -0,009950 -0,000021
pagecontentscurrent -0,009950 -0,000002
pageget -0,009950 -0,000002
pages -0,009950 -0,000008
pageswikipedia 2,659260 0,000439
pagethis 2,659260 0,000439
pair 1,714798 0,000566
pale 2,525729 0,000417
parameter 1,108663 0,000183
parameters 1,021651 0,000169
pardue 3,912023 0,000646
parrot 2,302585 0,000380
parsing 1,714798 0,000283
part 0,127833 0,000148
partial 1,237874 0,000613
partially 1,714798 0,000283
particular 0,301105 0,000050
parts 0,544727 0,000090
party 0,798508 0,000132
pass 1,469676 0,000485
passenger 2,207275 0,000364
passing 1,771957 0,000293
past 1,049822 0,000347
patch 2,120264 0,002801
path 0,994252 0,000164
payload 2,525729 0,000834
pdfprintable -0,009950 -0,000002
peer 1,966113 0,000649
pending 2,120264 0,000350
peon 3,912023 0,001292
per 0,616186 0,000407
perceptibly 3,912023 0,000646
perfectly 2,995732 0,000495
performance 0,261365 0,000043
performances 3,506558 0,000579
performed 0,867501 0,000286
periodically 2,407946 0,000398
perl 1,386294 0,000458
permanently 1,714798 0,000283
permit 1,771957 0,000293
persistence 2,207275 0,000364
persistent 1,660731 0,002468
personal -0,009950 -0,000002
php -0,009950 -0,000003
phrase 2,302585 0,002281
phrases 1,832581 0,000605
phusion 2,813411 0,000465
piemont 1,427116 0,000236
pipelined 3,506558 0,001158
pipelining 3,912023 0,001292
piratebrowser 2,659260 0,000439
placed 1,660731 0,000274
plain 1,514128 0,000500
plan 0,916291 0,000151
planned 1,714798 0,000849
planning 0,941609 0,000155
plans 1,171183 0,000193
platform 0,527633 0,000087
plus 1,203973 0,000596
pogo 2,525729 0,000417
policy -0,009950 -0,000003
polling 2,813411 0,000465
pollution 1,897120 0,000313
pop 1,771957 0,000293
popov 2,995732 0,000495
popular 0,579818 0,000191
port 1,609438 0,001329
portalrecent -0,009950 -0,000002
portions 2,813411 0,000929
portlet 2,995732 0,000495
ports 2,120264 0,000350
positive 1,272966 0,000210
possible 0,287682 0,000095
post 0,579818 0,001436
posting 2,995732 0,000495
ppapi 2,995732 0,000495
ppp 3,218876 0,000532
practical 0,634878 0,000105
practice 0,371064 0,000184
pre 0,941609 0,000622
preceded 2,407946 0,000398
preferred 1,560648 0,000258
prefetched 3,912023 0,000646
premature 3,506558 0,000579
prescribed 2,813411 0,000465
present 0,597837 0,000395
presents 1,771957 0,000293
presumes 3,506558 0,000579
previous 0,843970 0,000976
previously 0,843970 0,000139
primarily 0,653926 0,000108
primary 0,527633 0,000087
principles 0,597837 0,000197
print -0,009950 -0,000002
prior 0,891598 0,000147
prioritization 2,995732 0,000989
privacy -0,009950 -0,000008
private 0,693147 0,000114
problem 0,385662 0,000318
problems 0,430783 0,000285
procedure 1,386294 0,000229
process 0,116534 0,000038
processed 1,609438 0,000266
produced 0,820981 0,000136
product 0,579818 0,000096
products 0,579818 0,000096
profit -0,009950 -0,000002
program 0,328504 0,000054
programming 0,446287 0,000074
progressive 2,407946 0,000398
project 0,314711 0,000052
projects -0,009950 -0,000002
properly 1,309333 0,000649
properties 0,693147 0,000229
proposals 1,966113 0,000325
proposed 0,713350 0,001414
protected 0,776529 0,000128
protection 0,994252 0,000328
protocol 0,713350 0,009659
protocolapplication 3,912023 0,000646
protocols 0,967584 0,000959
protocolsfeatures 2,659260 0,000439
protocolsinternet 3,912023 0,000646
provide 0,174353 0,000144
providers 1,514128 0,000250
provides 0,261365 0,000173
proxies 2,659260 0,000878
proxy 1,832581 0,002421
pseudo 2,302585 0,000380
psgi 2,995732 0,000495
ptp 3,218876 0,000532
public 0,248461 0,000082
publish 1,714798 0,000283
published 0,328504 0,000271
publishes 2,407946 0,000398
publishing 0,446287 0,000074
puffin 2,659260 0,000439
purple 3,218876 0,000532
purpose 0,356675 0,000059
push 1,609438 0,000532
put 0,994252 0,001806
python 0,916291 0,000454
qpack 3,912023 0,002584
qtweb 2,659260 0,000439
query 1,427116 0,000236
quic 2,995732 0,003463
quickly 0,891598 0,000147
quot 1,560648 0,000515
qutebrowser 2,659260 0,000439
rack 2,407946 0,000398
raggett 3,218876 0,002658
rails 2,525729 0,000834
range 0,446287 0,000442
ranges 2,302585 0,001141
rapid 1,237874 0,000204
rbaycanca 0,248461 0,000041
rdf 2,120264 0,000700
rdfa 2,659260 0,000439
rdfs 2,813411 0,000465
read 0,843970 0,000139
readable 1,469676 0,000485
readeditview 0,287682 0,000095
reader 1,832581 0,000303
real 0,210721 0,000139
really 1,660731 0,000274
realm 2,207275 0,000364
realms 3,912023 0,000646
reason 1,049822 0,001387
reasoner 2,813411 0,000465
reasoning 1,171183 0,000193
reasons 0,891598 0,000736
received 1,078810 0,000534
receiving 1,714798 0,000283
recharter 3,912023 0,000646
rechartering 3,912023 0,000646
recommendations 1,966113 0,000649
record 0,916291 0,000151
recorded 1,237874 0,000409
records 0,994252 0,000164
red 1,237874 0,000409
redcore 2,659260 0,000439
reddy 2,659260 0,000439
redirect 1,832581 0,000605
redirected 2,207275 0,000364
redirection 3,506558 0,000579
reduce 0,673345 0,000334
reducing 1,021651 0,000169
refactoring 2,659260 0,001317
reference 0,478036 0,000237
references 0,020203 0,000010
referer 3,218876 0,000532
referred 0,446287 0,000074
refine 2,407946 0,000398
refined 2,407946 0,000398
regard 1,609438 0,000266
registered -0,009950 -0,000002
reilly 1,078810 0,000356
related 0,051293 0,000051
relaying 3,506558 0,000579
release 0,579818 0,000096
released 0,693147 0,000458
relevant 0,916291 0,000151
reliability 1,021651 0,000169
reliable 0,616186 0,000203
reliably 2,302585 0,000380
reloading 3,218876 0,000532
remaining 1,309333 0,000216
remote 0,843970 0,000139
remove 0,527633 0,000087
removed 0,693147 0,000114
repeating 2,995732 0,000495
replaced 1,237874 0,000204
report 0,462035 0,000076
reported 1,108663 0,000183
reports 1,049822 0,000173
representation 0,776529 0,001026
representational 2,407946 0,000398
representations 1,560648 0,000258
represented 0,967584 0,000160
representing 1,108663 0,000183
represents 0,891598 0,000442
request 1,203973 0,017097
requested 1,897120 0,002193
requesting 2,659260 0,000439
requests 1,237874 0,006132
require 0,462035 0,000305
required 0,274437 0,000227
requires 0,430783 0,000071
reschke 3,912023 0,005814
research 0,261365 0,000043
resided 3,506558 0,000579
resource 0,733969 0,004242
resources 0,314711 0,000468
respond 1,660731 0,000548
response 0,755023 0,005735
responses 1,771957 0,002926
rest 1,108663 0,000183
restarted 3,506558 0,001737
result 0,371064 0,000061
results 0,446287 0,000074
resume 3,506558 0,000579
resuming 3,218876 0,000532
retain 2,525729 0,000417
retrieval 1,347074 0,001112
retrieve 1,771957 0,000585
retrieved -0,009950 -0,000066
retrieving 2,302585 0,000760
return 0,820981 0,000407
returned 1,832581 0,000908
returns 1,560648 0,000258
reuse 2,525729 0,000834
reused 2,302585 0,000760
reviewed 1,714798 0,000283
revise 3,506558 0,001158
revised 1,832581 0,000303
revision 1,347074 0,000445
revisions 2,407946 0,000398
rfc 1,714798 0,037943
rfe 3,912023 0,000646
rich 1,347074 0,000222
richer 3,218876 0,000532
rip 3,218876 0,000532
rkmen 1,966113 0,000325
roa 2,813411 0,000465
robert 0,579818 0,000096
robots 1,897120 0,000313
rockmelt 2,659260 0,000439
rom 0,616186 0,000102
root 0,994252 0,000493
routable 3,912023 0,000646
routers 1,897120 0,000313
routing 1,560648 0,000773
roysktfran 2,040221 0,000337
rpc 2,813411 0,000465
rrid 2,813411 0,000465
rsvp 3,218876 0,000532
rsync 3,506558 0,000579
rtp 3,218876 0,000532
rtsp 3,218876 0,000532
ruby 1,347074 0,000445
ruellan 3,912023 0,000646
rule 0,941609 0,000466
rules 0,616186 0,000102
run 0,446287 0,000074
running 0,713350 0,000118
safari 2,040221 0,000337
safe 0,994252 0,002134
safety -0,009950 -0,000003
sailu 3,912023 0,000646
salamweb 2,659260 0,000439
samsung 2,040221 0,000337
satisfy 2,040221 0,000674
save 1,771957 0,000585
saw 1,832581 0,000303
sawsdl 2,813411 0,000465
sayer 3,912023 0,000646
saying 1,897120 0,000313
scenario 1,897120 0,000313
scgi 2,995732 0,000495
schema 1,897120 0,000313
schemas 2,302585 0,000380
scheme 1,469676 0,000485
schemes 1,660731 0,000823
schemesofficial 3,506558 0,000579
science 0,287682 0,000095
scopes 2,995732 0,000495
screen 1,832581 0,000303
scripting 1,237874 0,000818
scripts 1,609438 0,000266
sctp 3,218876 0,000532
seamonkey 2,525729 0,000417
search -0,009950 -0,000012
sec 2,207275 0,001822
secondarily 3,912023 0,000646
secondly 2,813411 0,000465
secretary 2,659260 0,000439
section 0,562119 0,000186
secure 1,108663 0,000732
security 0,314711 0,000572
see -0,009950 -0,000023
seen 0,776529 0,000128
selection 1,021651 0,000169
self 0,478036 0,000079
semantic 1,272966 0,002733
semantics 1,171183 0,002127
send 1,347074 0,000890
sending 1,714798 0,001133
sends 2,120264 0,000700
sensitive 1,272966 0,000420
sent 1,171183 0,001547
separate 0,693147 0,000458
separated 1,514128 0,000250
separator 2,813411 0,000465
september 0,150823 0,000125
sequence 0,994252 0,000657
sequences 1,514128 0,000250
served 1,832581 0,000605
server 0,653926 0,008098
servers 1,021651 0,004218
service 0,314711 0,000156
serving 2,302585 0,001521
servlet 2,659260 0,000439
session 1,660731 0,002194
set 0,083382 0,000028
seven 1,469676 0,000243
several 0,094311 0,000016
shacl 2,659260 0,000439
sharealike -0,009950 -0,000002
shared 0,755023 0,000125
sharing 0,967584 0,000320
shiira 2,659260 0,000439
shopping 1,966113 0,000325
short -0,009950 -0,000007
shorted 3,912023 0,000646
shortened -0,009950 -0,000002
show 0,867501 0,000143
shown 1,237874 0,000818
shows 1,139434 0,000188
shqipsimple 1,203973 0,000199
shun 2,813411 0,000465
shyan 3,506558 0,000579
side 0,693147 0,000343
sidebar -0,009950 -0,000007
sidebrowser 2,995732 0,000495
sideprotocols 2,995732 0,000495
silk 2,040221 0,000337
similar 0,186330 0,000062
similarly 0,843970 0,000279
simple 0,150823 0,000125
simply 0,733969 0,000121
since 0,139262 0,000230
single 0,127833 0,000232
sioc 2,813411 0,000465
sip 2,995732 0,000989
sips 3,506558 0,000579
site -0,009950 -0,000003
situations 1,237874 0,000204
six 1,309333 0,000216
size 0,462035 0,000381
skos 2,659260 0,000439
skweezer 2,659260 0,000439
skyfire 2,659260 0,000439
sleipnir 2,659260 0,000439
slenskaitaliano 0,562119 0,000093
slightly 1,771957 0,000293
slimbrowser 2,659260 0,000439
sloven 1,514128 0,000250
slow 1,514128 0,000500
slowly 2,525729 0,000417
small 0,314711 0,000052
smtp 2,659260 0,000439
smuggling 2,813411 0,000465
snmp 3,218876 0,000532
socket 2,813411 0,000465
software 0,127833 0,000106
solid 1,347074 0,000222
solution 0,776529 0,000128
solve 1,203973 0,000199
solved 1,609438 0,000266
sometimes 0,301105 0,000099
sort 1,609438 0,000266
source 0,186330 0,000062
sources 0,446287 0,000074
space 0,478036 0,000395
spacetime 2,302585 0,000380
spare 2,525729 0,000417
sparql 2,407946 0,000398
spdy 3,506558 0,005790
specialized 0,843970 0,000139
specially 2,302585 0,000760
specific 0,094311 0,000031
specification 0,941609 0,000933
specifications 1,237874 0,001226
specified 0,733969 0,000485
specifies 1,714798 0,001416
specify 1,272966 0,000841
specs 3,218876 0,000532
speed 1,049822 0,000520
speeds 1,897120 0,000313
split 1,469676 0,000243
splitting 1,897120 0,000313
spoofing 2,813411 0,000465
sputnik 2,407946 0,000398
sql 1,171183 0,000193
srpskisrpskohrvatski 0,510826 0,000084
srware 2,659260 0,000439
ssdp 3,912023 0,000646
sse 2,813411 0,000465
ssh 2,407946 0,000398
ssl 2,525729 0,000417
stack 0,867501 0,000143
standard 0,198451 0,001016
standardize 2,995732 0,000495
standardized 1,203973 0,000199
standards 0,462035 0,000305
standardshidden 3,912023 0,000646
standardssyntax 2,813411 0,000465
start 0,843970 0,001115
started 0,634878 0,000629
starting 0,755023 0,000125
starts 1,609438 0,000266
state 0,235722 0,000234
stateless 2,659260 0,000878
statement -0,009950 -0,000002
statesfrancebnf 0,510826 0,000084
static 1,272966 0,000210
statistics -0,009950 -0,000008
status 0,693147 0,001946
statusarticles 2,995732 0,000495
statusthis 2,659260 0,000439
std 2,407946 0,001590
steel 2,040221 0,000337
stephan 2,813411 0,000465
still 0,342490 0,000170
stopped 2,207275 0,000364
storage 0,430783 0,000142
stored 0,733969 0,000121
strata 2,407946 0,000398
stream 1,139434 0,000188
streamed 3,218876 0,000532
streams 1,714798 0,001133
strength 1,832581 0,000303
string 1,171183 0,000387
structured 0,653926 0,000108
structures 0,673345 0,000111
struggling 2,995732 0,000495
style 0,994252 0,000164
stylesheets 3,218876 0,000532
sub 1,021651 0,000337
submit 2,407946 0,000398
submitted 1,714798 0,000283
submitting 2,813411 0,000465
subscribing 3,912023 0,000646
subsection 0,020203 0,000010
subsequently 1,514128 0,000250
successful 0,843970 0,000279
successfully 1,427116 0,000236
successive 2,302585 0,000380
suite 1,386294 0,000687
summarized 2,120264 0,000350
suomisvenskatagalog 1,171183 0,000193
supermium 2,659260 0,000439
superseded 2,207275 0,000364
support 0,198451 0,000492
supported 0,634878 0,000839
supporting 0,843970 0,000557
supports 0,867501 0,000143
surf 2,659260 0,000439
surma 3,912023 0,000646
suspended 2,407946 0,000398
svg 2,525729 0,000417
swiftfox 2,525729 0,000417
symbian 2,207275 0,000364
syntax 1,171183 0,000774
system 0,030459 0,000015
systems 0,061875 0,000031
tab 2,525729 0,000417
table -0,009950 -0,000003
tables 1,660731 0,000548
tag 1,714798 0,000566
take 0,527633 0,000087
taken 0,867501 0,000286
tapping 2,659260 0,000439
target 0,673345 0,000667
targets 1,272966 0,000420
task 0,776529 0,002308
tcp 1,897120 0,009398
team 0,776529 0,000128
technical 0,478036 0,000316
technically 2,407946 0,000398
technologies 0,562119 0,000093
technology 0,186330 0,000154
techs 2,525729 0,001668
telnet 3,218876 0,001595
temporarily 2,040221 0,000337
tend 1,386294 0,000229
tenfourfox 2,659260 0,000439
term 0,223144 0,000074
terminated 2,995732 0,000989
terminator 2,659260 0,000878
terms -0,009950 -0,000003
tests 1,309333 0,000216
text -0,009950 -0,000007
textual 1,966113 0,000325
therefore 0,478036 0,000237
thereof 2,040221 0,000337
third 0,356675 0,000059
thomson 2,525729 0,000834
though 0,544727 0,000090
three 0,287682 0,000095
thunderhawk 2,659260 0,000439
thus 0,328504 0,000054
tied 2,120264 0,000350
tim 0,867501 0,001146
timberwolf 2,659260 0,000439
time 0,010050 0,000015
timeline 0,776529 0,000128
times 0,314711 0,000104
tinacymraegdanskdeutscheesti 2,302585 0,000380
title -0,009950 -0,000005
tls 2,207275 0,002916
toggle -0,009950 -0,000008
tools -0,009950 -0,000005
top -0,009950 -0,000003
topic -0,009950 -0,000005
topics 0,653926 0,000540
tor 2,525729 0,000417
torch 2,407946 0,000398
totty 3,912023 0,000646
towards 1,203973 0,000199
trace 1,897120 0,001880
track 1,049822 0,000173
trademark -0,009950 -0,000002
traffic 1,272966 0,000841
trailing 2,525729 0,000417
transaction 1,427116 0,001178
transactions 0,713350 0,000118
transfer 0,693147 0,003892
transmission 1,347074 0,000222
transmitted 1,514128 0,000250
transparent 1,966113 0,000325
transport 1,203973 0,002386
treat 1,771957 0,000293
treated 1,514128 0,000250
tries 1,832581 0,000303
trig 2,813411 0,000465
triggered 2,302585 0,000380
triples 2,659260 0,000878
trivial 2,302585 0,000380
trivially 3,506558 0,000579
trix 2,813411 0,000465
trust 0,967584 0,000160
tunnel 2,813411 0,000465
tunnels 2,659260 0,000439
turtle 2,659260 0,000439
two 0,083382 0,000055
type 0,150823 0,000100
types 0,198451 0,000033
typically 0,223144 0,000111
tzebuergeschlietuvi 1,514128 0,000250
tzung 3,506558 0,000579
udp 2,659260 0,003513
unavailable 2,302585 0,000380
unclear 2,207275 0,000364
under -0,009950 -0,000007
underlying 0,755023 0,000374
understand 1,139434 0,000376
understood 1,469676 0,000243
undesirable 2,407946 0,000398
unencrypted 2,302585 0,000380
ungoogled 2,659260 0,000439
unicast 3,912023 0,000646
uniform 1,347074 0,000667
unintended 2,813411 0,000465
unix 1,469676 0,000243
unknown 1,171183 0,000193
unlike 0,798508 0,000132
unlink 3,912023 0,000646
unnamed 2,659260 0,000439
unofficial 2,040221 0,001348
unrecognized 3,912023 0,000646
unreliable 2,120264 0,000700
unsafe 2,120264 0,000350
until 0,510826 0,000084
unwise 3,506558 0,000579
upcoming 2,659260 0,000439
update 0,527633 0,000087
updated 0,867501 0,000859
updates 1,203973 0,001988
upgrade 1,832581 0,001210
upgrading 2,995732 0,000495
upload 2,407946 0,000398
upnp 3,912023 0,000646
upon 0,673345 0,000111
upstream 2,659260 0,000439
uri 2,040221 0,003369
uris 2,813411 0,000929
url 1,237874 0,001022
urldownload -0,009950 -0,000002
urls 2,302585 0,000760
urn 3,506558 0,000579
usage 0,597837 0,000494
use -0,009950 -0,000026
used -0,009950 -0,000039
useful 0,634878 0,000419
user 0,328504 0,001248
users 0,478036 0,000237
uses 0,094311 0,000109
using -0,009950 -0,000028
usually 0,223144 0,000184
utc -0,009950 -0,000002
utf 2,207275 0,000364
uzbl 2,659260 0,000439
valid 1,272966 0,000210
value 0,301105 0,000199
variables 0,891598 0,000147
variant 1,560648 0,000515
various 0,223144 0,000074
verb 2,995732 0,000495
verification 0,733969 0,000242
version -0,009950 -0,000038
versions 0,579818 0,000862
via 0,186330 0,000215
video 0,616186 0,000102
view -0,009950 -0,000003
viewer 2,525729 0,000417
viewing 2,302585 0,000380
virtual 0,527633 0,000436
visible 1,309333 0,000216
vision 0,891598 0,000147
vivaldi 2,659260 0,000439
vocabularies 2,659260 0,000878
voice 1,560648 0,000258
vpn 2,302585 0,000380
vte 0,967584 0,000320
vtesemantic 2,813411 0,000465
vteuniform 3,506558 0,000579
vteweb 1,966113 0,000649
vulnerabilities 1,469676 0,000243
vulnerability 1,609438 0,000266
waiting 2,302585 0,000380
waits 2,995732 0,000495
warn 3,506558 0,000579
waterfox 2,525729 0,000834
way 0,198451 0,000164
web 0,342490 0,005712
webassembly 1,660731 0,000548
webauthn 2,407946 0,000398
webbackground 2,813411 0,000465
webcl 2,813411 0,000465
webcom 3,912023 0,000646
webdav 2,995732 0,000989
webexplorer 2,659260 0,000439
webgl 2,407946 0,000795
webgpu 2,407946 0,000795
webhook 2,813411 0,000465
webkit 2,525729 0,000834
webp 3,912023 0,000646
webpositive 2,659260 0,000439
webrtc 2,407946 0,000795
webserver 3,912023 0,000646
website 0,634878 0,000419
websitehttpwg 3,912023 0,000646
websites 1,203973 0,001789
websocket 2,302585 0,001141
websockets 2,813411 0,000929
webusb 2,995732 0,000495
webxr 2,525729 0,000417
wed 3,506558 0,000579
week 1,514128 0,000250
weeks 1,771957 0,000293
wei 1,832581 0,000303
well 0,051293 0,000017
went 1,714798 0,000283
whale 2,407946 0,000398
what -0,009950 -0,000008
whatsoever 2,813411 0,000465
whenever 2,040221 0,000674
whereas 1,049822 0,000173
whereby 1,897120 0,000313
whether 0,400478 0,000265
which 0,000000 0,000000
while 0,051293 0,000017
whitespace 2,207275 0,000729
who 0,301105 0,000099
wide 0,597837 0,001185
widespread 0,994252 0,000328
wiki 1,427116 0,000471
wikibooks 1,427116 0,000236
wikidata 0,562119 0,000093
wikidatawikipedia 0,967584 0,000160
wikimedia -0,009950 -0,000005
wikipedia -0,009950 -0,000010
wikipediacontact -0,009950 -0,000002
winaray 2,407946 0,000398
winwap 2,659260 0,000439
wireless 1,078810 0,000178
within 0,116534 0,000038
without 0,094311 0,000125
woa 2,995732 0,000495
word 0,693147 0,000114
words 0,916291 0,000454
work 0,127833 0,000084
worker 1,714798 0,000283
working 0,478036 0,001737
world 0,139262 0,000322
worldwideweb 2,407946 0,000795
write 0,941609 0,000311
written 0,287682 0,000143
wsgi 2,813411 0,000929
wsrp 2,995732 0,000495
wss 3,506558 0,000579
www 0,356675 0,000471
xbap 2,995732 0,000495
xhtml 2,813411 0,000465
xml 1,203973 0,000795
xmlhttprequest 2,407946 0,000398
xmpp 2,813411 0,000929
xombrero 2,659260 0,000439
xpconnect 2,995732 0,000495
yandex 2,207275 0,000364
year 0,579818 0,000096
years 0,274437 0,000227
yes 2,120264 0,008403
yet 0,891598 0,000147
ymsgr 3,506558 0,000579
yor 2,040221 0,000337
zac 2,525729 0,000417
zalewski 3,912023 0,000646
zazaki 1,966113 0,000325
zdnet 1,560648 0,000258
zen 2,207275 0,000364
zero 0,733969 0,000242
