aanand 3,912023 0,001708
abel 3,218876 0,001406
abil 0,562119 0,000245
abstract 0,713350 0,000312
access 0,127833 0,000056
accord 0,287682 0,000126
account -0,009950 -0,000013
acquir 1,203973 0,002103
across 0,415515 0,000544
action -0,009950 -0,000004
ad 0,198451 0,000087
add -0,009950 -0,000004
addit -0,009950 -0,000013
address 0,342490 0,000150
adeo 3,218876 0,001406
adopt 0,415515 0,000544
advantag 0,693147 0,000303
ago 0,967584 0,000423
agre -0,009950 -0,000009
agreement 1,078810 0,000942
aisgalego 1,309333 0,000572
algorithm 0,462035 0,000404
allow 0,061875 0,000270
altern 0,342490 0,000150
amazon 1,309333 0,003431
amp -0,009950 -0,000022
analysi 0,186330 0,000325
analyz 0,843970 0,000369
ani 0,083382 0,000036
announc 0,733969 0,004167
anoth 0,127833 0,000112
apach 1,386294 0,002421
api 0,798508 0,001395
app 1,021651 0,001785
appear -0,009950 -0,000009
appli -0,009950 -0,000004
applic 0,030459 0,000213
april 0,072571 0,000285
apt 2,995732 0,001308
aquasec 3,912023 0,001708
architectur 0,400478 0,000350
archiv 0,040822 0,000160
arg 2,407946 0,001052
arm 1,469676 0,000642
around 0,356675 0,000156
articl 0,000000 0,000000
articleabout -0,009950 -0,000004
articletalk -0,009950 -0,000004
aspect 0,616186 0,000269
assembl 0,867501 0,000379
atomicjar 3,912023 0,003417
attribut -0,009950 -0,000004
august 0,162519 0,001065
austin 2,207275 0,000964
authorsolomon 3,912023 0,001708
autom 0,597837 0,000522
avail -0,009950 -0,000022
avoid 0,579818 0,000253
avram 3,912023 0,001708
aw 2,302585 0,001005
azur 1,771957 0,000774
backport 2,995732 0,002616
bahasa 0,186330 0,000081
bali 2,302585 0,001005
barbier 3,912023 0,001708
barr 2,659260 0,001161
base 0,010050 0,000009
basilisk 2,207275 0,000964
becaus 0,127833 0,000167
ben 1,309333 0,000572
beta 1,386294 0,000605
bhyve 3,218876 0,001406
big 0,673345 0,000294
blog 0,713350 0,001558
bluestack 2,995732 0,001308
board 0,843970 0,000369
boch 3,218876 0,001406
bosanski 1,347074 0,000588
bot 1,832581 0,001601
box 0,843970 0,000369
brandz 3,218876 0,001406
build 0,274437 0,000719
built 0,462035 0,000202
bundl 1,514128 0,000661
busi 0,287682 0,000126
call 0,030459 0,000080
capabl 0,562119 0,000736
carei 3,506558 0,001531
case 0,083382 0,000036
catal 0,094311 0,000041
categori -0,009950 -0,000009
cb 1,832581 0,000800
ceedo 3,218876 0,001406
center 0,415515 0,000363
cgroup 2,813411 0,003686
changesupload -0,009950 -0,000009
channel 1,049822 0,000917
charg 1,272966 0,000556
chri 0,994252 0,000868
chroot 2,995732 0,001308
cio 2,525729 0,001103
cisco 2,207275 0,000964
citat 0,248461 0,000108
cite 0,597837 0,000261
citrix 2,813411 0,003686
clara 3,506558 0,001531
class 0,446287 0,000195
cli 2,040221 0,005346
client 0,713350 0,000935
close 0,356675 0,000156
cloud 0,733969 0,003205
cluster 1,272966 0,002779
cm 1,560648 0,000682
code -0,009950 -0,000030
codeship 3,912023 0,001708
collabnix 3,912023 0,001708
collabor 0,941609 0,000411
com 0,150823 0,000790
combin 0,261365 0,000228
come 0,356675 0,000467
command 0,891598 0,005451
commandsorigin 3,912023 0,001708
commod 1,469676 0,000642
common -0,009950 -0,000013
commonli 0,342490 0,000150
commonsmediawikiwikiversitywikidata 3,912023 0,001708
commun 0,139262 0,000122
compani 0,342490 0,000449
compon 0,261365 0,000913
compos 1,171183 0,006649
comput 0,020203 0,000079
conduct -0,009950 -0,000004
configur 0,798508 0,001743
connect 0,430783 0,000188
consensu 1,832581 0,001601
consist 0,301105 0,000394
contact -0,009950 -0,000009
contain 0,162519 0,004684
container 2,659260 0,003484
containerizationoper 3,912023 0,001708
containersoper 3,506558 0,001531
content -0,009950 -0,000017
context 0,446287 0,000195
continu 0,174353 0,000076
contribut -0,009950 -0,000004
contributor 1,832581 0,000800
cooki -0,009950 -0,000004
cooper 1,021651 0,000892
copi 0,891598 0,000389
core 0,579818 0,000253
coreo 3,506558 0,001531
cpu 1,347074 0,000588
creat -0,009950 -0,000022
creation 0,653926 0,000571
creativ -0,009950 -0,000004
crn 3,912023 0,001708
custom 0,544727 0,000238
daemon 2,659260 0,005806
dalvik 2,813411 0,001229
dan 0,916291 0,000400
data 0,030459 0,000027
datadog 3,912023 0,001708
date 0,210721 0,000092
debut 2,525729 0,001103
decemb 0,061875 0,000297
decentr 1,714798 0,000749
default 0,693147 0,001211
defin 0,116534 0,000204
delet 1,139434 0,000498
deliv 1,078810 0,000942
demystifi 2,659260 0,001161
depend 0,105361 0,000046
deploi 1,108663 0,000484
deploy 1,049822 0,000917
descript -0,009950 -0,000004
descriptionshort 0,000000 0,000000
design 0,040822 0,000053
desktop 1,347074 0,008235
develop -0,009950 -0,000026
devend 3,912023 0,001708
devop 2,525729 0,002206
differ 0,010050 0,000013
digitalocean 2,813411 0,001229
directli 0,415515 0,000363
directori 1,560648 0,000682
disclaim -0,009950 -0,000004
discoveri 1,139434 0,000498
distribut 0,198451 0,000520
distrobox 3,218876 0,001406
docker 2,813411 0,238341
dockerd 3,912023 0,003417
dockerfil 3,912023 0,010250
dockerscreenshot 3,912023 0,001708
document 0,328504 0,002008
don 0,916291 0,000400
dona 3,912023 0,001708
donat -0,009950 -0,000009
dosbox 3,218876 0,001406
dosemu 3,218876 0,001406
dotcloud 3,912023 0,011958
dove 2,995732 0,001308
download -0,009950 -0,000009
driver 1,237874 0,001081
drop 0,994252 0,000434
ebpf 2,995732 0,001308
ec 2,302585 0,002011
ecosystem 1,108663 0,000484
edit -0,009950 -0,000048
editcommun -0,009950 -0,000004
eight 2,120264 0,000926
elast 2,407946 0,001052
embrac 2,040221 0,000891
emul 1,832581 0,001601
enabl 0,274437 0,000479
encapsul 2,120264 0,001852
encyclopedia -0,009950 -0,000004
end 0,186330 0,000163
engin 0,061875 0,000297
english -0,009950 -0,000004
englishsloven 0,510826 0,000223
enterpris 0,446287 0,001169
entiti 0,843970 0,000369
env 3,506558 0,003062
environ 0,385662 0,001010
espa 0,210721 0,000092
esxi 3,218876 0,001406
ethernet 2,407946 0,002103
even 0,235722 0,000103
event 0,356675 0,000156
eventsrandom -0,009950 -0,000004
evpn 3,218876 0,001406
exampl 0,020203 0,000044
examplefil 3,912023 0,003417
execut 0,356675 0,000623
expand 0,776529 0,000339
export -0,009950 -0,000004
expos 1,272966 0,001112
extens 0,342490 0,000150
extern 0,030459 0,000027
extrem 0,941609 0,000411
facil 0,891598 0,000389
facilit 0,916291 0,000400
fact 0,579818 0,000253
featur 0,210721 0,000368
februari 0,061875 0,000486
fedora 2,659260 0,001161
fewer 1,897120 0,000828
file 0,446287 0,001754
fileperman -0,009950 -0,000004
filespeci -0,009950 -0,000004
firshman 3,912023 0,001708
first 0,020203 0,000026
flexibl 1,139434 0,000498
folei 2,659260 0,001161
follow 0,072571 0,000032
former 1,049822 0,000458
founadi 3,912023 0,001708
found 0,274437 0,000240
foundat -0,009950 -0,000004
fran 0,223144 0,000097
franc 1,427116 0,000623
freder 2,302585 0,001005
free -0,009950 -0,000030
freebsd 1,897120 0,000828
function 0,030459 0,000013
fusion 1,514128 0,000661
futur 0,235722 0,000103
ganeti 2,813411 0,001229
gener -0,009950 -0,000013
genev 2,995732 0,001308
get 0,430783 0,000564
giant 1,660731 0,000725
gist 3,506558 0,001531
github 1,078810 0,002827
gizmoxo 3,912023 0,001708
gnu 1,272966 0,000556
gofre 3,912023 0,001708
googl 0,579818 0,000506
greater 0,755023 0,000330
grew 1,386294 0,000605
group 0,186330 0,000163
guid 0,287682 0,000251
gupta 2,302585 0,001005
guthri 3,218876 0,001406
gvisor 2,995732 0,001308
handl 0,415515 0,000181
hat 1,966113 0,003434
helplearn -0,009950 -0,000004
hererel -0,009950 -0,000004
hide -0,009950 -0,000017
high 0,223144 0,000097
higher 0,430783 0,000188
histori -0,009950 -0,000022
home 0,616186 0,000538
horizon 1,714798 0,000749
host 0,755023 0,001978
hostedspeci 3,218876 0,001406
hpc 2,995732 0,001308
http -0,009950 -0,000004
huawei 1,966113 0,000859
hub 2,040221 0,001782
hyke 3,912023 0,005125
hykesdeveloperdock 3,912023 0,001708
hyper 2,302585 0,002011
hypervisor 2,407946 0,001052
ibm 0,693147 0,001513
icor 3,218876 0,001406
id 0,994252 0,000434
imag 0,494296 0,002158
implement 0,105361 0,000092
ina 0,356675 0,000156
inc -0,009950 -0,000104
includ 0,000000 0,000000
incub 3,218876 0,001406
independ 0,527633 0,000922
index -0,009950 -0,000004
infoq 2,302585 0,002011
informationcit -0,009950 -0,000004
infoworld 1,609438 0,001406
infrastructur 0,673345 0,000294
ingo 3,218876 0,001406
initi 0,235722 0,000206
insid 0,579818 0,000253
instal 0,994252 0,001303
installfre 3,218876 0,001406
instanc 0,478036 0,000209
instead 0,301105 0,000131
integr 0,174353 0,000305
interact 0,356675 0,000467
interfac 0,494296 0,000648
intern 0,040822 0,000018
introduc 0,210721 0,000092
introduct 0,210721 0,000092
involv 0,415515 0,000181
iron 1,966113 0,000859
isol 1,427116 0,003739
italiano 3,506558 0,001531
item -0,009950 -0,000004
jail 2,813411 0,001229
januari 0,083382 0,000473
jeff 1,560648 0,000682
john 0,198451 0,000087
juli 0,127833 0,000391
julien 2,813411 0,001229
jump -0,009950 -0,000004
june 0,094311 0,000494
kamel 3,912023 0,001708
katherin 2,525729 0,001103
kernel 1,171183 0,006137
kevin 1,386294 0,000605
keyr 3,912023 0,001708
know 0,653926 0,000286
known 0,127833 0,000056
kubernet 2,659260 0,003484
kubevirt 3,218876 0,001406
kvm 3,218876 0,001406
lan 2,407946 0,001052
languag -0,009950 -0,000017
lardinoi 2,525729 0,001103
larg 0,127833 0,000056
larger 0,941609 0,000411
last -0,009950 -0,000004
later 0,223144 0,000097
latest 0,994252 0,000434
latvi 0,994252 0,000434
launch 0,941609 0,000411
ldom 3,218876 0,001406
legal -0,009950 -0,000004
letypeo 3,912023 0,001708
level 0,083382 0,000182
libcontain 3,912023 0,010250
librari 0,356675 0,000156
libvirt 3,218876 0,001406
licens -0,009950 -0,000056
licensevirtu 3,506558 0,001531
lightweight 1,609438 0,003514
like 0,051293 0,000022
limit 0,186330 0,000244
lin 1,660731 0,000725
line 0,261365 0,000571
link -0,009950 -0,000022
linkedin 3,506558 0,003062
linkpag -0,009950 -0,000004
linux 0,916291 0,011204
linuxhidden 3,912023 0,001708
list 0,051293 0,000112
listen 1,966113 0,000859
lmctfy 3,218876 0,001406
locat 0,527633 0,000230
log -0,009950 -0,000009
logic 0,616186 0,000269
logo 1,771957 0,000774
longer 0,755023 0,000659
look 0,478036 0,000209
lpar 3,218876 0,001406
lxc 3,912023 0,006833
lynxsecur 3,218876 0,001406
mac 1,237874 0,001622
machin 0,040822 0,000143
maco 1,660731 0,002176
macosplatformx 3,912023 0,001708
made 0,186330 0,000081
main -0,009950 -0,000026
maint 0,798508 0,000697
maintain 0,400478 0,000175
major 0,223144 0,000097
manag 0,105361 0,000552
manipul 0,673345 0,000294
march 0,116534 0,000458
mari 1,347074 0,000588
mclaughlin 3,912023 0,001708
mdy 1,514128 0,000661
meant 1,514128 0,000661
melayunederland 2,040221 0,000891
memori 0,562119 0,000245
mention 1,237874 0,000541
menu -0,009950 -0,000009
meso 3,218876 0,001406
michael 0,385662 0,000168
microservic 2,302585 0,001005
microsoft 0,579818 0,003545
miller 1,469676 0,000642
mobi 3,912023 0,006833
mobil -0,009950 -0,000004
mode 0,755023 0,000659
model 0,116534 0,000102
momentum 2,040221 0,000891
mostli 0,994252 0,000434
mount 2,207275 0,001928
move -0,009950 -0,000017
mullani 3,912023 0,001708
multi 0,342490 0,000150
multipl 0,094311 0,000124
myvolum 3,912023 0,001708
namespac 1,560648 0,002045
nativ 1,078810 0,001884
navig -0,009950 -0,000004
need 0,030459 0,000027
network 0,127833 0,000167
new 0,010050 0,000004
next 0,400478 0,000175
nichol 2,525729 0,002206
node 0,867501 0,003031
nomad 3,506558 0,001531
non -0,009950 -0,000004
note 0,150823 0,000066
notif 2,207275 0,001928
novemb 0,150823 0,000395
noy 3,912023 0,001708
nski 3,218876 0,001406
nspawn 3,912023 0,001708
nuanc 3,506558 0,001531
nvgre 3,218876 0,001406
object 0,174353 0,000305
octob 0,139262 0,000730
offer 0,248461 0,000217
offici 0,653926 0,000286
oldid -0,009950 -0,000004
oleuskara 1,514128 0,000661
omnissa 3,218876 0,001406
onward 2,207275 0,000964
open 0,150823 0,000461
openshift 2,813411 0,003686
openstack 3,218876 0,001406
openvz 3,218876 0,001406
oper 0,010050 0,000026
operatingsystemo 3,218876 0,001406
option 0,527633 0,001152
oracl 1,078810 0,001413
orchestr 2,813411 0,003686
org -0,009950 -0,000004
organ -0,009950 -0,000013
origin -0,009950 -0,000048
overhead 1,469676 0,000642
overlai 2,407946 0,001052
overlayf 3,912023 0,001708
overrid 2,659260 0,001161
overview 0,616186 0,000538
ovirt 2,813411 0,001229
packag 0,776529 0,000678
page -0,009950 -0,000009
pagecontentscurr -0,009950 -0,000004
pageget -0,009950 -0,000004
pahl 3,912023 0,001708
paid 1,560648 0,000682
parallel 0,941609 0,001234
part 0,072571 0,000032
particular 0,301105 0,000131
partit 1,347074 0,001176
partnership 2,040221 0,002673
path 0,798508 0,000349
pcem 3,218876 0,001406
pdfprintabl -0,009950 -0,000004
pearpc 3,218876 0,001406
per 0,616186 0,000538
perform 0,040822 0,000036
persist 1,386294 0,001211
person -0,009950 -0,000009
php -0,009950 -0,000004
pikeo 2,995732 0,002616
pivot 2,040221 0,000891
plan 0,430783 0,000564
platform 0,400478 0,000874
player 1,469676 0,000642
podman 3,218876 0,002811
polici -0,009950 -0,000009
polskiportugu 0,916291 0,000400
port 1,272966 0,001112
portal 0,494296 0,000216
portalrec -0,009950 -0,000004
power 0,261365 0,000114
powerus 3,506558 0,001531
ppc 2,995732 0,001308
prasad 3,506558 0,001531
prem 3,218876 0,001406
premis 2,407946 0,001052
presenc 1,108663 0,000484
preview 1,897120 0,000828
previous 0,843970 0,000737
principl 0,385662 0,000168
print -0,009950 -0,000004
privaci -0,009950 -0,000009
privat 0,634878 0,000554
pro 1,237874 0,000541
process 0,051293 0,000179
product 0,174353 0,000152
profil 1,021651 0,000446
profit -0,009950 -0,000004
program 0,116534 0,000204
project -0,009950 -0,000030
projectatom 3,912023 0,001708
provid 0,061875 0,000135
proxmox 3,218876 0,001406
public 0,127833 0,000335
pull 1,897120 0,000828
puls 2,995732 0,001308
push 1,203973 0,000526
pycon 3,506558 0,001531
qemu 2,995732 0,001308
qnx 2,407946 0,001052
quarter 1,897120 0,000828
quot 1,049822 0,001834
raft 3,912023 0,006833
rais 1,237874 0,001081
rancher 3,506558 0,001531
ranchero 3,506558 0,001531
raspberri 2,525729 0,002206
rath 3,506558 0,001531
rbaycancabasa 2,995732 0,001308
read 0,162519 0,000071
readeditview 0,287682 0,000251
readi 1,309333 0,000572
real 0,210721 0,000184
reason 0,328504 0,000143
red 1,237874 0,002162
refer -0,009950 -0,000030
regist -0,009950 -0,000004
registri 2,120264 0,007407
relat 0,030459 0,000027
relationship 0,653926 0,000286
releas 0,415515 0,001633
releasemarch 3,912023 0,001708
relev 0,798508 0,000349
remain 0,400478 0,000350
remot 0,776529 0,001356
remov 0,301105 0,000131
renam 1,771957 0,000774
replac 0,494296 0,000432
repo 2,995732 0,002616
repositori 0,994252 0,000434
repositorygithub 2,813411 0,001229
request 0,776529 0,000339
research 0,223144 0,000097
resourc 0,248461 0,000434
result 0,139262 0,000061
retriev -0,009950 -0,000243
revoir 3,912023 0,001708
rhel 3,912023 0,001708
rkt 3,218876 0,002811
role 0,527633 0,000230
ron 2,040221 0,000891
rump 2,407946 0,001052
run 0,248461 0,002495
runtim 1,309333 0,000572
safeti -0,009950 -0,000004
santa 2,659260 0,001161
sarkar 2,995732 0,001308
scale 0,371064 0,000324
scope 0,891598 0,000389
scott 0,891598 0,000779
scottgu 3,912023 0,001708
search -0,009950 -0,000017
sebastien 3,218876 0,001406
seccomp 3,218876 0,001406
second 0,328504 0,000143
secret 1,560648 0,000682
secur 0,274437 0,000120
securityoper 3,912023 0,001708
see -0,009950 -0,000026
select 0,371064 0,000162
sent 1,171183 0,000511
septemb 0,150823 0,000593
serdar 3,218876 0,001406
server 0,597837 0,003133
servic 0,210721 0,001472
set 0,051293 0,000045
sever 0,072571 0,000127
share 0,301105 0,000394
sharealik -0,009950 -0,000004
sheepshav 3,218876 0,001406
ship 1,272966 0,001112
shirlei 3,506558 0,001531
short -0,009950 -0,000004
shorten -0,009950 -0,000004
show 0,400478 0,000350
shqipsimpl 1,203973 0,000526
sidebar -0,009950 -0,000017
siluk 3,912023 0,001708
simh 3,218876 0,001406
simi 0,755023 0,000330
similar 0,150823 0,000132
simmon 2,995732 0,001308
simultan 0,891598 0,000389
sinc 0,139262 0,000122
singl 0,127833 0,000335
singular 2,207275 0,000964
site -0,009950 -0,000004
smarto 2,995732 0,001308
softwar 0,127833 0,000893
softwarecomparison 3,218876 0,001406
softwarecontainer 3,912023 0,001708
softwarefre 2,207275 0,000964
softwarehardwar 3,218876 0,001406
softwarelinux 3,506558 0,001531
solari 2,207275 0,000964
solomon 2,995732 0,002616
sourc 0,094311 0,000206
sparc 2,525729 0,001103
specifi 0,446287 0,000390
sql 1,171183 0,000511
srpskisuomit 3,912023 0,001708
sruna 3,506558 0,001531
ssh 2,407946 0,001052
stabl 0,867501 0,000379
stack 0,843970 0,000737
stackengin 3,506558 0,004594
standard 0,094311 0,000124
start 0,261365 0,000571
startup 1,660731 0,002901
statement -0,009950 -0,000013
statementsarticl 0,544727 0,000238
statist -0,009950 -0,000009
statu 0,693147 0,000605
steven 0,867501 0,000758
stop 0,967584 0,000423
storag 0,430783 0,000188
store 0,356675 0,000156
strateg 1,171183 0,001023
stratoscal 3,912023 0,003417
subsect 0,020203 0,000009
subsystem 2,207275 0,001928
summer 1,427116 0,000623
support 0,150823 0,000461
surpris 2,525729 0,001103
swan 2,659260 0,001161
swarm 2,207275 0,017350
switch 0,916291 0,000400
symantec 2,207275 0,000964
system 0,010050 0,000053
systemd 3,506558 0,001531
systemlinux 3,912023 0,001708
tabl -0,009950 -0,000009
team 0,634878 0,000554
tech 0,843970 0,000369
techcrunch 1,660731 0,002176
technologysoftwar 3,912023 0,001708
templat 0,301105 0,000131
term -0,009950 -0,000009
test 0,248461 0,000217
text -0,009950 -0,000009
themselv 0,843970 0,000369
thinapp 3,218876 0,001406
three 0,287682 0,000126
tier 1,660731 0,000725
time 0,000000 0,000000
tinadanskdeutscheesti 1,309333 0,000572
titl -0,009950 -0,000004
todai 0,693147 0,000303
togeth 0,579818 0,000253
toggl -0,009950 -0,000013
token 1,386294 0,000605
tool -0,009950 -0,000030
toolchain 2,525729 0,001103
top -0,009950 -0,000004
topic -0,009950 -0,000004
trademark -0,009950 -0,000004
tree 0,693147 0,000303
turbo 2,995732 0,001308
turn 0,776529 0,000339
tutum 3,506558 0,001531
txt 2,813411 0,002457
typic 0,186330 0,000081
ubuntu 2,407946 0,001052
ucp 3,506558 0,001531
ulombardmagyar 2,813411 0,001229
unaffect 3,912023 0,001708
under -0,009950 -0,000017
unifi 1,309333 0,000572
union 0,994252 0,000434
unknown 1,108663 0,000484
unknownarticl 3,218876 0,001406
unsourc 0,446287 0,000390
updat 0,342490 0,000897
upload 1,771957 0,000774
url 1,203973 0,001052
urldownload -0,009950 -0,000004
user 0,274437 0,001198
usual 0,198451 0,000087
utc -0,009950 -0,000004
util 0,597837 0,000783
utm 3,218876 0,001406
valu 0,162519 0,000071
variabl 0,494296 0,000216
varieti 0,616186 0,000269
variou 0,223144 0,000292
vaughan 2,525729 0,002206
vcloud 2,813411 0,001229
vendor 1,139434 0,000995
version -0,009950 -0,000061
via 0,186330 0,000732
view -0,009950 -0,000009
virt 3,218876 0,001406
virtual 0,462035 0,005851
virtualbox 2,995732 0,001308
virtualizationcontain 3,506558 0,001531
virtualizationlicens 3,912023 0,001708
virtuozzo 3,218876 0,001406
vkernel 2,525729 0,001103
vmware 3,218876 0,009839
volum 0,616186 0,000807
vpn 2,207275 0,000964
vserver 3,218876 0,001406
vsphere 3,218876 0,001406
vswitch 3,218876 0,001406
vtelinux 2,995732 0,001308
vtevirtu 3,218876 0,001406
vxlan 3,218876 0,001406
walsh 2,525729 0,001103
web 0,342490 0,000299
websit 0,527633 0,000230
websitewww 3,218876 0,001406
welcom 1,966113 0,000859
well 0,051293 0,000045
what -0,009950 -0,000013
which 0,000000 0,000000
while 0,051293 0,000022
wikidataus 1,108663 0,000484
wikimedia -0,009950 -0,000009
wikipedia -0,009950 -0,000026
wikipediacontact -0,009950 -0,000004
win 1,469676 0,001284
windock 3,912023 0,003417
window 0,891598 0,009734
within 0,116534 0,000153
work 0,030459 0,000067
workload 1,966113 0,000859
workspac 2,525729 0,001103
workstat 1,771957 0,001548
written 0,287682 0,000251
wsl 3,912023 0,010250
www 0,356675 0,000156
xcp 3,218876 0,001406
xen 3,218876 0,001406
xenserv 3,218876 0,001406
xtratum 3,218876 0,001406
yaml 2,525729 0,001103
year 0,162519 0,000142
yegulalp 3,218876 0,001406
yet 0,891598 0,000389
yml 3,912023 0,003417
youtub 1,272966 0,000556
zdnet 1,560648 0,002045
zerovm 3,218876 0,001406
