ability 0,616186 0,000281
able 0,733969 0,000335
abstracts 2,813411 0,000642
accepted 1,171183 0,000535
access 0,287682 0,000394
accordingly 2,120264 0,000484
account -0,009950 -0,000005
accountability 2,302585 0,001576
accounts 1,171183 0,000267
accurev 3,506558 0,001600
across 0,415515 0,000190
act 0,967584 0,001104
action 0,867501 0,000198
actions -0,009950 -0,000002
actual 0,941609 0,000215
acyclic 2,525729 0,001729
add -0,009950 -0,000002
added 0,415515 0,000095
adding 0,597837 0,000136
addition 0,371064 0,000085
additional -0,009950 -0,000009
additionally 0,967584 0,000221
address 0,713350 0,000163
adds 1,203973 0,000550
adequate 1,832581 0,000418
administrators 1,897120 0,000433
adoption 0,820981 0,000187
advanced 0,430783 0,000197
advantages 1,309333 0,000598
again 1,078810 0,000246
against 0,462035 0,000211
agree -0,009950 -0,000002
aircraft 2,120264 0,000484
aisgalego 1,309333 0,000299
aka 2,525729 0,000576
alerted 3,912023 0,000893
alessandro 2,659260 0,000607
allow 0,287682 0,000131
allowed 0,634878 0,000290
allowing 0,462035 0,000316
allows 0,248461 0,000397
alone 1,309333 0,000299
along 0,462035 0,000105
alterations 3,506558 0,001600
alternatively 1,427116 0,000651
always 0,597837 0,000273
amenities 3,912023 0,000893
among 0,356675 0,000163
amp -0,009950 -0,000007
analysis 0,186330 0,000043
another 0,127833 0,000117
any 0,083382 0,000152
anyone 1,386294 0,000316
aponte 3,912023 0,000893
appearance -0,009950 -0,000005
application 0,127833 0,000117
applied 0,356675 0,000407
apply -0,009950 -0,000002
approach 0,261365 0,000179
appropriate 0,891598 0,000407
appropriately 2,659260 0,000607
approval 1,897120 0,000866
approved 1,897120 0,000866
approximation 1,832581 0,000418
apress 1,966113 0,000897
april 0,072571 0,000033
arch 1,966113 0,000449
archived 0,040822 0,000233
areas 0,755023 0,000172
arguably 3,218876 0,000735
arise 2,207275 0,001511
arranged 2,407946 0,000550
arrow 2,040221 0,000466
arrows 3,506558 0,000800
article 0,040822 0,000121
articleabout -0,009950 -0,000002
articles 0,020203 0,000023
articletalk -0,009950 -0,000002
aspects 0,776529 0,000532
assist 1,966113 0,000449
assisting 2,813411 0,000642
assists 2,995732 0,000684
associated 0,400478 0,000457
assuming 1,966113 0,000449
atlassian 3,218876 0,000735
atomic 2,120264 0,003387
attribution -0,009950 -0,000002
august 0,162519 0,000111
author 1,386294 0,001265
authoritative 3,506558 0,001600
authority 0,083382 0,000019
automate 2,207275 0,000504
automated 0,776529 0,000354
automates 2,995732 0,000684
automatic 1,078810 0,000985
automatically 0,653926 0,000298
availability 1,469676 0,000335
available -0,009950 -0,000014
avoiding 1,714798 0,000391
azarian 3,912023 0,001785
azure 1,771957 0,000809
babbage 2,813411 0,001284
back 0,527633 0,000482
backup 2,659260 0,000607
backwards 2,207275 0,000504
base 0,755023 0,000689
based 0,010050 0,000025
baseline 2,659260 0,006675
baselines 3,506558 0,003201
bases 2,207275 0,001007
basics 1,897120 0,000433
basumallick 3,912023 0,001785
bazaar 2,525729 0,000576
because 0,127833 0,000117
become 0,510826 0,000233
begin 1,309333 0,000299
beginning 0,776529 0,000177
ben 1,309333 0,000896
benefit 1,386294 0,000633
benefits 1,237874 0,003107
best 0,462035 0,001160
better 0,494296 0,000338
bibcode 0,693147 0,000158
binary 0,916291 0,000627
bisect 3,912023 0,000893
bitkeeper 3,506558 0,000800
blackline 3,912023 0,000893
blame 2,813411 0,001284
blockchain 1,660731 0,000379
bluelines 3,912023 0,000893
blueprints 2,995732 0,000684
bona 3,912023 0,000893
books 0,544727 0,000124
branch 1,309333 0,007470
branched 3,506558 0,002401
branches 1,427116 0,003908
branching 2,995732 0,007520
break 1,272966 0,000290
breaking 1,469676 0,000335
breezy 3,506558 0,000800
bring 1,560648 0,000356
bryan 2,525729 0,000576
buffers 2,302585 0,000525
bug 1,771957 0,000809
bugs 1,469676 0,001677
builds 1,714798 0,000391
business 0,301105 0,000344
bypass 2,525729 0,000576
cad 2,995732 0,000684
called 0,040822 0,000047
cancels 3,912023 0,000893
cannot 0,314711 0,000144
canonical 1,714798 0,000391
capability 1,309333 0,000299
care 1,514128 0,000346
carolyn 3,218876 0,000735
case 0,139262 0,000191
cases 0,478036 0,000327
catal 0,094311 0,000022
categories -0,009950 -0,000005
category 0,116534 0,000027
causes 1,469676 0,000335
central 0,510826 0,000699
centralized 1,771957 0,002426
century 0,891598 0,000203
certain 0,274437 0,000063
chacon 3,506558 0,001600
challenged 1,309333 0,000299
change 0,261365 0,001551
changed 0,941609 0,001074
changelist 3,912023 0,001785
changelog 2,525729 0,000576
changes 0,356675 0,004558
changeset 3,506558 0,004801
changesets 3,912023 0,000893
changesupload -0,009950 -0,000005
charles 0,941609 0,000430
check 1,139434 0,002600
checked 1,514128 0,003110
checking 1,272966 0,001452
checkout 3,506558 0,004001
checks 2,207275 0,001511
cherry 3,218876 0,000735
child 1,832581 0,000836
children 1,832581 0,000418
chiradeep 3,912023 0,001785
choices 1,966113 0,000449
chosen 1,469676 0,000671
cid 0,356675 0,000244
citation 0,415515 0,000284
citations 0,916291 0,000418
clean 2,040221 0,000466
clear 1,139434 0,000520
clearcase 3,506558 0,000800
clearly 1,771957 0,000404
client 0,867501 0,000396
clients 1,139434 0,000260
clone 2,659260 0,001214
clones 2,813411 0,000642
cloning 2,995732 0,000684
cloud 0,776529 0,000177
clouds 2,207275 0,000504
cmvc 3,506558 0,000800
code -0,009950 -0,000091
codebase 2,813411 0,001926
collaboration 1,272966 0,001162
collaborative 1,714798 0,001174
collection 0,527633 0,000120
collins 2,525729 0,001153
com 0,150823 0,000034
combined 0,798508 0,000182
combining 1,560648 0,000356
coming 1,203973 0,000275
comment 1,771957 0,000404
comments 1,514128 0,000346
commit 2,302585 0,014713
commits 2,407946 0,003297
committed 2,302585 0,001051
committing 2,813411 0,000642
common 0,072571 0,000149
commonly 0,342490 0,000078
commons -0,009950 -0,000002
commonswikibookswikidata 2,407946 0,000550
communicate 1,386294 0,000316
communicating 1,832581 0,000418
communication 0,616186 0,000844
communications 0,733969 0,000167
communicationsoftware 3,912023 0,000893
community 0,616186 0,000141
compare 1,609438 0,000367
compared 0,634878 0,000145
comparison 0,446287 0,000611
compatible 1,049822 0,000240
complete 0,713350 0,000326
completed 1,514128 0,000346
completely 0,941609 0,000215
complex 0,261365 0,000119
complexity 0,616186 0,000141
complicated 1,609438 0,000367
component 0,713350 0,000163
compression 1,347074 0,001844
compromised 2,525729 0,000576
computer 0,139262 0,000127
concept 0,415515 0,000190
concepts 0,400478 0,000366
conceptually 2,407946 0,000550
concert 2,995732 0,000684
conclusions 2,120264 0,000484
concretely 3,912023 0,000893
concurrent 1,272966 0,001452
concurrently 2,813411 0,000642
conduct -0,009950 -0,000002
conducts 3,506558 0,000800
conference 0,301105 0,000069
configuration 1,021651 0,001399
conflict 1,514128 0,001728
conflicting 2,659260 0,000607
conflicts 2,659260 0,000607
confused 1,108663 0,000506
consequently 1,514128 0,000346
consider 1,078810 0,000246
considered 0,400478 0,000457
consistent 1,108663 0,000759
contact -0,009950 -0,000002
contacts -0,009950 -0,000002
contain 0,693147 0,000316
container 1,660731 0,000379
containers 2,040221 0,000466
containing 0,579818 0,000132
contains 0,634878 0,000290
content -0,009950 -0,000007
contents -0,009950 -0,000009
context 0,494296 0,000113
continued 1,427116 0,000326
continuous 1,049822 0,000240
contract 1,272966 0,000290
contrary 2,659260 0,000607
contribute -0,009950 -0,000002
contribution 2,120264 0,000484
contributions 1,714798 0,000391
contributor 2,407946 0,000550
contributors 2,302585 0,000525
control 0,020203 0,000590
controlled 1,021651 0,000699
controlling 1,427116 0,000326
controlversion 3,912023 0,000893
conventionally 2,995732 0,000684
conversely 2,407946 0,000550
cookie -0,009950 -0,000002
coordination 2,040221 0,000466
copies 2,120264 0,002903
copy 1,203973 0,006869
copying 2,407946 0,001099
core 0,597837 0,000136
corollary 3,506558 0,000800
corresponding 1,171183 0,000267
cortes 3,506558 0,000800
cost 0,478036 0,000327
costs 0,994252 0,001588
couple 2,995732 0,000684
coverage 1,897120 0,000433
coy 3,506558 0,000800
create -0,009950 -0,000009
created 0,430783 0,000098
creates 1,309333 0,000598
creating 0,562119 0,000385
creative -0,009950 -0,000002
critical 0,653926 0,000298
current 0,385662 0,000176
currently 0,755023 0,000345
cvs 3,506558 0,003201
cvsnt 3,506558 0,000800
cycle 1,049822 0,000240
dag 2,813411 0,001284
damage 2,120264 0,001935
darcs 3,506558 0,000800
data 0,030459 0,000118
databases 0,127833 0,000029
date 0,579818 0,000265
dates 0,430783 0,000197
david 0,385662 0,000088
dcvs 3,506558 0,000800
dead 1,386294 0,000316
debugging 1,660731 0,001516
december 0,061875 0,000042
deeper 3,506558 0,000800
default 0,693147 0,000158
deferred 2,813411 0,000642
definitive 2,302585 0,000525
degrees 1,560648 0,000356
delete 1,609438 0,000367
deliberate 2,407946 0,000550
delicate 3,912023 0,000893
delphi 2,407946 0,000550
delta 2,302585 0,003678
deltas 3,506558 0,002401
denys 3,912023 0,000893
depend 1,171183 0,000267
dependent 1,021651 0,000233
depending 0,673345 0,000307
deploy 2,302585 0,000525
deployment 1,078810 0,000985
derived 0,891598 0,000203
describe 0,820981 0,000187
describes 0,820981 0,000562
description -0,009950 -0,000007
descriptionshort 0,000000 0,000000
descriptive 2,120264 0,000484
design 0,127833 0,000146
designed 0,261365 0,000060
determine 0,733969 0,000167
determining 1,272966 0,000290
develop 0,867501 0,000594
developed 0,127833 0,000058
developer 0,820981 0,003185
developers -0,009950 -0,000043
development 0,083382 0,000457
develops 2,407946 0,000550
devops 2,525729 0,001153
didn 2,995732 0,000684
diff 3,218876 0,000735
differences 0,967584 0,000883
different 0,020203 0,000078
difficult 0,597837 0,000409
dimensions 1,897120 0,000433
directed 1,514128 0,001382
direction 1,771957 0,000404
directory 1,714798 0,001565
disambiguation 1,049822 0,000240
discipline 1,427116 0,000651
disciplines 1,660731 0,000379
disclaimers -0,009950 -0,000002
discussed 1,897120 0,000433
discussion 1,139434 0,000780
discussions 1,897120 0,000433
dispersed 3,218876 0,000735
distinguish 1,347074 0,000307
distributed 0,478036 0,001418
distributedfree 3,506558 0,000800
disturbance 3,218876 0,000735
docs 1,309333 0,000598
document 0,673345 0,001844
documentation 0,867501 0,000396
documents 1,078810 0,000985
doi 0,162519 0,000111
doing 1,272966 0,000581
dominant 1,514128 0,000346
donate -0,009950 -0,000005
done 0,653926 0,000597
download -0,009950 -0,000002
drawbacks 2,407946 0,000550
drawing 1,469676 0,000671
drawings 3,506558 0,000800
drcs 3,912023 0,000893
dsee 3,506558 0,000800
due 0,261365 0,000060
duplicated 3,218876 0,000735
dynamic 0,562119 0,000257
earlier 1,139434 0,001040
earliest 1,021651 0,000233
early 0,301105 0,000069
easily 0,843970 0,000578
easy 1,021651 0,000466
eclipse 2,040221 0,000931
edit -0,009950 -0,000170
editcommunity -0,009950 -0,000002
edited -0,009950 -0,000009
editing 1,771957 0,002022
edition 0,579818 0,000132
effect 0,843970 0,000193
effectively 0,994252 0,000227
efficient 0,494296 0,000226
effort 0,967584 0,000442
either 0,248461 0,000284
electronic 0,634878 0,000290
eliminating 2,207275 0,000504
else 1,469676 0,001342
emacs 2,407946 0,000550
embedded 0,867501 0,000198
employed 1,272966 0,000290
empty 1,427116 0,000651
enables 0,693147 0,000316
encyclopedia -0,009950 -0,000002
end 0,261365 0,000179
engine 0,693147 0,000316
engineering 0,198451 0,000317
english -0,009950 -0,000002
enhances 2,813411 0,000642
enterprise 0,510826 0,000117
entire 0,755023 0,000345
environment 0,478036 0,000327
environments 0,941609 0,000215
epic 2,040221 0,000931
equivalent 1,021651 0,000233
eric 1,078810 0,000246
error 0,713350 0,000163
errors 0,733969 0,000167
especially 0,415515 0,000190
established 0,916291 0,000209
etc 0,562119 0,000513
eti 3,912023 0,000893
even 0,235722 0,000269
eventsrandom -0,009950 -0,000002
eventually 0,867501 0,000198
evolution 0,820981 0,000187
exact 1,427116 0,000326
exactly 1,171183 0,000267
examination 1,832581 0,000836
examining 1,832581 0,000418
example 0,030459 0,000056
except 1,171183 0,000267
excerpt 2,040221 0,001397
excerpts 2,525729 0,000576
exchange 0,693147 0,000158
exchanging 2,525729 0,000576
exclusive 2,120264 0,000484
exclusively 1,660731 0,000379
execute 1,514128 0,000346
exist 0,653926 0,000149
existed 1,897120 0,000866
existing 0,673345 0,000615
exists 1,049822 0,000479
experience 1,021651 0,000233
experienced 2,207275 0,000504
experiment 1,469676 0,000335
explained 1,386294 0,000316
explicit 1,171183 0,000267
explicitly 0,916291 0,000209
export -0,009950 -0,000007
exporting 3,912023 0,000893
external 0,030459 0,000021
extremely 1,514128 0,000346
facilities 1,171183 0,000802
familiar 1,714798 0,000391
fast 0,673345 0,000307
favour 2,995732 0,000684
fear 2,207275 0,000504
feature 0,616186 0,000422
features 0,371064 0,000339
february 0,061875 0,000014
ferguson 2,659260 0,000607
fernando 2,525729 0,000576
fetch 2,302585 0,001576
fide 3,912023 0,000893
field 0,527633 0,000361
file 0,616186 0,005484
filepermanent -0,009950 -0,000002
files 0,843970 0,009052
filespecial -0,009950 -0,000002
final 0,916291 0,000209
finally 1,108663 0,000253
find 0,544727 0,000249
first 0,020203 0,000037
fitzpatrick 3,506558 0,001600
fix 1,714798 0,000783
fixed 0,494296 0,000226
fixing 2,659260 0,001821
flow 0,510826 0,000117
focus 0,755023 0,000345
focused 1,078810 0,000246
folder 2,525729 0,000576
follow 1,078810 0,000246
followed 0,733969 0,000502
following 0,210721 0,000096
follows 0,891598 0,000203
forcing 2,207275 0,000504
forgotten 3,912023 0,000893
fork 1,386294 0,000316
forked 2,813411 0,000642
form 0,162519 0,000185
formal 0,673345 0,000154
formalized 2,302585 0,000525
forming 1,966113 0,000897
forms 0,562119 0,000257
forward 1,021651 0,000699
fossil 2,407946 0,000550
foundation -0,009950 -0,000002
fran 0,223144 0,000051
free -0,009950 -0,000005
friendly 1,386294 0,000316
full 0,371064 0,000169
functionality 0,843970 0,000578
functions 0,356675 0,000163
further 0,139262 0,000032
future 0,274437 0,000063
game 0,713350 0,000814
games 1,078810 0,000246
gary 1,714798 0,000391
gated 2,659260 0,000607
general -0,009950 -0,000005
generally 0,287682 0,000394
generate 0,798508 0,000182
generating 1,427116 0,000326
geographically 3,218876 0,000735
git 2,207275 0,006045
gitglossary 3,912023 0,001785
github 1,078810 0,000739
gitlab 3,506558 0,003201
given 0,261365 0,000060
gives 1,171183 0,000802
gnu 1,272966 0,000871
goetz 3,912023 0,001785
going 1,272966 0,000290
good 0,733969 0,000167
google 0,579818 0,000265
government 0,755023 0,000172
granting 2,407946 0,000550
granularity 3,912023 0,000893
graph 0,994252 0,003177
great 0,941609 0,000215
greatly 1,427116 0,000326
green 0,994252 0,000227
gregory 1,714798 0,000391
group 0,301105 0,000137
guide 0,356675 0,000163
haigh 3,912023 0,000893
hand 0,733969 0,000167
happen 1,832581 0,000418
happens 1,966113 0,000449
head 1,021651 0,003031
heads 2,813411 0,000642
heavily 1,203973 0,000275
heinze 3,912023 0,000893
helix 2,995732 0,000684
help 0,248461 0,000227
helpful 2,407946 0,001099
helplearn -0,009950 -0,000002
helps 1,347074 0,000307
hence 1,347074 0,000615
hererelated -0,009950 -0,000002
hide -0,009950 -0,000009
hides 3,506558 0,000800
hierarchy 1,660731 0,000379
highlighted 2,525729 0,000576
historical 1,021651 0,000233
history -0,009950 -0,000032
hosting 1,560648 0,000356
hotel 2,995732 0,000684
hours 1,560648 0,000356
however 0,094311 0,000022
hrvatskiidobahasa 1,203973 0,000275
https -0,009950 -0,000002
hughes 1,966113 0,000449
hyland 3,912023 0,000893
ibm 0,693147 0,000316
ide 1,771957 0,000404
idea 0,820981 0,000187
ideally 1,897120 0,000433
identical 1,514128 0,000691
identification 1,139434 0,000260
identified 0,994252 0,000454
identifies 1,609438 0,000367
identify 0,867501 0,001188
identifying 1,139434 0,000520
identity 1,309333 0,000299
ides 2,040221 0,000466
iebupdte 3,912023 0,000893
ieee 0,634878 0,000435
image 0,544727 0,000249
immediate 1,609438 0,000735
immediately 1,309333 0,000299
impact 0,597837 0,000136
implementation 0,328504 0,000075
implicitly 1,966113 0,000897
implied 2,659260 0,000607
import 1,966113 0,000897
important 0,287682 0,000197
importing 2,659260 0,000607
impossible 1,347074 0,000307
improve 0,274437 0,000188
improvement 1,203973 0,000824
improves 1,832581 0,001255
inc -0,009950 -0,000009
include 0,061875 0,000042
included 0,400478 0,000091
includes 0,274437 0,000125
incompatible 1,560648 0,000356
incorporated 1,609438 0,000367
incorporating 1,832581 0,000418
increased 0,820981 0,000187
increasingly 0,776529 0,000177
incredibly 2,659260 0,000607
incremental 1,897120 0,000433
indeed 1,714798 0,000391
independently 1,347074 0,000615
index -0,009950 -0,000002
indicate 1,272966 0,000581
indicates 1,272966 0,000290
indispensable 3,218876 0,000735
individual 0,415515 0,000190
indivisible 3,506558 0,000800
indonesiaitaliano 1,237874 0,000282
inefficient 2,302585 0,000525
informal 1,469676 0,000335
information 0,072571 0,000066
informationcite -0,009950 -0,000002
inherent 2,302585 0,000525
inherit 3,506558 0,000800
initialize 3,912023 0,001785
initialized 2,813411 0,000642
initially 0,693147 0,000158
initiated 1,897120 0,000866
initiative 1,078810 0,000246
input 0,733969 0,000167
ins 2,659260 0,000607
insert 2,207275 0,000504
install 1,714798 0,000391
installations 2,995732 0,000684
installed 1,272966 0,000290
instance 0,510826 0,000117
instant 1,897120 0,000433
instead 0,301105 0,000481
institute 0,579818 0,000265
instituted 3,218876 0,000735
integrated 0,634878 0,000435
integration 0,673345 0,001537
integrity 1,427116 0,000326
intellij 2,659260 0,000607
interests 1,832581 0,000418
interleaved 3,506558 0,003201
international 0,139262 0,000032
internationalgndnationalunited 1,108663 0,000253
interpreted 1,514128 0,000346
interrupted 2,813411 0,000642
intervention 1,897120 0,000866
interview 1,560648 0,001425
interviewed 2,813411 0,001284
introduce 1,660731 0,000758
introduced 0,371064 0,000169
introduction 0,261365 0,000119
intuitive 2,525729 0,000576
invaluable 3,912023 0,000893
involve 1,309333 0,000299
involves 0,776529 0,000354
irma 3,912023 0,001785
isbn 0,051293 0,000070
issn 0,478036 0,000109
issues 0,527633 0,000120
italics 2,302585 0,000525
item -0,009950 -0,000002
items 1,108663 0,000253
iterations 2,813411 0,000642
itself 0,342490 0,000078
itsen 3,218876 0,000735
jack 1,897120 0,000433
jairo 3,912023 0,000893
january 0,083382 0,000057
java 0,891598 0,000407
jdeveloper 3,506558 0,000800
jeffrey 1,514128 0,000346
jesse 2,813411 0,000642
john 0,210721 0,000048
johnson 1,714798 0,000391
jon 1,514128 0,000346
joseph 0,820981 0,000375
jstor 0,843970 0,000193
july 0,127833 0,000058
jump -0,009950 -0,000002
keep 0,994252 0,000681
keeping 1,427116 0,000651
kept 1,560648 0,000356
know 0,776529 0,000177
knowing 2,207275 0,000504
knowingly 3,912023 0,000893
known 0,127833 0,000175
label 1,714798 0,003913
labeling 2,207275 0,000504
labels 2,120264 0,002419
lacks 2,040221 0,000466
languages -0,009950 -0,000005
large 0,127833 0,000146
largely 1,272966 0,000290
last -0,009950 -0,000005
later 0,223144 0,000153
latest 0,994252 0,001134
laura 2,407946 0,000550
law 0,755023 0,000689
lawrence 1,386294 0,000316
leads 1,237874 0,000282
learn 0,494296 0,000113
learned 1,386294 0,000633
left 0,916291 0,000627
legal -0,009950 -0,000007
less 0,430783 0,000295
letter 1,237874 0,000282
level 0,116534 0,000053
librarian 3,218876 0,001469
license -0,009950 -0,000002
licensing 1,609438 0,000367
life 0,653926 0,000149
like 0,072571 0,000066
limit 0,994252 0,000227
linares 3,912023 0,000893
line 0,356675 0,000570
linear 0,916291 0,000627
lines 1,078810 0,000739
link 0,162519 0,000037
linkpage -0,009950 -0,000002
links -0,009950 -0,000009
linksarticles 1,021651 0,000233
list 0,083382 0,000114
local 0,415515 0,000759
locally 1,609438 0,000735
locating 3,506558 0,000800
location 0,994252 0,000454
lock 1,832581 0,000836
locked 2,525729 0,001153
locking 2,659260 0,007282
locks 2,407946 0,000550
loeliger 3,912023 0,000893
log -0,009950 -0,000005
logic 0,755023 0,000172
long 0,287682 0,000131
longer 0,755023 0,000689
loosely 1,897120 0,000433
loss 0,967584 0,000221
lot 1,469676 0,000335
luis 2,659260 0,000607
lux 0,371064 0,000085
machine 0,083382 0,000019
made 0,186330 0,000553
magyar 1,049822 0,000240
main -0,009950 -0,000045
mainline 3,218876 0,004407
mainlines 3,912023 0,000893
mainly 1,021651 0,000233
maintain 0,941609 0,000215
maintained 1,078810 0,000739
maintainer 2,407946 0,001099
maintainers 2,659260 0,001214
maintenance 0,843970 0,000578
make 0,235722 0,000215
making 0,328504 0,000600
man 1,139434 0,000260
management 0,139262 0,000477
manager 0,994252 0,000227
manages 1,714798 0,000391
managing 1,021651 0,000699
manipulation 0,994252 0,000227
manual 1,237874 0,001695
manually 1,714798 0,000391
many 0,061875 0,000141
marc 1,771957 0,000404
march 0,116534 0,000080
mario 2,659260 0,000607
mark 0,462035 0,000105
martin 0,891598 0,000407
master 1,203973 0,000824
material 0,867501 0,000198
matters 1,771957 0,000809
matthew 1,771957 0,000404
mccullough 3,506558 0,000800
mean 0,755023 0,000345
meaning 0,544727 0,000249
meaningful 1,966113 0,000449
means 0,198451 0,000181
mechanism 0,733969 0,000167
media 0,139262 0,000095
medicine 1,427116 0,000326
members 0,755023 0,000345
memory 0,579818 0,000132
menu -0,009950 -0,000005
mercurial 3,218876 0,003673
merge 1,897120 0,012122
merged 2,040221 0,003259
merges 3,506558 0,005602
merging 2,995732 0,006836
merits 3,506558 0,000800
message 0,478036 0,000436
messages 1,078810 0,001231
meta 1,386294 0,000316
metadata 1,347074 0,001230
method 0,210721 0,000192
milestones 2,525729 0,000576
minimizing 1,966113 0,000449
minnesota 2,525729 0,001153
mirrors 2,995732 0,000684
mistake 2,525729 0,000576
mistakes 2,040221 0,000466
mitigation 2,302585 0,002102
mobile -0,009950 -0,000002
model 0,162519 0,000074
models 0,527633 0,000602
modification 1,560648 0,001425
modifications 2,302585 0,000525
modified 1,203973 0,000824
moment 1,609438 0,000367
monorepo 3,506558 0,000800
monotone 2,813411 0,000642
moreover 1,560648 0,000356
move -0,009950 -0,000011
multi 0,342490 0,000078
multiple 0,116534 0,000426
name 0,342490 0,000234
names 0,673345 0,000154
namespace 1,832581 0,000418
navigation -0,009950 -0,000002
near 1,171183 0,000267
necessary 0,616186 0,000422
need 0,248461 0,000510
needed 0,210721 0,000240
needing 0,597837 0,000273
needs 0,415515 0,000095
netbeans 2,525729 0,000576
network 0,210721 0,000048
new 0,010050 0,000028
newer 1,309333 0,000598
newly 1,560648 0,000356
news 0,446287 0,000102
newspapers 1,427116 0,000326
next 0,400478 0,000091
node 1,203973 0,000550
nodes 1,108663 0,000253
non -0,009950 -0,000007
note 0,776529 0,001063
notes 0,415515 0,000190
notify 2,995732 0,000684
notion 1,237874 0,000282
noun 2,813411 0,002568
november 0,150823 0,000103
number 0,051293 0,000059
oaawatch 3,912023 0,000893
objects 0,544727 0,000249
obtain 1,347074 0,000922
obtaining 2,120264 0,000484
obvious 2,120264 0,000484
occur 0,916291 0,000418
occurs 1,427116 0,000977
october 0,139262 0,000032
off 0,776529 0,000354
offer 0,820981 0,000187
official 0,733969 0,000167
often 0,127833 0,000263
old 0,994252 0,000227
older 1,237874 0,000565
oldest 2,120264 0,000968
oldid -0,009950 -0,000002
one 0,010050 0,000064
onlyfree 3,506558 0,000800
open 0,235722 0,000215
operate 1,049822 0,000240
operation 0,713350 0,000977
operational 1,171183 0,000267
operations 0,301105 0,000275
opportunity 1,832581 0,000418
opposed 1,347074 0,000307
optional 1,386294 0,000316
options 1,108663 0,000253
oracle 1,108663 0,000253
order 0,094311 0,000043
ordered 1,386294 0,000316
ordinary 1,272966 0,000290
org -0,009950 -0,000002
organization -0,009950 -0,000007
organizing 1,771957 0,000404
original 0,030459 0,000181
oss 2,995732 0,000684
others 0,314711 0,000287
out 0,261365 0,000716
outs 3,506558 0,000800
outside 0,798508 0,000182
over 0,094311 0,000065
overall 0,967584 0,000221
overlap 1,832581 0,000836
overview 0,616186 0,000281
overwrite 3,218876 0,000735
overwriting 2,995732 0,000684
ownership 1,469676 0,000335
package 1,078810 0,000246
packaged 2,813411 0,001284
packages 1,309333 0,000299
packaging 1,771957 0,000809
page -0,009950 -0,000005
pagecontentscurrent -0,009950 -0,000002
pageget -0,009950 -0,000002
pages -0,009950 -0,000002
panvalet 3,506558 0,001600
parallel 1,021651 0,000233
parent 1,966113 0,001795
parents 2,995732 0,001367
part 0,127833 0,000058
particular 0,301105 0,000206
particulars 3,912023 0,000893
parties 1,021651 0,000233
past 1,049822 0,000479
patch 2,120264 0,001452
patches 1,966113 0,001346
path 0,994252 0,000454
patterns 0,776529 0,000177
pdf 0,139262 0,000064
pdfprintable -0,009950 -0,000002
peer 1,966113 0,002243
peers 2,659260 0,000607
people 0,356675 0,000244
per 0,616186 0,000141
perforce 3,218876 0,002938
permission 1,897120 0,000433
permissions 2,659260 0,000607
person 1,021651 0,000233
personal -0,009950 -0,000002
phillips 2,995732 0,000684
php -0,009950 -0,000002
picarelli 3,912023 0,000893
pick 2,040221 0,000466
pilato 3,912023 0,001785
piscipo 3,912023 0,000893
piscopo 3,912023 0,000893
place 0,597837 0,000273
planned 1,714798 0,000391
plastic 2,995732 0,000684
please 0,776529 0,000177
pls 2,995732 0,000684
plugin 2,302585 0,000525
plugins 2,302585 0,000525
plus 1,203973 0,000275
point 0,301105 0,000344
pointing 2,995732 0,000684
policy -0,009950 -0,000005
portalrecent -0,009950 -0,000002
poshyvanyk 3,912023 0,000893
possible 0,287682 0,000263
power 0,400478 0,000091
powerful 1,108663 0,000253
practical 0,634878 0,000145
practice 0,371064 0,000423
practices 1,139434 0,002860
precursor 2,040221 0,000466
predecessor 2,813411 0,001284
preferred 1,560648 0,000356
presence 1,139434 0,001040
present 0,597837 0,000136
preserve 2,525729 0,000576
preserving 2,525729 0,000576
pressure 1,714798 0,000391
prevented 2,525729 0,000576
preventing 2,040221 0,000466
previous 0,843970 0,000770
priceless 3,912023 0,000893
primarily 0,653926 0,000149
primary 0,527633 0,000120
principle 1,078810 0,000492
print -0,009950 -0,000005
prior 0,891598 0,000814
privacy -0,009950 -0,000005
pro 1,347074 0,000615
problem 0,385662 0,000528
problems 0,430783 0,000590
procedures 1,660731 0,000758
proceed 2,525729 0,000576
process 0,116534 0,000319
processdistributed 3,912023 0,000893
processes 0,634878 0,000290
processors 1,427116 0,000326
product 0,579818 0,000132
production 0,798508 0,000547
profit -0,009950 -0,000002
program 0,328504 0,000300
project 0,314711 0,000359
projects -0,009950 -0,000016
promote 1,609438 0,000735
prompting 3,218876 0,000735
properties 0,693147 0,000158
proprietary 1,171183 0,000802
protection 0,994252 0,000454
prototypes 2,659260 0,000607
provide 0,174353 0,000119
provided 0,494296 0,000113
provides 0,261365 0,000060
providing 0,673345 0,000154
published 0,328504 0,000150
publishing 0,446287 0,000102
pull 2,120264 0,011613
pulling 2,995732 0,001367
purpose 0,356675 0,000163
purposes 0,798508 0,000364
pursue 2,407946 0,000550
push 1,609438 0,001469
pushing 2,659260 0,001214
pvcs 3,506558 0,000800
quickly 0,891598 0,000203
qvcs 3,506558 0,001600
radical 2,525729 0,000576
rarely 1,514128 0,000346
rather 0,287682 0,000131
rcs 3,218876 0,002938
reached 1,309333 0,000598
read 0,843970 0,000385
readeditview 0,287682 0,000131
reality 1,272966 0,000290
realizing 2,659260 0,000607
reasonably 2,995732 0,000684
rebase 3,506558 0,000800
receiving 1,714798 0,000391
recent 0,693147 0,000158
reconcile 2,813411 0,000642
record 0,916291 0,001046
records 0,994252 0,000227
recovery 1,714798 0,000391
red 1,237874 0,000282
redirects 1,078810 0,000492
redline 3,912023 0,000893
refer 0,867501 0,000792
reference 0,478036 0,000327
references 0,020203 0,000018
referencesall 2,813411 0,000642
referred 0,446287 0,000102
refers 0,755023 0,000345
reflected 1,609438 0,000367
registered -0,009950 -0,000002
regression 1,832581 0,000418
reilly 1,078810 0,001231
rejected 1,966113 0,000449
relations 1,386294 0,000316
relationship 0,891598 0,000407
release 0,579818 0,000529
releases 1,347074 0,000307
releasing 2,207275 0,000504
reliable 0,616186 0,000141
remedy 3,218876 0,000735
remote 0,843970 0,000193
remove 0,527633 0,000120
removed 0,693147 0,000158
renamed 1,832581 0,000836
replace 1,203973 0,000550
repositories 2,120264 0,001452
repository 1,078810 0,011571
represent 0,733969 0,000167
represents 0,891598 0,000203
reqtest 3,912023 0,000893
request 1,203973 0,003572
requests 1,237874 0,001412
require 0,462035 0,000211
required 0,274437 0,000188
requires 0,430783 0,000295
research 0,261365 0,000060
reserved 2,120264 0,000484
resolve 1,966113 0,001795
resolved 2,302585 0,000525
restored 2,995732 0,000684
result 0,371064 0,000254
resulting 0,798508 0,000729
results 0,446287 0,000102
retain 2,525729 0,000576
retains 2,813411 0,000642
retrieve 1,771957 0,000404
retrieved -0,009950 -0,000075
returning 2,040221 0,000466
reverse 1,427116 0,000651
revert 2,995732 0,001367
reverting 3,506558 0,002401
review 0,385662 0,000440
reviewed 1,714798 0,000391
reviewer 3,218876 0,000735
reviews 1,560648 0,000356
revision 1,347074 0,023056
revisions 2,407946 0,008243
rewinding 3,912023 0,000893
rewriting 2,040221 0,000466
rise 0,967584 0,000221
rochkind 3,912023 0,000893
roll 2,207275 0,000504
rom 0,616186 0,000141
root 0,994252 0,000908
rooted 2,407946 0,001099
rules 0,616186 0,000141
run 0,446287 0,000204
safety -0,009950 -0,000002
said 0,755023 0,000172
sample 1,469676 0,000335
sandbox 2,302585 0,000525
save 1,771957 0,000404
saving 2,040221 0,000931
scam 2,207275 0,000504
sccs 3,506558 0,002401
scenarios 1,514128 0,000346
scholar 1,309333 0,000299
sclm 3,506558 0,000800
scm 2,659260 0,003641
scope 0,941609 0,000215
scott 0,891598 0,000407
search -0,009950 -0,000014
sebastopol 2,207275 0,000504
second 0,342490 0,000156
secondary 1,386294 0,000633
section 0,562119 0,000513
sections 1,714798 0,000391
see -0,009950 -0,000034
selecting 2,302585 0,000525
selective 2,302585 0,000525
self 0,478036 0,000109
semi 0,843970 0,000193
sense 1,078810 0,000246
separate 0,693147 0,000949
separately 1,660731 0,000379
september 0,150823 0,000172
sequence 0,994252 0,000227
sequential 1,897120 0,000433
server 0,653926 0,001045
serverfree 3,506558 0,000800
services 0,400478 0,000183
set 0,083382 0,000304
sets 0,776529 0,000532
several 0,094311 0,000043
share 0,616186 0,000422
sharealike -0,009950 -0,000002
shared 0,755023 0,000517
sharone 3,912023 0,000893
short -0,009950 -0,000005
shortened -0,009950 -0,000002
shqipsuomisvenska 3,912023 0,000893
sidebar -0,009950 -0,000009
significance 1,771957 0,000404
significant 0,328504 0,000075
sijbrandij 3,912023 0,000893
similar 0,186330 0,000128
similarly 0,843970 0,000193
simple 0,150823 0,000241
simplest 2,040221 0,001397
simplicity 1,966113 0,000449
simplifies 2,120264 0,002903
simplify 1,514128 0,000346
simply 0,733969 0,000335
simultaneous 1,609438 0,000367
simultaneously 1,309333 0,000299
since 0,139262 0,000159
single 0,127833 0,000438
sink 2,995732 0,000684
site -0,009950 -0,000002
situations 1,237874 0,000282
small 0,314711 0,000072
smart 1,078810 0,000246
sms 2,995732 0,000684
snapshot 2,813411 0,002568
snapshots 2,813411 0,000642
snippet 3,218876 0,000735
social 0,527633 0,000120
software 0,127833 0,001225
softwareyears 3,506558 0,000800
solution 0,776529 0,000177
solutions 0,820981 0,000187
solve 1,203973 0,000550
someone 1,832581 0,001255
sometimes 0,301105 0,000344
sophisticated 1,237874 0,000565
sophistication 3,506558 0,000800
source 0,186330 0,001318
sources 0,446287 0,000204
sourcesafe 3,506558 0,000800
spe 3,218876 0,000735
speaks 2,659260 0,000607
special 0,494296 0,000113
specialized 0,843970 0,000578
specific 0,094311 0,000129
specify 1,272966 0,000290
speeds 1,897120 0,000433
split 1,469676 0,000335
spreadsheets 2,659260 0,000607
squash 3,506558 0,000800
stable 0,867501 0,000198
stack 0,867501 0,000198
stages 2,207275 0,000504
staging 3,218876 0,000735
stands 2,525729 0,000576
start 0,843970 0,000385
starteam 3,506558 0,000800
started 0,634878 0,000145
starting 0,755023 0,000172
state 0,235722 0,000161
statement -0,009950 -0,000002
statements 0,314711 0,000215
statementsarticles 0,544727 0,000124
states 0,385662 0,000088
statesisraelotheryale 3,218876 0,000735
statistics -0,009950 -0,000002
step 0,967584 0,000442
steps 1,309333 0,000299
still 0,342490 0,000078
storage 0,430783 0,000098
store 0,733969 0,000167
stored 0,733969 0,000670
stores 1,272966 0,000290
storing 1,171183 0,000267
strategies 1,078810 0,000739
strategy 0,891598 0,000203
straub 3,506558 0,001600
stream 1,139434 0,002340
streams 1,714798 0,000391
structure 0,314711 0,000718
structured 0,653926 0,000149
studio 1,660731 0,000379
studios 3,218876 0,000735
submit 2,407946 0,000550
submitted 1,714798 0,000391
subscribers 3,218876 0,000735
subsection 0,020203 0,000028
subsequent 1,469676 0,000335
subversion 2,813411 0,002568
succeeds 3,218876 0,000735
successive 2,302585 0,001051
successor 2,040221 0,000466
suite 1,386294 0,000316
sullivan 2,525729 0,000576
summarization 2,995732 0,000684
supplanting 3,506558 0,000800
support 0,198451 0,000045
supported 0,634878 0,000145
sure 2,040221 0,000466
surround 2,995732 0,000684
sussman 3,506558 0,001600
svk 3,912023 0,000893
svn 3,506558 0,000800
svnbook 3,912023 0,000893
sync 3,218876 0,001469
synchronization 2,040221 0,001397
synchronize 2,813411 0,000642
synchronized 2,995732 0,000684
syncs 3,912023 0,000893
synergy 3,218876 0,000735
synonym 2,525729 0,000576
synonymous 2,995732 0,000684
synonyms 2,995732 0,000684
system 0,030459 0,000209
systems 0,061875 0,000409
systemshidden 2,207275 0,000504
systemstechnical 3,912023 0,000893
sytse 3,912023 0,000893
table -0,009950 -0,000007
tag 1,714798 0,004305
tagged 2,207275 0,000504
tags 1,897120 0,001732
take 0,527633 0,000361
task 0,776529 0,000177
team 0,776529 0,001240
teams 1,469676 0,001006
teamware 3,506558 0,000800
tech 0,967584 0,000221
technical 0,478036 0,000109
techniques 0,544727 0,000249
techrepublic 2,302585 0,000525
tell 1,966113 0,000449
template 0,328504 0,000075
tempted 3,506558 0,000800
term 0,223144 0,000204
terminology 1,309333 0,001195
terms -0,009950 -0,000020
test 0,673345 0,000461
tested 1,897120 0,000866
testing 0,616186 0,000422
text -0,009950 -0,000016
tfvc 3,506558 0,001600
theory 0,400478 0,000274
therefore 0,478036 0,000218
theserverside 3,506558 0,000800
things 0,843970 0,000193
think 1,309333 0,000598
thomas 0,527633 0,000120
though 0,544727 0,000497
thought 1,139434 0,000780
thread 1,897120 0,000433
thus 0,328504 0,000300
tichy 3,912023 0,000893
tidbits 3,218876 0,000735
time 0,010050 0,000039
times 0,314711 0,000072
timestamp 2,525729 0,001729
tinadanskdeutscheestiespa 2,659260 0,000607
tip 2,995732 0,003418
tips 2,813411 0,000642
title -0,009950 -0,000002
toes 3,912023 0,000893
together 0,579818 0,000397
toggle -0,009950 -0,000018
tool 0,653926 0,001492
tools -0,009950 -0,000036
top -0,009950 -0,000002
topic -0,009950 -0,000002
topologically 3,506558 0,000800
tour 2,407946 0,000550
track 1,049822 0,000958
tracked 2,525729 0,000576
tracking 1,237874 0,001130
tracks 1,897120 0,000433
trademark -0,009950 -0,000002
traditional 0,544727 0,000249
transactions 0,713350 0,000163
treated 1,514128 0,000346
tree 0,843970 0,003082
tries 1,832581 0,000418
trunk 3,218876 0,015426
try 1,427116 0,000651
tse 2,995732 0,000684
turn 1,108663 0,000253
twentieth 2,525729 0,000576
two 0,083382 0,000247
type 0,150823 0,000069
types 0,198451 0,000091
typically 0,223144 0,000255
unable 2,302585 0,000525
uncover 3,506558 0,000800
under -0,009950 -0,000009
underlying 0,755023 0,000172
understand 1,139434 0,000260
understandingmercurial 3,912023 0,000893
understood 1,469676 0,000335
undo 3,506558 0,000800
undoing 3,506558 0,001600
unified 1,560648 0,000356
unique 0,916291 0,000418
unit 0,798508 0,000182
united 0,527633 0,000120
university 0,186330 0,000085
unix 1,469676 0,000335
unless 1,237874 0,000282
unlocked 2,995732 0,000684
unlocking 2,525729 0,001153
unreal 3,218876 0,001469
unsourced 0,446287 0,000509
untested 3,912023 0,000893
until 0,510826 0,000233
update 0,527633 0,000963
updated 0,867501 0,000594
updates 1,203973 0,000275
upon 0,673345 0,000154
urldownload -0,009950 -0,000002
usage 0,597837 0,000136
use -0,009950 -0,000011
used -0,009950 -0,000032
useful 0,634878 0,000145
user 0,328504 0,000900
users 0,478036 0,000436
uses 0,094311 0,000108
using -0,009950 -0,000030
usr 3,506558 0,000800
usually 0,223144 0,000153
utc -0,009950 -0,000002
varies 1,427116 0,000326
various 0,223144 0,000204
vary 1,049822 0,000719
varying 1,309333 0,000299
vasquez 3,912023 0,000893
vault 2,525729 0,000576
verb 2,995732 0,001367
verification 0,733969 0,000167
verify 1,660731 0,000379
version -0,009950 -0,000234
versioning 2,525729 0,002882
versions 0,579818 0,003043
via 0,186330 0,000298
view -0,009950 -0,000007
viewing 2,302585 0,000525
visible 1,309333 0,000299
visual 0,843970 0,000578
visualized 2,995732 0,000684
vitally 3,912023 0,000893
vteversion 3,506558 0,000800
wallen 3,912023 0,000893
walter 1,609438 0,000367
want 1,272966 0,000290
washington 1,049822 0,000479
way 0,198451 0,000181
wayback 0,478036 0,000218
ways 0,446287 0,000306
web 0,342490 0,000078
webarchive 1,021651 0,000233
what -0,009950 -0,000030
wheeler 2,813411 0,000642
whether 0,400478 0,000183
which 0,000000 0,000000
while 0,051293 0,000059
whiteprint 3,912023 0,000893
who 0,301105 0,000137
whole 0,916291 0,000418
widely 0,342490 0,000078
widespread 0,994252 0,000227
wikidataarticles 1,171183 0,000267
wikimedia -0,009950 -0,000005
wikipedia -0,009950 -0,000016
wikipediacontact -0,009950 -0,000002
wingerd 3,912023 0,000893
within 0,116534 0,000080
without 0,094311 0,000151
word 0,693147 0,000158
work 0,127833 0,000117
worked 1,609438 0,000367
workflow 2,207275 0,001007
working 0,478036 0,003273
works 0,693147 0,000475
workspace 2,525729 0,000576
write 0,941609 0,000860
writing 0,891598 0,000203
written 0,287682 0,000066
xcode 3,218876 0,000735
yellow 2,407946 0,000550
yost 3,506558 0,000800
zbekcha 0,462035 0,000105
zitzman 3,912023 0,000893
