abi 3,218876 0,002615
abstract 1,108663 0,000300
abstraction 1,514128 0,000820
accept 1,427116 0,000386
access 0,287682 0,000779
accessible 1,021651 0,000277
account -0,009950 -0,000005
acm 0,776529 0,000841
acquired 1,660731 0,000450
acquires 2,659260 0,000720
acronym 2,207275 0,000598
across 0,415515 0,000113
act 0,967584 0,000262
actions -0,009950 -0,000005
activates 2,995732 0,000811
actual 0,941609 0,000255
add -0,009950 -0,000003
added 0,415515 0,000113
adding 0,597837 0,000162
addison 1,203973 0,000326
additional -0,009950 -0,000005
adexchanger 3,912023 0,001059
adoption 0,820981 0,000222
advanced 0,430783 0,000117
advances 1,078810 0,000292
advantage 0,941609 0,000510
afips 3,506558 0,002849
again 1,078810 0,000292
against 0,462035 0,000250
agents 1,309333 0,000355
agree -0,009950 -0,000003
agreed 1,427116 0,000386
agreement 1,171183 0,000634
aim 1,347074 0,000365
aiming 2,302585 0,000623
aisgaeilgegalego 1,427116 0,000386
akamai 3,912023 0,003178
alison 3,218876 0,000872
allow 0,287682 0,000779
allowed 0,634878 0,000344
allowing 0,462035 0,000125
allows 0,248461 0,000336
almost 0,798508 0,000432
alone 1,309333 0,000355
along 0,462035 0,000125
alsup 3,506558 0,001899
although 0,287682 0,000156
always 0,597837 0,000162
ambiguous 1,560648 0,000845
america 0,994252 0,001077
amir 2,525729 0,001368
amit 2,407946 0,000652
among 0,356675 0,000097
amp -0,009950 -0,000016
analogous 1,609438 0,000436
analysis 0,186330 0,000101
analyzing 1,347074 0,000365
andrea 1,966113 0,000532
android 1,272966 0,001034
ann 1,966113 0,000532
annotation 1,966113 0,000532
annotations 2,659260 0,001440
annual 0,776529 0,000210
another 0,127833 0,000138
ansi 2,207275 0,000598
any 0,083382 0,000045
anyone 1,386294 0,000375
anyway 2,813411 0,001524
api 0,916291 0,039202
apihelp 3,912023 0,001059
apis 1,237874 0,020447
app 1,386294 0,000375
appeal 2,207275 0,002391
appealed 3,506558 0,000950
appeals 2,659260 0,001440
appear 1,049822 0,000284
appearance -0,009950 -0,000008
apple 1,347074 0,000730
application 0,127833 0,000900
applications 0,094311 0,000281
apply -0,009950 -0,000003
approach 0,261365 0,000212
approaches 0,733969 0,000596
approved 1,897120 0,000514
apps 1,272966 0,001379
april 0,072571 0,000079
arbor 3,218876 0,000872
architectural 1,609438 0,001307
architecture 0,462035 0,000626
architectures 1,139434 0,001234
archived 0,040822 0,000077
area 0,776529 0,000210
argues 2,120264 0,000574
around 0,356675 0,000193
ars 1,309333 0,000709
article 0,040822 0,000022
articleabout -0,009950 -0,000003
articles 0,020203 0,000011
articletalk -0,009950 -0,000003
artima 2,995732 0,000811
arxiv 1,078810 0,000584
ashton 2,995732 0,001622
asks 2,040221 0,000552
aspi 3,912023 0,001059
assets 1,347074 0,000365
associates 2,120264 0,000574
association 0,634878 0,000516
asturianuaz 1,427116 0,000386
attacking 3,218876 0,000872
attacks 1,237874 0,000335
attempts 0,916291 0,000248
attribute 1,386294 0,000375
attribution -0,009950 -0,000003
audio 0,891598 0,000241
augmented 1,560648 0,000423
august 0,162519 0,000352
authority 0,083382 0,000023
authors 1,021651 0,000277
automatically 0,653926 0,000177
available -0,009950 -0,000011
aware 1,514128 0,000410
away 1,139434 0,000617
back 0,527633 0,000143
backward 1,897120 0,001027
bahasa 0,186330 0,000050
balancing 1,832581 0,000496
bar 1,609438 0,000436
barney 3,912023 0,002119
base 0,755023 0,000409
baseball 3,506558 0,000950
based 0,010050 0,000027
basic 0,235722 0,000064
bats 3,506558 0,000950
baudry 3,912023 0,001059
beat 2,659260 0,000720
beats 2,659260 0,000720
became 0,579818 0,000471
because 0,127833 0,000208
become 0,510826 0,000415
becomes 0,916291 0,000496
began 0,634878 0,000172
beginning 0,776529 0,000210
behavior 0,462035 0,000375
behaviors 2,040221 0,001105
ben 1,309333 0,000355
benoit 2,659260 0,000720
benslimane 3,912023 0,001059
berkeley 1,514128 0,000410
berners 2,525729 0,000684
best 0,462035 0,000125
beta 1,386294 0,000375
beyond 0,713350 0,000193
bibcode 0,693147 0,000188
biehl 3,912023 0,001059
bierhoff 3,912023 0,001059
bill 0,941609 0,000765
billion 1,139434 0,000926
binary 0,916291 0,000744
binding 1,966113 0,000532
bindings 2,120264 0,001148
bloch 3,218876 0,001743
block 0,798508 0,000432
blocks 1,272966 0,000345
blogs 1,897120 0,000514
bloomberg 1,469676 0,000398
boarischbosanskicatal 3,912023 0,001059
bokm 0,127833 0,000035
book 0,478036 0,000129
boostcompanies 3,912023 0,001059
boot 2,040221 0,000552
boundary 2,407946 0,000652
boyd 2,813411 0,000762
brail 3,912023 0,001059
brazilian 2,659260 0,000720
break 1,272966 0,000345
brenda 3,912023 0,002119
bricks 3,506558 0,001899
brief 1,309333 0,000355
british 1,203973 0,000326
broad 1,203973 0,000326
broader 1,309333 0,000355
broker 2,207275 0,000598
bruch 3,506558 0,000950
bruno 2,525729 0,000684
bucher 3,912023 0,001059
bugs 1,469676 0,000398
build 0,673345 0,000182
building 0,415515 0,000450
built 0,462035 0,000250
bureau 1,660731 0,000450
bus 2,207275 0,000598
business 0,301105 0,000326
businessweek 2,207275 0,000598
bytecode 1,966113 0,000532
cabinet 3,218876 0,001743
california 1,021651 0,000277
call 0,733969 0,001192
called 0,040822 0,000088
caller 2,995732 0,000811
calling 1,514128 0,000820
calls 1,049822 0,001421
candidate 2,040221 0,000552
cannot 0,314711 0,000170
capabilities 0,891598 0,000241
car 1,386294 0,000751
carbon 1,609438 0,000436
carefully 1,897120 0,000514
carl 1,771957 0,000960
carry 1,469676 0,001194
case 0,139262 0,000302
catalog 2,525729 0,001368
categories -0,009950 -0,000005
category 0,116534 0,000032
celes 3,912023 0,001059
certain 0,274437 0,000149
challenge 1,139434 0,000309
change 0,261365 0,000283
changes 0,356675 0,000290
changesupload -0,009950 -0,000005
chris 0,994252 0,000269
cid 0,356675 0,000579
cir 3,912023 0,001059
circuit 1,203973 0,000652
citeseerx 1,347074 0,001094
claim 1,347074 0,000365
clarity 2,302585 0,000623
clarke 2,407946 0,000652
class 0,616186 0,000167
classes 0,967584 0,000786
cli 2,040221 0,000552
client 0,867501 0,000470
clients 1,139434 0,000309
cloudflare 2,659260 0,002160
cmu 2,659260 0,000720
cnet 1,609438 0,000436
cocoa 2,407946 0,001304
codd 2,659260 0,002160
code -0,009950 -0,000027
coined 1,514128 0,000410
com 0,150823 0,000204
combination 0,916291 0,000248
combined 0,798508 0,000216
combining 1,560648 0,000423
commands 1,714798 0,001393
commerce 1,021651 0,000277
commercial 0,653926 0,000177
commitment 1,832581 0,000496
common 0,072571 0,000118
commons -0,009950 -0,000003
commonsmediawikiwikidata 3,218876 0,000872
communicate 1,386294 0,000375
communication 0,616186 0,000834
communicationhidden 3,912023 0,001059
communications 0,733969 0,000199
communities 1,660731 0,000899
companies 0,597837 0,000486
company 0,462035 0,000500
compared 0,634878 0,000516
comparison 0,446287 0,000604
compatibility 1,108663 0,000600
compatible 1,049822 0,000569
competed 3,218876 0,000872
compile 1,609438 0,000436
compiled 1,386294 0,000375
compiler 1,078810 0,000292
complex 0,261365 0,000071
complexities 2,525729 0,000684
compliance 1,514128 0,000410
components 0,415515 0,000113
composing 2,813411 0,000762
comprehensive 0,941609 0,000255
computational 0,755023 0,000204
computer 0,139262 0,000867
computers 0,562119 0,001065
computerworld 1,609438 0,001307
computing 0,301105 0,000571
concept 0,415515 0,000225
concepts 0,400478 0,000108
conditions 0,843970 0,000229
conduct -0,009950 -0,000003
conference 0,301105 0,000571
confidence 1,832581 0,000496
conformant 3,218876 0,001743
connect 1,427116 0,000386
connection 1,203973 0,000978
connectivity 1,832581 0,000496
connects 2,120264 0,001722
consider 1,078810 0,000292
considered 0,400478 0,000325
considers 1,897120 0,000514
consist 1,560648 0,000423
consistent 1,108663 0,000901
consisting 1,469676 0,000398
constituted 2,813411 0,000762
constitutes 2,302585 0,000623
consumers 1,272966 0,000345
contact -0,009950 -0,000003
contacts -0,009950 -0,000003
contain 0,693147 0,000188
contained 1,309333 0,000355
contains 0,634878 0,000172
contemporary 1,347074 0,000365
content -0,009950 -0,000019
contents -0,009950 -0,000008
context 0,494296 0,000268
continuing 2,040221 0,000552
contract 1,272966 0,000689
contracts 1,609438 0,000872
contrast 0,994252 0,000269
contrasted 2,995732 0,000811
contribute -0,009950 -0,000003
control 0,020203 0,000049
controls 1,078810 0,000292
convention 2,040221 0,000552
cookie -0,009950 -0,000003
cooking 3,912023 0,001059
cooperative 1,609438 0,000436
copyright 2,040221 0,002210
copyrightability 3,218876 0,000872
copyrighted 2,813411 0,001524
copyrighting 3,912023 0,001059
copyrights 2,995732 0,000811
corba 3,506558 0,002849
core 0,597837 0,000324
corporation 0,916291 0,000248
corresponding 1,171183 0,000634
cory 2,525729 0,000684
cotton 2,659260 0,000720
court 1,469676 0,003582
cover 1,203973 0,000326
covered 1,560648 0,000423
covid 1,966113 0,000532
cpus 2,120264 0,000574
create -0,009950 -0,000005
created 0,430783 0,000117
creating 0,562119 0,000152
creation 0,693147 0,000188
creative -0,009950 -0,000003
credential 3,912023 0,001059
cristoph 3,912023 0,001059
criteria 1,609438 0,000436
cross 0,562119 0,000457
crucial 1,386294 0,000375
culture 1,514128 0,000820
curating 3,912023 0,001059
current 0,385662 0,000209
custom 1,171183 0,000951
customer 1,139434 0,000309
customers 1,078810 0,000292
cybercriminals 3,218876 0,001743
dan 0,967584 0,000262
daniel 0,776529 0,000210
dashboard 2,813411 0,000762
data 0,030459 0,000115
database 0,579818 0,000942
databases 0,127833 0,000104
dataisraelotheryale 2,813411 0,000762
date 0,579818 0,000471
david 0,385662 0,000313
dawn 2,813411 0,000762
dcom 3,912023 0,001059
ddos 2,995732 0,000811
dealing 1,714798 0,000464
dean 2,525729 0,000684
debate 1,560648 0,000423
december 0,061875 0,000084
decided 1,469676 0,000398
decision 0,494296 0,000134
decker 3,506558 0,000950
declare 2,659260 0,000720
decomposing 3,506558 0,000950
dedrick 3,912023 0,001059
defined 0,248461 0,000269
defines 0,776529 0,000210
definition 0,342490 0,000093
definitions 0,891598 0,000241
defragmentation 2,813411 0,000762
dekel 3,912023 0,001059
delayed 2,207275 0,000598
department 0,941609 0,000255
depend 1,171183 0,000317
depended 3,506558 0,000950
depending 0,673345 0,000182
deprecate 2,813411 0,000762
deprecated 1,714798 0,000464
describe 0,820981 0,000222
described 0,430783 0,000233
describes 0,820981 0,000889
describing 1,203973 0,000326
description -0,009950 -0,000011
descriptionshort 0,000000 0,000000
design 0,127833 0,000450
designed 0,261365 0,000071
designers 1,897120 0,000514
designing 1,309333 0,000709
detailed 1,272966 0,000345
details 0,916291 0,001241
detect 1,386294 0,000375
determined 1,347074 0,000365
developer 0,820981 0,000667
developers -0,009950 -0,000043
developing 0,673345 0,000182
development 0,083382 0,000090
device 0,891598 0,000966
devote 3,218876 0,000872
diagram 1,832581 0,000496
dictionary 0,673345 0,000182
diego 2,813411 0,000762
different 0,020203 0,000049
differs 1,560648 0,000845
digital 0,400478 0,000108
direct 0,597837 0,000162
directives 2,302585 0,001870
directly 0,415515 0,000225
directmedia 3,506558 0,000950
directx 3,912023 0,001059
disambiguation 1,049822 0,000284
disastrous 3,506558 0,000950
disclaimers -0,009950 -0,000003
discovered 1,514128 0,000410
discussions 1,897120 0,000514
disk 1,469676 0,000398
display 1,171183 0,000634
dispute 2,040221 0,001105
dissertation 2,525729 0,000684
distributed 0,478036 0,000388
distribution 0,634878 0,000172
diverse 1,771957 0,000480
diversity 2,302585 0,000623
djamal 3,506558 0,000950
dobb 2,813411 0,000762
document 0,673345 0,000547
documentation 0,867501 0,005873
documented 1,832581 0,000496
documents 1,078810 0,000292
doi 0,162519 0,000572
dollar 2,120264 0,000574
dom 1,560648 0,000423
donald 1,347074 0,000365
donate -0,009950 -0,000005
dos 1,714798 0,000929
dotsika 3,912023 0,001059
douglas 1,237874 0,000670
download -0,009950 -0,000003
drdobbs 3,912023 0,001059
driven 0,867501 0,000235
driver 1,771957 0,000480
due 0,261365 0,000071
dustdar 3,912023 0,001059
dynamically 1,714798 0,000464
early 0,301105 0,000245
ecommerce 2,995732 0,000811
economic 0,843970 0,000229
ecosystem 1,171183 0,000634
edit -0,009950 -0,000003
editcommunity -0,009950 -0,000003
edited -0,009950 -0,000003
eds 0,798508 0,000216
edsac 3,506558 0,000950
ehllapi 3,912023 0,001059
eichberg 3,912023 0,001059
either 0,248461 0,000135
electronic 0,634878 0,000172
element 1,021651 0,000277
elif 2,813411 0,000762
elsevier 1,203973 0,000326
elsewhere 2,040221 0,000552
embedded 0,867501 0,000470
emerge 2,995732 0,000811
emery 3,912023 0,001059
empirical 1,203973 0,001304
enable 0,798508 0,000216
enabling 0,941609 0,000255
encyclopedia -0,009950 -0,000003
end 0,261365 0,000212
endpoints 2,995732 0,001622
ends 1,966113 0,000532
engineering 0,198451 0,000484
english -0,009950 -0,000005
englishsloven 0,510826 0,000138
enough 0,843970 0,000229
enriched 3,218876 0,000872
enter 1,966113 0,000532
enterprise 0,510826 0,000277
entities 1,139434 0,000309
environment 0,478036 0,000129
era 1,427116 0,000386
error 0,713350 0,000193
errors 0,733969 0,000199
esber 3,912023 0,002119
espa 0,210721 0,000057
even 0,235722 0,000128
eventsrandom -0,009950 -0,000003
everybody 3,218876 0,000872
everything 1,309333 0,000355
everywhere 2,120264 0,001148
evidence 1,309333 0,000355
evolution 0,820981 0,000445
example 0,030459 0,000091
examples 0,328504 0,000267
exchange 0,693147 0,000188
executable 1,514128 0,000410
execute 1,514128 0,000410
executed 1,203973 0,000326
exercise 2,407946 0,000652
exokernel 2,995732 0,000811
expanded 1,203973 0,000978
expansion 1,386294 0,000375
expect 1,897120 0,000514
expected 0,693147 0,000188
explains 2,120264 0,000574
explicitly 0,916291 0,000248
export -0,009950 -0,000003
expose 2,302585 0,001870
exposes 2,525729 0,000684
exposing 2,525729 0,000684
extending 1,714798 0,000929
extensible 1,609438 0,000436
external 0,030459 0,000016
facilitate 1,714798 0,001393
facing 2,207275 0,000598
factor 0,867501 0,000235
fair 1,771957 0,002399
fall 1,139434 0,000617
far 0,867501 0,000235
fault 1,237874 0,000670
favor 1,347074 0,000365
favoritism 3,912023 0,001059
fayad 3,912023 0,001059
feasibility 2,525729 0,000684
features 0,371064 0,000201
february 0,061875 0,000134
fed 2,407946 0,000652
federal 1,386294 0,000751
feedback 1,309333 0,000355
feeling 3,218876 0,000872
fefie 3,912023 0,001059
fication 3,912023 0,001059
field 0,527633 0,000286
fielding 2,407946 0,001956
figueiredo 3,506558 0,000950
file 0,616186 0,000667
filepermanent -0,009950 -0,000003
files 0,843970 0,000457
filespecial -0,009950 -0,000003
filho 3,912023 0,001059
filing 2,995732 0,000811
financial 0,776529 0,000631
find 0,544727 0,000148
firms 1,514128 0,000820
first 0,020203 0,000011
fixed 0,494296 0,000134
flow 0,510826 0,000138
focused 1,078810 0,000292
following 0,210721 0,000057
forecasting 1,469676 0,000398
foreign 1,139434 0,000309
forensic 2,407946 0,000652
form 0,162519 0,000088
format 0,941609 0,000765
forms 0,562119 0,000152
forrester 3,506558 0,000950
fortran 1,560648 0,001268
forums 2,407946 0,000652
found 0,385662 0,000209
foundation -0,009950 -0,000005
fowler 2,659260 0,000720
framework 0,342490 0,000835
frameworks 1,108663 0,000901
fran 0,223144 0,000060
francisco 1,609438 0,000872
frank 1,309333 0,000355
free -0,009950 -0,000005
front 1,108663 0,000300
function 0,210721 0,000228
functional 0,733969 0,000397
functionalities 2,659260 0,000720
functions 0,356675 0,000193
fundamental 0,867501 0,000470
further 0,139262 0,000075
future 0,274437 0,000074
game 0,713350 0,000193
garlan 3,912023 0,001059
gates 2,407946 0,001956
gathering 2,120264 0,000574
geewax 3,912023 0,001059
general -0,009950 -0,000011
generally 0,287682 0,000078
generate 0,798508 0,000432
generation 0,867501 0,000235
generator 2,040221 0,000552
geographical 1,966113 0,000532
get 0,733969 0,000397
gillin 3,912023 0,001059
github 1,078810 0,000292
given 0,261365 0,000142
goal 0,713350 0,000193
google 0,579818 0,003297
gpus 2,813411 0,000762
granted 1,832581 0,000992
graphics 0,941609 0,001530
great 0,941609 0,000255
greatorex 3,912023 0,001059
greg 2,120264 0,000574
growing 0,891598 0,000241
guava 2,813411 0,001524
guerric 3,912023 0,001059
guide 0,356675 0,000193
guides 2,407946 0,000652
hal 2,040221 0,000552
handle 0,994252 0,000269
handling 0,798508 0,000216
hands 1,427116 0,000386
hao 2,659260 0,000720
happen 1,832581 0,000496
hardware 0,579818 0,000785
hausa 1,609438 0,000436
hauswirth 3,912023 0,001059
having 0,579818 0,000314
hcltech 3,506558 0,000950
hdl 1,049822 0,000284
hear 3,912023 0,001059
hearings 3,506558 0,000950
helplearn -0,009950 -0,000003
henning 3,912023 0,001059
henrique 3,912023 0,001059
herbsleb 3,912023 0,001059
hererelated -0,009950 -0,000003
hide -0,009950 -0,000013
hides 3,506558 0,000950
hiding 2,302585 0,001247
high 0,223144 0,000060
hire 2,659260 0,000720
historically 1,386294 0,000375
history -0,009950 -0,000019
hobbyist 2,995732 0,000811
hold 1,021651 0,000277
hood 2,525729 0,000684
hostnames 3,506558 0,000950
however 0,094311 0,000051
hrvatskiidoigbobahasa 3,912023 0,001059
http 1,021651 0,000553
https -0,009950 -0,000003
hybrid 1,171183 0,000317
hypertext 1,771957 0,000480
hyrum 3,506558 0,001899
idea 0,820981 0,001112
idiosyncrasies 3,912023 0,001059
ieee 0,634878 0,000860
ierusalimschy 3,912023 0,001059
iic 3,912023 0,001059
ijinfomgt 2,995732 0,000811
impact 0,597837 0,000162
implement 0,755023 0,001022
implementation 0,328504 0,000623
implementations 0,733969 0,000199
implemented 0,544727 0,000148
implementing 0,994252 0,000538
implications 1,347074 0,000730
important 0,287682 0,000156
improve 0,274437 0,000074
improving 1,171183 0,000317
ina 0,356675 0,000097
inasloven 0,616186 0,000167
inc -0,009950 -0,000024
include 0,061875 0,000050
included 0,400478 0,000217
including 0,040822 0,000044
incompatible 1,560648 0,000423
incorporate 1,560648 0,000423
incorporating 1,832581 0,000496
increase 0,544727 0,000295
independence 1,897120 0,000514
independent 0,713350 0,000193
index -0,009950 -0,000003
indonesiaitaliano 1,237874 0,000335
industry 0,527633 0,000143
infer 1,832581 0,000496
infoq 2,302585 0,000623
information 0,072571 0,000138
informationcite -0,009950 -0,000003
infrastructure 0,713350 0,000193
ing 2,995732 0,000811
initially 0,693147 0,000188
innovation 1,078810 0,000292
innovative 2,040221 0,000552
inode 2,813411 0,000762
inside 0,755023 0,000204
instance 0,510826 0,000277
institute 0,579818 0,000471
institution 1,660731 0,000450
instruction 1,560648 0,001268
instructional 3,912023 0,001059
instructs 3,506558 0,000950
integrate 1,560648 0,000845
integration 0,673345 0,000182
intended 0,494296 0,000402
intense 2,659260 0,000720
interact 1,514128 0,000410
interaction 0,967584 0,000262
interactions 1,714798 0,000929
interest 0,693147 0,000188
interface 0,616186 0,006340
interfaces 0,713350 0,002318
interfacestechnical 3,912023 0,001059
interfacing 2,659260 0,000720
interlocking 3,912023 0,001059
internal 0,634878 0,000688
international 0,139262 0,000189
internationalgndnationalunited 1,108663 0,000300
internet 0,462035 0,000751
interoperability 1,660731 0,000450
interrupt 2,525729 0,000684
interview 1,560648 0,001268
interviewed 2,813411 0,000762
intro 2,813411 0,000762
introduced 0,371064 0,000100
introduction 0,261365 0,000142
invented 1,427116 0,000773
inversion 2,659260 0,001440
invocation 2,813411 0,001524
invokes 3,506558 0,000950
involved 0,916291 0,000248
ipc 2,659260 0,000720
ira 2,995732 0,000811
irvine 3,218876 0,000872
isbn 0,051293 0,000264
ispolskiportugu 1,771957 0,000480
issn 0,478036 0,000129
item -0,009950 -0,000003
itself 0,342490 0,000371
jacobson 3,506558 0,000950
james 0,634878 0,000344
january 0,083382 0,000135
jason 1,771957 0,000480
java 0,891598 0,004829
javadoc 3,506558 0,000950
javascript 1,021651 0,000277
javaworld 3,506558 0,001899
jeff 1,560648 0,000423
jim 1,514128 0,000410
jin 2,813411 0,001524
job 1,203973 0,000326
joel 2,040221 0,000552
joined 1,966113 0,001065
joining 2,813411 0,000762
joint 1,171183 0,000634
joshua 1,897120 0,001027
journal 0,198451 0,000107
json 1,347074 0,001094
judge 2,207275 0,001195
july 0,127833 0,000346
jump -0,009950 -0,000003
june 0,094311 0,000051
jury 2,995732 0,000811
justia 3,912023 0,001059
keep 0,994252 0,000269
keeping 1,427116 0,000386
kernel 1,171183 0,000951
kernelarchitectures 2,995732 0,000811
kevin 1,386294 0,000375
key 0,356675 0,000097
kin 2,659260 0,000720
kinds 1,171183 0,000317
kiswahililatvie 3,912023 0,001059
kit 1,966113 0,000532
know 0,776529 0,000421
knowledge 0,616186 0,000667
known 0,127833 0,000138
lane 2,207275 0,000598
language 0,186330 0,000757
languages -0,009950 -0,000011
lanza 3,912023 0,001059
large 0,127833 0,000069
last -0,009950 -0,000003
latently 3,912023 0,001059
later 0,223144 0,000060
law 0,755023 0,000409
layer 0,867501 0,000235
lccn 2,407946 0,000652
learned 1,386294 0,000375
lecture 1,427116 0,000386
led 0,446287 0,000121
lee 0,994252 0,000538
left 0,916291 0,000248
legal -0,009950 -0,000005
lego 3,506558 0,000950
length 1,237874 0,000335
lessons 1,832581 0,000496
let 1,139434 0,000309
letter 1,237874 0,000335
level 0,116534 0,000032
lewine 3,912023 0,001059
lex 2,525729 0,000684
libraries 0,713350 0,001545
library 0,478036 0,001553
license -0,009950 -0,000003
liew 3,912023 0,001059
lii 3,912023 0,001059
like 0,072571 0,000118
limitations 1,139434 0,000309
lin 1,660731 0,000450
linkpage -0,009950 -0,000003
links -0,009950 -0,000011
linux 0,916291 0,000992
list 0,083382 0,000045
live 1,203973 0,000652
llc 1,714798 0,001393
lnorsk 0,653926 0,000177
loadable 2,813411 0,000762
loader 2,407946 0,000652
local 0,415515 0,000225
locally 1,609438 0,000872
located 1,660731 0,000899
locations 1,078810 0,000292
log -0,009950 -0,000005
long 0,287682 0,000078
lotus 2,120264 0,000574
love 2,659260 0,000720
lsb 3,506558 0,000950
lua 1,897120 0,000514
luca 2,659260 0,000720
luis 2,659260 0,000720
luiz 3,506558 0,000950
lulu 2,995732 0,000811
lux 0,371064 0,000100
lyft 3,912023 0,001059
maalej 3,912023 0,001059
mac 1,272966 0,000345
machine 0,083382 0,000090
machinery 1,203973 0,000978
machines 0,776529 0,000210
macintosh 2,813411 0,001524
made 0,186330 0,000050
magazine 0,776529 0,000210
magyar 1,049822 0,000284
main -0,009950 -0,000019
maintain 0,941609 0,000255
maintaining 1,171183 0,000317
maintenance 0,843970 0,000229
major 0,314711 0,000085
make 0,235722 0,000128
makes 0,415515 0,000225
malamud 3,912023 0,002119
management 0,139262 0,000113
managementconcepts 2,995732 0,000811
mangling 3,912023 0,001059
manipulate 1,469676 0,000796
manipulation 0,994252 0,000269
manner 1,469676 0,000398
manning 2,040221 0,000552
manshreck 3,912023 0,001059
many 0,061875 0,000067
manzi 3,912023 0,001059
mapping 1,237874 0,000335
marcel 3,218876 0,000872
march 0,116534 0,000063
mark 0,462035 0,000125
marked 1,139434 0,000309
markup 2,040221 0,000552
martin 0,891598 0,001690
mary 1,514128 0,000410
mashable 2,525729 0,000684
mashup 2,525729 0,000684
mashups 3,506558 0,001899
mastrangelo 3,912023 0,001059
matter 1,386294 0,000375
matthias 2,525729 0,001368
maurice 2,525729 0,000684
maury 3,912023 0,001059
mdp 2,995732 0,000811
meaning 0,544727 0,000443
means 0,198451 0,000054
meanwhile 2,207275 0,000598
measuring 1,609438 0,000872
mechanism 0,733969 0,000199
media 0,139262 0,000264
mediated 2,525729 0,000684
meet 0,867501 0,000235
meets 1,966113 0,000532
melayu 0,820981 0,000222
members 0,755023 0,000204
membership 1,832581 0,000496
memory 0,579818 0,000785
mendez 3,912023 0,001059
menu -0,009950 -0,000005
message 0,478036 0,000259
messages 1,078810 0,000584
metadata 1,347074 0,000730
metaphorically 3,506558 0,000950
method 0,210721 0,000285
methods 0,274437 0,000297
mezini 3,912023 0,002119
mic 3,218876 0,000872
michael 0,400478 0,000108
michele 2,207275 0,000598
michi 3,912023 0,001059
michigan 2,302585 0,000623
microkernel 2,407946 0,000652
microservices 2,407946 0,000652
microsoft 0,579818 0,001727
microsystems 1,966113 0,000532
million 0,916291 0,000248
mined 2,525729 0,000684
mingshu 3,912023 0,001059
mining 1,021651 0,000553
mira 3,912023 0,002119
moat 3,506558 0,000950
mobile -0,009950 -0,000005
mocci 3,912023 0,001059
mode 0,891598 0,000241
model 0,162519 0,000044
modern 0,314711 0,000170
modification 1,560648 0,000845
modified 1,203973 0,000326
modular 1,560648 0,000845
module 1,049822 0,000284
modules 1,347074 0,001459
mohamed 2,207275 0,000598
monolithic 2,813411 0,000762
monperrus 3,912023 0,003178
moreover 1,560648 0,000423
move -0,009950 -0,000011
movement 1,427116 0,000386
moving 0,776529 0,000210
msr 3,912023 0,002119
much 0,400478 0,000325
multi 0,342490 0,000093
multikernel 2,995732 0,000811
multilevel 2,659260 0,000720
multiple 0,116534 0,000095
multiprocessing 1,832581 0,000496
multitasking 2,207275 0,000598
mutually 2,207275 0,000598
name 0,342490 0,000185
nasa 1,897120 0,000514
nathaniel 2,207275 0,000598
national 0,562119 0,000152
natural 0,733969 0,000199
navigation -0,009950 -0,000003
nbs 3,912023 0,001059
nederlands 0,415515 0,000113
need 0,248461 0,000135
needed 0,210721 0,000057
needs 0,415515 0,000225
network 0,210721 0,000514
networks 0,446287 0,000242
neutral 2,040221 0,000552
new 0,010050 0,000022
newer 1,309333 0,000355
next 0,400478 0,000108
niccolai 2,995732 0,000811
nick 1,469676 0,000398
non -0,009950 -0,000003
none 1,609438 0,000436
nordfriisknorsk 1,714798 0,000464
normal 1,139434 0,000309
nostrand 3,506558 0,000950
notation 1,203973 0,000326
note 0,776529 0,000210
noted 1,171183 0,000317
notes 0,415515 0,000225
novell 2,813411 0,000762
november 0,150823 0,000163
null 1,347074 0,000365
number 0,051293 0,000042
nynorsko 2,659260 0,000720
nystrom 3,912023 0,001059
object 0,544727 0,002360
objects 0,544727 0,000295
observable 3,912023 0,001059
observation 2,040221 0,000552
observed 1,469676 0,000398
observing 2,207275 0,000598
oclc 0,891598 0,000724
oct 2,302585 0,000623
october 0,139262 0,000113
odbc 2,813411 0,000762
odersky 3,912023 0,001059
offering 0,994252 0,000269
offers 0,755023 0,000613
often 0,127833 0,000173
older 1,237874 0,000670
oldid -0,009950 -0,000003
olesperantoeuskara 0,510826 0,000138
omitted 1,832581 0,000496
ondrejka 3,912023 0,001059
one 0,010050 0,000024
ones 1,309333 0,000355
online 0,415515 0,000225
ontology 2,040221 0,000552
open 0,235722 0,000319
openal 3,912023 0,001059
opencl 3,506558 0,000950
opengl 3,218876 0,000872
openjdk 2,813411 0,000762
openmp 3,506558 0,000950
opens 1,897120 0,000514
operate 1,049822 0,000284
operating 0,462035 0,002377
opinion 1,560648 0,000423
opinionated 3,912023 0,001059
opportunistic 2,813411 0,000762
oracle 1,108663 0,005704
oral 2,995732 0,000811
order 0,094311 0,000026
ordering 1,897120 0,000514
org -0,009950 -0,000011
organization -0,009950 -0,000005
organizations 0,798508 0,000216
organized 1,469676 0,000398
oriented 0,798508 0,001946
origin 1,108663 0,000300
original 0,030459 0,000058
originated 1,771957 0,000480
others 0,314711 0,000085
out 0,261365 0,000283
outlined 2,813411 0,000762
outside 0,798508 0,000216
over 0,094311 0,000128
overall 0,967584 0,000262
overlap 1,832581 0,000496
overrule 3,506558 0,000950
overturned 3,506558 0,000950
owns 2,207275 0,000598
oxford 0,843970 0,000457
packt 2,120264 0,000574
page -0,009950 -0,000003
pagecontentscurrent -0,009950 -0,000003
pageget -0,009950 -0,000003
pages -0,009950 -0,000003
pagesall 3,506558 0,000950
paging 2,995732 0,000811
pair 1,714798 0,000464
pandemic 2,120264 0,000574
paper 0,713350 0,000773
parameters 1,021651 0,000553
parnas 3,218876 0,000872
parnin 3,912023 0,001059
parr 3,912023 0,001059
parsing 1,714798 0,000464
part 0,127833 0,000312
participating 2,040221 0,000552
particular 0,301105 0,000245
particularly 0,597837 0,000162
parties 1,021651 0,000277
partition 1,660731 0,000450
partner 2,659260 0,002880
partners 2,302585 0,000623
parts 0,544727 0,001180
party 0,798508 0,000216
patent 1,609438 0,000436
path 0,994252 0,000269
patterns 0,776529 0,000421
paul 0,544727 0,000148
pdf 0,139262 0,000339
pdfprintable -0,009950 -0,000003
pedro 2,120264 0,000574
people 0,356675 0,000097
performance 0,261365 0,000142
performing 1,272966 0,000345
permission 1,897120 0,001027
person 1,021651 0,000553
personal -0,009950 -0,000003
petitioner 3,912023 0,001059
phd 2,040221 0,000552
php -0,009950 -0,000005
piece 1,714798 0,000464
pieces 1,966113 0,001065
piemont 1,427116 0,000386
place 0,597837 0,000324
platform 0,527633 0,000714
platforms 0,776529 0,000631
plugged 3,506558 0,000950
plugin 2,302585 0,000623
policies 1,237874 0,001341
policy -0,009950 -0,000008
ponzanelli 3,912023 0,001059
portalrecent -0,009950 -0,000003
portion 1,832581 0,000992
posix 2,407946 0,003912
possible 0,287682 0,000234
posted 2,407946 0,000652
postman 3,506558 0,000950
potentially 0,755023 0,000204
practical 0,634878 0,000172
predictable 2,302585 0,000623
preemptive 2,407946 0,001304
preface 2,525729 0,000684
preparation 1,897120 0,000514
prescribes 3,912023 0,001059
presented 1,139434 0,000926
press 0,210721 0,000114
primarily 0,653926 0,000177
principle 1,078810 0,000292
print -0,009950 -0,000003
priority 1,897120 0,000514
privacy -0,009950 -0,000005
private 0,693147 0,000375
procedural 2,040221 0,000552
procedure 1,386294 0,000751
proceedings 0,597837 0,000809
process 0,116534 0,000126
product 0,579818 0,000314
products 0,579818 0,000157
professionals 1,427116 0,000386
profit -0,009950 -0,000003
program 0,328504 0,000712
programmableweb 3,912023 0,001059
programmer 1,386294 0,003378
programmers 1,347074 0,000365
programming 0,446287 0,003384
programs 0,494296 0,001205
project 0,314711 0,000085
projects -0,009950 -0,000003
promise 1,427116 0,000386
promote 1,609438 0,000436
proposed 0,713350 0,000386
proposing 2,659260 0,000720
proprietary 1,171183 0,000317
protected 0,776529 0,000210
protection 0,994252 0,001885
protocol 0,713350 0,001159
protocols 0,967584 0,000262
provide 0,174353 0,000236
provider 1,966113 0,001065
providers 1,514128 0,000410
provides 0,261365 0,000283
providing 0,673345 0,000182
proxies 2,659260 0,000720
proxy 1,832581 0,000992
public 0,248461 0,000807
publication 1,203973 0,000326
publicly 1,309333 0,000355
published 0,328504 0,000178
publishing 0,446287 0,000121
punched 2,813411 0,000762
purpose 0,356675 0,000386
purposes 0,798508 0,000216
pushing 2,659260 0,000720
pxe 2,995732 0,000811
pydoc 3,506558 0,000950
python 0,916291 0,000248
qcon 3,912023 0,001059
qualify 2,659260 0,000720
quality 0,673345 0,000182
query 1,427116 0,000773
question 0,941609 0,000255
queue 1,771957 0,000480
raml 3,912023 0,001059
randall 2,813411 0,000762
rate 0,755023 0,000204
rates 1,272966 0,000345
rather 0,287682 0,000156
rationales 3,506558 0,000950
rbaycanca 0,248461 0,000067
rdf 2,120264 0,000574
read 0,843970 0,000229
readable 1,469676 0,000398
reading 0,342490 0,000185
readview 1,309333 0,000709
real 0,210721 0,000114
recast 3,912023 0,001059
received 1,078810 0,000292
recent 0,693147 0,000188
recipe 3,218876 0,000872
recorded 1,237874 0,000335
reddy 2,659260 0,000720
redirects 1,078810 0,000292
refer 0,867501 0,000470
reference 0,478036 0,000388
references 0,020203 0,000011
referred 0,446287 0,000121
reflected 1,609438 0,000436
regardless 1,272966 0,000345
registered -0,009950 -0,000003
reilly 1,078810 0,001461
reimplementation 3,506558 0,000950
reinhold 3,912023 0,001059
related 0,051293 0,000028
relational 1,714798 0,001393
release 0,579818 0,000628
releases 1,347074 0,000365
releasing 2,207275 0,000598
rely 1,139434 0,000309
remains 1,237874 0,000335
remote 0,843970 0,002971
remotely 2,040221 0,000552
remoting 3,506558 0,000950
removed 0,693147 0,000375
replaced 1,237874 0,000335
reply 3,218876 0,000872
report 0,462035 0,000500
reportedly 2,659260 0,000720
repositories 2,120264 0,000574
representational 2,407946 0,001304
represents 0,891598 0,000483
reproduce 2,995732 0,000811
request 1,203973 0,000652
requests 1,237874 0,000335
required 0,274437 0,000149
rescinded 3,912023 0,001059
research 0,261365 0,000142
resellers 3,506558 0,000950
resource 0,733969 0,000596
resources 0,314711 0,000256
response 0,755023 0,000409
rest 1,108663 0,001201
restful 3,218876 0,001743
restrictions 1,309333 0,000355
result 0,371064 0,000201
retrieved -0,009950 -0,000119
return 0,820981 0,000222
reuse 2,525729 0,000684
revenue 1,609438 0,000436
review 0,385662 0,000209
revival 3,506558 0,000950
revolves 3,218876 0,000872
rewrite 2,207275 0,000598
rich 1,347074 0,000365
richard 0,733969 0,000199
rides 3,912023 0,001059
ring 2,207275 0,000598
rise 0,967584 0,000262
risk 0,597837 0,000162
rmi 3,506558 0,000950
roa 2,813411 0,000762
roberto 1,897120 0,000514
robillard 3,912023 0,001059
robin 1,714798 0,000464
role 0,634878 0,000172
rosenblatt 2,407946 0,000652
round 1,714798 0,000464
routines 2,525729 0,000684
roy 1,966113 0,001065
ruled 2,407946 0,000652
rules 0,616186 0,000167
ruling 2,813411 0,002285
rulings 3,506558 0,000950
rump 2,407946 0,000652
run 0,446287 0,000242
runa 0,916291 0,000248
rustin 3,912023 0,001059
safe 0,994252 0,000269
safety -0,009950 -0,000003
sahni 2,995732 0,001622
said 0,755023 0,000613
san 1,272966 0,000689
sapi 3,506558 0,000950
saurabh 2,995732 0,001622
saw 1,832581 0,000496
says 1,309333 0,000355
scala 2,040221 0,001657
scale 0,494296 0,000134
scaling 1,609438 0,000436
scam 2,207275 0,001195
scenarios 1,514128 0,000410
schahram 3,912023 0,001059
schedulingalgorithms 2,995732 0,000811
school 1,078810 0,000292
science 0,287682 0,000234
scientists 1,660731 0,000450
screenshot 2,525729 0,000684
scsi 3,506558 0,000950
sdk 2,407946 0,000652
sdl 2,659260 0,000720
search -0,009950 -0,000016
sebastopol 2,207275 0,000598
sector 1,386294 0,000375
see -0,009950 -0,000011
segmentation 2,207275 0,000598
semantic 1,272966 0,001723
semi 0,843970 0,000229
seminar 3,506558 0,000950
sensor 1,514128 0,001640
separately 1,660731 0,000450
separation 1,560648 0,000423
september 0,150823 0,000204
server 0,653926 0,000177
service 0,314711 0,000937
services 0,400478 0,001518
serving 2,302585 0,000623
set 0,083382 0,000158
seth 1,832581 0,000496
setting 1,171183 0,000317
several 0,094311 0,000077
shaffer 3,912023 0,001059
shape 1,514128 0,000410
share 0,616186 0,000334
sharealike -0,009950 -0,000003
shared 0,755023 0,000409
sharing 0,967584 0,000524
shaw 2,525729 0,000684
shell 1,237874 0,000335
sheth 3,506558 0,000950
shevat 3,912023 0,002119
shi 2,995732 0,000811
shipper 3,218876 0,000872
shipping 1,832581 0,001489
short -0,009950 -0,000003
shortened -0,009950 -0,000003
shortest 2,407946 0,000652
show 0,867501 0,000235
showcasing 3,912023 0,001059
shown 1,237874 0,000335
shqipsimple 1,203973 0,000326
sidebar -0,009950 -0,000011
sides 2,659260 0,000720
sigmod 2,407946 0,001304
signals 1,203973 0,000326
significant 0,328504 0,000178
sigplan 2,525729 0,000684
simi 0,755023 0,000204
similar 0,186330 0,000101
simple 0,150823 0,000123
simplifies 2,120264 0,000574
simply 0,733969 0,000397
single 0,127833 0,000035
sintes 3,912023 0,001059
site -0,009950 -0,000005
situation 1,272966 0,000345
sla 3,506558 0,000950
small 0,314711 0,000170
smaller 0,994252 0,000269
smart 1,078810 0,000292
smashing 3,218876 0,000872
snippets 3,912023 0,001059
soa 2,813411 0,000762
soap 2,207275 0,000598
social 0,527633 0,000429
software 0,127833 0,001662
somebody 3,218876 0,000872
sometimes 0,301105 0,000163
soon 1,427116 0,000386
sound 1,560648 0,000423
source 0,186330 0,000151
sourceview 1,309333 0,000709
space 0,478036 0,000388
sparc 2,525729 0,000684
special 0,494296 0,000268
specific 0,094311 0,000077
specification 0,941609 0,001785
specifications 1,237874 0,000335
specifies 1,714798 0,000464
specify 1,272966 0,000689
speech 1,469676 0,000398
spoon 3,912023 0,001059
spread 1,309333 0,000355
srom 1,609438 0,000436
srpskisrpskohrvatski 0,510826 0,000138
stability 1,609438 0,000436
stable 0,867501 0,000470
standard 0,198451 0,000215
standardization 1,309333 0,000355
standards 0,462035 0,000626
state 0,235722 0,000191
statement -0,009950 -0,000003
states 0,385662 0,000313
statesfrancebnf 0,510826 0,000138
statistics -0,009950 -0,000003
stats 2,120264 0,000574
status 0,693147 0,000188
steve 1,078810 0,000292
steven 0,916291 0,000248
still 0,342490 0,000093
storage 0,430783 0,000117
stored 0,733969 0,000199
stoughton 3,912023 0,001059
strategy 0,891598 0,000483
stream 1,139434 0,000309
strong 0,776529 0,000210
structure 0,314711 0,000170
structures 0,673345 0,000365
studies 0,673345 0,000182
study 0,510826 0,000277
style 0,994252 0,000269
styles 2,302585 0,001247
subclassing 3,912023 0,001059
subject 0,527633 0,000143
subroutine 3,218876 0,002615
subroutines 3,506558 0,001899
subscription 2,120264 0,000574
subsection 0,020203 0,000011
success 1,171183 0,000317
successful 0,843970 0,000229
sued 2,407946 0,000652
sufficient 1,309333 0,000355
sufficiently 2,120264 0,000574
suffix 2,813411 0,000762
sun 1,237874 0,000335
suomisvenskatagalog 1,171183 0,000317
supercomputer 2,525729 0,000684
support 0,198451 0,000107
supported 0,634878 0,000516
supporting 0,843970 0,000229
supports 0,867501 0,000235
supreme 2,813411 0,004571
susan 2,120264 0,000574
swig 3,912023 0,001059
switch 1,514128 0,000410
symbols 1,560648 0,000423
synonymous 2,995732 0,000811
system 0,030459 0,000190
systems 0,061875 0,000201
systemsgeneral 2,813411 0,000762
table -0,009950 -0,000008
taina 3,912023 0,001059
takanashi 3,912023 0,001059
take 0,527633 0,000286
taking 0,967584 0,000262
talk 1,203973 0,000326
tao 2,407946 0,000652
tape 2,040221 0,001105
targeted 1,714798 0,000464
targeting 1,897120 0,000514
task 0,776529 0,000210
tasks 0,798508 0,000216
tate 3,218876 0,001743
technica 1,347074 0,000730
techniques 0,544727 0,000295
technologic 3,912023 0,001059
technologies 0,562119 0,000304
technologist 3,218876 0,000872
technology 0,186330 0,000101
tekes 3,912023 0,001059
templates 2,659260 0,000720
tend 1,386294 0,000375
tends 1,966113 0,000532
term 0,223144 0,000967
terms -0,009950 -0,000005
ternay 3,912023 0,001059
testing 0,616186 0,000167
text -0,009950 -0,000005
textise 3,912023 0,001059
tgdaily 3,912023 0,001059
themselves 0,843970 0,000229
theory 0,400478 0,000108
thereby 1,309333 0,000355
therefore 0,478036 0,000259
third 0,356675 0,000097
though 0,544727 0,000295
thread 1,897120 0,001027
throughout 1,078810 0,000292
thus 0,328504 0,000178
tim 0,867501 0,000235
time 0,010050 0,000016
timeline 0,776529 0,000210
timevague 2,040221 0,000552
timothy 1,714798 0,000464
tinadanskdeutscheesti 1,309333 0,000355
title -0,009950 -0,000003
titus 3,506558 0,000950
today 0,693147 0,000375
together 0,579818 0,000471
toggle -0,009950 -0,000011
tokens 1,897120 0,000514
told 2,407946 0,000652
tom 1,203973 0,000326
tony 1,714798 0,000464
took 1,237874 0,000335
tools -0,009950 -0,000022
top -0,009950 -0,000003
topic -0,009950 -0,000003
toward 1,108663 0,000300
towards 1,203973 0,000652
toys 2,995732 0,000811
trademark -0,009950 -0,000003
traditional 0,544727 0,000295
traditionally 1,897120 0,000514
transactions 0,713350 0,000193
transfer 0,693147 0,000563
transition 1,427116 0,000386
transmitted 1,514128 0,000410
treated 1,514128 0,000410
trend 1,237874 0,001006
trends 1,021651 0,000553
treude 3,912023 0,001059
trial 1,660731 0,000450
tse 2,995732 0,000811
tutorials 1,966113 0,000532
twitter 1,660731 0,002248
two 0,083382 0,000045
type 0,150823 0,000123
types 0,198451 0,000430
typical 1,139434 0,000617
typically 0,223144 0,000121
uber 2,995732 0,000811
ulietuvi 1,049822 0,000284
unclear 2,207275 0,000598
under -0,009950 -0,000005
understand 1,139434 0,000309
understood 1,469676 0,000398
unikernel 2,813411 0,000762
united 0,527633 0,000286
univac 3,506558 0,000950
university 0,186330 0,000101
unix 1,469676 0,000398
unlike 0,798508 0,000432
unresolved 3,218876 0,000872
unsafe 2,120264 0,000574
unstable 2,525729 0,001368
until 0,510826 0,000277
update 0,527633 0,000143
updated 0,867501 0,000470
upon 0,673345 0,000365
uri 2,040221 0,000552
url 1,237874 0,000670
urldownload -0,009950 -0,000003
usability 1,966113 0,001065
usage 0,597837 0,000648
usages 3,218876 0,001743
usb 2,302585 0,000623
use -0,009950 -0,000075
used -0,009950 -0,000035
useful 0,634878 0,000344
usenix 1,966113 0,000532
user 0,328504 0,000890
users 0,478036 0,000647
uses 0,094311 0,000077
using -0,009950 -0,000019
usually 0,223144 0,000181
utc -0,009950 -0,000003
utility 1,560648 0,000423
vague 1,714798 0,000464
validations 3,912023 0,001059
value 0,301105 0,000082
van 0,891598 0,000241
variants 1,427116 0,000386
variety 0,653926 0,000177
vary 1,049822 0,000284
vehicle 1,609438 0,000436
vendor 1,469676 0,000398
vendors 1,514128 0,000410
venners 2,995732 0,000811
venture 1,832581 0,000496
version -0,009950 -0,000008
versions 0,579818 0,000314
via 0,186330 0,000101
victory 2,995732 0,000811
view -0,009950 -0,000003
vinoski 3,912023 0,001059
violation 1,966113 0,000532
virtual 0,527633 0,000571
virtually 2,120264 0,000574
visible 1,309333 0,000355
vkernel 2,525729 0,000684
vkimber 3,912023 0,001059
vol 0,616186 0,001001
vowed 3,506558 0,000950
voxility 3,912023 0,001059
vteoperating 2,813411 0,000762
waldemar 3,506558 0,000950
waleed 3,912023 0,001059
wanted 1,714798 0,000464
washington 1,049822 0,000284
way 0,198451 0,000215
ways 0,446287 0,000363
weather 1,966113 0,003727
web 0,342490 0,003246
website 0,634878 0,000172
websites 1,203973 0,000326
week 1,514128 0,000410
weissbrot 3,912023 0,001059
well 0,051293 0,000069
wesley 1,078810 0,000292
west 1,560648 0,000423
what -0,009950 -0,000027
wheeler 2,813411 0,003047
whether 0,400478 0,000108
which 0,000000 0,000000
while 0,051293 0,000083
who 0,301105 0,000326
widely 0,342490 0,000185
widespread 0,994252 0,000538
wikidatawikipedia 0,967584 0,000262
wikimedia -0,009950 -0,000005
wikipedia -0,009950 -0,000019
wikipediacontact -0,009950 -0,000003
wild 2,525729 0,000684
wilkes 3,506558 0,003798
william 0,713350 0,000193
wilson 1,469676 0,000398
win 2,040221 0,000552
windows 1,021651 0,001937
wins 2,407946 0,000652
winters 3,218876 0,000872
wire 1,966113 0,000532
wired 1,237874 0,000335
within 0,116534 0,000063
without 0,094311 0,000051
witnessed 3,218876 0,000872
won 1,469676 0,000398
woods 2,659260 0,000720
words 0,916291 0,000496
work 0,127833 0,000035
worked 1,609438 0,000436
working 0,478036 0,000259
works 0,693147 0,000375
workshop 1,469676 0,001592
world 0,139262 0,000038
worldwide 1,108663 0,000300
wright 1,714798 0,000464
writer 1,714798 0,000464
writers 2,813411 0,000762
writing 0,891598 0,000241
writings 2,813411 0,000762
written 0,287682 0,000467
www 0,356675 0,000193
xie 2,813411 0,000762
xml 1,203973 0,000978
xpcom 3,506558 0,000950
xxi 3,912023 0,003178
yielding 2,659260 0,000720
york 0,371064 0,000201
zbekcha 0,462035 0,000125
zell 3,912023 0,001059
zhong 2,813411 0,000762
