aaron 1,714798 0,000475
ability 0,616186 0,000342
abstraction 1,514128 0,000420
accept 1,427116 0,000396
accepted 1,171183 0,000974
accepts 2,207275 0,000612
account -0,009950 -0,000006
acronym 2,207275 0,000612
actions -0,009950 -0,000006
activex 2,659260 0,000737
actually 1,108663 0,000307
add -0,009950 -0,000003
added 0,415515 0,000346
addition 0,371064 0,000206
additional -0,009950 -0,000006
additionally 0,967584 0,000268
address 0,713350 0,000593
addressing 1,469676 0,000815
adopted 0,867501 0,000241
advance 1,609438 0,000446
advanced 0,430783 0,000358
age 1,108663 0,000307
agnostic 3,218876 0,000892
agree -0,009950 -0,000003
agreed 1,427116 0,000396
agreement 1,171183 0,000974
ahead 1,427116 0,000791
ain 3,218876 0,000892
aisgalego 1,309333 0,000363
ajaj 3,912023 0,002169
ajax 1,832581 0,001016
aka 2,525729 0,000700
akka 3,506558 0,002916
algorithms 0,693147 0,000192
alive 3,506558 0,000972
allow 0,287682 0,000080
allowed 0,634878 0,000352
allowing 0,462035 0,000256
allows 0,248461 0,000276
along 0,462035 0,000128
alternative 0,527633 0,000293
alternatives 1,609438 0,001785
although 0,287682 0,000080
always 0,597837 0,000497
amazon 1,309333 0,001452
american 0,446287 0,000247
amf 2,995732 0,000831
among 0,356675 0,000099
amp -0,009950 -0,000008
analytics 1,049822 0,000582
andrysco 3,912023 0,001085
animation 1,609438 0,000446
annotate 3,506558 0,001944
annotations 2,659260 0,000737
another 0,127833 0,000106
ansi 2,207275 0,000612
answered 2,995732 0,000831
any 0,083382 0,000162
apache 1,386294 0,000384
api 0,916291 0,000508
apiw 3,506558 0,000972
appear 1,049822 0,000582
appearance -0,009950 -0,000006
applets 2,995732 0,000831
application 0,127833 0,000142
applications 0,094311 0,000288
apply -0,009950 -0,000003
apps 1,272966 0,000353
april 0,072571 0,000262
arbitrary 1,049822 0,000582
archive 1,514128 0,000420
archived 0,040822 0,000226
argonauts 3,912023 0,001085
argument 1,347074 0,000373
around 0,356675 0,000099
array 1,021651 0,000850
arrays 1,427116 0,001187
article 0,040822 0,000011
articleabout -0,009950 -0,000003
articles 0,020203 0,000022
articletalk -0,009950 -0,000003
artifact 3,506558 0,000972
ascii 1,897120 0,000526
asn 3,218876 0,000892
aspects 0,776529 0,000215
asserted 2,813411 0,000780
asset 1,386294 0,000384
assign 2,040221 0,001131
assigning 2,040221 0,000566
assignment 1,660731 0,000460
assume 1,660731 0,000460
assumes 2,040221 0,000566
assuming 1,966113 0,000545
asynchronous 2,040221 0,000566
atom 1,897120 0,002104
attached 2,120264 0,001176
attack 1,078810 0,000299
attribute 1,386294 0,001153
attributes 1,347074 0,000747
attribution -0,009950 -0,000003
august 0,162519 0,001081
authority 0,083382 0,000023
auto 1,514128 0,000420
automate 2,207275 0,000612
automation 1,237874 0,000343
available -0,009950 -0,000014
avoid 0,941609 0,001305
avro 2,813411 0,000780
ayush 3,912023 0,002169
back 0,527633 0,000146
backslash 3,218876 0,003570
bahasa 0,186330 0,000052
base 0,755023 0,000419
based 0,010050 0,000031
basic 0,235722 0,000327
became 0,579818 0,000321
because 0,127833 0,000106
becoming 1,108663 0,000307
began 0,634878 0,000176
begin 1,309333 0,000363
beginners 2,813411 0,000780
behavior 0,462035 0,000128
bencode 3,218876 0,000892
bevry 3,912023 0,001085
big 0,673345 0,000187
bigint 3,218876 0,001785
binary 0,916291 0,002540
bius 3,218876 0,000892
block 0,798508 0,000221
bokm 0,127833 0,000035
book 0,478036 0,000133
boolean 1,609438 0,000446
boring 3,218876 0,000892
box 1,171183 0,000325
bracket 2,525729 0,000700
brackets 2,120264 0,000588
bray 2,525729 0,002801
browser 1,078810 0,001795
browsers 1,771957 0,001474
bryan 2,525729 0,001400
bson 2,995732 0,001661
buffers 2,302585 0,001277
build 0,673345 0,000187
building 0,415515 0,000115
built 0,462035 0,000512
butler 2,525729 0,000700
byte 1,771957 0,001474
bytes 2,207275 0,000612
call 0,733969 0,000610
called 0,040822 0,000034
calls 1,049822 0,000291
cannot 0,314711 0,000349
cap 1,714798 0,000475
capabilities 0,891598 0,000742
care 1,514128 0,000420
carriage 3,218876 0,000892
cartoon 2,995732 0,000831
case 0,139262 0,000039
casimir 3,912023 0,001085
catal 0,094311 0,000026
categories -0,009950 -0,000006
category 0,116534 0,000032
catherine 2,525729 0,000700
caught 2,813411 0,000780
cause 0,916291 0,000254
caused 1,049822 0,000291
cbor 3,218876 0,001785
cdfs 3,506558 0,000972
certain 0,274437 0,000228
changes 0,356675 0,000099
changesupload -0,009950 -0,000006
character 1,108663 0,002459
characters 1,272966 0,003529
chart 1,771957 0,000491
checked 1,514128 0,000420
children 1,832581 0,001016
chip 1,469676 0,000407
cid 0,356675 0,000099
citation 0,415515 0,000115
city 1,309333 0,000363
clause 2,120264 0,001176
cli 2,040221 0,000566
client 0,867501 0,000722
closing 1,514128 0,000420
cloud 0,776529 0,000215
cockroachlabs 3,912023 0,001085
code -0,009950 -0,000044
codetextuniform 3,506558 0,000972
coffeescript 2,525729 0,001400
cofounded 3,912023 0,001085
cofounders 3,912023 0,002169
collection 0,527633 0,000146
colon 2,659260 0,000737
com 0,150823 0,000335
comma 2,813411 0,001560
commands 1,714798 0,000475
commas 3,218876 0,006247
comments 1,514128 0,009235
common 0,072571 0,000080
commonly 0,342490 0,000380
commons -0,009950 -0,000003
commonsmediawikiwikibookswikidata 3,912023 0,001085
commonstextbooks 2,659260 0,000737
communication 0,616186 0,000171
communities 1,660731 0,000460
company 0,462035 0,000128
comparing 2,040221 0,000566
comparison 0,446287 0,000371
comparisons 1,832581 0,000508
compatibility 1,108663 0,000307
compatible 1,049822 0,000873
complete 0,713350 0,000198
computer 0,139262 0,000077
concept 0,415515 0,000346
concepts 0,400478 0,000111
conduct -0,009950 -0,000003
conf 2,407946 0,000668
config 3,506558 0,007777
configuration 1,021651 0,003116
configuring 2,995732 0,000831
conformance 2,207275 0,000612
conforming 2,302585 0,000638
connection 1,203973 0,000334
connections 1,272966 0,000353
consequence 1,771957 0,000491
considerations 1,560648 0,000865
considered 0,400478 0,000111
consist 1,560648 0,000433
consistent 1,108663 0,000307
consisting 1,469676 0,000407
consortium 1,771957 0,000983
constrain 3,218876 0,001785
constrains 3,506558 0,000972
consumer 1,049822 0,000582
contact -0,009950 -0,000003
contacts -0,009950 -0,000003
contain 0,693147 0,000769
containing 0,579818 0,000321
content -0,009950 -0,000008
contents -0,009950 -0,000008
context 0,494296 0,000137
contract 1,272966 0,000353
contribute -0,009950 -0,000003
control 0,020203 0,000017
convenient 2,207275 0,000612
conversion 1,469676 0,000407
convert 1,966113 0,000545
cookie -0,009950 -0,000003
corporate 1,078810 0,000299
correct 1,386294 0,000769
cost 0,478036 0,000133
cot 3,912023 0,001085
count 1,660731 0,000460
covers 1,660731 0,000460
create -0,009950 -0,000008
created 0,430783 0,000119
creation 0,693147 0,000384
creative -0,009950 -0,000003
creator 1,660731 0,000460
crockford 2,659260 0,011796
cson 3,912023 0,006507
csv 3,218876 0,001785
curly 2,525729 0,000700
current 0,385662 0,000321
cursive 3,912023 0,001085
customization 2,525729 0,000700
cve 2,525729 0,000700
cyphal 3,218876 0,000892
daly 2,995732 0,000831
dart 2,525729 0,000700
data 0,030459 0,000507
database 0,579818 0,000321
databases 0,127833 0,000106
datatracker 2,995732 0,000831
dates 0,430783 0,000239
davidson 3,218876 0,000892
dds 3,506558 0,000972
december 0,061875 0,000206
decimal 1,897120 0,001052
decision 0,494296 0,000137
declaration 2,040221 0,000566
declarative 1,897120 0,000526
decoding 2,407946 0,000668
deemed 2,659260 0,000737
define 0,798508 0,000221
defined 0,248461 0,000069
defines 0,776529 0,000431
definitions 0,891598 0,000247
delimited 2,525729 0,001400
denial 2,040221 0,001697
density 1,660731 0,000460
depending 0,673345 0,000187
derivatives 1,609438 0,001339
derived 0,891598 0,000247
describe 0,820981 0,000455
described 0,430783 0,000119
describes 0,820981 0,000228
describing 1,203973 0,001001
description -0,009950 -0,000003
descriptionshort 0,000000 0,000000
deserialization 3,506558 0,000972
design 0,127833 0,000035
designed 0,261365 0,000072
despite 1,021651 0,000283
destroyed 2,995732 0,001661
details 0,916291 0,000254
dev 1,514128 0,000420
developed 0,127833 0,000035
developer 0,820981 0,000228
developers -0,009950 -0,000008
development 0,083382 0,000023
dhtml 2,302585 0,000638
difference 0,820981 0,000228
differences 0,967584 0,000268
different 0,020203 0,000011
differentiation 2,302585 0,000638
differently 1,966113 0,000545
digigroups 3,912023 0,001085
digit 2,813411 0,000780
digital 0,400478 0,000111
directives 2,302585 0,001277
directly 0,415515 0,000115
disallowing 3,506558 0,000972
disallows 2,995732 0,000831
disc 2,813411 0,001560
disclaimers -0,009950 -0,000003
discouraged 2,813411 0,000780
discovery 1,171183 0,000325
discussion 1,139434 0,000316
disk 1,469676 0,000407
display 1,171183 0,000325
distinction 1,272966 0,000353
diverse 1,771957 0,000491
dlt 3,218876 0,001785
doc 2,120264 0,000588
docs 1,309333 0,001452
document 0,673345 0,000187
documentation 0,867501 0,000722
documents 1,078810 0,000598
doesn 1,609438 0,000446
dohm 3,912023 0,001085
doi 0,162519 0,000090
domain 0,562119 0,000156
dominant 1,514128 0,000420
don 0,916291 0,000254
donate -0,009950 -0,000006
double 0,916291 0,000508
douglas 1,237874 0,003432
douglascrockford 3,912023 0,001085
down 0,597837 0,000166
download -0,009950 -0,000003
doyle 3,506558 0,000972
draft 1,514128 0,001679
drop 1,714798 0,000475
dropped 1,660731 0,000460
dsdl 3,218876 0,000892
due 0,261365 0,000145
duplex 3,506558 0,000972
duplicate 2,525729 0,001400
dynamic 0,562119 0,000156
early 0,301105 0,000334
ease 2,207275 0,000612
ecma 2,525729 0,018906
ecmascript 2,302585 0,004469
ecosystem 1,171183 0,000325
edelman 2,995732 0,000831
edge 0,941609 0,000261
edifact 3,218876 0,000892
edit -0,009950 -0,000066
editable 3,506558 0,000972
editcommunity -0,009950 -0,000003
edited -0,009950 -0,000003
editing 1,771957 0,000491
edition 0,579818 0,000804
editor 1,660731 0,000921
eds 0,798508 0,000221
edu 1,108663 0,000307
eiffel 2,813411 0,000780
either 0,248461 0,000138
electronic 0,634878 0,000176
element 1,021651 0,000283
elements 0,415515 0,000576
emitted 3,506558 0,000972
emoji 3,912023 0,001085
empty 1,427116 0,000396
encode 2,407946 0,001335
encoded 2,207275 0,001836
encoding 1,609438 0,003123
encryption 1,272966 0,000353
encyclopedia -0,009950 -0,000003
engineering 0,198451 0,000220
engines 1,237874 0,000343
english -0,009950 -0,000008
englishuse 1,966113 0,000545
eric 1,078810 0,000299
escape 1,966113 0,000545
escaped 2,995732 0,002492
escaping 2,995732 0,002492
espa 0,210721 0,000058
etc 0,562119 0,000156
eval 2,813411 0,000780
even 0,235722 0,000196
eventsrandom -0,009950 -0,000003
evil 2,995732 0,000831
exabeam 3,912023 0,002169
exactly 1,171183 0,000325
example 0,030459 0,000084
examples 0,328504 0,000182
examplesarticles 3,912023 0,001085
exchange 0,693147 0,000384
exchanged 1,771957 0,000491
excluded 2,525729 0,000700
executing 2,120264 0,000588
exist 0,653926 0,000363
exists 1,049822 0,000291
expansive 3,912023 0,001085
expecting 3,506558 0,000972
explicitly 0,916291 0,000254
explorer 1,771957 0,000491
exponential 2,040221 0,000566
export -0,009950 -0,000003
express 1,427116 0,000396
expression 1,021651 0,000283
expressions 1,386294 0,000384
extends 1,771957 0,000491
extensible 1,609438 0,000446
extension 0,967584 0,001341
external 0,030459 0,000017
face 1,309333 0,001089
facto 2,207275 0,000612
fallback 3,506558 0,000972
false 1,272966 0,000353
family 1,078810 0,000299
faster 0,994252 0,000276
fasterxml 3,912023 0,001085
fat 1,966113 0,002725
feature 0,616186 0,000171
features 0,371064 0,000206
february 0,061875 0,000172
feed 2,040221 0,000566
feuling 3,912023 0,001085
fewer 1,897120 0,000526
ffff 3,506558 0,000972
field 0,527633 0,000146
fifth 2,040221 0,001131
file 0,616186 0,001537
filename 2,040221 0,001131
filenames 3,218876 0,000892
filepermanent -0,009950 -0,000003
files 0,843970 0,001404
filespecial -0,009950 -0,000003
fill 2,407946 0,000668
finished 1,966113 0,000545
first 0,020203 0,000039
flash 1,897120 0,001052
flatbuffers 2,659260 0,000737
flight 1,897120 0,000526
floating 1,660731 0,002302
following 0,210721 0,000117
footnote 3,218876 0,000892
forbid 3,506558 0,000972
force 0,867501 0,000722
form 0,162519 0,000090
formal 0,673345 0,000373
format 0,941609 0,010181
formatdata 3,506558 0,000972
formats 1,609438 0,003570
formatshidden 3,506558 0,000972
formatshumanreadable 3,218876 0,000892
found 0,385662 0,000107
foundation -0,009950 -0,000003
four 0,820981 0,000228
fractional 2,302585 0,000638
frames 2,407946 0,000668
framework 0,342490 0,000380
fran 0,223144 0,000062
free -0,009950 -0,000008
fromjavascriptstandardstd 3,912023 0,001085
full 0,371064 0,000206
function 0,210721 0,000117
functional 0,733969 0,000203
functions 0,356675 0,000099
further 0,139262 0,000039
game 0,713350 0,000198
general -0,009950 -0,000006
generate 0,798508 0,000221
generated 0,941609 0,000261
generating 1,427116 0,000396
geographical 1,966113 0,000545
geojson 3,912023 0,004338
getakka 3,912023 0,001085
gillies 3,506558 0,000972
github 1,078810 0,003290
gitops 3,912023 0,001085
given 0,261365 0,000072
glossary 0,891598 0,000247
goal 0,713350 0,000198
good 0,733969 0,000610
google 0,579818 0,000161
graphics 0,941609 0,000261
grew 1,386294 0,000384
guide 0,356675 0,000099
gupta 2,302585 0,000638
hagen 3,506558 0,000972
hand 0,733969 0,000203
handful 2,995732 0,000831
handing 2,995732 0,001661
happens 1,966113 0,000545
having 0,579818 0,000161
header 1,897120 0,000526
hegedus 3,912023 0,001085
helplearn -0,009950 -0,000003
hererelated -0,009950 -0,000003
hide -0,009950 -0,000011
high 0,223144 0,000062
history -0,009950 -0,000014
hjson 3,912023 0,002169
hoc 2,302585 0,000638
hocon 3,912023 0,010846
hold 1,021651 0,000566
holding 1,386294 0,000384
holm 3,912023 0,002169
holographic 2,995732 0,000831
home 0,653926 0,000363
horizontal 2,040221 0,000566
however 0,094311 0,000078
hrvatskiidobahasa 1,203973 0,000334
html 1,078810 0,000299
http 1,021651 0,000566
https -0,009950 -0,000003
human 0,579818 0,001125
hyper 2,302585 0,000638
hypertext 1,771957 0,000491
iana 2,995732 0,001661
identifier 1,560648 0,000433
iec 1,897120 0,004208
ieee 0,634878 0,000528
ietf 2,040221 0,003394
ignored 1,832581 0,000508
iii 1,560648 0,000865
image 0,544727 0,000151
imagesall 3,218876 0,000892
imitating 3,506558 0,000972
immediately 1,309333 0,000363
implementation 0,328504 0,000273
implementations 0,733969 0,001424
implementing 0,994252 0,000276
imply 2,040221 0,000566
imports 2,302585 0,000638
impose 2,659260 0,001474
improve 0,274437 0,000076
inc -0,009950 -0,000006
include 0,061875 0,000120
including 0,040822 0,000023
incorrectly 2,302585 0,000638
indentation 2,659260 0,000737
independent 0,713350 0,000396
index -0,009950 -0,000003
indonesiaitaliano 1,237874 0,000343
information 0,072571 0,000060
informational 2,995732 0,000831
informationcite -0,009950 -0,000003
infrastructure 0,713350 0,000593
inherent 2,302585 0,000638
insert 2,207275 0,001836
inside 0,755023 0,000209
instance 0,510826 0,000142
instead 0,301105 0,000083
integer 1,272966 0,000706
intelligent 1,203973 0,000334
intended 0,494296 0,000274
intentionally 2,302585 0,000638
interaction 0,967584 0,000268
interchange 2,120264 0,011756
interchangeextended 3,912023 0,001085
interchanging 3,506558 0,000972
interfaces 0,713350 0,000396
internal 0,634878 0,000176
international 0,139262 0,000193
internationalapplication 3,506558 0,000972
internationalgndfastnationalunited 1,237874 0,000343
internet 0,462035 0,001281
interoperability 1,660731 0,007367
introducing 1,021651 0,000283
introductions 2,302585 0,000638
ion 2,813411 0,003120
ipaarticles 3,912023 0,001085
isbn 0,051293 0,000028
isn 2,302585 0,001915
iso 1,309333 0,003993
issn 0,478036 0,000133
issues 0,527633 0,000293
item -0,009950 -0,000003
items 1,108663 0,000307
jackson 2,207275 0,000612
jake 2,659260 0,000737
january 0,083382 0,000092
jaql 3,912023 0,001085
jason 1,771957 0,001474
java 0,891598 0,001236
javascript 1,021651 0,009347
jay 2,207275 0,000612
jhala 3,912023 0,001085
jitsi 3,912023 0,003254
john 0,210721 0,000058
jsmin 3,912023 0,004338
jsml 3,912023 0,001085
json 1,347074 0,082908
jsonajax 3,912023 0,001085
jsonb 3,912023 0,004338
jsonc 3,912023 0,003254
jsoninternet 3,912023 0,001085
jsoniq 3,912023 0,001085
jsonml 3,912023 0,004338
jsonnet 3,912023 0,005423
jsonrpc 3,912023 0,001085
jsontype 3,912023 0,002169
jtc 2,659260 0,000737
july 0,127833 0,000284
jump -0,009950 -0,000003
june 0,094311 0,000366
kang 2,995732 0,000831
keep 0,994252 0,000827
key 0,356675 0,000297
keys 1,514128 0,001679
kind 1,021651 0,000566
know 0,776529 0,000431
kris 3,218876 0,000892
lack 0,843970 0,000468
language 0,186330 0,001240
languages -0,009950 -0,000022
languagesopen 3,218876 0,000892
larger 0,941609 0,000522
last -0,009950 -0,000008
later 0,223144 0,000062
latest 0,994252 0,000551
latvie 0,994252 0,000276
launched 1,347074 0,000373
launches 1,609438 0,000446
lawyers 2,813411 0,000780
layer 0,867501 0,000241
lead 0,673345 0,000373
led 0,446287 0,000247
lee 0,994252 0,000276
left 0,916291 0,000254
legacy 1,309333 0,000363
legal -0,009950 -0,000006
lerner 3,506558 0,000972
lets 1,832581 0,000508
level 0,116534 0,000065
levels 0,755023 0,000209
liang 2,995732 0,000831
libraries 0,713350 0,000593
library 0,478036 0,000265
license -0,009950 -0,000017
licenses 1,771957 0,000491
lightbend 3,912023 0,002169
lightweight 1,609438 0,000446
like 0,072571 0,000181
limited 0,510826 0,000142
limits 1,272966 0,000353
line 0,356675 0,000494
linear 0,916291 0,000254
link 0,162519 0,000045
linked 0,941609 0,000261
linking 2,040221 0,000566
linkpage -0,009950 -0,000003
links -0,009950 -0,000014
list 0,083382 0,000116
lists 0,597837 0,000166
literal 2,040221 0,000566
literals 2,525729 0,000700
little 0,820981 0,000228
liveview 3,912023 0,001085
loaded 1,771957 0,000491
log -0,009950 -0,000006
logo 1,832581 0,000508
loops 1,897120 0,000526
loss 0,967584 0,000537
lot 1,469676 0,000407
low 0,478036 0,000133
lowe 3,912023 0,001085
lucid 3,912023 0,001085
lux 0,371064 0,000103
lwn 2,659260 0,000737
machine 0,083382 0,000023
macromedia 3,506558 0,000972
made 0,186330 0,000103
magnitude 1,897120 0,000526
magnus 2,995732 0,001661
magyar 1,049822 0,000291
main -0,009950 -0,000019
major 0,314711 0,000087
majority 1,139434 0,000316
make 0,235722 0,000196
makes 0,415515 0,000576
management 0,139262 0,000039
managing 1,021651 0,000283
manipulate 1,469676 0,000407
manual 1,237874 0,000343
many 0,061875 0,000051
map 1,171183 0,000325
mapping 1,237874 0,000343
marc 1,771957 0,000491
march 0,116534 0,000323
mark 0,462035 0,000256
marks 1,660731 0,000460
markup 2,040221 0,002263
mass 1,427116 0,000396
master 1,203973 0,000334
mastering 2,040221 0,000566
matching 1,171183 0,000325
matt 1,609438 0,000446
matter 1,386294 0,000384
maximum 1,386294 0,000384
mccombs 3,912023 0,001085
mckamey 3,912023 0,001085
mdn 2,302585 0,001277
mdy 1,514128 0,000420
meaning 0,544727 0,000151
meaningful 1,966113 0,000545
media 0,139262 0,000193
melayunederlands 2,040221 0,000566
member 1,237874 0,000343
members 0,755023 0,000419
menu -0,009950 -0,000006
merger 2,813411 0,000780
message 0,478036 0,000265
messagepack 3,218876 0,000892
messages 1,078810 0,000897
messaging 1,714798 0,000951
metadata 1,347074 0,001120
method 0,210721 0,000117
methodology 1,108663 0,000307
methods 0,274437 0,000076
microsoft 0,579818 0,000482
microsystems 1,966113 0,000545
mime 2,525729 0,001400
minification 3,912023 0,001085
minimal 1,347074 0,000373
misconception 3,218876 0,000892
mobile -0,009950 -0,000003
mocking 3,912023 0,001085
modern 0,314711 0,000262
modified 1,203973 0,000334
mongodb 2,525729 0,000700
morningstar 3,218876 0,000892
mostly 0,994252 0,000276
move -0,009950 -0,000011
mozilla 1,514128 0,000840
much 0,400478 0,000222
multiline 3,506558 0,000972
multilingual 2,995732 0,000831
multiple 0,116534 0,000097
mysql 2,525729 0,001400
name 0,342490 0,001044
named 0,820981 0,000228
names 0,673345 0,001307
naming 1,386294 0,000769
nan 2,813411 0,000780
native 1,078810 0,000299
navigation -0,009950 -0,000003
necessary 0,616186 0,000171
need 0,248461 0,000069
needed 0,210721 0,000117
needing 0,597837 0,000331
net 0,415515 0,000806
netscape 2,040221 0,000566
network 0,210721 0,000058
neutral 2,040221 0,000566
new 0,010050 0,000020
nfc 2,813411 0,000780
niche 3,506558 0,000972
nlohmann 3,912023 0,001085
nodes 1,108663 0,000307
non -0,009950 -0,000008
nonstandard 3,218876 0,000892
noosh 3,912023 0,001085
norsk 0,342490 0,000095
notation 1,203973 0,004339
notationthe 3,912023 0,001085
notes 0,415515 0,000115
noteworthy 3,218876 0,000892
notifications 2,525729 0,000700
november 0,150823 0,000293
null 1,347074 0,001120
number 0,051293 0,000114
numbers 0,544727 0,001208
numeric 1,427116 0,000791
object 0,544727 0,003020
objects 0,544727 0,001510
obsoleted 2,813411 0,000780
obsoletes 3,506558 0,000972
occupies 3,218876 0,000892
october 0,139262 0,000270
offering 0,994252 0,000276
offers 0,755023 0,000209
office 0,916291 0,000508
official 0,733969 0,000407
often 0,127833 0,000035
older 1,237874 0,000686
oldid -0,009950 -0,000003
oleuskara 1,514128 0,000420
one 0,010050 0,000006
ongoing 1,560648 0,000433
open 0,235722 0,000654
openxps 3,506558 0,000972
operators 1,237874 0,000343
optical 1,560648 0,000433
optimally 3,912023 0,001085
optimized 1,714798 0,000951
optional 1,386294 0,000384
orbit 2,995732 0,000831
order 0,094311 0,000105
ordered 1,386294 0,000384
ordering 1,897120 0,002104
org -0,009950 -0,000050
organization -0,009950 -0,000006
oriented 0,798508 0,000443
original 0,030459 0,000160
originally 0,820981 0,000455
originated 1,771957 0,000491
oswalt 3,912023 0,001085
others 0,314711 0,000262
out 0,261365 0,000145
outer 2,302585 0,000638
outs 3,506558 0,000972
outside 0,798508 0,000443
overflow 1,771957 0,000491
overhead 1,469676 0,000407
overly 2,995732 0,000831
page -0,009950 -0,000014
pagecontentscurrent -0,009950 -0,000003
pageget -0,009950 -0,000003
pages -0,009950 -0,000008
pagesuse 1,469676 0,000407
pagethis 2,659260 0,000737
pair 1,714798 0,000951
pairs 1,832581 0,003048
paragraph 2,659260 0,001474
parse 2,525729 0,001400
parsed 2,525729 0,000700
parser 2,302585 0,001915
parsing 1,714798 0,002377
part 0,127833 0,000071
particular 0,301105 0,000167
pass 1,469676 0,000815
paul 0,544727 0,000151
pbryan 3,912023 0,001085
pdf 0,139262 0,000154
pdfprintable -0,009950 -0,000003
pedantic 3,912023 0,001085
pending 2,120264 0,000588
people 0,356675 0,000593
per 0,616186 0,000171
perform 0,562119 0,000156
permits 2,302585 0,000638
persistent 1,660731 0,000460
person 1,021651 0,000283
personal -0,009950 -0,000003
phase 1,560648 0,000433
phone 1,714798 0,000475
php -0,009950 -0,000003
pick 2,040221 0,000566
pipe 2,813411 0,001560
pitfalls 3,506558 0,000972
place 0,597837 0,000166
plain 1,514128 0,000420
plane 1,771957 0,000491
play 1,139434 0,000316
playframework 3,912023 0,001085
plug 2,302585 0,000638
plugins 2,302585 0,000638
point 0,301105 0,000417
policy -0,009950 -0,000006
polskiportugu 0,916291 0,000254
popularized 2,120264 0,000588
portability 1,771957 0,000983
portalrecent -0,009950 -0,000003
possible 0,287682 0,000160
postal 3,218876 0,000892
postgresql 2,813411 0,001560
practical 0,634878 0,000176
practice 0,371064 0,000206
precision 1,469676 0,002445
precursor 2,040221 0,000566
predefined 2,525729 0,000700
present 0,597837 0,000166
preserving 2,525729 0,000700
press 0,210721 0,000058
primary 0,527633 0,000585
print -0,009950 -0,000003
printing 2,040221 0,000566
prior 0,891598 0,000247
privacy -0,009950 -0,000006
problems 0,430783 0,000239
procedure 1,386294 0,000769
processing 0,356675 0,000692
processor 1,272966 0,000353
producer 2,525729 0,001400
produces 1,560648 0,000433
products 0,579818 0,000161
profile 1,514128 0,000420
profit -0,009950 -0,000003
programmability 3,506558 0,000972
programming 0,446287 0,001237
programs 0,494296 0,000137
project 0,314711 0,000349
projects -0,009950 -0,000008
prometheus 3,218876 0,000892
promoted 2,813411 0,000780
pronounce 2,995732 0,000831
pronounced 2,659260 0,002212
pronouncing 3,506558 0,000972
pronunciation 2,659260 0,002949
properties 0,693147 0,000192
property 0,776529 0,000431
proposal 1,514128 0,001259
proprietary 1,171183 0,000325
protected 0,776529 0,000215
proto 2,813411 0,000780
protocol 0,713350 0,001384
protocols 0,967584 0,000268
prototype 1,609438 0,000446
provide 0,174353 0,000097
provided 0,494296 0,000274
provides 0,261365 0,000217
public 0,248461 0,000069
published 0,328504 0,000546
punctuation 2,659260 0,000737
puppet 3,506558 0,001944
pure 1,560648 0,000433
purpose 0,356675 0,000198
purposes 0,798508 0,000221
python 0,916291 0,000508
quantities 1,771957 0,000491
query 1,427116 0,001583
quot 1,560648 0,028556
quotation 2,207275 0,001224
quoted 2,040221 0,001131
radio 1,469676 0,000407
range 0,446287 0,000124
ranjit 3,912023 0,001085
rbaycanca 0,248461 0,000069
rdf 2,120264 0,000588
readability 2,120264 0,000588
readable 1,469676 0,001222
readeditview 0,287682 0,000160
readily 2,407946 0,000668
reading 0,342490 0,000095
real 0,210721 0,000175
realizing 2,659260 0,000737
rebol 2,995732 0,000831
receives 1,469676 0,000407
recommend 2,207275 0,000612
recycling 2,525729 0,000700
redefined 3,218876 0,000892
redirects 1,078810 0,000299
redux 3,218876 0,000892
ref 2,407946 0,000668
reference 0,478036 0,000530
references 0,020203 0,000028
refers 0,755023 0,000209
refreshing 3,912023 0,001085
regard 1,609438 0,000446
regarding 1,386294 0,000384
registered -0,009950 -0,000003
regular 1,049822 0,000291
reilly 1,078810 0,000598
related 0,051293 0,000014
relational 1,714798 0,000475
release 0,579818 0,000321
reliability 1,021651 0,000283
remains 1,237874 0,000343
remote 0,843970 0,000468
removed 0,693147 0,000384
removes 1,966113 0,000545
renders 2,659260 0,000737
repeatability 3,506558 0,000972
replaced 1,237874 0,000343
replacement 1,714798 0,000475
report 0,462035 0,000128
repository 1,078810 0,000299
represent 0,733969 0,000407
representation 0,776529 0,001507
representations 1,560648 0,000433
represented 0,967584 0,000268
representing 1,108663 0,000615
reqbin 3,912023 0,001085
request 1,203973 0,000334
require 0,462035 0,000384
required 0,274437 0,000152
requirements 0,597837 0,000166
requires 0,430783 0,000239
requiring 1,049822 0,000291
responds 2,525729 0,000700
response 0,755023 0,000419
restricted 1,427116 0,000396
restriction 2,302585 0,000638
restrictions 1,309333 0,001089
results 0,446287 0,000124
retrieved -0,009950 -0,000177
return 0,820981 0,000228
reviewed 1,714798 0,000475
revision 1,347074 0,001120
rfc 1,714798 0,010459
rich 1,347074 0,000373
rom 0,616186 0,000171
romanizations 2,813411 0,000780
round 1,714798 0,000475
rounding 2,995732 0,000831
rpc 2,813411 0,004680
run 0,446287 0,000124
sad 3,912023 0,002169
safe 0,994252 0,000551
safety -0,009950 -0,000011
saga 3,218876 0,000892
said 0,755023 0,000209
saternos 3,912023 0,001085
saw 1,832581 0,001016
sawn 3,912023 0,002169
say 1,078810 0,000897
scalability 1,469676 0,000407
scaled 1,832581 0,000508
schaub 3,506558 0,000972
schema 1,897120 0,008941
scott 0,891598 0,000247
script 1,897120 0,000526
scripting 1,237874 0,000343
sean 1,609438 0,000446
search -0,009950 -0,000014
security 0,314711 0,000087
see -0,009950 -0,000017
seen 0,776529 0,000215
self 0,478036 0,000133
semantics 1,171183 0,001948
send 1,347074 0,000373
sends 2,120264 0,000588
sent 1,171183 0,000325
seonghoon 3,912023 0,001085
separate 0,693147 0,000192
separated 1,514128 0,000420
separates 2,525729 0,001400
separator 2,813411 0,003120
september 0,150823 0,000209
sequence 0,994252 0,000276
sequences 1,514128 0,000840
serializable 3,912023 0,001085
serialization 2,813411 0,004680
serialize 3,218876 0,000892
serialized 3,912023 0,002169
serializing 3,912023 0,001085
series 0,328504 0,000091
server 0,653926 0,001450
servers 1,021651 0,000283
service 0,314711 0,000262
services 0,400478 0,000222
session 1,660731 0,000460
set 0,083382 0,000069
several 0,094311 0,000157
shall 2,659260 0,000737
sharealike -0,009950 -0,000003
short -0,009950 -0,000006
shortened -0,009950 -0,000003
shouldn 3,218876 0,001785
shows 1,139434 0,000316
shqipsimple 1,203973 0,000334
side 0,693147 0,000577
sidebar -0,009950 -0,000011
signature 1,714798 0,000475
signed 1,309333 0,000726
significance 1,771957 0,000983
significant 0,328504 0,000182
similar 0,186330 0,000155
simple 0,150823 0,000125
since 0,139262 0,000116
single 0,127833 0,000106
sister 1,386294 0,000384
site -0,009950 -0,000003
situations 1,237874 0,000343
size 0,462035 0,000128
slash 2,995732 0,000831
smi 3,218876 0,000892
smile 3,218876 0,003570
smith 1,203973 0,000334
soap 2,207275 0,000612
software 0,127833 0,000213
sold 1,347074 0,000373
son 2,813411 0,000780
sorin 3,912023 0,001085
source 0,186330 0,000155
space 0,478036 0,000398
specific 0,094311 0,000105
specifically 0,843970 0,000702
specification 0,941609 0,003133
specifications 1,237874 0,002402
specified 0,733969 0,000814
specifies 1,714798 0,000951
spouse 3,912023 0,001085
sqaraqalpaqsharom 2,302585 0,000638
sqlite 2,813411 0,003900
square 1,609438 0,000446
srpskisuomisvenska 1,714798 0,000475
stage 1,386294 0,000384
standard 0,198451 0,001210
standardization 1,309333 0,000363
standardized 1,203973 0,000668
standards 0,462035 0,000769
standardsiso 3,506558 0,000972
standardslist 2,813411 0,000780
standardsmarkup 3,912023 0,001085
starch 2,659260 0,000737
started 0,634878 0,000176
state 0,235722 0,000131
stateful 2,525729 0,000700
statement -0,009950 -0,000003
statements 0,314711 0,000087
statementsarticles 0,544727 0,000151
states 0,385662 0,000107
statesisraelotheryale 3,218876 0,000892
stating 2,040221 0,000566
statistics -0,009950 -0,000003
statusthis 2,659260 0,000737
std 2,407946 0,002003
stefan 1,560648 0,000433
stephen 0,867501 0,000241
store 0,733969 0,000203
stored 0,733969 0,000203
stores 1,272966 0,000353
stream 1,139434 0,000316
streambase 3,912023 0,006507
streaming 1,714798 0,001902
street 1,203973 0,000668
strict 1,609438 0,001339
strictly 1,966113 0,001090
string 1,171183 0,000649
strings 1,514128 0,004198
strip 3,506558 0,000972
strong 0,776529 0,000215
structure 0,314711 0,000349
structured 0,653926 0,000181
structures 0,673345 0,000187
studio 1,660731 0,001381
stuff 2,813411 0,000780
subsection 0,020203 0,000022
subset 1,237874 0,003089
subsume 3,912023 0,002169
subsystems 2,813411 0,000780
suffered 2,995732 0,000831
sun 1,237874 0,000343
super 1,771957 0,000491
superseding 3,912023 0,001085
superset 2,995732 0,004983
supersets 3,218876 0,004462
support 0,198451 0,000385
supported 0,634878 0,000704
supporting 0,843970 0,000468
supports 0,867501 0,000962
suppose 2,302585 0,001277
surrogate 2,207275 0,000612
sweigart 3,912023 0,001085
syntactic 2,040221 0,001697
syntactically 2,813411 0,000780
syntax 1,171183 0,006494
system 0,030459 0,000051
systems 0,061875 0,000034
tab 2,525729 0,000700
table -0,009950 -0,000008
tag 1,714798 0,001902
tags 1,897120 0,000526
tape 2,040221 0,001697
task 0,776529 0,000646
technique 0,994252 0,000276
technology 0,186330 0,000103
templating 3,218876 0,000892
terminators 3,506558 0,000972
terms -0,009950 -0,000006
text -0,009950 -0,000030
texts 1,832581 0,001524
textual 1,966113 0,001090
thayne 3,912023 0,001085
thomas 0,527633 0,000146
though 0,544727 0,000302
thrift 2,995732 0,000831
thus 0,328504 0,000091
tibco 3,218876 0,002677
tim 0,867501 0,000481
time 0,010050 0,000008
timeless 3,912023 0,001085
tinadeutscheesti 2,659260 0,000737
title -0,009950 -0,000003
toggle -0,009950 -0,000017
token 1,660731 0,000460
toml 3,218876 0,000892
tool 0,653926 0,000181
tools -0,009950 -0,000011
toon 3,218876 0,000892
top -0,009950 -0,000003
topic -0,009950 -0,000003
total 0,673345 0,000187
trademark -0,009950 -0,000003
trading 1,609438 0,000446
trailing 2,525729 0,004201
transcript 2,995732 0,001661
transfer 0,693147 0,000192
transmit 2,813411 0,002340
transmitting 2,995732 0,002492
treat 1,771957 0,000491
tree 0,843970 0,000234
trevor 2,659260 0,000737
true 0,776529 0,000431
two 0,083382 0,000023
type 0,150823 0,000502
types 0,198451 0,000770
typically 0,223144 0,000062
typing 1,560648 0,000433
ubjson 3,218876 0,003570
ude 3,912023 0,001085
udf 3,506558 0,000972
ulietuvi 1,049822 0,000291
ultra 2,302585 0,000638
ultrium 3,506558 0,000972
unambiguous 2,813411 0,000780
unchanged 2,525729 0,000700
under -0,009950 -0,000006
underflow 3,506558 0,000972
understanding 0,562119 0,000156
unescaped 3,912023 0,001085
unicode 1,832581 0,003048
unique 0,916291 0,000762
unit 0,798508 0,000443
universal 0,994252 0,000827
universally 2,659260 0,000737
unlike 0,798508 0,000221
unnecessary 2,302585 0,000638
unofficial 2,040221 0,000566
unpredictable 2,813411 0,000780
unquoted 2,995732 0,001661
unrelated 2,407946 0,000668
unsafe 2,120264 0,000588
unsourced 0,446287 0,000247
until 0,510826 0,000142
updated 0,867501 0,000241
upon 0,673345 0,000187
urldownload -0,009950 -0,000003
usage 0,597837 0,000166
use -0,009950 -0,000033
used -0,009950 -0,000066
useful 0,634878 0,000176
user 0,328504 0,000455
uses 0,094311 0,000261
using -0,009950 -0,000036
usually 0,223144 0,000062
utc -0,009950 -0,000003
utf 2,207275 0,003060
uti 2,995732 0,000831
uuencode 3,218876 0,000892
uwb 3,506558 0,000972
valid 1,272966 0,003529
validation 1,237874 0,000686
validators 2,813411 0,000780
value 0,301105 0,000918
values 0,597837 0,001160
variables 0,891598 0,000247
various 0,223144 0,000124
varying 1,309333 0,000363
vast 1,514128 0,000420
versatile 2,525729 0,000700
version -0,009950 -0,000028
versions 0,579818 0,000321
via 0,186330 0,000310
video 0,616186 0,000171
vids 3,912023 0,001085
view -0,009950 -0,000003
visible 1,309333 0,000363
visual 0,843970 0,001170
voted 3,218876 0,000892
vtedata 2,302585 0,000638
vteinternational 2,813411 0,000780
vtestandards 3,506558 0,000972
vulnerability 1,609438 0,001339
vxa 3,506558 0,000972
warning 1,714798 0,000475
way 0,198451 0,000110
ways 0,446287 0,000124
web 0,342490 0,001899
website 0,634878 0,000528
well 0,051293 0,000014
what -0,009950 -0,000011
whereas 1,049822 0,000873
whether 0,400478 0,000111
which 0,000000 0,000000
while 0,051293 0,000171
whitespace 2,207275 0,001836
who 0,301105 0,000083
wide 0,597837 0,000331
widely 0,342490 0,000095
wider 1,714798 0,000475
widespread 0,994252 0,000276
wikibooks 1,427116 0,000396
wikidatawikipedia 0,967584 0,000268
wikimedia -0,009950 -0,000006
wikipedia -0,009950 -0,000022
wikipediacontact -0,009950 -0,000003
wiktionarymedia 1,660731 0,000460
william 0,713350 0,000198
wip 2,659260 0,000737
within 0,116534 0,000129
without 0,094311 0,000105
word 0,693147 0,000192
world 0,139262 0,000116
written 0,287682 0,000160
wrong 1,660731 0,000460
www 0,356675 0,000198
xdr 3,218876 0,000892
xml 1,203973 0,008678
xquery 2,659260 0,000737
xsd 3,506558 0,001944
yahoo 1,832581 0,002032
yaml 2,525729 0,007703
yamlex 3,912023 0,001085
year 0,579818 0,000321
yenc 3,218876 0,000892
yeswebsitejson 3,912023 0,001085
york 0,371064 0,000103
youtube 1,272966 0,000353
yui 3,912023 0,001085
zbekcha 0,462035 0,000128
zero 0,733969 0,000407
zeros 2,995732 0,000831
zyp 3,912023 0,002169
