abaco 2,659260 0,000493
abil 0,562119 0,000208
abl 0,733969 0,000136
absenc 2,040221 0,000378
absent 3,218876 0,000596
abstract 0,713350 0,000396
accept 0,634878 0,000353
access 0,127833 0,000284
accommod 1,897120 0,000351
accomplish 1,771957 0,000328
account -0,009950 -0,000004
acm 0,755023 0,000140
across 0,415515 0,000077
action -0,009950 -0,000002
actionscript 2,813411 0,000521
activ 0,356675 0,000198
activeblink 2,659260 0,000493
activitypub 3,506558 0,000649
ad 0,198451 0,000110
adapt 0,798508 0,000296
add -0,009950 -0,000004
addison 1,203973 0,000223
addit -0,009950 -0,000007
address 0,342490 0,000127
adher 1,660731 0,000615
adob 2,659260 0,000493
adopt 0,415515 0,000308
advantag 0,693147 0,000128
advertis 1,347074 0,000250
afrikaan 1,108663 0,000205
agiledelta 3,912023 0,000725
ago 0,967584 0,000538
agora 3,506558 0,000649
agre -0,009950 -0,000004
aid 0,843970 0,000313
aidx 3,912023 0,000725
aisgaeilgegalego 1,427116 0,000264
ajax 1,832581 0,000339
algorithm 0,462035 0,000086
alia 3,218876 0,001192
allianc 1,832581 0,000339
allow 0,061875 0,000183
almost 0,798508 0,000444
alt 2,407946 0,000892
altern 0,342490 0,000254
although 0,287682 0,000213
alwai 0,597837 0,000111
amaya 2,659260 0,000985
ambron 3,912023 0,000725
american 0,415515 0,000077
amf 2,995732 0,000555
among 0,356675 0,000132
amp -0,009950 -0,000053
ampersand 3,218876 0,000596
anagnostopoulo 3,912023 0,000725
analog 1,021651 0,000189
analyt 0,798508 0,000148
analyz 0,843970 0,000156
angl 2,040221 0,000756
ani 0,083382 0,000201
anim 1,021651 0,000378
aniversari 3,912023 0,000725
annex 2,995732 0,001110
annot 1,108663 0,000205
announc 0,733969 0,000136
anoth 0,127833 0,000071
anywher 1,560648 0,000289
aol 2,120264 0,000393
api 0,798508 0,002071
apo 3,218876 0,000596
appear -0,009950 -0,000026
appendix 2,659260 0,000493
appli -0,009950 -0,000004
applic 0,030459 0,000141
appoint 2,995732 0,000555
approach 0,174353 0,000065
april 0,072571 0,000054
arachn 2,659260 0,000493
aragon 1,171183 0,000217
arbitrari 1,049822 0,000583
arc 2,040221 0,000378
architectur 0,400478 0,000371
archiv 0,040822 0,000091
area 0,478036 0,000177
arena 1,966113 0,000728
argo 3,218876 0,000596
aria 2,995732 0,000555
armenian 3,506558 0,001948
armi 2,207275 0,000409
arora 2,207275 0,000409
art 0,673345 0,000125
articl 0,000000 0,000000
articleabout -0,009950 -0,000002
articletalk -0,009950 -0,000002
ascii 1,897120 0,001406
asian 2,207275 0,000409
ask 0,867501 0,000161
aslib 3,912023 0,000725
asn 3,218876 0,001192
aspect 0,616186 0,000114
assert 1,514128 0,000561
associ 0,127833 0,000047
asynchron 2,040221 0,000378
atla 2,525729 0,000468
atom 1,309333 0,000728
attempt 0,478036 0,000177
attribut -0,009950 -0,000046
aug 2,659260 0,000493
augment 1,237874 0,000229
august 0,162519 0,000181
author 0,040822 0,000030
auto 1,514128 0,000280
autom 0,597837 0,000111
automat 0,462035 0,000086
avail -0,009950 -0,000007
avast 2,525729 0,000468
avro 2,813411 0,000521
awai 1,139434 0,000211
backward 1,514128 0,000280
bahasa 0,186330 0,000035
balines 3,912023 0,000725
base 0,010050 0,000065
basedproprietari 2,659260 0,000493
basi 0,820981 0,000152
basic 0,198451 0,000110
basilisk 2,207275 0,000409
bcp 3,506558 0,000649
beaker 2,659260 0,000493
becam 0,579818 0,000107
becaus 0,127833 0,000047
began 0,634878 0,000118
begin 0,385662 0,000500
behav 1,427116 0,000264
behavior 0,342490 0,000063
believ 1,272966 0,000236
bencod 3,218876 0,000596
benefit 0,776529 0,000144
beonex 2,525729 0,000468
berlin 1,386294 0,000257
better 0,494296 0,000183
beyond 0,713350 0,000132
bibcod 0,693147 0,000128
bibfram 2,813411 0,000521
bibliographi 1,966113 0,000728
bibo 2,813411 0,000521
bielikov 3,912023 0,000725
bikaki 3,912023 0,000725
binari 0,916291 0,001188
bind 1,469676 0,002722
birth 1,897120 0,000351
blazer 2,659260 0,000493
blog 0,713350 0,000132
bmp 3,912023 0,000725
board 0,843970 0,000313
bob 1,832581 0,000339
bokm 0,127833 0,000024
bolt 2,207275 0,000409
bom 3,912023 0,000725
book 0,210721 0,000078
bookmark 2,407946 0,000446
bosak 3,912023 0,004347
bosanski 1,347074 0,000250
box 0,843970 0,000625
bracket 1,897120 0,000703
brai 2,525729 0,010760
brave 2,407946 0,000446
break 0,733969 0,000408
bring 1,021651 0,000189
broader 1,309333 0,000243
browser 1,021651 0,000757
browsersfeatur 2,659260 0,000493
bson 2,995732 0,000555
buffer 1,609438 0,000298
bug 1,171183 0,000217
burden 2,040221 0,000378
burst 2,302585 0,000426
busi 0,287682 0,000053
byte 1,560648 0,000578
byworld 3,912023 0,000725
cake 2,659260 0,000493
call 0,030459 0,000023
callback 2,659260 0,000493
camino 2,525729 0,000468
cannot 0,314711 0,000408
canon 1,714798 0,000953
cap 1,560648 0,000289
capit 0,994252 0,000368
carriag 2,995732 0,001110
carrol 2,995732 0,000555
case 0,083382 0,000093
catal 0,094311 0,000017
categor 1,171183 0,000217
categori -0,009950 -0,000009
cbor 3,218876 0,000596
ccxml 3,506558 0,000649
cdata 3,506558 0,002598
cdf 2,995732 0,000555
ceas 2,659260 0,000493
center 0,415515 0,000077
cern 2,407946 0,000446
certain 0,274437 0,000254
cham 2,407946 0,000446
chang 0,051293 0,000010
changesupload -0,009950 -0,000004
charact 0,843970 0,012037
charter 1,897120 0,000351
check 0,634878 0,000118
child 1,771957 0,000985
china 0,967584 0,000179
chines 1,309333 0,000485
christodoulaki 3,912023 0,000725
chrome 1,966113 0,000364
chromium 2,120264 0,000393
cid 0,356675 0,000066
citat 0,248461 0,000092
cite 0,597837 0,000221
citrio 2,659260 0,000493
claim 0,634878 0,000235
clariti 2,302585 0,000426
clark 1,514128 0,000841
class 0,446287 0,000496
classic 0,544727 0,000101
classifi 0,967584 0,000717
classilla 2,525729 0,000468
close 0,356675 0,000264
cluster 1,272966 0,000236
coast 2,302585 0,000426
cobb 3,506558 0,000649
code -0,009950 -0,000048
codinghorror 3,912023 0,000725
coin 0,941609 0,000174
collabor 0,941609 0,000174
collada 3,912023 0,000725
collect 0,274437 0,000102
collis 1,966113 0,000364
colloqui 2,813411 0,000521
colon 2,407946 0,000446
com 0,150823 0,000112
come 0,356675 0,000264
comet 2,407946 0,000446
comma 2,659260 0,000493
command 0,891598 0,000165
comment 1,049822 0,002139
committe 1,309333 0,000243
common -0,009950 -0,000015
commonli 0,342490 0,000063
commonswikibookswikiversitywikidata 2,302585 0,000426
commun 0,139262 0,000155
communicationworld 3,506558 0,000649
comodo 2,525729 0,000468
compact 1,609438 0,000894
compar 0,342490 0,000127
comparison 0,371064 0,000275
compat 0,693147 0,000128
compil 0,755023 0,000420
complet 0,223144 0,000083
complex 0,186330 0,000069
compon 0,261365 0,000242
comprehens 0,867501 0,000161
comput 0,020203 0,000007
conceiv 2,120264 0,000785
concept 0,198451 0,000074
concret 1,771957 0,000656
conduct -0,009950 -0,000002
confer 0,274437 0,000152
conflict 1,309333 0,000243
conform 1,272966 0,000707
conformationpubl 3,912023 0,000725
conkeror 2,659260 0,000493
connect 0,430783 0,000160
connolli 2,995732 0,000555
consensu 1,832581 0,000339
consequ 0,891598 0,000165
conserv 1,897120 0,000351
consid 0,274437 0,000051
consider 0,713350 0,000132
consist 0,301105 0,000167
consortium 1,771957 0,001969
consortiumtyp 3,912023 0,000725
constitut 1,272966 0,000236
constrain 1,897120 0,000351
constraint 1,139434 0,000844
construct 0,579818 0,000859
consult 1,386294 0,000257
contact -0,009950 -0,000004
contain 0,162519 0,000452
content -0,009950 -0,000033
contenti 2,659260 0,000493
context 0,446287 0,000165
continu 0,174353 0,000065
contract 0,994252 0,000184
contrast 0,891598 0,000165
contribut -0,009950 -0,000004
control 0,020203 0,000037
conveni 1,609438 0,000596
convers 0,776529 0,000288
convert 1,049822 0,000194
cooki -0,009950 -0,000004
core 0,579818 0,000752
correct 0,820981 0,000456
correctli 1,832581 0,000339
correspond 0,798508 0,000148
coupl 1,514128 0,000280
cours 0,967584 0,000179
cover 0,733969 0,000544
cowan 3,218876 0,001192
cowanbas 3,912023 0,000725
creat -0,009950 -0,000015
creativ -0,009950 -0,000002
critic 0,385662 0,000357
css 1,897120 0,001757
csv 3,218876 0,000596
cunningham 2,813411 0,000521
curi 3,506558 0,000649
current 0,210721 0,000156
cyphal 3,218876 0,000596
cyril 3,218876 0,001192
dai 0,562119 0,000312
dan 0,916291 0,000170
dare 3,506558 0,000649
darwin 2,302585 0,000426
data 0,030459 0,000271
databas 0,072571 0,000067
dataczech 1,171183 0,000217
dataspac 2,813411 0,000521
datatyp 3,506558 0,003247
ddwg 3,506558 0,000649
deal 0,843970 0,000156
debat 1,272966 0,000236
decemb 0,061875 0,000023
decim 1,660731 0,000308
decis 0,400478 0,000148
declar 1,108663 0,002053
deepfish 2,659260 0,000493
deepnet 2,659260 0,000493
default 0,693147 0,000257
defin 0,116534 0,000518
definit 0,186330 0,000414
defunct 2,407946 0,000446
delimit 2,207275 0,002862
delin 2,813411 0,000521
depend 0,105361 0,000020
deploi 1,108663 0,000205
deprec 1,660731 0,000615
deriv 0,494296 0,000092
descent 2,407946 0,000892
describ 0,174353 0,000258
descript -0,009950 -0,000011
descriptionshort 0,000000 0,000000
design 0,040822 0,000106
desir 0,941609 0,000174
despit 1,021651 0,000189
detail 0,510826 0,000095
detect 0,755023 0,000559
determin 0,342490 0,000063
develop -0,009950 -0,000031
devic 0,634878 0,000118
dictionari 0,616186 0,000114
differ 0,010050 0,000013
difficult 0,597837 0,000221
digit 0,400478 0,000371
dillo 2,659260 0,000493
direct 0,261365 0,000145
directli 0,415515 0,000308
disallow 2,407946 0,000446
disambigu 1,049822 0,000194
disclaim -0,009950 -0,000002
discontinuedblink 2,659260 0,000493
discourag 2,659260 0,000493
discov 1,108663 0,000205
discuss 0,494296 0,000183
dispar 2,813411 0,000521
displai 0,755023 0,000140
disput 1,309333 0,000243
distinct 0,544727 0,000101
distinguish 0,733969 0,000408
div 2,659260 0,000985
dive 2,525729 0,000936
diveintomark 3,912023 0,000725
divid 1,049822 0,000194
doap 2,813411 0,000521
document 0,328504 0,005294
doi 0,162519 0,000271
dolphin 2,659260 0,000493
dom 1,560648 0,002891
donat -0,009950 -0,000004
done 0,653926 0,000121
doobl 2,659260 0,000493
dot 1,609438 0,000298
doubl 0,843970 0,000156
down 0,597837 0,000111
download -0,009950 -0,000002
draconian 3,912023 0,000725
draft 1,427116 0,000793
driven 0,867501 0,000161
dsdl 3,218876 0,005366
dtd 3,506558 0,016887
dublin 2,659260 0,000493
ducharm 3,506558 0,000649
duckduckgo 2,525729 0,000468
due 0,261365 0,000097
dummi 2,407946 0,000446
dyke 3,912023 0,002898
dynam 0,342490 0,000063
dynatext 3,912023 0,000725
earli 0,301105 0,000056
easi 1,021651 0,000189
easier 1,049822 0,000972
east 1,714798 0,000318
ebcdic 3,912023 0,000725
ebml 3,912023 0,000725
ecmascript 2,302585 0,000853
ecosia 2,659260 0,000493
ed 0,210721 0,000312
edg 0,820981 0,000304
edifact 3,218876 0,000596
edit -0,009950 -0,000100
editcommun -0,009950 -0,000002
editor 1,347074 0,000998
editori 2,525729 0,000468
editorship 3,912023 0,000725
editorstim 3,912023 0,000725
effect 0,274437 0,000102
effici 0,287682 0,000160
either 0,248461 0,000230
elect 2,302585 0,000426
electron 0,430783 0,000080
element 0,301105 0,001952
elementtre 3,912023 0,000725
eleven 2,995732 0,000555
elimin 0,867501 0,000161
elink 2,659260 0,000493
eliot 3,912023 0,000725
elliott 2,995732 0,000555
els 1,469676 0,000272
em 1,560648 0,000289
email 1,469676 0,000272
emait 1,560648 0,000289
embed 0,755023 0,000280
emotionml 3,506558 0,000649
emphas 1,347074 0,000250
empti 1,386294 0,001797
enabl 0,274437 0,000152
encod 1,203973 0,006467
encount 1,966113 0,000728
encrypt 1,139434 0,001055
encyclopedia -0,009950 -0,000002
end 0,186330 0,000483
engag 1,609438 0,000298
engin 0,061875 0,000046
english -0,009950 -0,000004
englishsloven 0,510826 0,000095
ensur 0,713350 0,000264
enter 1,049822 0,000194
entir 0,597837 0,000443
entiti 0,843970 0,001563
enumer 2,040221 0,000378
environ 0,385662 0,000071
epic 2,040221 0,000378
equival 0,820981 0,000152
erb 3,506558 0,001299
erc 2,659260 0,000985
error 0,430783 0,000638
escap 1,832581 0,003055
espa 0,210721 0,000039
especi 0,415515 0,000077
essenti 0,634878 0,000118
etc 0,562119 0,000104
eum 3,912023 0,000725
ev 2,407946 0,000446
even 0,235722 0,000262
event 0,356675 0,000132
eventsrandom -0,009950 -0,000002
eventu 0,798508 0,000148
everyth 1,309333 0,000243
eww 2,659260 0,000493
exactli 1,171183 0,000217
exampl 0,020203 0,000079
except 0,733969 0,000544
exchang 0,579818 0,000537
exclud 1,660731 0,001230
exclus 1,272966 0,000236
exhaust 1,897120 0,000351
exi 3,506558 0,001299
exist 0,186330 0,000104
expans 1,309333 0,000243
expens 1,108663 0,000205
experi 0,510826 0,000189
expert 1,078810 0,000200
explicit 1,171183 0,000217
explicitli 0,916291 0,000170
explor 0,820981 0,000456
export -0,009950 -0,000002
expos 1,272966 0,000236
express 0,544727 0,000908
extend 0,385662 0,000214
extens 0,342490 0,001205
extent 1,386294 0,000257
extern 0,030459 0,000023
extract 1,108663 0,000616
extrem 0,941609 0,000174
face 1,021651 0,000189
facebook 1,560648 0,000578
facil 0,891598 0,000826
fail 0,693147 0,000257
falkon 2,659260 0,000493
fall 0,867501 0,000161
famili 0,994252 0,000184
faq 1,386294 0,000514
far 0,867501 0,000161
fashion 1,832581 0,000339
fast 0,673345 0,000249
faster 0,994252 0,000184
featur 0,210721 0,000312
februari 0,061875 0,000160
feed 1,966113 0,000728
fennel 3,912023 0,001449
fffd 3,912023 0,000725
fffe 3,912023 0,000725
ffff 3,506558 0,001299
fifth 2,040221 0,002267
file 0,446287 0,000661
filenam 1,897120 0,000351
fileperman -0,009950 -0,000002
filespeci -0,009950 -0,000002
filter 1,108663 0,000205
find 0,371064 0,000069
firefox 1,771957 0,000656
first 0,020203 0,000034
five 0,776529 0,000288
fix 0,385662 0,000143
flatbuff 2,659260 0,000493
flexbox 3,506558 0,000649
flock 2,207275 0,000409
floorp 2,525729 0,000468
flow 0,430783 0,000080
fluid 1,660731 0,000308
flynn 2,813411 0,000521
foaf 2,659260 0,000493
focu 0,755023 0,000140
focus 0,653926 0,000121
folksonomi 2,813411 0,000521
follow 0,072571 0,000067
forbidden 2,120264 0,000785
forc 0,597837 0,000111
fork 1,203973 0,000223
form 0,072571 0,000121
formal 0,510826 0,000095
format 0,634878 0,002822
formatmarkup 3,912023 0,000725
formatscomput 3,912023 0,000725
formatsdata 3,912023 0,000725
formatshumanread 3,218876 0,000596
formatsmarkup 3,912023 0,000725
formatspresent 3,912023 0,000725
formed 3,912023 0,001449
forward 0,941609 0,000174
foss 1,966113 0,000364
found 0,274437 0,000051
foundat -0,009950 -0,000006
four 0,820981 0,000152
fpml 3,912023 0,000725
fragment 1,897120 0,000703
framework 0,287682 0,000373
fran 0,223144 0,000124
franca 1,609438 0,000298
free -0,009950 -0,000004
frequent 0,916291 0,000339
fromsgmlextend 3,506558 0,000649
full 0,371064 0,000137
function 0,030459 0,000034
further 0,139262 0,000129
futur 0,235722 0,000306
gain 0,616186 0,000114
galeon 2,659260 0,000493
gazel 2,659260 0,000493
gecko 2,407946 0,001338
gener -0,009950 -0,000024
genev 2,995732 0,000555
geneva 2,525729 0,000468
geoloc 2,525729 0,000468
geotag 2,813411 0,000521
ghostzilla 2,659260 0,000493
gioldasi 3,912023 0,000725
given 0,261365 0,000097
giza 3,912023 0,000725
glyph 3,912023 0,000725
gnome 2,302585 0,000426
gnu 1,272966 0,000236
goal 0,562119 0,000312
goanna 2,525729 0,000468
googl 0,579818 0,000215
grai 2,120264 0,000393
grammar 1,966113 0,001821
grammat 3,218876 0,000596
graphic 0,733969 0,000136
grassroot 3,506558 0,000649
grddl 2,813411 0,000521
greenbrows 2,659260 0,000493
greet 3,218876 0,002981
grew 1,386294 0,000257
grid 1,660731 0,000308
group 0,186330 0,000518
gsoap 3,912023 0,000725
guidanc 1,714798 0,000318
guidelin 1,237874 0,000688
halfwai 3,912023 0,000725
handl 0,415515 0,000308
handler 2,207275 0,000409
harold 2,120264 0,001571
hatom 2,813411 0,000521
hcalendar 2,813411 0,000521
hcard 2,813411 0,000521
hdml 3,506558 0,000649
header 1,714798 0,000318
health 0,994252 0,000184
healthbas 3,912023 0,000725
heavi 1,609438 0,000298
hello 1,714798 0,000318
help 0,174353 0,000065
helplearn -0,009950 -0,000002
hererel -0,009950 -0,000002
hexadecim 2,525729 0,000936
hide -0,009950 -0,000007
hierarchi 1,469676 0,000272
higher 0,430783 0,000080
highli 0,867501 0,000482
highlight 1,309333 0,000243
histori -0,009950 -0,000011
hoboken 1,897120 0,000351
hold 0,579818 0,000107
home 0,616186 0,000114
hooper 3,912023 0,000725
horizont 1,897120 0,000703
hotjava 2,659260 0,000493
howev 0,094311 0,000070
hproduct 2,813411 0,000521
hrecip 2,813411 0,000521
hrenberg 3,912023 0,000725
hreview 2,813411 0,000521
hrvatskibahasa 1,427116 0,000264
html 1,078810 0,002398
http -0,009950 -0,000007
httpd 2,813411 0,000521
huawei 1,966113 0,000364
human 0,527633 0,000293
hundr 1,237874 0,000229
hype 2,120264 0,000393
hyper 2,302585 0,000426
hyperdata 2,813411 0,000521
hypertext 1,771957 0,000656
hyphen 2,995732 0,000555
iad 3,218876 0,000596
ibm 0,693147 0,000257
ibrows 2,659260 0,000493
icab 2,659260 0,000493
icecat 2,525729 0,000468
icedragon 2,659260 0,000493
id 0,994252 0,000184
idea 0,527633 0,000098
identifi 0,356675 0,000330
iec 1,897120 0,002811
ietf 2,040221 0,000756
imag 0,494296 0,000092
img 2,659260 0,000493
implement 0,105361 0,000176
importantli 2,302585 0,000426
inact 1,966113 0,001821
inasloven 0,616186 0,000114
inasoomaaliga 2,525729 0,000468
inc -0,009950 -0,000002
includ 0,000000 0,000000
inclus 1,514128 0,000561
incompat 1,272966 0,000236
index -0,009950 -0,000002
indexeddb 2,407946 0,000892
indic 0,356675 0,000066
indieauth 3,506558 0,000649
individu 0,314711 0,000117
indonesiainterlingua 1,660731 0,000308
industri 0,356675 0,000198
influenc 0,579818 0,000107
info 1,832581 0,000339
inform 0,061875 0,000252
informa 3,218876 0,000596
informationcit -0,009950 -0,000002
infoset 3,912023 0,003623
inherit 1,609438 0,000596
initi 0,235722 0,000437
inkml 3,506558 0,000649
inner 2,302585 0,001279
input 0,634878 0,000118
insert 1,560648 0,000578
insid 0,579818 0,000107
inspect 1,514128 0,000280
instanc 0,478036 0,000266
instead 0,301105 0,000056
instruct 1,108663 0,000616
integr 0,174353 0,000097
intellig 0,510826 0,000189
intend 0,478036 0,000089
intens 1,427116 0,000793
intention 2,207275 0,000409
interact 0,356675 0,000198
interchang 1,714798 0,000953
interest 0,478036 0,000177
interfac 0,494296 0,000458
interleaf 3,912023 0,000725
intermedi 1,309333 0,000485
intern 0,040822 0,000045
internation 2,040221 0,000378
internationalgndfastnationalunit 1,237874 0,000229
internet 0,462035 0,000685
interoper 1,609438 0,000298
interpret 0,579818 0,000107
introduc 0,210721 0,000117
introduct 0,210721 0,000078
involv 0,415515 0,000077
iri 2,040221 0,000756
isbn 0,051293 0,000086
iso 1,309333 0,003153
isomorph 2,995732 0,000555
issu 0,314711 0,000058
item -0,009950 -0,000009
iter 1,272966 0,000943
iterpars 3,912023 0,000725
itself 0,342490 0,000507
itu 2,659260 0,000493
iwxxm 3,912023 0,000725
ixbrl 2,813411 0,000521
jame 0,634878 0,000353
januari 0,083382 0,000015
japan 1,309333 0,000243
java 0,891598 0,000661
javascript 1,021651 0,000946
jawakiswahili 3,912023 0,000725
jaxb 3,506558 0,000649
jean 1,514128 0,000561
jelliff 3,912023 0,000725
jim 1,514128 0,000280
john 0,198451 0,000074
join 1,386294 0,000257
jon 1,514128 0,001402
journal 0,186330 0,000069
jpg 2,995732 0,001110
json 1,347074 0,000998
jsss 2,813411 0,000521
jsx 3,218876 0,000596
juli 0,127833 0,000284
jump -0,009950 -0,000002
june 0,094311 0,000052
kazehakas 2,659260 0,000493
keep 0,733969 0,000272
kei 0,314711 0,000291
kelli 2,302585 0,000426
keyboard 2,302585 0,000426
keynot 2,525729 0,000468
kidzui 2,659260 0,000493
kimber 3,912023 0,000725
klyne 3,912023 0,000725
kmlstandard 3,912023 0,000725
know 0,653926 0,000121
knowledg 0,597837 0,000443
known 0,127833 0,000095
konqueror 2,659260 0,000493
korea 1,771957 0,000328
kristina 2,995732 0,000555
kylo 2,659260 0,000493
label 1,049822 0,000194
lack 0,544727 0,000404
ladybird 2,659260 0,000493
languag -0,009950 -0,000122
languageabbreviationxmlstatuspublish 3,912023 0,000725
languageextend 3,912023 0,000725
languagesdata 3,912023 0,000725
languagesopen 3,218876 0,000596
larg 0,127833 0,000024
last -0,009950 -0,000002
late 0,733969 0,000136
later 0,223144 0,000083
latest 0,994252 0,000184
latin 1,660731 0,000308
latvi 0,994252 0,000184
laurent 2,525729 0,000468
law 0,653926 0,000363
layer 0,713350 0,000264
lead 0,287682 0,000107
led 0,446287 0,000083
legaci 1,309333 0,000243
legal -0,009950 -0,000007
lend 1,966113 0,000364
less 0,430783 0,000239
letter 0,843970 0,000469
level 0,083382 0,000046
lexic 2,040221 0,000378
liber 2,302585 0,000426
librari 0,356675 0,000198
librewolf 2,525729 0,000468
libwww 3,506558 0,000649
licens -0,009950 -0,000004
like 0,051293 0,000048
lillei 3,218876 0,000596
limit 0,186330 0,000104
line 0,261365 0,000436
linear 0,916291 0,000170
lingua 2,040221 0,000378
link -0,009950 -0,000018
linkpag -0,009950 -0,000002
linksarticl 1,021651 0,000189
linq 3,218876 0,001192
linthicum 3,506558 0,000649
linux 0,916291 0,000170
lisp 1,386294 0,000257
list 0,051293 0,000143
lite 2,302585 0,000426
lnorsk 0,653926 0,000121
load 0,891598 0,000165
local 0,314711 0,000175
log -0,009950 -0,000004
logic 0,616186 0,000571
lombardmagyar 1,832581 0,000339
london 0,941609 0,000174
look 0,478036 0,000089
loshin 3,506558 0,000649
loss 0,891598 0,000165
lotu 2,120264 0,000393
lower 0,673345 0,000125
lucinda 3,506558 0,000649
lunascap 2,659260 0,000493
lux 0,371064 0,000069
lynx 2,525729 0,000468
mac 1,237874 0,000229
machin 0,040822 0,000023
macro 2,120264 0,000785
mad 2,407946 0,000446
madonna 3,912023 0,002898
magma 3,506558 0,000649
maik 3,506558 0,000649
mail 1,203973 0,000223
main -0,009950 -0,000024
mainli 1,021651 0,000378
maint 0,798508 0,000444
maintain 0,400478 0,000223
major 0,223144 0,000083
make 0,061875 0,000138
maler 3,912023 0,002898
manag 0,105361 0,000020
manchest 3,218876 0,000596
mandat 1,714798 0,000318
mani 0,061875 0,000080
manipul 0,673345 0,000249
manual 0,994252 0,000737
map 0,616186 0,000457
mapper 2,407946 0,000446
mar 2,120264 0,000393
mark 0,261365 0,000145
marker 2,813411 0,000521
markup 1,966113 0,012746
match 0,400478 0,000223
materi 0,616186 0,000114
mathml 3,506558 0,001299
matter 1,049822 0,000194
maxthon 2,659260 0,000493
mcqueen 3,912023 0,007246
mean 0,083382 0,000124
mechan 0,356675 0,000198
media 0,139262 0,000206
mediabrows 2,659260 0,000493
melayu 0,820981 0,000152
meleon 2,525729 0,000468
member 0,562119 0,000416
memori 0,562119 0,000521
mention 1,237874 0,000229
mentor 2,995732 0,000555
menu -0,009950 -0,000004
mercuri 2,302585 0,000426
messag 0,400478 0,000148
messagepack 3,218876 0,000596
metadata 1,347074 0,000998
meteorolog 2,120264 0,000785
method 0,150823 0,000084
mgml 3,912023 0,000725
michael 0,385662 0,000214
microb 2,659260 0,000493
microdata 2,659260 0,000493
microformat 2,659260 0,000985
micropub 3,506558 0,000649
microsoft 0,579818 0,000644
microsystem 1,897120 0,000351
microxml 3,912023 0,004347
mid 0,994252 0,000368
midori 2,407946 0,000446
mini 1,832581 0,000339
minim 0,579818 0,000215
minimo 2,525729 0,000468
minor 1,309333 0,000243
mirror 1,897120 0,000351
mismo 3,912023 0,000725
miss 0,867501 0,000161
missil 2,813411 0,000521
mistak 1,832581 0,000339
mix 0,891598 0,000165
mmi 3,506558 0,000649
mobil -0,009950 -0,000004
mod 1,832581 0,000339
mode 0,755023 0,000420
model 0,116534 0,000216
modern 0,314711 0,000058
modular 1,427116 0,000264
moon 2,040221 0,000378
mosaic 2,120264 0,000393
move -0,009950 -0,000009
mozilla 1,514128 0,001122
mse 2,302585 0,000426
mshtml 2,659260 0,000493
msn 2,525729 0,001403
much 0,400478 0,000148
mullvad 2,659260 0,000493
multi 0,342490 0,000127
multimedia 1,386294 0,000770
multimod 2,302585 0,000426
multipl 0,094311 0,000017
mylona 3,912023 0,000725
myth 2,040221 0,000378
name 0,162519 0,000572
namespac 1,560648 0,003469
nation 0,527633 0,000098
navig -0,009950 -0,000004
necessari 0,616186 0,000114
necessarili 1,049822 0,000194
nederland 0,415515 0,000077
need 0,030459 0,000028
neoplanet 2,659260 0,000493
nest 1,609438 0,000596
net 0,385662 0,000286
netcaptor 2,659260 0,000493
netfront 2,659260 0,000493
netoti 1,771957 0,000328
netposit 2,659260 0,000493
netscap 2,040221 0,000756
netsurf 2,659260 0,000493
network 0,127833 0,000095
never 1,021651 0,000189
new 0,010050 0,000007
newer 1,309333 0,000485
next 0,400478 0,000297
node 0,867501 0,000643
nodeiter 3,912023 0,000725
nokia 2,207275 0,000409
non -0,009950 -0,000007
nonbreak 3,912023 0,000725
noncharact 3,912023 0,001449
none 1,609438 0,000894
nordfriisknorsk 1,714798 0,000318
normal 0,673345 0,000249
notabl 0,616186 0,000228
notat 0,941609 0,000698
note 0,150823 0,000084
notif 2,207275 0,000409
notion 1,171183 0,000217
novel 1,771957 0,000328
novemb 0,150823 0,000447
null 1,309333 0,000728
number 0,040822 0,000038
numer 0,430783 0,000559
nutshel 2,995732 0,000555
nynorskpolskiportugu 2,302585 0,000426
oasi 3,218876 0,000596
obasanjo 3,912023 0,000725
object 0,174353 0,000452
obsolet 1,609438 0,000298
occasion 1,714798 0,000318
occur 0,510826 0,000189
ocsp 2,659260 0,000493
octob 0,139262 0,000129
offer 0,248461 0,000276
offic 0,733969 0,000136
offici 0,653926 0,000363
often 0,127833 0,000142
oi 2,525729 0,000936
older 1,237874 0,000229
oldest 2,120264 0,000393
oldid -0,009950 -0,000002
olesperantoeuskara 0,510826 0,000095
omniweb 2,659260 0,000493
ontolog 1,660731 0,000615
open 0,150823 0,000112
opendocu 3,506558 0,000649
opentravel 3,912023 0,000725
oper 0,010050 0,000002
opera 2,302585 0,001279
oppos 1,237874 0,000229
order 0,094311 0,000017
ordinari 1,272966 0,000236
org -0,009950 -0,000011
organ -0,009950 -0,000009
organizationworld 3,912023 0,000725
orient 0,653926 0,000363
origin -0,009950 -0,000031
origyn 2,659260 0,000493
orion 2,302585 0,000426
otter 2,659260 0,000493
outermost 3,912023 0,000725
outsid 0,776529 0,000575
over 0,094311 0,000017
overlap 1,309333 0,000485
overview 0,616186 0,000228
owl 2,525729 0,000936
oxford 0,843970 0,000156
packag 0,776529 0,000144
page -0,009950 -0,000007
pagecontentscurr -0,009950 -0,000002
pageget -0,009950 -0,000002
pair 1,309333 0,000243
pale 2,525729 0,000468
paoli 3,912023 0,005072
paramet 0,755023 0,000280
parent 1,714798 0,000953
pars 1,514128 0,003926
parser 2,207275 0,003271
part 0,072571 0,000134
parti 0,616186 0,000114
particular 0,301105 0,000112
particularli 0,597837 0,000111
pass 0,776529 0,000288
path 0,798508 0,000148
pattern 0,494296 0,000183
pdf 0,139262 0,000155
pdfprintabl -0,009950 -0,000002
peculiar 3,506558 0,000649
peopl 0,356675 0,000066
perform 0,040822 0,000023
perl 1,347074 0,000250
permit 1,203973 0,000669
person -0,009950 -0,000002
peter 0,446287 0,000083
pgml 3,506558 0,000649
philip 1,469676 0,000272
phoenician 3,506558 0,000649
php -0,009950 -0,000006
physic 0,446287 0,000083
pierr 1,966113 0,000364
pilgrim 3,506558 0,000649
piratebrows 2,659260 0,000493
pl 1,832581 0,000339
place 0,356675 0,000132
plain 1,514128 0,000280
plan 0,430783 0,000080
plane 1,660731 0,000308
platform 0,400478 0,000148
plu 1,203973 0,000223
plug 2,040221 0,000378
pogo 2,525729 0,000468
point 0,186330 0,000242
polici -0,009950 -0,000007
portalrec -0,009950 -0,000002
possibl 0,186330 0,000104
postel 3,506558 0,001299
power 0,261365 0,000048
practition 1,514128 0,000280
pragu 2,813411 0,001042
predat 2,525729 0,000468
predefin 2,525729 0,000468
prefix 1,966113 0,000364
presenc 1,108663 0,000411
present 0,287682 0,000053
primari 0,527633 0,000098
primarili 0,653926 0,000121
print -0,009950 -0,000002
prior 0,891598 0,000495
pritchard 3,506558 0,000649
privaci -0,009950 -0,000006
problem 0,186330 0,000138
problemat 2,407946 0,000446
proceed 0,579818 0,000107
process 0,051293 0,000181
processor 1,021651 0,001892
produc 0,342490 0,000127
product 0,174353 0,000032
profil 1,021651 0,000568
profit -0,009950 -0,000002
program 0,116534 0,000389
programm 0,693147 0,000514
project -0,009950 -0,000015
prone 2,120264 0,000393
proof 1,347074 0,000250
proper 1,171183 0,000217
properli 1,309333 0,000243
properti 0,314711 0,000117
propos 0,510826 0,000284
protest 2,813411 0,000521
proto 2,813411 0,000521
protocol 0,527633 0,000391
protocolsbibliographi 3,912023 0,000725
protocolsfeatur 2,659260 0,000493
protocolstechn 3,912023 0,000725
provid 0,061875 0,000183
provok 3,506558 0,000649
public 0,127833 0,000095
publish 0,105361 0,000312
publishedfebruari 3,912023 0,000725
puffin 2,659260 0,000493
pull 1,897120 0,002460
purpos 0,248461 0,000092
push 1,203973 0,000223
put 0,755023 0,000140
python 0,916291 0,000170
qtweb 2,659260 0,000493
queri 1,139434 0,000633
question 0,597837 0,000111
queue 1,660731 0,000308
quo 3,218876 0,000596
quot 1,049822 0,002722
qutebrows 2,659260 0,000493
random 0,693147 0,000128
rang 0,371064 0,000206
rant 3,912023 0,000725
rather 0,287682 0,000266
rational 2,525729 0,000468
raw 1,272966 0,000236
rbaycanca 0,248461 0,000046
rdf 2,120264 0,002749
rdfa 2,659260 0,001478
reach 0,755023 0,000140
reaction 1,966113 0,000364
read 0,162519 0,000151
readabl 1,309333 0,000728
readeditview 0,287682 0,000107
reader 1,560648 0,000289
reason 0,328504 0,000243
rebol 2,995732 0,000555
recal 2,813411 0,000521
recogn 1,021651 0,000568
recommend 0,891598 0,002147
recommendationyear 3,912023 0,000725
reconstruct 1,832581 0,000679
record 0,400478 0,000074
recruit 2,302585 0,000426
recurs 1,514128 0,000561
red 1,237874 0,000229
redcor 2,659260 0,000493
reduc 0,274437 0,000152
redund 1,714798 0,000635
refactor 2,659260 0,000493
refer -0,009950 -0,000039
referenc 1,609438 0,000298
refut 3,218876 0,000596
regard 0,776529 0,000144
regist -0,009950 -0,000004
regul 0,916291 0,000170
regular 0,867501 0,000643
regularli 1,771957 0,000328
reilli 1,078810 0,000799
rel 0,634878 0,000235
relat 0,030459 0,000039
relationship 0,653926 0,000242
relax 2,407946 0,004014
releas 0,415515 0,000077
reliabl 0,371064 0,000069
remain 0,400478 0,000074
remov 0,301105 0,000056
renam 1,771957 0,000328
render 0,994252 0,000552
repertoir 3,912023 0,002898
report 0,261365 0,000194
repres 0,235722 0,000611
represent 0,634878 0,001058
republicspainisraelotheridrefelmcipyal 3,506558 0,000649
requir 0,051293 0,000095
resign 2,525729 0,000468
resolut 1,560648 0,000289
resolv 1,309333 0,000243
resourc 0,248461 0,000092
respect 0,544727 0,000202
restrict 0,755023 0,000280
result 0,139262 0,000077
retriev -0,009950 -0,000044
retrospect 2,659260 0,000493
return 0,510826 0,000473
reus 1,832581 0,000339
review 0,314711 0,000117
revis 1,021651 0,000378
rfc 1,714798 0,001906
rich 1,309333 0,000485
rick 2,407946 0,000446
rif 3,506558 0,000649
rise 0,916291 0,000170
risk 0,579818 0,000107
risp 3,912023 0,000725
rkmen 1,966113 0,000364
robin 1,714798 0,000318
robust 1,049822 0,000194
rockmelt 2,659260 0,000493
role 0,527633 0,000098
rom 0,616186 0,000114
root 0,733969 0,000272
roughli 1,660731 0,000308
rout 1,108663 0,000205
rrid 2,813411 0,000521
rss 3,218876 0,001192
rudimentari 2,659260 0,000493
rule 0,510826 0,001514
run 0,248461 0,000092
rusti 3,218876 0,000596
safari 2,040221 0,000378
safeti -0,009950 -0,000004
salamweb 2,659260 0,000493
samsung 2,040221 0,000378
satisfi 1,347074 0,000250
sawsdl 2,813411 0,000521
sax 3,506558 0,004546
saz 2,995732 0,000555
scala 2,040221 0,000756
schema 1,771957 0,016082
schemadomainseri 3,912023 0,000725
schematron 3,912023 0,004347
scheme 1,171183 0,000217
sciam 3,218876 0,000596
scienc 0,274437 0,000102
scientif 0,673345 0,000125
scientificamerican 3,218876 0,000596
scope 0,891598 0,000330
screen 1,660731 0,000308
script 0,916291 0,000339
scxml 3,506558 0,000649
seamonkei 2,525729 0,000468
sean 1,609438 0,000298
search -0,009950 -0,000013
sebastopol 2,207275 0,000409
second 0,328504 0,000243
section 0,446287 0,001075
see -0,009950 -0,000009
seen 0,776529 0,000144
self 0,478036 0,000177
semant 0,891598 0,002807
semi 0,843970 0,000156
send 1,108663 0,000205
sensit 1,078810 0,000200
separ 0,400478 0,000223
septemb 0,150823 0,000084
sequenc 0,820981 0,000152
sequenti 1,771957 0,000328
seri 0,328504 0,000061
serial 2,120264 0,003927
serv 0,713350 0,000132
server 0,597837 0,000111
servic 0,210721 0,000156
set 0,051293 0,000133
seven 1,469676 0,000272
sever 0,072571 0,000040
sgml 3,218876 0,011924
shacl 2,659260 0,000985
shall 2,659260 0,000493
sharealik -0,009950 -0,000002
shell 1,049822 0,000389
shiira 2,659260 0,000493
short -0,009950 -0,000004
shorten -0,009950 -0,000002
shqip 1,966113 0,000364
side 0,579818 0,000107
sidebar -0,009950 -0,000007
sig 2,813411 0,001042
sign 0,916291 0,000170
signatur 1,560648 0,001156
signific 0,261365 0,000048
significantli 1,171183 0,000217
silk 2,040221 0,000378
similar 0,150823 0,000056
similarli 0,843970 0,000313
simon 1,021651 0,000189
simpl 0,150823 0,000196
simpler 1,832581 0,002037
simpli 0,733969 0,000136
simplic 1,897120 0,000351
simplifi 0,820981 0,000152
sinc 0,139262 0,000103
singl 0,127833 0,000118
sioc 2,813411 0,000521
sisr 3,506558 0,000649
site -0,009950 -0,000002
situat 0,776529 0,000288
sko 2,659260 0,000985
skunkwork 3,912023 0,000725
skweezer 2,659260 0,000493
skyfir 2,659260 0,000493
sleipnir 2,659260 0,000493
slenskaitaliano 0,562119 0,000104
slide 2,040221 0,000378
slim 3,912023 0,000725
slimbrows 2,659260 0,000493
small 0,314711 0,000175
smalltalk 1,714798 0,000318
smartxml 3,912023 0,000725
smi 3,218876 0,000596
smil 3,506558 0,001948
soap 2,207275 0,000818
softwar 0,127833 0,000095
solid 1,171183 0,000217
solut 0,478036 0,000089
solv 0,820981 0,000152
soon 1,427116 0,000264
sourc 0,094311 0,000070
space 0,415515 0,000539
spacetim 2,302585 0,000426
spam 1,660731 0,000308
sparql 2,407946 0,000892
special 0,235722 0,000175
specif 0,051293 0,000285
specifi 0,446287 0,000331
sperberg 3,912023 0,007246
split 1,139434 0,000211
spread 1,171183 0,000434
springer 0,527633 0,000098
sputnik 2,407946 0,000446
src 2,813411 0,001042
srg 3,506558 0,000649
sri 2,302585 0,000426
srpskisrpskohrvatski 0,510826 0,000095
srware 2,659260 0,000493
ssml 3,506558 0,000649
ssrn 1,427116 0,000264
stack 0,843970 0,000156
stackoverflow 2,995732 0,000555
staff 1,469676 0,000272
stand 1,078810 0,000200
standard 0,094311 0,000454
standardsrecommend 3,506558 0,000649
standardssgmlhidden 3,506558 0,000649
standardssgmlrel 3,912023 0,000725
standardssyntax 2,813411 0,000521
standardsw 3,912023 0,000725
start 0,261365 0,000436
state 0,083382 0,000015
statement -0,009950 -0,000002
statesfrancebnf 0,510826 0,000095
statist -0,009950 -0,000002
stavrakantonaki 3,912023 0,000725
stax 3,912023 0,001449
steel 1,897120 0,000351
steer 2,120264 0,000393
step 0,713350 0,000264
still 0,342490 0,000190
storag 0,430783 0,000239
store 0,356675 0,000198
straightforward 3,218876 0,000596
strata 2,407946 0,000446
stream 0,733969 0,000408
stricter 2,813411 0,000521
string 1,049822 0,000972
strip 2,525729 0,000468
strong 0,776529 0,000144
strongli 1,560648 0,000867
structur 0,139262 0,000464
studi 0,314711 0,000058
stylesheet 2,813411 0,000521
sub 1,021651 0,000189
subject 0,478036 0,000089
subsect 0,020203 0,000022
subset 1,108663 0,000616
substanti 1,237874 0,000229
substitut 1,560648 0,000289
successfulli 1,427116 0,000264
successor 1,897120 0,000351
sueann 3,912023 0,000725
suit 0,891598 0,000495
suitabl 1,237874 0,000229
sun 1,237874 0,000459
suomisvenska 2,040221 0,000378
supermium 2,659260 0,000493
supersed 1,966113 0,000364
supplementari 3,218876 0,000596
support 0,150823 0,000447
surf 2,207275 0,000409
surrog 2,040221 0,000378
survei 0,462035 0,000086
svg 2,525729 0,002807
swiftfox 2,525729 0,000468
sxbl 3,506558 0,000649
symbian 2,207275 0,000409
symbol 1,078810 0,000400
syntact 1,966113 0,001457
syntax 1,171183 0,005640
system 0,010050 0,000019
tab 2,302585 0,000853
tabl -0,009950 -0,000004
tag 1,309333 0,006305
take 0,210721 0,000039
taken 0,867501 0,000321
tame 3,218876 0,000596
target 0,462035 0,000171
task 0,415515 0,000154
tax 1,560648 0,000289
tbrai 3,912023 0,000725
team 0,634878 0,000118
technic 0,478036 0,000354
techniqu 0,385662 0,000143
technolog 0,116534 0,000130
techtarget 2,995732 0,000555
tei 3,506558 0,000649
teleconfer 3,912023 0,000725
tell 1,660731 0,000308
templat 0,301105 0,000056
temporarili 2,040221 0,000378
ten 1,347074 0,000499
tend 1,108663 0,000821
tenfourfox 2,659260 0,000493
term -0,009950 -0,000007
terminolog 1,237874 0,000459
ters 3,506558 0,000649
test 0,248461 0,000046
tex 3,218876 0,000596
texin 3,912023 0,000725
text -0,009950 -0,000031
textmag 3,912023 0,000725
textual 1,897120 0,001406
themselv 0,843970 0,000156
therefor 0,478036 0,000089
third 0,342490 0,000190
thompson 1,714798 0,000318
though 0,544727 0,000303
three 0,287682 0,000160
thrift 2,813411 0,000521
thu 0,314711 0,000175
thunderhawk 2,659260 0,000493
tightli 3,218876 0,000596
tim 0,867501 0,000643
timberwolf 2,659260 0,000493
time 0,000000 0,000000
timesheet 3,506558 0,000649
tinadanskdeutscheesti 1,309333 0,000243
titl -0,009950 -0,000002
togeth 0,579818 0,000215
toggl -0,009950 -0,000015
token 1,386294 0,000257
tokyo 2,302585 0,000426
toml 3,218876 0,000596
tonumer 3,912023 0,000725
took 1,237874 0,000229
tool -0,009950 -0,000009
toon 3,218876 0,000596
top -0,009950 -0,000002
topic -0,009950 -0,000009
tor 2,525729 0,000468
torch 2,407946 0,000446
track 0,713350 0,000132
trademark -0,009950 -0,000002
trang 3,912023 0,000725
transfer 0,544727 0,000101
transform 0,544727 0,000504
translat 0,798508 0,000148
transmiss 1,347074 0,000250
transmit 1,347074 0,000749
travers 2,207275 0,002044
treat 0,967584 0,000538
tree 0,693147 0,000642
treewalk 3,912023 0,000725
trig 2,813411 0,000521
tripl 1,966113 0,000728
trix 2,813411 0,000521
trust 0,820981 0,000152
tsapatsouli 3,912023 0,000725
tsinaraki 3,912023 0,000725
turtl 2,525729 0,000468
two 0,083382 0,000093
type 0,051293 0,000314
typeappl 3,506558 0,000649
typic 0,186330 0,000207
ubiqu 3,218876 0,000596
ubiquit 1,469676 0,000272
ubjson 3,218876 0,000596
ulietuvi 1,049822 0,000194
unchang 2,525729 0,000468
under -0,009950 -0,000002
undergon 2,995732 0,000555
underpin 2,407946 0,000446
understand 0,342490 0,000063
understood 1,469676 0,000272
ungoogl 2,659260 0,000493
unicod 1,832581 0,009843
uniform 1,347074 0,000250
uniqu 0,867501 0,000161
uniscop 3,912023 0,000725
univers 0,139262 0,000052
unnam 2,659260 0,000493
unstructur 2,407946 0,000446
upon 0,673345 0,000125
uri 2,040221 0,000756
urldownload -0,009950 -0,000002
usabl 1,714798 0,000635
user 0,274437 0,000152
usual 0,198451 0,000037
utc -0,009950 -0,000002
utf 2,207275 0,003271
uti 2,995732 0,000555
util 0,597837 0,000111
uuencod 3,218876 0,000596
uzbl 2,659260 0,000493
vadi 3,912023 0,000725
valid 0,616186 0,002853
valu 0,162519 0,000421
variabl 0,494296 0,000183
varieti 0,616186 0,000228
variou 0,223144 0,000207
vast 1,514128 0,000280
vendor 1,139434 0,000211
verbos 2,995732 0,001110
versatil 2,302585 0,000426
version -0,009950 -0,000024
via 0,186330 0,000069
view -0,009950 -0,000002
viewer 2,407946 0,000446
violat 1,386294 0,000770
virtual 0,462035 0,000086
vision 0,867501 0,000161
visit 1,714798 0,000318
visual 0,562119 0,000104
vivaldi 2,659260 0,000493
vml 3,506558 0,000649
vocabulari 1,966113 0,001457
vocifer 3,912023 0,000725
voicexml 3,506558 0,000649
vol 0,616186 0,000114
volum 0,616186 0,000114
vote 1,514128 0,000280
vtedata 2,302585 0,000426
vtesemant 2,813411 0,000521
vteweb 1,966113 0,000364
vteworld 3,506558 0,000649
wai 0,105361 0,000098
wam 3,912023 0,000725
warwick 2,995732 0,000555
washington 1,049822 0,000194
waterfox 2,525729 0,000936
waterloo 3,218876 0,000596
wayback 0,478036 0,000177
wbxml 3,912023 0,000725
web 0,342490 0,002220
webassembl 1,660731 0,001230
webauthn 2,407946 0,000446
webbackground 2,813411 0,000521
webexplor 2,659260 0,000493
webgl 2,407946 0,000446
webgpu 2,407946 0,000892
webkit 2,525729 0,000936
webment 3,506558 0,000649
webplatform 3,506558 0,000649
webposit 2,659260 0,000493
webrtc 2,407946 0,000446
websgml 3,912023 0,000725
websit 0,527633 0,000195
websocket 2,207275 0,000409
websub 3,506558 0,000649
webvtt 3,506558 0,000649
webxr 2,525729 0,000468
weekli 1,966113 0,000364
welcom 1,966113 0,000364
well 0,051293 0,000124
weslei 1,078810 0,000200
whale 2,207275 0,000409
what -0,009950 -0,000018
whati 2,813411 0,000521
whatwg 2,995732 0,000555
wherebi 1,897120 0,000351
wherev 2,813411 0,000521
whether 0,400478 0,000148
which 0,000000 0,000000
while 0,051293 0,000048
whitespac 2,207275 0,000818
who 0,301105 0,000167
whose 0,776529 0,000431
wide 0,210721 0,000703
wiki 1,427116 0,000264
wikibook 1,386294 0,000257
wikidata 0,562119 0,000104
wikidataarticl 1,171183 0,000217
wikidatacommon 3,506558 0,000649
wikimedia -0,009950 -0,000006
wikipedia -0,009950 -0,000011
wikipediacontact -0,009950 -0,000002
wikipediawebarch 3,912023 0,000725
wilei 0,562119 0,000104
winwap 2,659260 0,000493
within 0,116534 0,000216
without 0,094311 0,000140
wmo 3,912023 0,002174
woff 3,506558 0,000649
work 0,030459 0,000096
workflow 2,120264 0,000393
world 0,139262 0,000284
worldwideweb 2,407946 0,000446
wot 3,218876 0,000596
wrap 2,120264 0,000393
write 0,527633 0,000293
written 0,287682 0,000320
wsdl 3,506558 0,000649
www 0,356675 0,000132
xade 3,506558 0,000649
xbl 3,218876 0,000596
xdr 3,218876 0,000596
xerox 2,995732 0,000555
xfdl 3,506558 0,000649
xform 3,506558 0,000649
xframe 3,506558 0,000649
xhp 3,506558 0,000649
xhtml 2,813411 0,003127
xinclud 3,506558 0,001299
xlink 3,506558 0,001299
xml 1,203973 0,074705
xmlapplic 3,912023 0,000725
xmldevelop 3,912023 0,000725
xmlhttprequest 2,407946 0,000446
xmlinternet 3,912023 0,000725
xmllist 3,912023 0,000725
xmlliter 3,912023 0,000725
xmllondon 3,912023 0,000725
xmln 3,218876 0,000596
xmlpullpars 3,912023 0,000725
xmlreader 3,912023 0,001449
xmlschema 3,912023 0,000725
xmlsh 3,912023 0,001449
xmluti 3,912023 0,000725
xmpp 2,813411 0,000521
xombrero 2,659260 0,000493
xop 3,506558 0,000649
xpath 3,218876 0,004173
xpointer 3,506558 0,001299
xproc 3,506558 0,000649
xqueri 2,659260 0,001970
xsd 3,506558 0,004546
xsl 3,218876 0,004173
xslt 3,218876 0,003577
xup 3,506558 0,000649
yaml 2,525729 0,000936
yandex 2,207275 0,000409
ye 1,966113 0,000364
year 0,162519 0,000151
yenc 3,218876 0,000596
yergeau 3,912023 0,003623
yesfre 3,912023 0,000725
yet 0,891598 0,000165
zac 2,525729 0,000468
zen 2,207275 0,000409
