abbat 3,506558 0,001050
abc 2,207275 0,000220
abiquo 3,506558 0,000350
aboba 3,912023 0,000390
abstract 0,713350 0,000071
abus 2,120264 0,000635
academ 0,693147 0,000554
academia 2,120264 0,000212
acceler 1,021651 0,000102
access 0,127833 0,000485
accident 1,771957 0,000177
accord 0,287682 0,000115
account -0,009950 -0,000009
achiev 0,510826 0,000204
acm 0,755023 0,000226
across 0,415515 0,000456
act 0,713350 0,000427
action -0,009950 -0,000002
activ 0,356675 0,000534
activist 2,813411 0,000281
ad 0,198451 0,000059
add -0,009950 -0,000003
addict 3,506558 0,000350
addit -0,009950 -0,000004
address 0,342490 0,001333
adject 2,813411 0,000281
administ 2,207275 0,000220
administr 0,867501 0,000346
adopt 0,415515 0,000249
adorno 3,506558 0,000350
advanc 0,235722 0,000212
advantag 0,693147 0,000069
advent 2,207275 0,000220
adversari 2,040221 0,000204
advertis 1,347074 0,001614
affair 1,966113 0,000393
affect 0,693147 0,000208
affili 2,659260 0,000531
africa 1,966113 0,000785
african 2,040221 0,000204
afrin 3,912023 0,000390
ag 0,867501 0,000346
again 1,078810 0,000215
against 0,462035 0,000046
agenc 1,108663 0,000885
agenda 2,407946 0,000240
aggreg 1,514128 0,000302
ago 0,967584 0,000097
agre -0,009950 -0,000002
agreement 1,078810 0,000215
ahm 2,040221 0,000204
ahmad 2,407946 0,000240
aid 0,843970 0,000084
air 1,660731 0,000166
airbnb 3,912023 0,000390
aisfryskfurlangaeilgegaelgg 3,506558 0,000350
aka 2,525729 0,000252
albert 2,659260 0,000531
aleksandra 3,506558 0,000350
alexa 2,525729 0,000504
alexand 1,237874 0,000247
alfr 2,207275 0,000220
algorithm 0,462035 0,000046
alibaba 2,659260 0,000531
allegedli 2,995732 0,000299
allianc 1,832581 0,000183
alloc 0,941609 0,000188
allow 0,061875 0,000099
allyson 3,506558 0,000350
almon 3,506558 0,000350
almost 0,798508 0,000239
alon 1,272966 0,000254
along 0,462035 0,000046
alphabet 1,469676 0,000147
altern 0,342490 0,000068
alternet 3,912023 0,000390
although 0,287682 0,000115
amateur 2,995732 0,000598
amazon 1,309333 0,000523
america 0,967584 0,000580
american 0,415515 0,000498
amid 2,525729 0,000252
amo 2,995732 0,000598
amogh 3,912023 0,000390
among 0,356675 0,000214
amount 0,579818 0,000347
amp -0,009950 -0,000010
analog 1,021651 0,000102
analysi 0,186330 0,000074
analyt 0,798508 0,000080
anatomi 2,407946 0,000240
andrew 0,820981 0,000164
andriol 3,912023 0,000390
angel 2,120264 0,000423
angular 2,207275 0,000220
ani 0,083382 0,000050
anim 1,021651 0,000102
ann 1,514128 0,000151
annal 2,040221 0,000407
annex 2,995732 0,000299
anniversari 2,525729 0,000252
annot 1,108663 0,000111
announc 0,733969 0,000073
annual 0,776529 0,000155
anonym 1,560648 0,000312
anoth 0,127833 0,000038
answer 1,171183 0,000117
antara 3,912023 0,000390
antarctica 3,506558 0,000350
anthoni 1,714798 0,000171
anti 1,560648 0,000312
antiviru 2,407946 0,000481
antonio 2,120264 0,000212
anuar 3,218876 0,000321
anyon 1,386294 0,000277
anywher 1,560648 0,000156
apan 3,912023 0,000390
api 0,798508 0,000080
apnic 3,912023 0,000390
app 1,021651 0,000204
appeal 2,040221 0,000204
appear -0,009950 -0,000002
appl 1,203973 0,000361
applaud 3,912023 0,000390
appli -0,009950 -0,000002
applianc 1,966113 0,000393
applic 0,030459 0,000073
approach 0,174353 0,000017
appropri 0,867501 0,000173
approv 1,272966 0,000127
approxim 0,891598 0,000089
appscal 3,506558 0,000350
april 0,072571 0,000174
ar 1,049822 0,000210
arab 1,560648 0,000779
arabia 2,525729 0,000252
aragon 1,171183 0,000117
archaeolog 2,040221 0,000204
archetyp 3,506558 0,000350
architectur 0,400478 0,000280
archiv 0,040822 0,000513
area 0,478036 0,000143
argu 0,994252 0,000099
arin 3,912023 0,000390
arm 1,469676 0,000293
armenia 2,659260 0,000531
armi 2,207275 0,000441
armstrong 2,040221 0,000204
aroon 3,912023 0,000390
aros 2,407946 0,000240
around 0,356675 0,000142
arp 2,995732 0,000299
arpa 3,912023 0,002343
arpanet 2,813411 0,004774
arrai 0,994252 0,000099
art 0,673345 0,000067
articl 0,000000 0,000000
articleabout -0,009950 -0,000001
articletalk -0,009950 -0,000001
arxiv 1,078810 0,000108
ascii 1,897120 0,000189
ashburn 3,218876 0,000321
ashlei 2,813411 0,000281
asia 1,560648 0,001402
asid 2,207275 0,000441
ask 0,867501 0,000087
aspect 0,616186 0,000369
assembl 0,867501 0,000173
assess 1,021651 0,000306
assign 0,798508 0,000399
assist 1,139434 0,000114
associ 0,127833 0,000051
assum 0,891598 0,000178
assur 1,660731 0,000166
asturianu 2,995732 0,000299
atalla 3,506558 0,000350
atlant 2,120264 0,000423
atmo 3,506558 0,000350
attack 0,867501 0,000260
attempt 0,478036 0,000191
attribut -0,009950 -0,000004
attributionfre 3,912023 0,000390
audio 0,891598 0,000356
august 0,162519 0,000341
australia 1,309333 0,000392
authent 1,347074 0,000269
author 0,040822 0,000016
autoencod 2,659260 0,000265
automat 0,462035 0,000138
autonom 1,469676 0,000147
ava 3,506558 0,000350
avail -0,009950 -0,000010
avi 3,506558 0,000350
awar 1,203973 0,000240
awasr 3,912023 0,000390
ayisyenkrii 2,659260 0,000265
aylo 3,912023 0,000390
azur 1,771957 0,000354
back 0,462035 0,000092
backbon 2,407946 0,001202
backend 2,120264 0,000212
bad 1,347074 0,000134
badger 3,912023 0,000390
badrul 3,506558 0,000350
bae 3,506558 0,000350
bahasa 0,186330 0,000019
baird 3,218876 0,000321
bajarin 3,912023 0,000390
balanc 1,139434 0,000114
bamanankan 3,912023 0,000390
bandwidth 1,832581 0,000183
bangkok 3,912023 0,000390
bank 0,941609 0,000376
banner 2,995732 0,000598
banyumasan 3,218876 0,000321
barab 3,912023 0,000390
baran 3,506558 0,002100
barath 3,912023 0,000390
barbara 2,120264 0,000212
bardeen 3,506558 0,000350
barri 2,207275 0,000220
basa 2,407946 0,000240
base 0,010050 0,000011
basic 0,198451 0,000020
batcloak 3,912023 0,000390
bate 2,995732 0,000299
baudrillard 3,912023 0,000390
bavitz 3,912023 0,000390
bbc 1,514128 0,000453
bbn 2,995732 0,000598
beacon 2,659260 0,000265
becam 0,579818 0,000116
becaus 0,127833 0,000051
becom 0,274437 0,000137
began 0,634878 0,000507
begin 0,385662 0,000115
behalf 2,207275 0,000220
behav 1,427116 0,000142
behavior 0,342490 0,000034
behind 0,867501 0,000087
believ 1,272966 0,000254
bell 1,714798 0,000171
belong 1,347074 0,000269
ben 1,309333 0,000131
benefit 0,776529 0,000155
beranek 3,912023 0,000390
berkman 3,912023 0,000781
berlin 1,386294 0,000138
bermuda 3,506558 0,000350
bernai 3,912023 0,000390
bernard 1,966113 0,000196
berner 2,525729 0,001513
best 0,462035 0,000092
betawi 2,813411 0,000281
beth 2,995732 0,000299
better 0,494296 0,000049
beyond 0,713350 0,000071
bgp 3,218876 0,000321
bia 1,660731 0,000166
bibcod 0,693147 0,000484
bibfram 2,813411 0,000281
bibliometr 3,506558 0,000350
bibo 2,813411 0,000281
big 0,673345 0,000067
bikol 2,525729 0,000252
bill 0,776529 0,000078
billion 1,078810 0,002046
bipartisanship 3,912023 0,000390
birnbaum 3,912023 0,000390
birth 1,897120 0,000189
bit 1,078810 0,000861
bitmask 3,912023 0,000390
bitnet 3,506558 0,000350
bitwis 2,995732 0,000299
blackmail 3,506558 0,000350
blackout 3,506558 0,001050
blackwel 2,120264 0,000212
blake 2,659260 0,000265
block 0,597837 0,000179
blockag 3,912023 0,000390
blog 0,713350 0,000214
bloomberg 1,469676 0,000147
board 0,843970 0,000253
bob 1,832581 0,000366
bodi 0,867501 0,000346
bokm 0,127833 0,000013
bolt 2,207275 0,000220
bomb 2,040221 0,000204
book 0,210721 0,000147
booth 3,506558 0,000350
border 1,771957 0,000708
born 1,966113 0,000196
bose 2,995732 0,000299
boston 1,560648 0,000312
botnet 2,659260 0,000265
bottom 2,040221 0,000407
boundari 1,427116 0,000142
bourseul 3,506558 0,000350
box 0,843970 0,000253
boycott 3,506558 0,000350
brain 2,120264 0,000423
brand 1,386294 0,000138
brattain 3,506558 0,000350
brave 2,407946 0,000240
brazil 2,207275 0,000220
break 0,733969 0,000073
brick 2,525729 0,000756
brief 1,237874 0,000247
britain 2,207275 0,000441
british 1,203973 0,000361
broad 1,203973 0,000120
broadband 2,995732 0,002093
broadcast 1,832581 0,000732
broader 1,309333 0,000131
brown 1,237874 0,000247
browser 1,021651 0,000510
bsczikernowek 3,912023 0,000390
bui 1,237874 0,000124
build 0,274437 0,000082
built 0,462035 0,000092
bulk 2,040221 0,000204
bullock 3,912023 0,000390
bureau 1,609438 0,000482
busan 3,912023 0,000390
bush 2,407946 0,000240
busi 0,287682 0,000488
butler 2,525729 0,000252
button 2,040221 0,000204
byung 3,912023 0,000390
cabl 2,207275 0,002864
calea 3,912023 0,001171
california 1,021651 0,000306
call 0,030459 0,000027
cambridg 0,755023 0,000226
came 1,078810 0,000215
camil 2,995732 0,000299
campaign 2,302585 0,000230
campu 2,813411 0,000281
cancel 2,207275 0,000220
capabl 0,562119 0,000168
capac 1,237874 0,000247
capit 0,994252 0,000992
capita 3,506558 0,000350
captur 0,916291 0,000457
car 1,309333 0,000131
card 0,994252 0,000099
caribbean 2,995732 0,000897
carl 1,771957 0,000177
carlson 3,506558 0,000350
carol 2,407946 0,000240
carolin 2,995732 0,000299
carr 3,506558 0,000700
carri 0,967584 0,000676
carrier 1,966113 0,000393
cascad 2,407946 0,000240
case 0,083382 0,000042
castel 3,912023 0,000390
catal 0,094311 0,000009
catalyz 3,506558 0,000350
catch 1,966113 0,000196
categori -0,009950 -0,000004
caus 0,430783 0,000129
cave 3,506558 0,000350
cbeebi 3,912023 0,000390
cebuano 2,407946 0,000240
celebr 2,302585 0,000460
cell 1,469676 0,000147
cellular 1,714798 0,001027
censor 2,995732 0,000299
censorship 2,659260 0,002920
censu 2,407946 0,000240
cent 2,995732 0,000299
center 0,415515 0,000664
centr 1,469676 0,000587
central 0,478036 0,000239
centralboarischbosanskibrezhoneg 3,506558 0,000350
centuri 0,843970 0,000253
cerf 2,995732 0,002990
cerfnet 3,912023 0,000390
cern 2,407946 0,001442
certain 0,274437 0,000110
chain 0,843970 0,000253
challeng 0,400478 0,000080
chandra 3,218876 0,000321
chang 0,051293 0,000036
changesupload -0,009950 -0,000002
channel 1,049822 0,000105
chapp 3,506558 0,000350
chapter 0,891598 0,000089
charact 0,843970 0,000337
character 1,203973 0,000361
characterist 0,843970 0,000253
charg 1,272966 0,000127
charit 3,912023 0,000781
chariti 3,218876 0,000321
charl 0,941609 0,000470
chart 1,309333 0,000131
chat 2,407946 0,000721
cheap 2,207275 0,000220
cheapli 3,912023 0,000390
check 0,634878 0,000127
chicago 1,609438 0,000321
child 1,771957 0,000531
children 1,832581 0,001646
china 0,967584 0,000773
chines 1,309333 0,000261
chishonachitumbukacymraegdansk 3,912023 0,000390
cho 2,525729 0,000252
choic 0,755023 0,000075
chokoshvili 3,912023 0,000390
chomski 3,218876 0,000321
choos 0,916291 0,000091
chop 3,912023 0,000390
chri 0,994252 0,000099
christma 2,659260 0,000265
christoph 1,078810 0,000108
chrome 1,966113 0,000196
chronicl 2,659260 0,000265
chunk 2,302585 0,000460
cidr 3,912023 0,000390
circu 3,506558 0,000350
circuit 0,967584 0,000386
circumv 2,302585 0,000230
citat 0,248461 0,000893
citi 1,272966 0,000635
citizen 1,966113 0,001374
citizenship 3,912023 0,000390
citrix 2,813411 0,000281
civic 2,995732 0,000299
civil 1,309333 0,000261
claim 0,634878 0,000190
clark 1,514128 0,000302
classif 1,021651 0,000204
classless 3,912023 0,000390
claud 1,966113 0,000393
claypool 3,218876 0,000321
clickz 3,912023 0,000390
client 0,713350 0,000214
climat 1,386294 0,000277
close 0,356675 0,000036
cloud 0,733969 0,002051
cloudbolt 3,506558 0,000350
cloudstack 3,506558 0,000350
cnnic 3,912023 0,000390
coaxial 3,506558 0,001050
cocain 3,506558 0,000350
code -0,009950 -0,000005
coffman 3,506558 0,000350
coin 0,941609 0,000094
coincid 2,207275 0,000220
collabor 0,941609 0,001034
colleagu 2,302585 0,000230
collect 0,274437 0,000137
colleg 1,514128 0,000756
coloc 3,912023 0,000390
columbia 2,302585 0,000460
com 0,150823 0,000181
combin 0,261365 0,000052
come 0,356675 0,000036
comer 3,506558 0,000350
comment 1,049822 0,000629
commerc 1,021651 0,000918
commerci 0,527633 0,000895
commiss 1,309333 0,000131
commit 1,108663 0,000332
committe 1,309333 0,000131
common -0,009950 -0,000011
commonli 0,342490 0,000068
commonsnew 2,659260 0,000265
commonswikinewswikiquotewikiversitywikidata 3,912023 0,000390
commun 0,139262 0,000737
communicationspubl 3,912023 0,000390
compani 0,342490 0,000137
compar 0,342490 0,000068
comparison 0,371064 0,000037
compat 0,693147 0,000069
complet 0,223144 0,000022
complex 0,186330 0,000037
compon 0,261365 0,000130
compress 1,108663 0,000111
compris 1,714798 0,000342
compuserv 3,912023 0,000390
comput 0,020203 0,000125
computingbusi 3,506558 0,000350
comscor 3,506558 0,000350
concentr 1,966113 0,000196
concept 0,198451 0,000139
conceptu 1,469676 0,000147
concern 0,597837 0,000119
concurr 0,994252 0,000099
cond 2,995732 0,000299
conduct -0,009950 -0,000004
confer 0,274437 0,000082
configur 0,798508 0,000239
conflict 1,309333 0,000131
confus 0,693147 0,000138
conjunct 1,714798 0,000171
connect 0,430783 0,001290
connexion 3,506558 0,000350
consist 0,301105 0,000090
consol 1,897120 0,000189
consolid 1,714798 0,000171
consortium 1,771957 0,000177
constitu 2,659260 0,000265
constitut 1,272966 0,000254
construct 0,579818 0,000232
consult 1,386294 0,000138
consum 0,653926 0,000131
consumer 3,218876 0,000321
consumpt 1,139434 0,000114
contact -0,009950 -0,000002
contain 0,162519 0,000130
contempl 3,218876 0,000321
content -0,009950 -0,000023
context 0,446287 0,000089
continu 0,174353 0,000017
contract 0,994252 0,000099
contribut -0,009950 -0,000006
control 0,020203 0,000018
controversi 1,171183 0,000234
conveni 1,609438 0,000321
convers 0,776529 0,000155
convert 1,049822 0,000105
cooki -0,009950 -0,000001
cooper 1,021651 0,000102
coordin 1,309333 0,000523
copi 0,891598 0,000178
copper 2,813411 0,000281
corbat 3,912023 0,000390
corbett 3,218876 0,000321
core 0,579818 0,000289
coren 3,912023 0,000390
cori 2,525729 0,000252
cornel 2,120264 0,000212
cornerston 3,218876 0,000321
coroama 3,912023 0,000390
corpor 0,562119 0,000393
correl 1,347074 0,000134
correspond 0,798508 0,000080
cost 0,385662 0,000231
council 1,427116 0,000142
countercultur 3,506558 0,000350
countri 0,867501 0,001645
coup 3,912023 0,000390
court 1,427116 0,000142
cover 0,733969 0,000147
cowi 3,912023 0,000390
creat -0,009950 -0,000007
creation 0,653926 0,000131
creativ -0,009950 -0,000002
creator 1,469676 0,000293
credit 0,867501 0,000346
crime 1,469676 0,000147
crimin 1,771957 0,000177
crisi 1,347074 0,000134
critic 0,385662 0,000077
crocker 3,912023 0,000390
crossroad 3,218876 0,000321
crowd 2,525729 0,000504
crowdfund 2,525729 0,000252
crowdsourc 2,995732 0,000299
crucial 1,386294 0,000138
csnet 3,912023 0,000390
cult 2,995732 0,000299
cultur 1,049822 0,000838
culturemedia 3,912023 0,000390
current 0,210721 0,000042
custom 0,544727 0,000217
cut 1,386294 0,000138
cwienk 3,912023 0,000390
cyber 1,427116 0,000285
cyberbulli 3,912023 0,000390
cybercrim 2,525729 0,001008
cyberpsycholog 3,912023 0,000390
cybersect 3,912023 0,000390
cybersectarian 3,912023 0,000390
cybersecur 1,966113 0,000196
cyberslack 3,912023 0,000390
cyberspac 2,813411 0,000843
cyberwarfar 1,897120 0,000189
cycl 0,867501 0,000087
cyclad 3,506558 0,000700
dai 0,562119 0,000168
daili 1,427116 0,000570
dalal 3,506558 0,000700
dan 0,916291 0,000091
danger 1,514128 0,000151
daniel 0,776529 0,000078
dariusz 3,506558 0,000350
darknet 3,506558 0,000350
darpa 2,407946 0,001202
data 0,030459 0,000137
databas 0,072571 0,000043
datacard 3,912023 0,000390
datacenterdynam 3,506558 0,000700
datacenterknowledg 3,912023 0,000390
datagram 2,659260 0,000265
datajapanczech 1,469676 0,000147
dataspac 2,813411 0,000281
date 0,210721 0,000189
dave 1,771957 0,000531
davi 1,347074 0,001614
david 0,385662 0,000115
davit 3,912023 0,000390
dawon 3,506558 0,000350
dccp 3,218876 0,000321
dct 2,813411 0,000281
dean 2,525729 0,000252
death 1,897120 0,000379
debbi 3,218876 0,000321
debkafil 3,912023 0,000390
debord 3,912023 0,000390
decad 1,078810 0,000215
decemb 0,061875 0,000161
decentr 1,714798 0,000171
deceptionform 3,912023 0,000390
decim 1,660731 0,000166
decis 0,400478 0,000040
declan 3,912023 0,000390
declin 1,832581 0,000183
decommiss 3,218876 0,000643
deep 1,078810 0,000323
deer 2,995732 0,000897
default 0,693147 0,000415
defens 1,386294 0,000554
defin 0,116534 0,000023
definit 0,186330 0,000037
deft 3,506558 0,000350
deibert 3,912023 0,000781
deliv 1,078810 0,000431
deliveri 1,309333 0,000523
democraci 2,659260 0,001062
democrat 2,407946 0,000240
demograph 1,897120 0,000189
demonstr 0,994252 0,000298
deni 1,609438 0,000161
denial 2,040221 0,000204
denmark 2,525729 0,000252
densest 3,912023 0,000390
dent 3,506558 0,000350
depart 0,843970 0,000505
department 3,218876 0,000321
depend 0,105361 0,000011
depict 2,302585 0,000460
deplet 2,995732 0,000598
deploi 1,108663 0,000111
deploy 1,049822 0,000210
describ 0,174353 0,000104
descript -0,009950 -0,000002
descriptionshort 0,000000 0,000000
design 0,040822 0,000077
desk 2,407946 0,000240
desktop 1,347074 0,000672
despit 1,021651 0,000102
destin 2,659260 0,001327
destroi 2,040221 0,000204
destruct 1,714798 0,000171
detail 0,510826 0,000204
detect 0,755023 0,000151
determin 0,342490 0,000034
deutsch 2,525729 0,000504
develop -0,009950 -0,000036
devic 0,634878 0,000570
devot 2,040221 0,000407
dew 3,506558 0,000350
dhamdher 3,912023 0,000390
dhcp 2,995732 0,000299
diamet 3,218876 0,000321
diamond 2,302585 0,000230
dictionari 0,616186 0,000308
differ 0,010050 0,000005
diffi 2,995732 0,000299
difficult 0,597837 0,000060
dig 2,813411 0,000281
digit 0,400478 0,000999
digitalocean 2,813411 0,000281
direct 0,261365 0,000104
directli 0,415515 0,000207
director 1,660731 0,000166
disambigu 1,049822 0,000105
disclaim -0,009950 -0,000001
discrep 2,813411 0,000281
discuss 0,494296 0,000247
disinhibit 3,912023 0,000390
disnei 3,912023 0,000390
disobedi 3,912023 0,000390
disord 2,995732 0,000299
dispers 2,302585 0,000230
displai 0,755023 0,000151
disrupt 1,609438 0,000321
dissemin 2,995732 0,000598
dissid 3,912023 0,000390
distanc 1,514128 0,000302
distinguish 0,733969 0,000147
distribut 0,198451 0,000099
district 2,040221 0,000204
divid 1,049822 0,000524
divis 1,237874 0,000741
dmy 0,994252 0,000099
dn 1,897120 0,000757
doap 2,813411 0,000281
doctor 1,832581 0,000183
doctorow 3,218876 0,000321
document 0,328504 0,000426
doi 0,162519 0,000406
dolbear 3,506558 0,000350
dollar 1,514128 0,000151
domain 0,544727 0,000489
domest 1,514128 0,000151
domin 1,021651 0,000408
donald 1,347074 0,000807
donat -0,009950 -0,000003
donggao 3,912023 0,000390
donor 2,659260 0,000265
donorschoos 3,912023 0,000390
dot 1,609438 0,000161
doubl 0,843970 0,000084
dougla 1,237874 0,000124
down 0,597837 0,000060
download -0,009950 -0,000002
downtown 3,912023 0,000390
dozen 2,813411 0,000281
draft 1,427116 0,000142
drain 3,506558 0,000350
dramat 1,832581 0,000183
drawn 2,120264 0,000212
dream 2,302585 0,000230
drew 2,407946 0,000240
drive 0,867501 0,000260
driven 0,867501 0,000087
dropbox 3,218876 0,000321
drum 2,813411 0,000281
dsl 2,995732 0,000299
dublin 2,659260 0,000265
due 0,261365 0,000104
dumb 3,912023 0,000390
duplic 1,897120 0,000189
dynam 0,342490 0,000103
dysfunct 3,912023 0,000390
earli 0,301105 0,000301
earth 1,272966 0,000127
eas 1,897120 0,000189
easi 1,021651 0,000204
easier 1,049822 0,000105
easili 0,843970 0,000084
east 1,714798 0,000342
eavesdrop 2,407946 0,000240
eclips 1,771957 0,000177
ecn 2,813411 0,000281
econom 0,653926 0,000457
economi 1,309333 0,000523
economist 1,514128 0,000151
ecosystem 1,108663 0,000111
ed 0,210721 0,000042
eder 3,912023 0,000390
edg 0,820981 0,000082
edholm 3,506558 0,000700
edinburgh 2,659260 0,000265
edison 3,506558 0,000350
edit -0,009950 -0,000004
editcommun -0,009950 -0,000001
editor 1,347074 0,000134
edmondson 3,912023 0,000390
edmund 2,659260 0,000265
edst 3,912023 0,000390
edu 1,108663 0,000111
educ 0,494296 0,000444
edward 1,139434 0,000227
edwin 2,407946 0,000240
eesti 3,506558 0,000350
effect 0,274437 0,000110
effici 0,287682 0,000144
effort 0,653926 0,000131
egypt 2,040221 0,000611
egyptian 2,525729 0,000252
eiar 3,912023 0,000390
eiarv 3,912023 0,000390
either 0,248461 0,000050
electr 0,891598 0,000267
electron 0,430783 0,000516
elgar 2,813411 0,000281
elis 3,912023 0,000390
elisha 3,506558 0,000350
elizabeth 2,302585 0,000230
email 1,469676 0,001467
emait 1,560648 0,000156
embed 0,755023 0,000075
emc 2,995732 0,000299
emerg 0,527633 0,000105
emergi 3,912023 0,000390
emil 2,525729 0,000252
emili 2,407946 0,000481
emir 2,813411 0,000281
emiss 2,120264 0,000423
emploi 0,673345 0,000336
employe 1,386294 0,000415
en -0,009950 -0,000002
enabl 0,274437 0,000356
enact 2,407946 0,000240
encapsul 2,120264 0,000635
encod 1,203973 0,000120
encompass 1,660731 0,000166
encourag 1,203973 0,000120
encrypt 1,139434 0,000227
encyclopedia -0,009950 -0,000003
end 0,186330 0,000149
enemi 2,407946 0,000481
energi 0,843970 0,000758
enforc 0,916291 0,000274
engag 1,609438 0,000803
engin 0,061875 0,000086
england 1,469676 0,000147
english -0,009950 -0,000009
englishus 1,966113 0,000196
enhanc 0,510826 0,000051
enjoi 2,407946 0,000240
enjoy 3,912023 0,000390
enlist 3,218876 0,000321
enough 0,843970 0,000084
enplb 3,912023 0,000390
enquiri 3,506558 0,000350
enshittif 3,506558 0,000350
enter 1,049822 0,000105
enterpris 0,446287 0,000134
entertain 2,120264 0,001482
entir 0,597837 0,000239
entiti 0,843970 0,000084
entrepreneur 2,525729 0,000252
environ 0,385662 0,000077
environment 1,049822 0,000105
equat 1,386294 0,000138
equinix 3,912023 0,000781
equip 1,078810 0,000431
equival 0,820981 0,000082
era 1,386294 0,000277
erna 3,506558 0,000350
espa 0,210721 0,000021
especi 0,415515 0,000207
essenti 0,634878 0,000190
establish 0,634878 0,000634
estim 0,820981 0,000901
etc 0,562119 0,000112
ethernet 2,407946 0,000481
eucalyptu 3,506558 0,000350
europ 0,941609 0,000752
european 0,733969 0,000073
evad 2,995732 0,000897
event 0,356675 0,000071
eventsrandom -0,009950 -0,000001
ever 1,272966 0,000254
everydai 1,832581 0,000183
everyon 1,714798 0,000171
everyth 1,309333 0,000131
evid 1,272966 0,000127
evolut 0,820981 0,000164
examin 0,867501 0,000173
exampl 0,020203 0,000020
exce 1,897120 0,000189
exceed 2,120264 0,000423
excess 1,386294 0,000138
exchang 0,579818 0,000752
execut 0,356675 0,000036
exemplifi 2,813411 0,000281
exert 3,218876 0,000321
exhaust 1,897120 0,000379
exhibit 2,207275 0,000220
exist 0,186330 0,000093
expand 0,776529 0,000388
expans 1,309333 0,000131
experi 0,510826 0,000153
experienc 1,966113 0,000196
experiment 0,916291 0,000274
expertis 1,897120 0,000189
explain 0,798508 0,000159
explicitli 0,916291 0,000091
explod 2,813411 0,000281
exploit 1,078810 0,000108
explos 2,302585 0,000230
export -0,009950 -0,000001
express 0,544727 0,000272
extend 0,385662 0,000038
extens 0,342490 0,000034
extensionwebarch 2,995732 0,000299
extern 0,030459 0,000006
extract 1,108663 0,000111
extrem 0,941609 0,000188
ey 1,660731 0,000332
fabini 3,912023 0,000390
face 1,021651 0,000204
facebook 1,560648 0,000312
facil 0,891598 0,000089
facilit 0,916291 0,000366
fact 0,579818 0,000058
facto 2,207275 0,000220
factor 0,544727 0,000109
fail 0,693147 0,000069
faith 2,813411 0,000281
faizal 3,912023 0,000390
fake 2,302585 0,000230
falkland 3,912023 0,000390
fals 1,237874 0,000124
fame 2,813411 0,000562
famili 0,994252 0,000099
familiar 1,609438 0,000161
farnsworth 3,506558 0,000350
farrar 3,218876 0,000321
fast 0,673345 0,000067
favor 1,139434 0,000114
fax 3,218876 0,000964
fbi 2,995732 0,000598
fcc 3,218876 0,000321
fear 1,966113 0,000196
februari 0,061875 0,000167
feder 1,021651 0,000408
feel 1,832581 0,000183
fei 2,813411 0,000281
feminist 2,659260 0,000265
fessenden 3,506558 0,000350
fiber 2,040221 0,001426
fiberopt 3,912023 0,000390
fidonet 3,506558 0,000350
field 0,314711 0,000188
fifth 2,040221 0,000204
fight 1,832581 0,000183
figur 1,272966 0,000254
fiji 1,897120 0,000189
file 0,446287 0,000802
fileperman -0,009950 -0,000001
filespeci -0,009950 -0,000001
filter 1,108663 0,000885
final 0,494296 0,000197
financi 0,776529 0,000310
find 0,371064 0,000185
finland 2,407946 0,000481
finnish 2,813411 0,000281
firdau 3,912023 0,000390
firefox 1,771957 0,000354
firewal 2,120264 0,000212
firm 1,171183 0,000234
first 0,020203 0,000048
fisher 2,040221 0,000204
five 0,776529 0,000078
fix 0,385662 0,000115
flanagin 3,912023 0,000390
flaw 1,469676 0,000147
fledg 2,995732 0,000299
flexibl 1,139434 0,000114
flow 0,430783 0,000086
foaf 2,659260 0,000265
focu 0,755023 0,000075
folksonomi 2,813411 0,000281
follow 0,072571 0,000029
forb 1,427116 0,000285
forbid 2,813411 0,000281
forbidden 2,120264 0,000212
forc 0,597837 0,000537
fordism 3,912023 0,000390
forecast 1,078810 0,000108
forest 1,832581 0,000183
fork 1,203973 0,000120
form 0,072571 0,000087
formal 0,510826 0,000153
format 0,634878 0,000063
forum 1,203973 0,000481
forward 0,941609 0,000282
found 0,274437 0,000192
foundat -0,009950 -0,000008
foundri 2,995732 0,000299
four 0,820981 0,000082
fragment 1,897120 0,000568
frame 1,560648 0,000156
framework 0,287682 0,000029
franc 1,427116 0,000570
franca 1,609438 0,000161
franchis 3,506558 0,000350
franci 1,347074 0,000134
francisco 1,609438 0,000161
fraud 1,560648 0,000156
frazer 3,912023 0,000390
free -0,009950 -0,000010
freedom 1,609438 0,001607
freenet 3,912023 0,000390
french 1,347074 0,000269
frequenc 1,078810 0,000108
frequent 0,916291 0,000091
frontier 1,469676 0,000587
ftp 2,040221 0,000407
fuel 1,771957 0,000177
fujitsu 3,506558 0,000350
full 0,371064 0,000111
fulli 0,616186 0,000123
fun 2,659260 0,000265
function 0,030459 0,000009
fund 0,941609 0,000752
fundament 0,478036 0,000048
funni 3,506558 0,000350
further 0,139262 0,000042
futur 0,235722 0,000094
gain 0,616186 0,000123
gambl 2,120264 0,000423
game 0,478036 0,000573
gamespi 3,912023 0,000390
gardin 3,218876 0,000321
gatewai 2,302585 0,001379
gather 1,469676 0,000147
gave 1,660731 0,000166
gbit 3,912023 0,000781
gca 3,912023 0,000390
gchq 2,813411 0,000281
gdp 2,207275 0,000220
geant 3,912023 0,000390
gener -0,009950 -0,000009
generaliz 3,506558 0,000350
geneva 2,525729 0,000252
geoff 2,525729 0,000252
georgia 2,207275 0,000441
georgian 3,912023 0,000390
georgio 3,218876 0,000321
geotag 2,813411 0,000281
gerich 3,912023 0,000390
german 1,386294 0,000415
get 0,430783 0,000086
gigabyt 2,995732 0,000299
gile 3,218876 0,000321
giroux 3,506558 0,000350
give 0,446287 0,000089
given 0,261365 0,000078
gleick 3,506558 0,000350
glitch 3,506558 0,000350
global 0,446287 0,001693
globalgiv 3,912023 0,000390
globalizationdigit 3,912023 0,000390
gloriad 3,912023 0,000390
go 0,462035 0,000046
goe 1,237874 0,000247
goldman 2,207275 0,000220
good 0,616186 0,000123
googl 0,579818 0,000521
got 1,897120 0,000189
govern 0,544727 0,001468
govt 3,912023 0,000390
gradual 1,560648 0,000156
graduat 1,660731 0,000166
graffiti 3,912023 0,000390
grafton 3,218876 0,000321
graham 2,040221 0,000204
grai 2,120264 0,000212
gralla 3,912023 0,000390
grant 1,139434 0,000114
graph 0,967584 0,000097
graphic 0,733969 0,000073
grassroot 3,506558 0,000350
grddl 2,813411 0,000281
great 0,941609 0,000094
greater 0,755023 0,000226
greatest 1,897120 0,000189
green 0,916291 0,000091
greenbutton 3,506558 0,000350
greenqloud 3,506558 0,000700
gregori 1,660731 0,000166
grew 1,386294 0,000138
grid 1,660731 0,000166
grievanc 3,506558 0,000350
gromov 3,912023 0,000390
ground 1,560648 0,000156
groundbreak 2,813411 0,000281
group 0,186330 0,000465
groupwar 3,912023 0,000390
grow 0,653926 0,000261
grown 1,897120 0,000379
growth 0,733969 0,000806
gsma 3,912023 0,000390
guardian 1,560648 0,000156
guglielmo 3,218876 0,000321
gui 1,309333 0,000131
guid 0,287682 0,000172
gwiyannenkurd 2,659260 0,000265
habermasian 3,912023 0,000390
hack 1,203973 0,000120
hacker 1,309333 0,000131
hafner 3,506558 0,000350
hak 1,897120 0,000189
half 1,108663 0,000332
hall 0,653926 0,000196
han 1,897120 0,000379
hand 0,494296 0,000049
handheld 3,218876 0,000321
hannah 2,659260 0,000265
happi 2,302585 0,000230
harass 3,506558 0,000350
hardwar 0,579818 0,000463
harold 2,120264 0,000212
harri 2,120264 0,000635
harvard 1,386294 0,000277
hate 3,506558 0,000350
hatom 2,813411 0,000281
hauben 3,912023 0,001562
hausa 1,609438 0,000161
hawoong 3,912023 0,000390
hcalendar 2,813411 0,000281
hcard 2,813411 0,000281
headquart 2,302585 0,000230
heart 2,207275 0,000220
heavisid 3,218876 0,000321
hedi 3,506558 0,000350
heliograph 3,506558 0,000350
helion 3,506558 0,000350
help 0,174353 0,000157
helplearn -0,009950 -0,000001
henri 1,427116 0,000142
herbenick 3,912023 0,000390
herbert 2,120264 0,000212
hererel -0,009950 -0,000001
heroku 2,995732 0,000299
hertz 3,912023 0,000390
hessekiel 3,912023 0,000390
heterogen 2,302585 0,000460
hidden 0,843970 0,000168
hide -0,009950 -0,000004
hierarch 1,832581 0,000183
hierarchi 1,469676 0,000293
high 0,223144 0,000134
higher 0,430783 0,000086
highest 1,514128 0,000151
highli 0,867501 0,000173
hilbert 2,302585 0,000230
hill 0,867501 0,000173
hilti 3,912023 0,000390
hilton 3,912023 0,000390
hinden 3,506558 0,001050
hindif 2,659260 0,000265
histor 0,579818 0,000058
histori -0,009950 -0,000027
historian 2,813411 0,000281
hit 1,469676 0,000147
hoffman 2,525729 0,000252
holzer 3,912023 0,000390
home 0,616186 0,000246
homeland 2,995732 0,000299
homogen 2,813411 0,000281
hook 1,966113 0,000196
hoover 2,995732 0,000299
hop 2,659260 0,000265
hopkin 1,966113 0,000196
hornjoserbscehrvatskijaku 3,912023 0,000390
host 0,755023 0,001206
hot 1,966113 0,000196
hotel 2,525729 0,000252
hour 1,386294 0,000415
hous 0,820981 0,000082
houser 3,506558 0,000350
howard 2,207275 0,000441
howev 0,094311 0,000085
hproduct 2,813411 0,000281
hrecip 2,813411 0,000281
hreview 2,813411 0,000281
html 1,078810 0,000646
http -0,009950 -0,000011
httpd 2,813411 0,000281
hubbard 3,218876 0,000321
hugh 1,714798 0,000171
hulu 3,912023 0,000390
human 0,527633 0,000158
humor 3,506558 0,000350
hundr 1,237874 0,000247
huston 3,506558 0,000350
hydraul 2,659260 0,000265
hydro 3,506558 0,000350
hyperdata 2,813411 0,000281
hyperlink 2,040221 0,000815
hypertext 1,771957 0,001592
hyphanet 3,506558 0,000350
iab 3,912023 0,000781
iahc 2,813411 0,000562
iana 2,995732 0,001196
ibanidoigboilokanobahasa 3,506558 0,000350
ibm 0,693147 0,000208
icann 3,506558 0,003150
iceland 3,218876 0,000321
icg 3,912023 0,000781
ichi 2,659260 0,000265
icmp 2,995732 0,000299
ict 2,659260 0,001327
id 0,994252 0,000099
idea 0,527633 0,000316
ident 0,820981 0,000082
identifi 0,356675 0,000285
ideolog 2,659260 0,000265
idhliggalego 2,525729 0,000252
ieee 0,634878 0,000253
ien 3,506558 0,000350
iesg 3,506558 0,000350
ietf 2,040221 0,003869
igf 3,912023 0,000781
igmp 3,218876 0,000321
iland 3,506558 0,000350
illinoi 1,966113 0,000393
imag 0,494296 0,000197
imagin 2,525729 0,000252
imap 2,813411 0,000281
immedi 0,967584 0,000097
impact 0,544727 0,000381
implement 0,105361 0,000074
import 0,162519 0,000081
imprison 3,218876 0,000321
improv 0,150823 0,000075
ina 0,356675 0,000036
inasloven 0,616186 0,000062
inc -0,009950 -0,000003
incept 2,525729 0,000252
incid 2,120264 0,000212
includ 0,000000 0,000000
incom 1,272966 0,000127
incorpor 0,755023 0,000151
incorrect 2,207275 0,000220
increas 0,287682 0,000144
increasingli 0,776529 0,000078
indefinit 1,237874 0,000247
independ 0,527633 0,000316
index -0,009950 -0,000003
india 1,171183 0,000351
indianapoli 2,813411 0,000281
indic 0,356675 0,000142
individu 0,314711 0,000471
indoctrin 3,912023 0,000390
indonesiainterlinguainterlingu 3,218876 0,000321
inducte 3,912023 0,000781
industri 0,356675 0,000249
inequ 2,120264 0,000635
influenc 0,579818 0,000347
info 1,832581 0,000183
inform 0,061875 0,000284
informationcit -0,009950 -0,000001
infoworld 1,609438 0,000161
infrastructur 0,673345 0,000874
inhabit 3,218876 0,000964
inhabitantssourc 3,912023 0,000390
initi 0,235722 0,000165
inktank 3,506558 0,000350
innocenzo 3,506558 0,000350
innov 0,820981 0,000164
input 0,634878 0,000063
insight 1,309333 0,000131
inspect 1,514128 0,000151
instagram 2,813411 0,000281
instal 0,994252 0,000397
instanc 0,478036 0,000048
instant 1,897120 0,000947
instantan 3,218876 0,000321
instead 0,301105 0,000030
institut 0,446287 0,000401
insult 3,506558 0,000350
integr 0,174353 0,000035
intellig 0,510826 0,000204
intens 1,427116 0,000142
inter 1,966113 0,000196
interact 0,356675 0,000178
intercept 2,207275 0,000881
interchang 1,714798 0,000514
intercommun 3,912023 0,000781
interconnect 1,966113 0,001766
intercontinent 2,995732 0,000299
interf 3,912023 0,000390
interfac 0,494296 0,000099
interfer 2,120264 0,000212
interlink 3,218876 0,000321
intermedi 1,309333 0,000261
intern 0,040822 0,000106
internationalgndfastnationalunit 1,237874 0,000124
internationalis 3,506558 0,000350
internaut 3,912023 0,000781
internet 0,462035 0,017987
internetan 3,912023 0,000390
internetwork 3,912023 0,003905
internetworldstat 3,912023 0,000390
interoper 1,609438 0,000482
interplanetari 3,506558 0,000350
interrel 2,659260 0,000265
interrupt 1,609438 0,000321
interweb 3,912023 0,000781
interwoven 3,912023 0,000390
introduct 0,210721 0,000042
inuktitut 3,912023 0,000390
invad 2,995732 0,000299
invent 1,021651 0,000306
inventionscomput 3,912023 0,000390
inventor 2,120264 0,000847
involv 0,415515 0,000249
ipp 3,218876 0,000321
ipsec 2,995732 0,000299
ipv 2,659260 0,007167
iran 2,120264 0,000212
iranian 2,995732 0,000598
iraq 2,407946 0,000240
irc 2,659260 0,000265
ircam 3,912023 0,000390
iri 2,040221 0,000204
irsg 3,506558 0,000350
irtf 3,912023 0,000390
isa 2,995732 0,000299
isbn 0,051293 0,000148
isdn 2,995732 0,000299
isizulu 3,912023 0,000390
islam 2,207275 0,000441
island 2,040221 0,000407
isoc 3,912023 0,001952
isp 3,506558 0,002100
issn 0,478036 0,000239
issu 0,314711 0,000157
issuesarticl 2,995732 0,000299
istok 3,506558 0,000350
istr 3,912023 0,000390
itali 2,302585 0,000230
itc 3,912023 0,000781
itcom 3,912023 0,000390
item -0,009950 -0,000001
itself 0,342490 0,000103
itu 2,659260 0,001858
ixbrl 2,813411 0,000281
jacqu 2,659260 0,000265
jagadish 3,506558 0,000350
jam 2,995732 0,000299
jame 0,634878 0,000253
jane 2,407946 0,000240
janet 2,525729 0,000756
januari 0,083382 0,000241
japan 1,309333 0,000131
japanes 1,771957 0,000177
jar 2,995732 0,000299
jargon 2,813411 0,000281
jawa 1,560648 0,000156
jean 1,514128 0,000151
jeannett 3,218876 0,000321
jeffrei 1,514128 0,000151
jelast 2,995732 0,000299
jemielniak 3,506558 0,000350
jeong 3,912023 0,000390
jhu 3,218876 0,000321
jim 1,514128 0,000151
jin 2,813411 0,000281
jindal 3,912023 0,000390
jnca 3,218876 0,000321
joachim 3,912023 0,000390
joanna 2,659260 0,000265
johann 2,525729 0,000252
john 0,198451 0,000079
join 1,386294 0,000277
jon 1,514128 0,000151
jonathan 1,347074 0,000403
journal 0,186330 0,000112
journei 2,120264 0,000212
joyent 3,218876 0,000321
json 1,347074 0,000134
jstor 0,843970 0,000253
juli 0,127833 0,000345
jump -0,009950 -0,000001
jun 2,407946 0,000481
june 0,094311 0,000433
justin 1,897120 0,000189
kahn 2,525729 0,001513
kahng 3,218876 0,000321
kako 3,912023 0,000390
kao 2,995732 0,000299
kapampangan 3,912023 0,000390
kapani 3,506558 0,000350
karen 2,040221 0,000611
kasz 2,995732 0,000299
kathi 3,912023 0,000390
kathleen 2,659260 0,000265
kati 2,813411 0,000281
kbit 3,912023 0,000390
keen 3,218876 0,000321
kei 0,314711 0,000094
keith 2,207275 0,000220
kel 2,813411 0,000281
kennedi 2,813411 0,000281
kessler 3,218876 0,000321
keun 3,912023 0,000390
keyword 1,897120 0,000189
kieren 3,912023 0,000390
kill 1,714798 0,000171
killer 2,525729 0,000252
kilowatt 3,218876 0,000321
kim 1,832581 0,000366
kind 0,673345 0,000202
kingdom 1,469676 0,000587
kira 3,912023 0,000390
kirkpatrick 3,912023 0,000390
kirstein 3,912023 0,000781
kiswahili 1,771957 0,000177
kiva 3,912023 0,001171
klein 2,813411 0,000562
kleinrock 3,912023 0,000390
knew 2,813411 0,000281
knowledg 0,597837 0,000298
known 0,127833 0,000064
korea 1,771957 0,000177
korean 2,525729 0,000252
krei 3,218876 0,000321
kuwait 3,218876 0,000321
kwh 3,506558 0,000700
lab 1,171183 0,000234
laboratori 1,309333 0,000392
lack 0,544727 0,000054
lacnic 3,912023 0,000390
lag 2,407946 0,000240
lalingua 3,218876 0,000321
lamarr 3,506558 0,000350
lan 2,407946 0,000721
land 1,309333 0,000261
landau 3,218876 0,000321
landel 3,506558 0,000350
languag -0,009950 -0,000016
laptop 2,120264 0,000212
larg 0,127833 0,000217
larger 0,941609 0,000376
largest 1,108663 0,000111
lark 3,506558 0,000350
larri 1,514128 0,000151
laser 2,302585 0,000230
last -0,009950 -0,000002
late 0,733969 0,000366
later 0,223144 0,000223
latga 3,218876 0,000321
latin 1,660731 0,000829
launch 0,941609 0,000188
law 0,653926 0,000587
lawrenc 1,386294 0,000138
layer 0,713350 0,001139
ldap 2,525729 0,000252
lead 0,287682 0,000115
leader 1,714798 0,000342
learn 0,162519 0,000049
least 0,527633 0,000053
leav 1,078810 0,000108
led 0,446287 0,000178
lee 0,994252 0,000893
legaci 1,309333 0,000131
legal -0,009950 -0,000004
leiner 3,912023 0,000781
leisur 2,813411 0,000562
lend 1,966113 0,000393
length 1,237874 0,000247
lent 3,218876 0,000321
less 0,430783 0,000215
lesson 1,386294 0,000138
letter 0,843970 0,000084
level 0,083382 0,000042
liber 2,302585 0,000230
libguestf 3,506558 0,000350
librari 0,356675 0,000178
libreoffic 3,218876 0,000321
libvirt 3,218876 0,000321
licens -0,009950 -0,000001
licklid 3,506558 0,000350
lietuvi 2,302585 0,000230
life 0,653926 0,000131
lifewir 3,506558 0,000350
light 1,049822 0,000105
ligurelimburgsl 3,912023 0,000390
like 0,051293 0,000015
limit 0,186330 0,000056
line 0,261365 0,000052
link -0,009950 -0,000028
linkpag -0,009950 -0,000001
linksc 1,272966 0,000127
linod 3,506558 0,000350
linux 0,916291 0,000091
lippmann 3,912023 0,000390
list 0,051293 0,000031
literatur 1,272966 0,000254
littl 0,820981 0,000082
live 0,733969 0,000147
lnorsk 0,653926 0,000065
lo 1,386294 0,000277
load 0,891598 0,000178
loan 1,966113 0,000196
lobbi 3,218876 0,000321
local 0,314711 0,000220
locat 0,527633 0,000421
log -0,009950 -0,000002
logi 3,218876 0,000321
logic 0,616186 0,000369
logist 1,609438 0,000161
lombardo 3,912023 0,000390
london 0,941609 0,000376
lone 3,506558 0,001050
loneli 3,912023 0,000781
long 0,287682 0,000057
look 0,478036 0,000048
loos 1,609438 0,000161
lore 3,912023 0,000390
lorenz 2,995732 0,000299
lost 1,514128 0,000302
loui 1,771957 0,000177
low 0,478036 0,000095
lower 0,673345 0,000134
lowercas 2,659260 0,000531
luckett 3,912023 0,000390
lucr 3,218876 0,000321
lunacloud 3,506558 0,000350
luo 3,506558 0,000350
lux 0,371064 0,000037
lxxii 3,218876 0,000321
lynch 2,659260 0,000265
mac 1,237874 0,000124
machin 0,040822 0,000053
mad 2,407946 0,000240
made 0,186330 0,000056
magazin 0,755023 0,000075
magyar 1,049822 0,000105
mail 1,203973 0,000961
main -0,009950 -0,000013
mainland 3,506558 0,000350
mainli 1,021651 0,000102
mainstream 1,832581 0,000366
maintain 0,400478 0,000160
mainten 0,843970 0,000084
major 0,223144 0,000178
make 0,061875 0,000025
malagasi 2,040221 0,000204
malici 1,660731 0,000332
mall 3,218876 0,000643
malloch 3,912023 0,000390
malwar 1,897120 0,002841
man 0,843970 0,000168
manag 0,105361 0,000116
mandat 1,714798 0,000171
mani 0,061875 0,000136
manipul 0,673345 0,000134
manoharan 3,912023 0,000390
manual 0,994252 0,000397
manuel 3,218876 0,000321
manzetti 3,506558 0,000350
map 0,616186 0,000246
mapper 2,407946 0,000240
marc 1,771957 0,000354
march 0,116534 0,000384
marconi 3,506558 0,000350
mari 1,347074 0,000134
mark 0,261365 0,000104
market 0,446287 0,000757
marketplac 2,040221 0,000204
markup 1,966113 0,000393
marshal 2,040221 0,000204
martin 0,843970 0,000168
mashabl 2,525729 0,000252
mask 1,832581 0,000549
mass 1,309333 0,000784
massachusett 1,514128 0,000151
master 0,941609 0,000094
mat 2,995732 0,000299
match 0,400478 0,000080
materi 0,616186 0,000308
mathemat 0,616186 0,000062
matt 1,609438 0,000161
matter 1,049822 0,000105
max 1,660731 0,000166
mbit 3,912023 0,001171
mccarthi 2,525729 0,000504
mccullagh 3,912023 0,000390
mccune 3,912023 0,000390
mcd 3,506558 0,000350
mcfarland 2,995732 0,000299
mcgraw 1,108663 0,000111
mci 2,813411 0,000281
mcluhan 3,912023 0,000390
mcneal 3,912023 0,000390
mean 0,083382 0,000033
measur 0,371064 0,000111
media 0,139262 0,000778
mediapromot 3,912023 0,000390
mediat 2,302585 0,000460
medic 1,108663 0,000111
meet 0,527633 0,000211
melayu 0,820981 0,000082
melitski 3,912023 0,000390
member 0,562119 0,000224
membership 1,771957 0,000177
memo 2,525729 0,000252
menu -0,009950 -0,000002
merit 2,659260 0,000531
messag 0,400478 0,000560
metadata 1,347074 0,000134
metal 1,469676 0,000147
metaphor 2,407946 0,000240
metcalf 3,218876 0,000964
method 0,150823 0,000120
metric 1,309333 0,000131
metropolitan 3,218876 0,000321
meucci 3,218876 0,000321
mgcp 3,218876 0,000321
miami 3,218876 0,000321
michael 0,385662 0,000269
micro 1,560648 0,000156
microblog 3,506558 0,000350
microdata 2,659260 0,000265
microformat 2,659260 0,000531
microsoft 0,579818 0,000232
mid 0,994252 0,000298
middl 1,203973 0,000240
midyear 3,912023 0,000390
mike 1,237874 0,000124
mil 3,218876 0,000321
mileston 2,120264 0,000212
militari 1,469676 0,000440
miller 1,469676 0,000147
millibit 3,912023 0,000390
million 0,843970 0,001011
milton 2,995732 0,000299
min 2,120264 0,000212
minangkabau 3,912023 0,000390
mindspher 3,506558 0,000350
miniwatt 3,912023 0,000781
mirand 3,218876 0,000321
miranti 3,218876 0,000321
mirror 1,897120 0,000189
mission 1,714798 0,000342
mit 0,776529 0,000620
mitch 3,912023 0,000390
mmorpg 3,912023 0,000390
mo 2,407946 0,000481
mobil -0,009950 -0,000024
mod 1,832581 0,000183
mode 0,755023 0,000075
model 0,116534 0,000035
modem 3,912023 0,000390
modern 0,314711 0,000188
mogul 2,995732 0,000299
moham 2,207275 0,000220
mohd 2,813411 0,000281
mojibak 3,912023 0,000390
molecular 2,120264 0,000212
mom 3,506558 0,000350
momentum 2,040221 0,000204
mondai 2,525729 0,000252
monei 1,171183 0,000351
monitor 1,021651 0,000306
month 0,776529 0,000155
monthglob 3,912023 0,000390
monthli 1,609438 0,000161
monthyear 3,912023 0,000390
moo 3,912023 0,000390
moor 1,714798 0,000342
morgan 1,309333 0,000261
mors 2,995732 0,000299
mortar 3,218876 0,000964
mosfet 3,218876 0,000321
mossberg 3,912023 0,000390
mostli 0,994252 0,000099
motiv 1,272966 0,000127
move -0,009950 -0,000006
movement 1,108663 0,000111
movi 1,897120 0,000189
mower 3,506558 0,000350
mozilla 1,514128 0,000302
mplayer 3,912023 0,000390
mqtt 2,995732 0,000299
mtatarca 3,912023 0,000390
mubi 3,912023 0,000390
much 0,400478 0,000200
mud 3,506558 0,000350
mueller 3,218876 0,000321
multi 0,342490 0,000068
multihom 3,912023 0,000390
multimedia 1,386294 0,000277
multipl 0,094311 0,000038
multiplay 3,218876 0,000964
multiplex 2,302585 0,000230
municip 2,407946 0,000240
munk 3,912023 0,000390
museum 1,660731 0,000332
music 1,309333 0,000392
muslim 2,813411 0,000281
mwn 3,912023 0,000390
myanmar 3,506558 0,000350
naiveti 3,912023 0,000390
name 0,162519 0,000308
nanci 2,659260 0,000265
nanonetwork 3,912023 0,000390
napulitanonederlandsnedersaksi 3,506558 0,000350
narcot 3,912023 0,000390
narind 3,506558 0,000350
narr 3,218876 0,000321
nasir 2,813411 0,000281
nation 0,527633 0,000737
nativ 1,078810 0,000215
natur 0,356675 0,000142
navig -0,009950 -0,000002
ncc 3,506558 0,000350
ndp 3,218876 0,000321
ndre 3,912023 0,000390
near 1,171183 0,000351
nearli 1,139434 0,000341
neashti 3,506558 0,000350
necessari 0,616186 0,000123
necessarili 1,049822 0,000105
need 0,030459 0,000131
neighborhood 2,659260 0,000265
neolog 3,506558 0,000350
net 0,385662 0,000231
netflix 2,813411 0,000562
netizen 3,912023 0,001562
netlifi 3,506558 0,000700
netmask 3,912023 0,000390
netovep 2,813411 0,000281
network 0,127833 0,001952
networksnew 3,912023 0,000390
neuhaus 3,506558 0,000350
neutral 1,771957 0,000177
new 0,010050 0,000050
newli 1,560648 0,000156
newman 2,525729 0,000252
newsgroup 2,525729 0,000252
newspap 1,347074 0,000403
next 0,400478 0,000040
nextcloud 3,506558 0,000350
nfc 2,813411 0,000281
ngliscafrikaansalemannisch 2,813411 0,000281
ngn 3,506558 0,000350
nichola 1,560648 0,000312
nikola 2,659260 0,000265
nimbu 3,218876 0,000321
nimbula 3,506558 0,000350
nineteenth 2,659260 0,000265
nishizawa 3,506558 0,000350
nntp 2,995732 0,000299
noam 2,813411 0,000281
node 0,867501 0,000779
nois 1,427116 0,000142
nokia 2,207275 0,000220
non -0,009950 -0,000008
none 1,609438 0,000161
nordfriisknorsk 1,714798 0,000171
nordunet 3,912023 0,000390
norsar 3,912023 0,001171
north 1,309333 0,000653
norton 2,302585 0,000230
norwai 2,525729 0,000504
notabl 0,616186 0,000123
notat 0,941609 0,000282
note 0,150823 0,000045
notic 1,427116 0,000142
notion 1,171183 0,000117
noun 2,813411 0,000281
nov 1,966113 0,000196
novalivvinkarjalalombardmadhur 3,912023 0,000390
noveck 3,912023 0,000390
novel 1,771957 0,000177
novemb 0,150823 0,000467
novic 2,407946 0,000240
npl 3,506558 0,001400
nro 3,912023 0,000390
nsa 2,302585 0,000230
nsf 2,995732 0,000299
nsfnet 3,506558 0,002450
nskisoomaaliga 2,995732 0,000299
ntp 3,218876 0,000321
number 0,040822 0,000094
numer 0,430783 0,000086
nynorsknouormandoccitan 3,506558 0,000350
obfusc 2,302585 0,000230
object 0,174353 0,000017
obscur 2,813411 0,000281
observ 0,820981 0,000164
obtain 0,733969 0,000073
occup 2,207275 0,000220
occupi 1,897120 0,000189
oceania 2,813411 0,000562
octob 0,139262 0,000514
odlyzko 3,912023 0,000390
off 0,673345 0,000067
offens 2,659260 0,000531
offer 0,248461 0,000074
offic 0,733969 0,000366
offici 0,653926 0,000065
often 0,127833 0,000077
old 0,994252 0,000099
oldest 2,120264 0,000212
oldid -0,009950 -0,000001
olesperantoestrem 2,525729 0,000252
oliv 1,514128 0,000151
oman 2,995732 0,000299
onc 3,218876 0,000321
ondemand 3,506558 0,000350
onedr 3,506558 0,000350
ongo 1,560648 0,000156
onlin 0,415515 0,001161
ontolog 1,660731 0,000332
open 0,150823 0,000045
openai 2,659260 0,000265
opendesk 3,506558 0,000350
openio 3,506558 0,000350
opennebula 3,506558 0,000350
opennet 3,912023 0,001171
openoffic 2,995732 0,000299
openqrm 3,506558 0,000350
openshift 2,813411 0,000281
openstack 3,218876 0,000321
oper 0,010050 0,000019
opera 2,302585 0,000230
opportun 1,139434 0,000341
opt 2,302585 0,000230
optic 1,386294 0,001661
oracl 1,078810 0,000323
orbit 2,207275 0,000220
order 0,094311 0,000056
org -0,009950 -0,000008
organ -0,009950 -0,000014
organiz 1,609438 0,000161
orient 0,653926 0,000065
origin -0,009950 -0,000122
orionvm 3,506558 0,000350
oromooo 2,659260 0,000265
ospf 3,218876 0,000321
ostens 3,912023 0,000390
ottawa 3,218876 0,000321
out 0,261365 0,000078
outag 2,995732 0,000897
outlet 3,218876 0,000643
outlin 0,562119 0,000168
outsid 0,776529 0,000078
outsystem 3,506558 0,000350
over 0,094311 0,000169
overal 0,967584 0,000097
overarch 3,912023 0,000390
oversea 2,659260 0,000265
ovirt 2,813411 0,000281
owl 2,525729 0,000252
owncloud 3,506558 0,000350
ownership 1,469676 0,000147
oxford 0,843970 0,000590
paa 3,218876 0,000321
pace 2,525729 0,000252
pacif 2,120264 0,000847
packard 2,407946 0,000240
packet 2,120264 0,005079
page -0,009950 -0,000014
pagecontentscurr -0,009950 -0,000001
pageget -0,009950 -0,000001
pager 3,506558 0,000350
pagesus 1,469676 0,000147
pageswikipedia 2,659260 0,000265
paid 1,560648 0,000156
paleofutur 3,912023 0,000390
palfrei 3,912023 0,000781
pan 2,525729 0,000252
panel 2,120264 0,000212
pangasinan 3,912023 0,000390
panzari 3,912023 0,000390
paper 0,527633 0,000263
papiamentupatoi 3,506558 0,000350
paradigm 0,941609 0,000094
parallel 0,941609 0,000094
paramet 0,755023 0,000151
parent 1,714798 0,000171
pari 1,660731 0,000332
park 1,771957 0,000177
part 0,072571 0,000007
parti 0,616186 0,000185
particip 1,021651 0,000510
particular 0,301105 0,000060
partner 1,966113 0,000196
partnership 2,040221 0,000407
pass 0,776529 0,000078
past 0,994252 0,000198
pasternak 3,912023 0,000390
patent 1,203973 0,000240
path 0,798508 0,000159
patricia 2,659260 0,000265
patrick 1,714798 0,000171
paul 0,544727 0,000326
pdf 0,139262 0,000459
pdfprintabl -0,009950 -0,000001
peer 1,771957 0,002653
pelkei 3,912023 0,000390
pen 2,659260 0,000265
pend 2,120264 0,000212
penetr 2,995732 0,001495
pentagon 3,506558 0,000350
peopl 0,356675 0,000320
pepper 3,218876 0,000321
per 0,616186 0,000984
percent 1,514128 0,000907
percentag 1,427116 0,000570
perform 0,040822 0,000041
perhap 1,660731 0,000166
peril 2,995732 0,000299
period 0,713350 0,000071
perlman 3,218876 0,000321
perri 3,218876 0,000321
person -0,009950 -0,000012
persuad 2,813411 0,000281
pervas 3,218876 0,000321
petabyt 3,218876 0,000321
peter 0,446287 0,000089
pew 2,995732 0,000299
pez 2,659260 0,000265
phenomena 1,966113 0,000589
philadelphia 2,813411 0,000281
philanthropi 2,995732 0,000897
philip 1,469676 0,000147
philipp 2,407946 0,000240
philo 3,218876 0,000321
philosoph 2,040221 0,000204
phoenixnap 3,912023 0,000390
phone 1,386294 0,000830
photophon 3,506558 0,000350
php -0,009950 -0,000001
phrase 1,469676 0,000147
phryctoria 3,506558 0,000350
physic 0,446287 0,000401
piemont 1,427116 0,000142
pioneer 1,272966 0,001017
pipe 2,407946 0,000481
pisinplattd 3,506558 0,000350
pittsburgh 3,218876 0,000321
place 0,356675 0,000036
plai 0,713350 0,000142
plan 0,430783 0,000215
platespin 3,506558 0,000350
platform 0,400478 0,000280
plattner 3,912023 0,000390
playa 3,912023 0,000390
player 1,469676 0,000293
pleas 0,755023 0,000226
plural 2,407946 0,000240
pmc 1,272966 0,000127
pmid 0,994252 0,000298
podcast 2,302585 0,000230
point 0,186330 0,000149
polar 2,813411 0,000281
polic 2,120264 0,000212
polici -0,009950 -0,000008
polit 1,078810 0,001185
pompid 3,912023 0,000390
ponatol 3,912023 0,000390
pool 1,660731 0,000332
poorest 3,912023 0,000390
pop 1,714798 0,000342
popov 2,995732 0,000299
popul 1,309333 0,002091
popular 0,400478 0,000200
populationsourc 3,912023 0,001171
porn 3,218876 0,000643
pornhub 3,912023 0,000390
pornograph 3,912023 0,001562
pornographi 2,813411 0,002247
port 1,272966 0,000127
portal 0,494296 0,000099
portalrec -0,009950 -0,000001
portalvt 2,040221 0,000204
portalworld 3,506558 0,000350
portion 1,560648 0,000156
portugues 2,525729 0,000252
pose 1,560648 0,000312
possess 1,832581 0,000183
possibl 0,186330 0,000056
post 0,478036 0,000286
postel 3,506558 0,001050
potenti 0,371064 0,000185
pouzin 3,912023 0,001171
power 0,261365 0,000052
ppp 2,995732 0,000299
practic 0,186330 0,000130
practition 1,514128 0,000453
pre 0,941609 0,000094
preced 1,427116 0,000142
precursor 1,832581 0,000183
predat 2,525729 0,000504
predict 0,733969 0,000073
predix 3,218876 0,000321
prefix 1,966113 0,001570
prentic 0,994252 0,000099
prepaid 2,995732 0,000299
presenc 1,108663 0,000111
present 0,287682 0,000029
presidenti 2,995732 0,000299
press 0,210721 0,000358
preston 3,506558 0,000350
prevent 0,634878 0,000063
price 0,798508 0,000080
pricewaterhousecoop 3,218876 0,000321
primari 0,527633 0,000053
prime 1,714798 0,000171
princip 1,237874 0,000494
principl 0,385662 0,000115
print -0,009950 -0,000003
prior 0,891598 0,000089
priscila 3,912023 0,000390
privaci -0,009950 -0,000004
privat 0,634878 0,000444
problem 0,186330 0,000037
procedur 0,867501 0,000087
proceed 0,579818 0,000058
process 0,051293 0,000046
produc 0,342490 0,000034
product 0,174353 0,000017
profil 1,021651 0,000204
profit -0,009950 -0,000003
profound 2,207275 0,000220
program 0,116534 0,000070
programm 0,693147 0,000069
project -0,009950 -0,000016
prolifer 1,832581 0,000183
promin 1,237874 0,000247
promot 0,891598 0,000178
propag 2,207275 0,000220
propaganda 3,218876 0,000321
proper 1,171183 0,000117
propos 0,510826 0,000204
proprietari 1,171183 0,000117
prospect 2,120264 0,000212
protect 0,462035 0,000231
protest 2,813411 0,001123
protocol 0,527633 0,003529
proton 3,218876 0,000321
provid 0,061875 0,000185
provis 1,660731 0,000166
przegalinska 3,506558 0,000350
psinet 3,912023 0,000781
psycholog 1,469676 0,000440
ptp 3,218876 0,000321
ptt 3,912023 0,000781
pub 2,207275 0,000220
public 0,127833 0,000230
publish 0,105361 0,000074
punk 3,912023 0,000390
purchas 1,139434 0,000341
purpos 0,248461 0,000099
pusk 3,506558 0,000350
put 0,755023 0,000151
pythonanywher 3,218876 0,000321
qatar 2,995732 0,000299
quarterli 1,832581 0,000183
quartz 1,966113 0,000196
que 3,506558 0,000350
queen 2,995732 0,000299
question 0,597837 0,000060
quic 2,995732 0,000299
quickli 0,891598 0,000089
quinstreet 3,506558 0,000350
quit 1,347074 0,000134
rackspac 3,506558 0,000700
radia 3,218876 0,000321
radio 1,469676 0,001027
radiotelephon 3,506558 0,000350
rafal 3,506558 0,000700
raghavan 2,813411 0,000281
rais 1,237874 0,000124
ramona 3,912023 0,000390
ranci 3,912023 0,000390
rand 2,525729 0,000252
rang 0,371064 0,000148
rank 1,272966 0,000127
ransomwar 2,525729 0,000504
rape 3,912023 0,000781
rapid 1,203973 0,000120
rare 1,108663 0,000111
rate 0,673345 0,000605
raw 1,272966 0,000127
razak 3,506558 0,000350
rbaycanca 0,248461 0,000025
rdf 2,120264 0,000635
rdfa 2,659260 0,000265
reach 0,755023 0,000452
read 0,162519 0,000081
readview 1,309333 0,000261
real 0,210721 0,000063
realitycyberpunk 3,912023 0,000390
realiz 1,309333 0,000261
reason 0,328504 0,000066
reassembl 3,506558 0,000350
rebirth 3,506558 0,000350
receiv 0,400478 0,000120
recent 0,562119 0,000112
reciproc 2,659260 0,000265
recommend 0,891598 0,000089
record 0,400478 0,000040
recreat 1,832581 0,000183
recruit 2,302585 0,000230
recuper 3,912023 0,000390
redirect 0,673345 0,000067
reduc 0,274437 0,000027
redund 1,714798 0,000342
refer -0,009950 -0,000014
referenc 1,609438 0,000161
referenceswikipedia 2,813411 0,000281
reflect 0,562119 0,000168
reform 2,040221 0,000204
reginald 2,995732 0,000299
region 1,108663 0,000996
regist -0,009950 -0,000004
registri 2,120264 0,001482
regul 0,916291 0,000274
regularli 1,771957 0,000177
regulatori 1,427116 0,000142
rei 3,506558 0,000350
reinforc 1,660731 0,000332
reip 3,506558 0,000350
rel 0,634878 0,000063
relai 2,207275 0,000220
relat 0,030459 0,000024
relationship 0,653926 0,000196
releas 0,415515 0,000083
relev 0,798508 0,000239
reliabl 0,371064 0,000148
relianc 2,525729 0,000252
religi 2,995732 0,000299
religion 3,506558 0,000700
remain 0,400478 0,000120
remot 0,776529 0,000698
remov 0,301105 0,000180
renesi 3,912023 0,000390
rent 2,659260 0,000265
rental 2,813411 0,000281
repeat 1,469676 0,000293
replac 0,494296 0,000049
report 0,261365 0,000522
repres 0,235722 0,000024
represent 0,634878 0,000063
repress 3,506558 0,000350
republicspainisraelotherhistor 3,506558 0,000350
request 0,776529 0,000155
requir 0,051293 0,000036
research 0,223144 0,000624
reserv 1,272966 0,000127
resist 1,514128 0,000453
resolv 1,309333 0,000261
resourc 0,248461 0,000372
respect 0,544727 0,000054
respons 0,415515 0,000166
rest 1,049822 0,000210
restrict 0,755023 0,000452
result 0,139262 0,000111
retail 1,386294 0,000277
retir 2,207275 0,000220
retriev -0,009950 -0,000097
return 0,510826 0,000051
revenu 1,514128 0,000453
review 0,314711 0,000314
revolt 3,506558 0,000350
revolut 1,272966 0,000381
rfc 1,714798 0,004108
rich 1,309333 0,000131
richest 3,912023 0,000390
right 0,314711 0,000126
rightscal 3,506558 0,000350
rigor 2,040221 0,000204
rip 2,995732 0,000299
ripe 3,912023 0,000781
ripoarischrom 3,218876 0,000321
rir 3,912023 0,000390
rise 0,916291 0,000732
risk 0,579818 0,000058
ritchi 2,525729 0,000252
rival 2,302585 0,000230
road 1,272966 0,000127
robbin 3,218876 0,000321
robert 0,527633 0,000421
roberto 1,897120 0,000189
robust 1,049822 0,000105
roger 1,139434 0,000114
rohozinski 3,912023 0,000781
role 0,527633 0,000211
romanc 3,912023 0,000390
ron 2,040221 0,000204
ronald 1,714798 0,000342
ronda 3,912023 0,000781
roodman 3,912023 0,000390
room 1,832581 0,000915
root 0,733969 0,000073
rose 2,120264 0,000212
roser 3,506558 0,000350
rosli 3,912023 0,000390
roughli 1,660731 0,000166
round 1,469676 0,000147
rout 1,108663 0,002324
router 1,714798 0,001712
routledg 2,407946 0,000481
rowalon 3,218876 0,000321
roysktfran 2,040221 0,000204
rpc 2,813411 0,000281
rrid 2,813411 0,000281
rsvp 3,218876 0,000321
rtp 3,218876 0,000321
rtsp 3,218876 0,000321
rule 0,510826 0,000255
rumagn 2,995732 0,000299
rumantschruna 3,218876 0,000321
run 0,248461 0,000074
russel 1,897120 0,000379
russia 1,714798 0,000171
russian 1,609438 0,000482
safari 2,040221 0,000204
safe 0,916291 0,000183
safeti -0,009950 -0,000001
said 0,755023 0,000075
sale 1,049822 0,000314
salesforc 3,506558 0,000350
salleh 3,912023 0,000390
samantha 3,506558 0,000350
samuel 1,714798 0,000171
san 1,203973 0,000240
santa 2,659260 0,000265
sap 2,525729 0,000252
sarah 2,302585 0,000230
sarduscotsseelterskshqipsicilianu 3,218876 0,000321
satellit 2,040221 0,000815
satir 3,912023 0,000390
saudi 2,407946 0,000240
save 0,994252 0,000099
sawsdl 2,813411 0,000281
scalabl 1,203973 0,000120
scale 0,371064 0,000185
scalr 3,506558 0,000350
scan 1,660731 0,000166
scantleburi 3,912023 0,000390
schatt 3,912023 0,000390
schema 1,771957 0,000354
schneider 2,813411 0,000281
scholar 1,021651 0,000204
scholarli 3,218876 0,000643
school 0,867501 0,000173
schuster 2,302585 0,000230
sci 2,120264 0,000212
scienc 0,274437 0,000274
scientif 0,673345 0,000202
scientist 1,171183 0,001052
scope 0,891598 0,000267
scotsman 3,912023 0,000390
scrap 2,995732 0,000299
scrappi 3,912023 0,000390
script 0,916291 0,000091
sctp 3,218876 0,000321
seafil 3,506558 0,000350
sean 1,609438 0,000161
search -0,009950 -0,000011
season 2,302585 0,000460
seaux 3,912023 0,000781
secdev 3,912023 0,000390
second 0,328504 0,000066
secreci 2,525729 0,000252
secret 1,560648 0,000312
sect 3,506558 0,000350
section 0,446287 0,000089
secur 0,274437 0,000247
see -0,009950 -0,000012
seek 1,021651 0,000102
seem 1,560648 0,000156
sees 3,912023 0,000390
segal 3,506558 0,000350
selden 3,506558 0,000350
select 0,371064 0,000074
self 0,478036 0,000048
sem 3,506558 0,000350
semant 0,891598 0,001246
semaphor 2,995732 0,000299
semi 0,843970 0,000084
semiconductor 2,302585 0,000690
semin 2,407946 0,000240
semiot 3,506558 0,000350
send 1,108663 0,000332
sensation 3,912023 0,000390
sent 1,171183 0,000117
seok 3,912023 0,000390
separ 0,400478 0,000040
septemb 0,150823 0,000452
seri 0,328504 0,000033
seriou 1,832581 0,000183
serv 0,713350 0,000285
server 0,597837 0,000776
serverless 3,506558 0,000350
servic 0,210721 0,001283
servicestelegraphytransport 3,912023 0,000390
set 0,051293 0,000046
seven 1,469676 0,000293
sever 0,072571 0,000029
sex 2,659260 0,000265
sexual 2,995732 0,000299
shacl 2,659260 0,000265
shallow 2,995732 0,000299
shannon 1,771957 0,000177
shape 1,078810 0,000108
share 0,301105 0,000962
sharealik -0,009950 -0,000001
shift 1,021651 0,000204
shinjoung 3,506558 0,000350
ship 1,272966 0,000127
shooter 3,912023 0,000390
shop 1,771957 0,000884
short -0,009950 -0,000002
shorten -0,009950 -0,000001
shorthand 2,813411 0,000562
shortli 2,659260 0,000265
show 0,400478 0,000080
shrewd 3,912023 0,000390
side 0,579818 0,000058
sidebar -0,009950 -0,000004
siemen 3,506558 0,000350
sift 3,506558 0,000350
sigcomm 3,506558 0,000350
signal 0,755023 0,000226
signatur 1,560648 0,000312
signific 0,261365 0,000209
simi 0,755023 0,000075
similar 0,150823 0,000045
similarli 0,843970 0,000084
simon 1,021651 0,000204
simpl 0,150823 0,000060
simpli 0,733969 0,000073
simplic 1,897120 0,000189
simul 1,021651 0,000102
simultan 0,891598 0,000089
sinc 0,139262 0,000097
singh 1,714798 0,000171
singl 0,127833 0,000051
sioc 2,813411 0,000281
sip 2,995732 0,000299
sister 1,386294 0,000277
site -0,009950 -0,000015
situat 0,776529 0,000078
size 0,342490 0,000171
sketch 2,995732 0,000299
skill 1,427116 0,000285
sko 2,659260 0,000265
slacktiv 3,912023 0,000390
slash 2,207275 0,000220
slenskaitaliano 0,562119 0,000056
sloven 1,514128 0,000151
slowdown 3,218876 0,000321
small 0,314711 0,000188
smaller 0,994252 0,000198
smart 1,049822 0,000210
smartphon 2,040221 0,000407
smoke 2,813411 0,000281
smtp 2,659260 0,000265
snif 2,659260 0,000265
snmp 3,218876 0,000321
sobrieti 3,912023 0,000390
social 0,510826 0,001275
societi 0,653926 0,001110
sociolog 1,660731 0,000332
softwar 0,127833 0,000332
solicit 3,506558 0,000350
solid 1,171183 0,000117
solut 0,478036 0,000095
someth 1,347074 0,000134
sometim 0,301105 0,000060
sonet 3,912023 0,000390
song 1,897120 0,000189
sound 1,237874 0,000124
sourc 0,094311 0,000075
sourceview 1,309333 0,000261
south 1,108663 0,000111
sovereignti 2,995732 0,000299
space 0,415515 0,000249
span 1,771957 0,000177
spanish 2,407946 0,000240
sparql 2,407946 0,000240
speak 1,139434 0,000227
special 0,235722 0,000024
specif 0,051293 0,000067
specifi 0,446287 0,000045
spectacl 3,912023 0,000390
specul 1,714798 0,000171
speech 1,469676 0,000587
speed 0,941609 0,000658
spend 1,347074 0,000403
sphere 3,218876 0,000321
spie 2,995732 0,000299
spin 2,120264 0,000212
splunk 3,218876 0,000321
spohn 3,912023 0,000781
sponsor 1,714798 0,000342
spotifi 3,912023 0,000390
spread 1,171183 0,000234
spreadsheet 2,120264 0,000212
spring 1,609438 0,000482
sprung 3,912023 0,000390
spur 2,525729 0,000252
spywar 2,525729 0,000252
sqaraqalpaqsha 1,386294 0,000138
sri 2,302585 0,000690
srpskisrpskohrvatski 0,510826 0,000051
ssh 2,407946 0,000240
ssl 2,525729 0,000252
stack 0,843970 0,000084
staff 1,469676 0,000147
stage 1,139434 0,000114
stai 1,771957 0,000354
stan 2,813411 0,000281
standard 0,094311 0,000151
standardssyntax 2,813411 0,000281
standford 3,912023 0,000390
stanford 1,309333 0,000915
star 1,609438 0,000161
start 0,261365 0,000130
stat 1,771957 0,001592
statcount 2,659260 0,000531
state 0,083382 0,000225
statement -0,009950 -0,000005
statementsarticl 0,544727 0,000109
statesamerican 3,912023 0,000390
statesfrancebnf 0,510826 0,000051
statist -0,009950 -0,000007
steadi 2,659260 0,000265
steer 2,120264 0,000423
stepanovich 3,506558 0,000350
stephani 2,659260 0,000265
stephen 0,843970 0,000084
steve 1,078810 0,000323
stewardship 2,813411 0,000843
stewart 2,302585 0,000230
still 0,342490 0,000171
stop 0,967584 0,000193
storag 0,430783 0,000215
store 0,356675 0,000071
stori 1,237874 0,000247
strachei 3,912023 0,000390
strateg 1,171183 0,000117
strau 3,506558 0,000350
stream 0,733969 0,001172
streamer 3,912023 0,000390
strickland 3,506558 0,000350
strident 3,912023 0,000390
strike 2,302585 0,000230
strom 3,506558 0,000350
strowger 3,506558 0,000350
structur 0,139262 0,000042
struggl 1,771957 0,000177
student 1,049822 0,000210
studfil 3,912023 0,000390
studi 0,314711 0,000283
studio 1,609438 0,000161
stuff 2,659260 0,000265
stylebook 3,912023 0,000390
sub 1,021651 0,000102
subdivis 3,506558 0,000350
subject 0,478036 0,000095
submarin 2,995732 0,001495
subnet 3,218876 0,002892
subnetwork 3,912023 0,001171
subscript 1,714798 0,001541
subsect 0,020203 0,000016
subset 1,108663 0,000221
substanti 1,237874 0,000247
success 0,494296 0,000148
suddenli 2,525729 0,000252
suit 0,891598 0,000890
summar 1,469676 0,000147
summari 1,469676 0,000147
summit 2,040221 0,000204
sumner 3,506558 0,000350
sun 1,237874 0,000124
sundasuomisvenskatagalog 1,897120 0,000189
sung 3,912023 0,000390
sunshin 3,912023 0,000390
supercomput 1,897120 0,000189
supervis 1,469676 0,000147
suppli 0,994252 0,000198
support 0,150823 0,000075
suppos 1,771957 0,000177
suppress 2,813411 0,000281
surf 2,207275 0,000220
surg 1,771957 0,000177
surpass 1,897120 0,000568
surround 1,514128 0,000151
surveil 1,560648 0,001558
surviv 1,609438 0,000161
susan 2,120264 0,000635
sutton 3,506558 0,000350
sweden 2,302585 0,000230
swinho 3,912023 0,000390
swiss 2,040221 0,000204
switch 0,916291 0,001006
switzerlandnaraencyclopedia 3,506558 0,000350
symantec 2,207275 0,000220
symbol 1,078810 0,000215
symposium 1,309333 0,000131
synonym 1,966113 0,000196
syria 2,995732 0,000299
system 0,010050 0,000027
systemsvirtu 3,912023 0,000390
szl 2,995732 0,000299
tabl -0,009950 -0,000004
tablet 1,832581 0,000549
tabloid 3,912023 0,000390
tainter 3,506558 0,000350
taken 0,867501 0,000173
talk 1,108663 0,000111
tanet 3,506558 0,000350
tanja 3,506558 0,000350
tank 3,218876 0,000321
tao 2,407946 0,000240
taqbaylit 1,897120 0,000189
target 0,462035 0,000138
taschen 3,912023 0,000390
task 0,415515 0,000207
tat 3,218876 0,000321
tatar 1,272966 0,000127
tcom 3,912023 0,000390
tcp 1,897120 0,001704
teager 3,912023 0,000390
team 0,634878 0,000127
tech 0,843970 0,000084
technic 0,478036 0,000382
technica 1,347074 0,000134
techniqu 0,385662 0,000192
technolog 0,116534 0,000314
technologycomput 3,912023 0,000390
technologymass 3,912023 0,000390
techopedia 3,218876 0,000321
telautograph 3,506558 0,000350
telecommun 1,347074 0,003631
telegraph 2,040221 0,000611
telegraphi 3,506558 0,000700
telephon 2,040221 0,001629
telephoni 3,506558 0,001400
teleprint 2,995732 0,000299
teletyp 3,218876 0,000321
televis 1,514128 0,000907
telex 2,995732 0,000299
telnet 3,218876 0,000321
templat 0,301105 0,000030
ten 1,347074 0,000134
tend 1,108663 0,000332
tendenc 2,120264 0,000423
terabit 3,912023 0,000390
term -0,009950 -0,000011
termin 0,941609 0,000188
terminolog 1,237874 0,000247
territori 2,525729 0,000504
terror 2,407946 0,000721
terrorist 2,659260 0,000265
tesla 2,207275 0,000220
test 0,248461 0,000025
testimoni 3,218876 0,000321
tetunthu 3,912023 0,000390
text -0,009950 -0,000006
thai 2,813411 0,000562
thank 2,207275 0,000220
themescomput 3,912023 0,000390
themselv 0,843970 0,000253
theodor 2,813411 0,000281
theori 0,400478 0,000080
theorist 2,407946 0,000240
thereaft 2,525729 0,000252
therefor 0,478036 0,000048
thesi 1,832581 0,000183
thing 0,798508 0,000080
think 1,049822 0,000314
third 0,342490 0,000171
thoma 0,527633 0,000105
thornton 2,995732 0,000299
though 0,544727 0,000163
thought 1,108663 0,000111
thousand 1,386294 0,000138
thread 1,386294 0,000138
threat 1,309333 0,000392
three 0,287682 0,000057
throughout 1,078810 0,000108
thu 0,314711 0,000031
thulin 3,912023 0,000390
tier 1,660731 0,001160
tiktok 3,218876 0,000643
tim 0,867501 0,000606
time 0,000000 0,000000
timelin 0,733969 0,000293
timothi 1,714798 0,000171
tina 1,771957 0,000177
tissot 3,506558 0,000350
titl -0,009950 -0,000001
tivadar 3,506558 0,000350
tl 2,120264 0,000212
toasternet 3,506558 0,000350
todai 0,693147 0,000484
togeth 0,579818 0,000174
toggl -0,009950 -0,000010
toki 2,120264 0,000212
tokunaga 3,912023 0,000390
tolbert 3,912023 0,000390
told 2,407946 0,000481
tom 1,203973 0,000120
ton 2,302585 0,000230
tool -0,009950 -0,000007
top -0,009950 -0,000009
topic -0,009950 -0,000005
topolog 1,514128 0,000302
topologyand 3,506558 0,000350
toronto 2,995732 0,001196
total 0,673345 0,000336
tour 2,302585 0,000460
toward 0,713350 0,000071
tower 2,525729 0,000252
townsend 3,506558 0,000350
trace 1,427116 0,000142
tract 3,506558 0,000350
trademark -0,009950 -0,000002
tradit 0,544727 0,000163
traffic 1,272966 0,003685
transact 0,673345 0,000134
transfer 0,544727 0,000816
transform 0,544727 0,000109
transistor 2,407946 0,000481
transit 1,171183 0,001169
translat 0,798508 0,000080
transmiss 1,347074 0,000807
transmissionmedia 3,506558 0,000350
transmit 1,347074 0,000403
transmitt 3,506558 0,000350
transpar 1,237874 0,000247
transport 0,994252 0,000298
travel 1,560648 0,000156
travers 2,207275 0,000220
tremend 2,813411 0,000281
trend 0,733969 0,000220
trial 1,609438 0,000161
trig 2,813411 0,000281
trillion 1,897120 0,000757
tripl 1,966113 0,000393
trix 2,813411 0,000281
true 0,776529 0,000078
trust 0,820981 0,000082
tschpolskiportugu 1,832581 0,000183
tube 2,995732 0,000299
tuni 3,912023 0,000390
tunnel 2,120264 0,000212
ture 1,660731 0,000166
turn 0,776529 0,000078
turtl 2,525729 0,000252
tvolap 3,506558 0,000350
twice 1,714798 0,000171
twist 2,813411 0,000281
twitter 1,660731 0,000332
two 0,083382 0,000125
type 0,051293 0,000041
typesbi 3,912023 0,000390
typic 0,186330 0,000019
tzebuergesch 3,912023 0,000390
uber 2,995732 0,000299
ucla 2,525729 0,000252
udp 2,659260 0,000796
ueda 3,912023 0,000390
ueuskara 2,525729 0,000252
ukraineyal 2,302585 0,000230
ulatinalatvi 2,995732 0,000299
unauthor 1,897120 0,000189
unclassifi 3,218876 0,000321
under -0,009950 -0,000005
underli 0,693147 0,000138
underpin 2,407946 0,000481
undersea 3,506558 0,000350
understand 0,342490 0,000034
understood 1,469676 0,000147
unesco 3,506558 0,001050
unescopag 3,912023 0,000390
unfinish 3,218876 0,000321
unicod 1,832581 0,000183
unifi 1,309333 0,000131
uniform 1,347074 0,000134
unimped 3,912023 0,000390
union 0,994252 0,001389
uniqu 0,867501 0,000260
unit 0,248461 0,000719
univers 0,139262 0,000320
unless 1,237874 0,000124
unmet 3,506558 0,000350
unpublish 3,218876 0,000321
unreli 2,120264 0,000212
unrest 3,912023 0,000390
unsourc 0,446287 0,000134
unsustain 3,218876 0,000321
until 0,510826 0,000102
updat 0,342490 0,000308
updatingarticl 2,995732 0,000299
upload 1,771957 0,000177
upris 3,912023 0,000390
upstream 2,659260 0,000265
urg 2,302585 0,000230
uri 2,040221 0,000611
url 1,203973 0,000240
urldownload -0,009950 -0,000001
usa 1,427116 0,000427
usag 0,579818 0,000752
usenet 2,659260 0,001062
user 0,274437 0,001425
usual 0,198451 0,000040
utah 3,218876 0,000321
utc -0,009950 -0,000001
uucp 3,218876 0,000643
uyghurchevahcuenghv 3,506558 0,000350
vail 3,506558 0,000350
valu 0,162519 0,000049
valuat 2,120264 0,000212
valuearticl 2,659260 0,000265
vari 0,478036 0,000048
variant 1,139434 0,000227
varieti 0,616186 0,000062
variou 0,223144 0,000111
vast 1,514128 0,000302
vastli 2,525729 0,000252
vcloud 2,813411 0,000281
vdc 3,506558 0,000350
vendor 1,139434 0,000114
ventur 1,714798 0,000171
vercel 3,218876 0,000643
verif 0,733969 0,000073
version -0,009950 -0,000012
verso 3,218876 0,000321
via 0,186330 0,000298
viabl 2,813411 0,000281
victim 2,407946 0,000240
video 0,597837 0,001552
videotelephoni 3,506558 0,000700
vienna 2,659260 0,000265
view -0,009950 -0,000003
vigilant 3,218876 0,000321
vimeo 3,912023 0,000390
vincent 1,771957 0,000354
vint 2,995732 0,001196
vinton 3,506558 0,000350
violenc 3,506558 0,000700
violent 3,506558 0,000350
viral 3,218876 0,000321
virginia 2,813411 0,000281
virolog 2,407946 0,000240
virtual 0,462035 0,000600
virus 2,407946 0,000240
visibl 1,021651 0,000102
vision 0,867501 0,000087
vista 2,813411 0,000281
visual 0,562119 0,000056
vlad 2,813411 0,000281
vladimir 2,813411 0,000281
vlamswinaraywolof 3,218876 0,000321
vlan 3,218876 0,000321
vocabulari 1,966113 0,000393
voic 1,514128 0,000453
voip 3,506558 0,002450
vol 0,616186 0,000062
volum 0,616186 0,000431
volunt 2,813411 0,000281
voluntarili 3,218876 0,000643
vox 2,407946 0,000240
vte 0,967584 0,000193
vtecloud 3,506558 0,000350
vtemedia 3,912023 0,000390
vtesemant 2,813411 0,000281
vtetelecommunicationshistori 3,506558 0,000350
vulner 0,994252 0,000198
wai 0,105361 0,000042
wakam 3,506558 0,000350
walden 3,506558 0,000350
waldrop 3,912023 0,000390
walsh 2,525729 0,000252
walter 1,514128 0,000302
wan 2,995732 0,000598
wanderlei 3,912023 0,000390
war 1,078810 0,000538
ward 2,995732 0,000299
warfar 2,207275 0,000220
warn 1,272966 0,000127
washington 1,049822 0,000210
wasteland 3,912023 0,000390
watch 1,237874 0,000124
watson 2,040221 0,000204
watt 3,218876 0,000321
wave 1,560648 0,000312
wavemak 2,813411 0,000281
wayback 0,478036 0,000525
web 0,342490 0,002188
webbackground 2,813411 0,000281
webopedia 3,506558 0,000350
websit 0,527633 0,000843
well 0,051293 0,000046
welsh 3,506558 0,000350
went 1,714798 0,000171
west 1,560648 0,000156
western 1,108663 0,000111
what -0,009950 -0,000005
wheatston 3,506558 0,000350
wherebi 1,897120 0,000189
whether 0,400478 0,000080
which 0,000000 0,000000
while 0,051293 0,000056
whistl 3,506558 0,000350
whitfield 3,218876 0,000321
who 0,301105 0,000210
whole 0,916291 0,000091
whose 0,776529 0,000078
wide 0,210721 0,000568
widespread 0,994252 0,000099
wiki 1,427116 0,000997
wikibooksresourc 1,660731 0,000166
wikidatawikipedia 0,967584 0,000097
wikimedia -0,009950 -0,000002
wikinewsquot 2,659260 0,000265
wikipedia -0,009950 -0,000013
wikipediacontact -0,009950 -0,000001
wikiquotetext 2,525729 0,000252
wikisourcetextbook 2,525729 0,000252
wikistat 3,912023 0,000390
wikivers 1,609438 0,000161
wiktionarymedia 1,660731 0,000166
wilei 0,562119 0,000168
wire 0,941609 0,000564
wireless 1,078810 0,000861
wirelessli 3,218876 0,000321
wiretap 3,506558 0,001050
wish 1,609438 0,000161
within 0,116534 0,000035
without 0,094311 0,000066
witt 3,218876 0,000321
wizard 3,912023 0,000390
wlan 3,506558 0,000350
wolff 3,218876 0,000321
woman 3,506558 0,000700
women 2,813411 0,000562
wonder 2,995732 0,000598
word 0,446287 0,000267
work 0,030459 0,000082
workdai 2,995732 0,000299
worker 1,427116 0,000142
workshop 1,347074 0,000269
workspac 2,525729 0,000252
world 0,139262 0,000987
worldwid 1,108663 0,001217
worldwideweb 2,407946 0,000240
worm 2,659260 0,000265
wors 2,040221 0,000204
wright 1,714798 0,000342
write 0,527633 0,000158
written 0,287682 0,000086
www 0,356675 0,000178
xhamster 3,912023 0,000390
xiao 3,218876 0,000321
xitsonga 3,912023 0,000390
xml 1,203973 0,000240
xmpp 2,813411 0,000281
xuelei 3,912023 0,000390
xvideo 3,912023 0,000390
yard 3,218876 0,000321
yate 2,525729 0,000252
year 0,162519 0,000178
yeo 3,506558 0,000350
yield 1,139434 0,000114
yogen 3,506558 0,000700
yor 2,040221 0,000204
york 0,371064 0,000296
young 1,897120 0,000757
younger 3,218876 0,000321
yourself 2,659260 0,000265
youtub 1,272966 0,000762
yurkanan 3,912023 0,000390
zac 2,525729 0,000252
zadara 3,506558 0,000350
zakon 3,912023 0,000390
zazaki 1,966113 0,000196
zbekcha 0,462035 0,000046
zdnet 1,560648 0,000312
zealand 2,302585 0,000230
zegna 3,912023 0,000390
zero 0,693147 0,000208
zimmerman 3,912023 0,000390
zittrain 2,995732 0,000598
zoho 3,506558 0,000350
zone 2,302585 0,000230
zoom 3,218876 0,000321
zsebi 3,912023 0,000390
zworykin 3,506558 0,000350
