abaco 2,659260 0,000727
abl 0,733969 0,000402
accept 0,634878 0,000695
access 0,127833 0,000490
accord 0,287682 0,000079
account -0,009950 -0,000011
acct 3,506558 0,000959
acm 0,755023 0,000207
acquir 1,203973 0,000659
across 0,415515 0,000114
action -0,009950 -0,000003
activ 0,356675 0,000098
activeblink 2,659260 0,000727
activex 2,659260 0,000727
actual 0,597837 0,000164
ad 0,198451 0,000109
adam 1,203973 0,000329
add -0,009950 -0,000005
addit -0,009950 -0,000003
addition 0,967584 0,000794
address 0,342490 0,000843
adequ 1,660731 0,000454
administ 2,207275 0,000604
administr 0,867501 0,000475
adopt 0,415515 0,000227
advantag 0,693147 0,000190
advertis 1,347074 0,000368
aebrahim 3,912023 0,001070
afrikaan 1,108663 0,000303
against 0,462035 0,000506
agenc 1,108663 0,000303
aggreg 1,514128 0,000414
agre -0,009950 -0,000003
aim 0,634878 0,000174
aisgaeilgegalego 1,427116 0,000390
ajax 1,832581 0,000501
ajp 2,995732 0,000819
alert 1,897120 0,000519
alexa 2,525729 0,000691
algorithm 0,462035 0,000126
allow 0,061875 0,000068
along 0,462035 0,000253
alpn 3,506558 0,000959
alter 1,469676 0,000402
although 0,287682 0,000079
alwai 0,597837 0,000327
amaya 2,659260 0,000727
amazon 1,309333 0,000358
ambarish 3,912023 0,001070
amount 0,579818 0,000159
amp -0,009950 -0,000011
analysi 0,186330 0,000153
android 1,272966 0,000696
anknei 3,912023 0,001070
announc 0,733969 0,000201
anonym 1,560648 0,000427
anonymityanonym 3,912023 0,001070
anti 1,560648 0,000854
anyon 1,386294 0,000379
aol 2,120264 0,000580
apach 1,386294 0,000758
api 0,798508 0,000874
apiswhatwg 2,995732 0,000819
appear -0,009950 -0,000008
appl 1,203973 0,000659
appli -0,009950 -0,000003
applianc 1,966113 0,000538
applic 0,030459 0,000058
april 0,072571 0,000099
arachn 2,659260 0,000727
arc 2,040221 0,000558
archiv 0,040822 0,000525
aren 2,659260 0,000727
arena 1,966113 0,000538
arora 2,207275 0,000604
arp 2,995732 0,000819
arriv 1,469676 0,000402
artech 3,218876 0,000880
articl 0,000000 0,000000
articleabout -0,009950 -0,000003
articletalk -0,009950 -0,000003
arxiv 1,078810 0,000295
asapi 2,995732 0,000819
asgi 2,813411 0,000770
ask 0,867501 0,000237
asp 2,040221 0,001116
aspect 0,616186 0,000169
asymmetr 2,407946 0,000659
atla 2,525729 0,000691
attack 0,867501 0,006169
attent 1,203973 0,000329
attribut -0,009950 -0,000005
audio 0,891598 0,000244
august 0,162519 0,000044
authent 1,347074 0,004790
author 0,040822 0,000234
autom 0,597837 0,000327
automat 0,462035 0,000126
avail -0,009950 -0,000008
avast 2,525729 0,000691
backend 2,120264 0,000580
bad 1,347074 0,000368
bai 2,813411 0,000770
bar 1,386294 0,001517
base 0,010050 0,000027
basedproprietari 2,659260 0,000727
baselin 2,659260 0,000727
basic 0,198451 0,000109
basilisk 2,207275 0,000604
beaker 2,659260 0,000727
beast 3,506558 0,000959
becaus 0,127833 0,000210
becom 0,274437 0,000150
begin 0,385662 0,000316
benefici 2,207275 0,000604
beonex 2,525729 0,000691
beta 1,386294 0,000379
bgp 3,218876 0,000880
bho 2,995732 0,000819
bidirect 2,813411 0,000770
blackhat 3,912023 0,001070
blazer 2,659260 0,000727
block 0,597837 0,000818
blog 0,713350 0,000585
bokm 0,127833 0,000035
bolt 2,207275 0,000604
book 0,210721 0,000058
bookmark 2,407946 0,000659
boringssl 3,912023 0,001070
botan 3,912023 0,001070
bounci 3,506558 0,000959
box 0,843970 0,000231
brave 2,407946 0,000659
breach 1,714798 0,000469
brows 1,966113 0,000538
browser 1,021651 0,011457
browsersfeatur 2,659260 0,000727
bsafe 3,912023 0,001070
bugzilla 3,506558 0,000959
bullrun 3,912023 0,001070
busi 0,287682 0,000079
button 2,040221 0,000558
ca 1,514128 0,000414
caa 3,506558 0,000959
cab 3,912023 0,001070
cach 1,386294 0,000379
cake 2,659260 0,000727
call 0,030459 0,000033
camino 2,525729 0,000691
campaign 2,302585 0,000630
cannon 2,813411 0,000770
cannot 0,314711 0,000172
canva 2,525729 0,000691
captiv 3,506558 0,000959
carlisl 3,912023 0,001070
carlsson 3,912023 0,001070
case 0,083382 0,000137
castl 3,218876 0,000880
catal 0,094311 0,000026
catalin 2,659260 0,000727
categori -0,009950 -0,000014
caus 0,430783 0,000118
cca 2,995732 0,000819
censorship 2,659260 0,003637
central 0,478036 0,000131
certain 0,274437 0,000075
certif 1,078810 0,022131
certifi 1,714798 0,000469
cgi 2,525729 0,000691
chain 0,843970 0,000231
challeng 0,400478 0,000110
chang 0,051293 0,000042
changesupload -0,009950 -0,000005
channel 1,049822 0,001149
check 0,634878 0,000347
chen 1,309333 0,000358
chief 1,609438 0,000440
china 0,967584 0,000529
chrome 1,966113 0,005378
chromium 2,120264 0,002320
cimpanu 2,659260 0,000727
cipher 2,659260 0,002909
circumvent 3,506558 0,001918
citat 0,248461 0,000204
citrio 2,659260 0,000727
classic 0,544727 0,000149
classilla 2,525729 0,000691
clear 1,049822 0,000287
cli 2,040221 0,000558
click 1,714798 0,000938
client 0,713350 0,001756
cloud 0,733969 0,000201
coast 2,302585 0,000630
code -0,009950 -0,000008
coffe 2,207275 0,000604
colin 2,407946 0,000659
com 0,150823 0,000454
combin 0,261365 0,000071
come 0,356675 0,000098
comet 2,407946 0,000659
command 0,891598 0,000244
commerci 0,527633 0,000144
common -0,009950 -0,000014
commonsmediawikimeta 3,912023 0,001070
commun 0,139262 0,000495
communicationuri 3,912023 0,001070
comodo 2,525729 0,001382
comparison 0,371064 0,000304
complet 0,223144 0,000061
compress 1,108663 0,000303
compromis 1,897120 0,004151
comput 0,020203 0,000017
conduct -0,009950 -0,000003
confer 0,274437 0,000075
configur 0,798508 0,000437
confus 0,693147 0,000190
conkeror 2,659260 0,000727
connect 0,430783 0,001650
consequ 0,891598 0,000244
consid 0,274437 0,000150
contact -0,009950 -0,000005
contain 0,162519 0,000489
content -0,009950 -0,000035
context 0,446287 0,000244
continu 0,174353 0,000048
contribut -0,009950 -0,000003
control 0,020203 0,000017
converg 1,832581 0,000501
convers 0,776529 0,000212
cooki -0,009950 -0,000014
cor 2,995732 0,000819
corpor 0,562119 0,000154
correct 0,820981 0,000225
correctli 1,832581 0,002506
countermeasur 2,120264 0,000580
crawler 2,525729 0,000691
creat -0,009950 -0,000016
creativ -0,009950 -0,000003
creator 1,469676 0,000402
crid 3,506558 0,000959
crime 1,469676 0,000402
crimin 1,771957 0,000485
crl 3,912023 0,003210
cross 0,562119 0,000154
cryptlib 3,912023 0,001070
cryptograph 1,897120 0,001557
cryptographi 1,560648 0,001281
css 1,897120 0,000519
current 0,210721 0,000058
curv 1,309333 0,000358
custom 0,544727 0,000149
damag 1,771957 0,000485
dane 3,506558 0,000959
data 0,030459 0,000058
databas 0,072571 0,000020
datagram 2,659260 0,000727
date 0,210721 0,000346
dccp 3,218876 0,000880
dead 1,386294 0,000379
decemb 0,061875 0,000017
decrypt 2,525729 0,003454
deepfish 2,659260 0,000727
deepnet 2,659260 0,000727
default 0,693147 0,001138
defeat 2,813411 0,000770
deleg 1,966113 0,000538
delet 1,139434 0,000312
deliv 1,078810 0,000295
depend 0,105361 0,000029
deploi 1,108663 0,000606
deprec 1,660731 0,000454
deriv 0,494296 0,000135
describ 0,174353 0,000048
descript -0,009950 -0,000003
descriptionshort 0,000000 0,000000
design 0,040822 0,000022
despit 1,021651 0,000838
detail 0,510826 0,000140
develop -0,009950 -0,000022
devic 0,634878 0,000347
dhcp 2,995732 0,000819
dhe 3,912023 0,001070
dhtml 2,302585 0,000630
dialog 2,813411 0,000770
differ 0,010050 0,000011
diffi 2,995732 0,001639
digest 2,207275 0,000604
digit 0,400478 0,000110
dillo 2,659260 0,000727
disappear 2,659260 0,000727
disclaim -0,009950 -0,000005
disclosur 1,966113 0,001076
discontinu 1,514128 0,000414
discontinuedblink 2,659260 0,000727
discov 1,108663 0,000910
displai 0,755023 0,000826
distribut 0,198451 0,000054
dmy 0,994252 0,000272
dn 1,897120 0,002076
dnscrypt 3,912023 0,001070
dnssec 3,912023 0,001070
dnt 3,218876 0,000880
doc 1,139434 0,000312
doi 0,162519 0,000133
dolphin 2,659260 0,000727
dom 1,560648 0,001281
domain 0,544727 0,001043
donat -0,009950 -0,000005
doobl 2,659260 0,000727
download -0,009950 -0,000003
drew 2,407946 0,000659
drop 0,994252 0,000544
drown 3,506558 0,000959
dtl 3,506558 0,000959
duckduckgo 2,525729 0,000691
duncan 3,218876 0,000880
durat 2,040221 0,000558
dynam 0,342490 0,000094
easi 1,021651 0,000279
easier 1,049822 0,000287
east 1,714798 0,000469
eavesdrop 2,407946 0,001317
eavesdropp 3,218876 0,003522
ecdh 3,506558 0,000959
eckerslei 3,506558 0,001918
ecn 2,813411 0,000770
ecosia 2,659260 0,000727
edg 0,820981 0,000449
edit -0,009950 -0,000052
editcommun -0,009950 -0,000003
educ 0,494296 0,000135
eff 2,659260 0,002182
effect 0,274437 0,000075
effort 0,653926 0,000358
eitan 3,912023 0,001070
either 0,248461 0,000068
electron 0,430783 0,000707
elena 2,995732 0,000819
elgam 3,506558 0,001918
elink 2,659260 0,000727
ellen 2,813411 0,000770
ellipt 2,407946 0,000659
em 1,560648 0,000427
embed 0,755023 0,000207
embrac 2,040221 0,000558
empow 2,302585 0,000630
enabl 0,274437 0,000150
encourag 1,203973 0,000329
encrypt 1,139434 0,011220
encyclopedia -0,009950 -0,000003
enforc 0,916291 0,000251
engag 1,609438 0,000440
engin 0,061875 0,000051
english -0,009950 -0,000003
ensur 0,713350 0,000390
enterpris 0,446287 0,000122
entir 0,597837 0,000491
entireti 2,995732 0,000819
entiti 0,843970 0,000923
environ 0,385662 0,000105
epic 2,040221 0,000558
eric 1,078810 0,000885
espa 0,210721 0,000058
especi 0,415515 0,000341
establish 0,634878 0,000347
etag 3,218876 0,000880
even 0,235722 0,000387
event 0,356675 0,000098
eventsrandom -0,009950 -0,000003
everywher 2,120264 0,004060
evolv 1,078810 0,000295
eweek 2,659260 0,000727
eww 2,659260 0,000727
examin 0,867501 0,000237
exampl 0,020203 0,000033
except 0,733969 0,000402
exchang 0,579818 0,000476
exist 0,186330 0,000102
expens 1,108663 0,000303
expir 2,120264 0,001160
exploit 1,078810 0,000295
explor 0,820981 0,001796
export -0,009950 -0,000005
expos 1,272966 0,000348
extend 0,385662 0,000422
extens 0,342490 0,000749
extern 0,030459 0,000017
facebook 1,560648 0,000427
fact 0,579818 0,000476
fail 0,693147 0,000379
fake 2,302585 0,000630
falkon 2,659260 0,000727
famili 0,994252 0,000272
faq 1,386294 0,000758
far 0,867501 0,000237
fashion 1,832581 0,000501
fast 0,673345 0,000184
father 2,525729 0,001382
fcgi 2,995732 0,000819
feasibl 1,771957 0,000485
februari 0,061875 0,000118
feed 1,966113 0,000538
field 0,314711 0,000086
fifteen 3,912023 0,001070
file 0,446287 0,000244
fileperman -0,009950 -0,000003
filespeci -0,009950 -0,000003
filter 1,108663 0,000303
find 0,371064 0,000101
finger 2,813411 0,000770
firefox 1,771957 0,006785
firewal 2,120264 0,000580
first 0,020203 0,000006
flash 1,897120 0,000519
flock 2,207275 0,000604
floorp 2,525729 0,000691
flow 0,430783 0,000236
fluid 1,660731 0,000454
follow 0,072571 0,000020
fool 2,407946 0,000659
forbidden 2,120264 0,000580
forc 0,597837 0,000654
fork 1,203973 0,000329
form 0,072571 0,000040
formal 0,510826 0,000140
formerli 1,309333 0,000716
forum 1,203973 0,000988
forward 0,941609 0,002576
foss 1,966113 0,000538
found 0,274437 0,000300
foundat -0,009950 -0,000027
framework 0,287682 0,000079
freak 3,506558 0,000959
free -0,009950 -0,000011
freedom 1,609438 0,000440
freegat 3,912023 0,001070
freeweibo 3,912023 0,001070
frequent 0,916291 0,000251
front 1,078810 0,000295
frontend 2,407946 0,000659
frontier 1,469676 0,002412
ftp 2,040221 0,001674
fulli 0,616186 0,000169
further 0,139262 0,000038
futur 0,235722 0,000064
gain 0,616186 0,000169
galeon 2,659260 0,000727
gallagh 3,506558 0,000959
galperin 3,912023 0,001070
gate 1,660731 0,000908
gazel 2,659260 0,000727
gear 1,771957 0,000485
gecko 2,407946 0,001976
gemini 2,207275 0,000604
gener -0,009950 -0,000014
geo 2,407946 0,000659
geoloc 2,525729 0,000691
get 0,430783 0,000471
ghostzilla 2,659260 0,000727
github 1,078810 0,000295
global 0,446287 0,000122
gnome 2,302585 0,000630
gnu 1,272966 0,000348
gnutl 3,912023 0,001070
goagent 3,912023 0,001070
goanna 2,525729 0,000691
googl 0,579818 0,002696
gopher 2,995732 0,000819
goto 2,813411 0,000770
govern 0,544727 0,000149
graphql 2,659260 0,000727
great 0,941609 0,000515
greatfir 3,912023 0,001070
green 0,916291 0,000251
greenbrows 2,659260 0,000727
grigorik 3,506558 0,000959
guaai 3,912023 0,001070
guarante 1,078810 0,000295
gui 1,309333 0,000358
hand 0,494296 0,000135
handler 2,207275 0,000604
head 0,867501 0,000475
header 1,714798 0,001876
healthcar 1,347074 0,000368
heartble 3,912023 0,001070
hellman 3,218876 0,001761
help 0,174353 0,000143
helplearn -0,009950 -0,000003
hererel -0,009950 -0,000003
hidden 0,843970 0,000231
hide -0,009950 -0,000011
high 0,223144 0,000061
higher 0,430783 0,000118
highest 1,514128 0,000414
histor 0,579818 0,000159
histori -0,009950 -0,000016
holder 1,897120 0,000519
home 0,616186 0,000169
host 0,755023 0,001033
hostnam 3,218876 0,000880
hot 1,966113 0,001076
hotel 2,525729 0,000691
hotjava 2,659260 0,000727
hotspot 2,995732 0,000819
hous 0,820981 0,000225
howev 0,094311 0,000077
hpkp 3,912023 0,001070
hrvatskibahasa 1,427116 0,000390
hst 3,506558 0,002877
html 1,078810 0,000295
http -0,009950 -0,000395
huawei 1,966113 0,000538
hundr 1,237874 0,000339
hydrat 2,525729 0,000691
hyper 2,302585 0,000630
hypertext 1,771957 0,001939
hyphanet 3,506558 0,000959
ibm 0,693147 0,000379
ibrows 2,659260 0,000727
icab 2,659260 0,000727
icecat 2,525729 0,000691
icedragon 2,659260 0,000727
icmp 2,995732 0,000819
ideal 1,514128 0,000414
ident 0,820981 0,000898
identifi 0,356675 0,000488
idl 2,302585 0,000630
ieee 0,634878 0,000174
ietf 2,040221 0,000558
igmp 3,218876 0,000880
ill 2,120264 0,000580
ilya 2,302585 0,000630
imag 0,494296 0,000135
imap 2,813411 0,000770
impact 0,544727 0,000149
implement 0,105361 0,000231
import 0,162519 0,000222
improv 0,150823 0,000124
ina 0,356675 0,000098
inasloven 0,616186 0,000169
inc -0,009950 -0,000011
includ 0,000000 0,000000
incom 1,272966 0,000348
increasingli 0,776529 0,000212
index -0,009950 -0,000005
indexeddb 2,407946 0,001317
indiana 2,525729 0,000691
indic 0,356675 0,000488
individu 0,314711 0,000086
indonesiaitaliano 1,237874 0,000339
infer 1,139434 0,001558
info 1,832581 0,000501
inform 0,061875 0,000203
informationcit -0,009950 -0,000003
infrastructur 0,673345 0,000368
inject 1,386294 0,002275
insecur 1,714798 0,001876
insid 0,579818 0,000159
instal 0,994252 0,000816
instead 0,301105 0,000082
integr 0,174353 0,000143
intercept 2,207275 0,001207
interfac 0,494296 0,000135
interfacesserv 2,995732 0,000819
internet 0,462035 0,002780
intranet 2,813411 0,000770
introduct 0,210721 0,000058
invalid 1,714798 0,001407
invest 0,967584 0,000529
ipp 3,218876 0,000880
ipsec 2,995732 0,001639
ipv 2,659260 0,000727
irc 2,659260 0,002909
iri 2,040221 0,000558
isapi 2,995732 0,000819
isbn 0,051293 0,000042
issu 0,314711 0,000172
issuanc 2,525729 0,000691
ital 2,207275 0,000604
item -0,009950 -0,000003
itself 0,342490 0,000187
jakarta 2,659260 0,000727
jap 3,506558 0,000959
javascript 1,021651 0,000838
jondonym 3,912023 0,001070
jsgi 2,407946 0,000659
jsse 3,912023 0,001070
juli 0,127833 0,000140
julien 2,813411 0,000770
jump -0,009950 -0,000003
june 0,094311 0,000077
justinsomnia 3,912023 0,001070
kazakhstan 2,659260 0,000727
kazehakas 2,659260 0,000727
keep 0,733969 0,000201
kehuan 3,912023 0,001070
kei 0,314711 0,001463
kerner 3,506558 0,000959
kevin 1,386294 0,000379
khrono 2,995732 0,000819
kidzui 2,659260 0,000727
kind 0,673345 0,000184
know 0,653926 0,000358
knowledg 0,597837 0,000164
known 0,127833 0,000035
konigsburg 3,912023 0,001070
konqueror 2,659260 0,000727
korzhitskii 3,912023 0,001070
kvochko 3,506558 0,000959
kylo 2,659260 0,000727
lab 1,171183 0,000961
label 1,049822 0,000287
ladybird 2,659260 0,000727
languag -0,009950 -0,000005
lantern 3,912023 0,001070
last -0,009950 -0,000003
latenc 1,897120 0,000519
later 0,223144 0,000061
latest 0,994252 0,000272
latvi 0,994252 0,000272
launch 0,941609 0,001030
law 0,653926 0,000179
lawrenc 1,386294 0,000758
layer 0,713350 0,005073
ldap 2,525729 0,002073
leak 1,832581 0,000501
lectur 1,139434 0,000312
led 0,446287 0,000122
left 0,916291 0,000251
legaci 1,309333 0,000358
legal -0,009950 -0,000011
legitim 2,040221 0,000558
let 0,916291 0,001754
letsencrypt 3,912023 0,001070
level 0,083382 0,000068
leverag 1,237874 0,000339
libressl 3,912023 0,001070
librewolf 2,525729 0,000691
licens -0,009950 -0,000003
life 0,653926 0,000179
limit 0,186330 0,000255
linchpin 3,912023 0,001070
line 0,261365 0,000143
link -0,009950 -0,000027
linkpag -0,009950 -0,000003
lisp 1,386294 0,000379
list 0,051293 0,000056
lite 2,302585 0,000630
liveconnect 2,995732 0,000819
load 0,891598 0,001951
local 0,314711 0,000086
locat 0,527633 0,000144
lock 1,309333 0,000358
log -0,009950 -0,000008
login 1,966113 0,001076
logjam 3,506558 0,000959
long 0,287682 0,000236
longer 0,755023 0,000207
lot 1,386294 0,000758
lotu 2,120264 0,000580
lower 0,673345 0,000184
lucki 3,218876 0,000880
lunascap 2,659260 0,000727
lynx 2,525729 0,000691
mac 1,237874 0,000677
magnet 1,966113 0,000538
mail 1,203973 0,000329
mailto 3,506558 0,000959
main -0,009950 -0,000016
mainten 0,843970 0,000231
major 0,223144 0,000183
make 0,061875 0,000068
malici 1,660731 0,000908
malpani 3,912023 0,001070
malwar 1,897120 0,001557
man 0,843970 0,001616
manag 0,105361 0,000086
mani 0,061875 0,000085
mark 0,261365 0,000071
mashup 2,407946 0,000659
mass 1,309333 0,000716
matrixssl 3,912023 0,001070
matthew 1,560648 0,000427
maxthon 2,659260 0,000727
mbed 3,912023 0,001070
mean 0,083382 0,000046
meant 1,514128 0,000828
measur 0,371064 0,000203
mechan 0,356675 0,000098
media 0,139262 0,000038
mediabrows 2,659260 0,000727
medic 1,108663 0,000303
meleon 2,525729 0,000691
menu -0,009950 -0,000005
mercuri 2,302585 0,000630
messag 0,400478 0,000438
messmer 3,912023 0,001070
metadata 1,347074 0,000368
method 0,150823 0,000165
mgcp 3,218876 0,000880
mi 2,302585 0,000630
michael 0,385662 0,000211
microb 2,659260 0,000727
microservic 2,302585 0,000630
microsoft 0,579818 0,000952
middl 1,203973 0,002635
midori 2,407946 0,000659
million 0,843970 0,000462
mini 1,832581 0,000501
minim 0,579818 0,000159
minimo 2,525729 0,000691
mitm 3,218876 0,000880
mitzvah 3,912023 0,001070
mixmast 3,912023 0,001070
mixtur 2,407946 0,000659
mobil -0,009950 -0,000005
mod 1,832581 0,005514
mode 0,755023 0,001239
model 0,116534 0,000032
modern 0,314711 0,000086
modifi 0,527633 0,000144
modul 0,820981 0,000225
mono 2,407946 0,000659
month 0,776529 0,000212
moon 2,040221 0,000558
mosaic 2,120264 0,000580
motiv 1,272966 0,000348
move -0,009950 -0,000019
mozilla 1,514128 0,002485
mqtt 2,995732 0,000819
mse 2,302585 0,000630
mshtml 2,659260 0,000727
msn 2,525729 0,002073
mullvad 2,659260 0,000727
multi 0,342490 0,000094
mutual 1,386294 0,000758
myer 3,218876 0,000880
nacl 2,525729 0,000691
name 0,162519 0,000489
nation 0,527633 0,000289
navig -0,009950 -0,000005
ndp 3,218876 0,000880
nearli 1,139434 0,000312
necessari 0,616186 0,000169
necessarili 1,049822 0,000287
nederland 0,415515 0,000114
need 0,030459 0,000067
negoti 1,771957 0,000485
neoplanet 2,659260 0,000727
net 0,385662 0,000211
netblock 3,912023 0,001070
netcaptor 2,659260 0,000727
netcraft 3,912023 0,001070
netfront 2,659260 0,000727
netposit 2,659260 0,000727
netscap 2,040221 0,002232
netsurf 2,659260 0,000727
network 0,127833 0,000559
nevertheless 1,660731 0,000454
new 0,010050 0,000014
newer 1,309333 0,001074
newn 3,506558 0,000959
nf 3,218876 0,000880
nntp 2,995732 0,001639
node 0,867501 0,000237
nokia 2,207275 0,000604
non -0,009950 -0,000005
normal 0,673345 0,000184
norsk 0,342490 0,000094
nossl 3,912023 0,003210
notari 3,218876 0,000880
note 0,150823 0,000041
novemb 0,150823 0,000041
npapi 2,813411 0,000770
npruntim 2,995732 0,000819
nsa 2,302585 0,000630
nsapi 2,995732 0,000819
nss 3,506558 0,000959
ntp 3,218876 0,000880
number 0,040822 0,000067
observ 0,820981 0,000225
ocsp 2,659260 0,005092
offer 0,248461 0,000068
often 0,127833 0,000070
older 1,237874 0,001016
oldid -0,009950 -0,000003
oleuskara 1,514128 0,000414
omniweb 2,659260 0,000727
onc 3,218876 0,000880
onionshar 3,912023 0,001070
onlin 0,415515 0,000455
onto 1,660731 0,000454
ooni 3,912023 0,001070
open 0,150823 0,000124
openssl 2,995732 0,000819
oper 0,010050 0,000014
opera 2,302585 0,004409
opin 3,218876 0,000880
opplig 3,218876 0,000880
opportunist 2,813411 0,001539
option 0,527633 0,000144
oracl 1,078810 0,000295
orbot 3,912023 0,001070
order 0,094311 0,000077
ordinari 1,272966 0,000348
org -0,009950 -0,000014
organ -0,009950 -0,000008
origin -0,009950 -0,000133
origyn 2,659260 0,000727
orion 2,302585 0,000630
ospf 3,218876 0,000880
otherwis 1,108663 0,000303
otter 2,659260 0,000727
outlin 0,562119 0,000154
over 0,094311 0,000335
overview 0,616186 0,000506
owin 2,995732 0,000819
owner 1,171183 0,000641
pac 2,995732 0,000819
packet 2,120264 0,001740
pad 2,525729 0,000691
page -0,009950 -0,000038
pagecontentscurr -0,009950 -0,000003
pageget -0,009950 -0,000003
pagesus 1,469676 0,000402
pagethi 2,659260 0,000727
paid 1,560648 0,000854
pale 2,525729 0,000691
pant 3,506558 0,000959
paper 0,527633 0,000144
paramet 0,755023 0,000413
parrot 2,302585 0,000630
part 0,072571 0,000020
parti 0,616186 0,000506
particular 0,301105 0,000082
pass 0,776529 0,000212
passeng 1,966113 0,000538
passiv 2,207275 0,000604
password 1,609438 0,000880
past 0,994252 0,000544
patch 1,560648 0,000427
payment 1,347074 0,000368
pdf 0,139262 0,000076
pdfprintabl -0,009950 -0,000003
pend 2,120264 0,000580
peopl 0,356675 0,000098
perfect 1,832581 0,001003
perform 0,040822 0,000011
perl 1,347074 0,000737
perman 1,272966 0,000348
permit 1,203973 0,000329
persist 1,386294 0,000758
person -0,009950 -0,000008
peter 0,446287 0,000244
pf 3,218876 0,000880
php -0,009950 -0,000005
phusion 2,813411 0,000770
physic 0,446287 0,000122
pierr 1,966113 0,001076
piggyback 3,912023 0,001070
pin 2,407946 0,000659
pirat 2,995732 0,000819
piratebox 3,912023 0,001070
piratebrows 2,659260 0,000727
pki 3,506558 0,000959
place 0,356675 0,000098
plain 1,514128 0,000414
plaintext 2,995732 0,000819
pogo 2,525729 0,000691
point 0,186330 0,000102
poison 3,218876 0,000880
polici -0,009950 -0,000011
pollut 1,832581 0,000501
polskiportugu 0,916291 0,000251
poodl 3,912023 0,002140
pop 1,714798 0,000469
popular 0,400478 0,000219
port 1,272966 0,001741
portal 0,494296 0,000135
portalrec -0,009950 -0,000003
portlet 2,995732 0,000819
possess 1,832581 0,000501
possibl 0,186330 0,000102
post 0,478036 0,000131
potenti 0,371064 0,000710
ppapi 2,995732 0,000819
ppp 2,995732 0,000819
practic 0,186330 0,000153
pre 0,941609 0,000515
predecessor 2,120264 0,000580
prepar 1,139434 0,000312
present 0,287682 0,000315
press 0,210721 0,000058
preval 2,040221 0,000558
prevent 0,634878 0,000174
primarili 0,653926 0,000179
princip 1,237874 0,000339
principleswith 3,912023 0,001070
print -0,009950 -0,000003
prior 0,891598 0,000244
privaci -0,009950 -0,000019
privat 0,634878 0,001042
problem 0,186330 0,000051
profil 1,021651 0,000279
profit -0,009950 -0,000003
program 0,116534 0,000096
progress 1,171183 0,000320
prohibit 1,714798 0,000469
project -0,009950 -0,000014
promin 1,237874 0,000339
prompt 1,609438 0,000440
properli 1,309333 0,000358
properti 0,314711 0,000430
proprietari 1,171183 0,000320
protect 0,462035 0,001769
protocol 0,527633 0,004185
protocolcryptograph 3,912023 0,001070
protocolsfeatur 2,659260 0,000727
protocolssecur 3,912023 0,001070
provid 0,061875 0,000169
proxi 1,771957 0,002423
proxifi 3,912023 0,001070
psgi 2,995732 0,000819
psiphon 3,912023 0,001070
ptp 3,218876 0,000880
public 0,127833 0,000385
publicli 1,309333 0,000358
publish 0,105361 0,000029
puffin 2,659260 0,000727
puls 2,995732 0,002458
pusep 3,912023 0,001070
push 1,203973 0,000329
put 0,755023 0,000207
python 0,916291 0,000752
qtweb 2,659260 0,000727
quali 3,912023 0,003210
queri 1,139434 0,000312
quic 2,995732 0,002458
quinstreet 3,506558 0,000959
qutebrows 2,659260 0,000727
rack 2,302585 0,000630
rajiv 3,218876 0,000880
random 0,693147 0,000190
rang 0,371064 0,000101
rank 1,272966 0,000348
rbaycanca 0,248461 0,000068
readeditview 0,287682 0,000157
reader 1,560648 0,000427
realiti 1,237874 0,000339
reason 0,328504 0,000270
receiv 0,400478 0,000219
recommend 0,891598 0,000244
record 0,400478 0,000110
redcor 2,659260 0,000727
reduc 0,274437 0,000075
refer -0,009950 -0,000016
refract 3,912023 0,001070
regard 0,776529 0,000425
regardless 1,272966 0,000348
regist -0,009950 -0,000003
relat 0,030459 0,000025
releas 0,415515 0,000114
relev 0,798508 0,000218
reli 0,562119 0,000154
remain 0,400478 0,000219
remot 0,776529 0,000212
report 0,261365 0,000071
request 0,776529 0,001274
requir 0,051293 0,000070
rescorla 3,912023 0,001070
research 0,223144 0,000366
resourc 0,248461 0,000340
respond 1,049822 0,000287
respons 0,415515 0,000455
rest 1,049822 0,000861
retriev -0,009950 -0,000144
return 0,510826 0,000140
reveal 1,203973 0,000659
revel 2,995732 0,000819
review 0,314711 0,000086
revis 1,021651 0,000279
revoc 3,912023 0,007490
revok 2,407946 0,001317
rfc 1,714798 0,002814
rich 1,309333 0,000716
rip 2,995732 0,000819
roa 2,813411 0,000770
robert 0,527633 0,000144
rockmelt 2,659260 0,000727
rolf 2,995732 0,000819
rom 0,616186 0,000169
root 0,733969 0,000201
roysktfran 2,040221 0,000558
rpc 2,813411 0,000770
rsvp 3,218876 0,000880
rsync 3,506558 0,000959
rtp 3,218876 0,000880
rtsp 3,218876 0,000880
rubi 1,347074 0,000737
rui 2,525729 0,000691
run 0,248461 0,000068
rustl 3,912023 0,001070
ryan 1,560648 0,000427
safari 2,040221 0,001674
safeti -0,009950 -0,000005
sai 0,616186 0,000169
salamweb 2,659260 0,000727
samsung 2,040221 0,000558
scgi 2,995732 0,000819
schannel 3,912023 0,001070
scheme 1,171183 0,001602
schemesoffici 3,506558 0,000959
schemestransport 3,912023 0,001070
schoen 3,506558 0,000959
scienc 0,274437 0,000075
scientist 1,171183 0,000320
script 0,916291 0,001253
sctp 3,218876 0,000880
seamonkei 2,525729 0,000691
sean 1,609438 0,000440
search -0,009950 -0,000014
sec 2,207275 0,000604
secreci 2,525729 0,006908
secret 1,560648 0,002561
section 0,446287 0,000122
secur 0,274437 0,004804
securityinternet 3,912023 0,001070
see -0,009950 -0,000011
seldom 2,659260 0,000727
self 0,478036 0,000131
semant 0,891598 0,000244
send 1,108663 0,000606
sensit 1,078810 0,001770
separ 0,400478 0,000110
serial 2,120264 0,000580
serv 0,713350 0,000390
server 0,597837 0,005069
servic 0,210721 0,000173
servlet 2,525729 0,000691
session 1,469676 0,002412
set 0,051293 0,000014
seth 1,832581 0,000501
setup 1,897120 0,001038
sever 0,072571 0,000040
shadowrocket 3,912023 0,001070
shadowsock 3,912023 0,001070
sharealik -0,009950 -0,000003
shell 1,049822 0,000287
shield 2,120264 0,000580
shiira 2,659260 0,000727
short -0,009950 -0,000008
shorten -0,009950 -0,000003
show 0,400478 0,000110
shown 1,237874 0,000677
shqipsloven 3,506558 0,000959
shuo 3,912023 0,001070
side 0,579818 0,000793
sidebar -0,009950 -0,000011
sidebrows 2,995732 0,000819
sideprotocol 2,995732 0,000819
sign 0,916291 0,002005
signal 0,755023 0,000413
silk 2,040221 0,000558
simpl 0,150823 0,000083
sinc 0,139262 0,000114
singel 3,506558 0,000959
singl 0,127833 0,000035
sip 2,995732 0,002458
site -0,009950 -0,000052
size 0,342490 0,000468
skweezer 2,659260 0,000727
skyfir 2,659260 0,000727
slava 3,506558 0,000959
sleipnir 2,659260 0,000727
slimbrows 2,659260 0,000727
slow 1,237874 0,000677
smtp 2,659260 0,000727
smuggl 2,813411 0,000770
sneakernet 3,912023 0,001070
sni 3,912023 0,004280
sniff 3,506558 0,000959
snmp 3,218876 0,000880
snowflak 2,995732 0,000819
socket 2,302585 0,001889
softpedia 3,506558 0,001918
softwar 0,127833 0,000245
softwarefre 2,207275 0,000604
solut 0,478036 0,000262
sometim 0,301105 0,000165
soon 1,427116 0,000390
sophist 1,203973 0,000329
sourc 0,094311 0,000026
spacetim 2,302585 0,000630
spdy 3,506558 0,000959
speak 1,139434 0,000312
specif 0,051293 0,000014
specifi 0,446287 0,000244
split 1,139434 0,000312
spot 1,514128 0,000828
sputnik 2,407946 0,000659
sql 1,171183 0,000320
srpskisrpskohrvatski 0,510826 0,000140
srware 2,659260 0,000727
sse 2,813411 0,000770
ssh 2,407946 0,001976
ssl 2,525729 0,024180
ssleai 3,912023 0,001070
ssllab 3,912023 0,002140
sslprotocol 3,912023 0,001070
sslstrip 3,912023 0,001070
stack 0,843970 0,000231
stai 1,771957 0,000485
standard 0,094311 0,000077
stanislaw 3,912023 0,001070
stapl 3,506558 0,001918
start 0,261365 0,000214
stat 1,771957 0,000485
state 0,083382 0,000023
statement -0,009950 -0,000016
statementsarticl 0,544727 0,000298
static 1,272966 0,001045
statist -0,009950 -0,000008
statoper 3,912023 0,001070
statu 0,693147 0,000948
status 3,912023 0,002140
statusthi 2,659260 0,000727
steal 2,302585 0,001260
stealthnet 3,912023 0,001070
steel 1,897120 0,000519
still 0,342490 0,000281
storag 0,430783 0,000236
strata 2,407946 0,000659
strict 1,609438 0,001761
strictli 1,966113 0,001076
strip 2,525729 0,001382
strong 0,776529 0,000212
stronger 1,966113 0,000538
stunnel 3,912023 0,002140
subject 0,478036 0,000131
sublay 3,912023 0,001070
subsect 0,020203 0,000011
subvert 3,506558 0,000959
suffici 1,078810 0,000295
suggest 0,820981 0,000225
suit 0,891598 0,000975
suomisvenskatagalog 1,171183 0,000320
supermium 2,659260 0,000727
suppli 0,994252 0,000272
support 0,150823 0,000495
surf 2,207275 0,000604
surgeri 2,995732 0,000819
survei 0,462035 0,000253
surveil 1,560648 0,001281
svg 2,525729 0,000691
swiftfox 2,525729 0,000691
switch 0,916291 0,000251
symbian 2,207275 0,000604
symposium 1,309333 0,000358
syntax 1,171183 0,000320
system 0,010050 0,000008
tabl -0,009950 -0,000005
tag 1,309333 0,000358
taher 3,912023 0,002140
take 0,210721 0,000115
tamper 2,407946 0,001976
task 0,415515 0,000227
taxat 2,525729 0,000691
tcp 1,897120 0,001557
tech 0,843970 0,000231
techdow 3,912023 0,001070
technic 0,478036 0,000392
technolog 0,116534 0,000096
technologiesbackground 3,912023 0,001070
telemetri 3,218876 0,000880
telex 2,995732 0,000819
tell 1,660731 0,001363
telnet 3,218876 0,001761
tenfourfox 2,659260 0,000727
term -0,009950 -0,000019
text -0,009950 -0,000008
theori 0,400478 0,000110
therefor 0,478036 0,000262
think 1,049822 0,000287
third 0,342490 0,000187
thirteen 3,912023 0,001070
though 0,544727 0,000298
thu 0,314711 0,000172
thunderhawk 2,659260 0,000727
tim 0,867501 0,000237
timberwolf 2,659260 0,000727
time 0,000000 0,000000
tinadanskdeutscheesti 1,309333 0,000358
titl -0,009950 -0,000003
tl 2,120264 0,019718
todai 0,693147 0,000569
toggl -0,009950 -0,000014
tomorrow 2,525729 0,001382
tool -0,009950 -0,000011
top -0,009950 -0,000016
topic -0,009950 -0,000011
tor 2,525729 0,005527
torch 2,407946 0,000659
torproject 3,912023 0,001070
trace 1,427116 0,000390
trademark -0,009950 -0,000003
traffic 1,272966 0,002785
transact 0,673345 0,000368
transfer 0,544727 0,000894
transit 1,171183 0,000641
transmiss 1,347074 0,000368
transpar 1,237874 0,000339
transport 0,994252 0,004079
tri 1,427116 0,000390
tribler 3,912023 0,001070
true 0,776529 0,000212
trust 0,820981 0,002695
try 0,994252 0,000272
tunnel 2,120264 0,000580
turkei 2,525729 0,000691
twitter 1,660731 0,000454
two 0,083382 0,000046
type 0,051293 0,000098
typic 0,186330 0,000153
udp 2,659260 0,000727
ulombardmagyar 2,813411 0,000770
ultrasurf 3,912023 0,001070
unavail 2,207275 0,000604
under -0,009950 -0,000003
underli 0,693147 0,000569
unencrypt 2,302585 0,000630
unfit 1,609438 0,000440
ungoogl 2,659260 0,000727
uniform 1,347074 0,000368
unit 0,248461 0,000068
univers 0,139262 0,000038
unnam 2,659260 0,000727
unoffici 1,966113 0,000538
unsourc 0,446287 0,000244
upcom 2,659260 0,000727
updat 0,342490 0,000749
updatingarticl 2,995732 0,000819
upgrad 1,469676 0,000402
upon 0,673345 0,000184
uproxi 3,912023 0,001070
uri 2,040221 0,002232
url 1,203973 0,001647
urlarticl 2,659260 0,000727
urldownload -0,009950 -0,000003
urn 3,506558 0,000959
usag 0,579818 0,000793
usb 2,302585 0,000630
user 0,274437 0,002402
usual 0,198451 0,000054
utc -0,009950 -0,000003
uzbl 2,659260 0,000727
valid 0,616186 0,001517
variat 0,994252 0,000272
venkat 3,506558 0,000959
verifi 1,237874 0,002032
version -0,009950 -0,000033
via 0,186330 0,000153
video 0,597837 0,000164
view -0,009950 -0,000005
viewer 2,407946 0,000659
virtual 0,462035 0,000126
vision 0,867501 0,000237
visit 1,714798 0,002345
vista 2,813411 0,001539
vivaldi 2,659260 0,000727
vol 0,616186 0,000169
vouch 3,912023 0,001070
vpn 2,207275 0,001811
vte 0,967584 0,000529
vteinternet 3,506558 0,000959
vtetl 3,912023 0,001070
vteuniform 3,506558 0,000959
vteweb 1,966113 0,001076
vulner 0,994252 0,001088
vulnerabilitiestheori 3,912023 0,001070
wai 0,105361 0,000058
wall 1,237874 0,000339
wang 1,427116 0,000781
want 0,820981 0,000225
warn 1,272966 0,001741
waterfox 2,525729 0,001382
weak 1,660731 0,000454
web 0,342490 0,004965
webassembl 1,660731 0,000908
webauthn 2,407946 0,000659
webcl 2,813411 0,000770
webdav 2,995732 0,000819
webexplor 2,659260 0,000727
webgl 2,407946 0,001317
webgpu 2,407946 0,001317
webhook 2,813411 0,000770
webkit 2,525729 0,001382
webmast 3,218876 0,000880
webpag 2,407946 0,001976
webposit 2,659260 0,000727
webrtc 2,407946 0,001317
websit 0,527633 0,003608
websocket 2,207275 0,001811
webusb 2,995732 0,000819
webxr 2,525729 0,000691
welivesecur 3,506558 0,000959
well 0,051293 0,000028
whale 2,207275 0,000604
what -0,009950 -0,000008
wherea 1,049822 0,000287
whether 0,400478 0,000219
which 0,000000 0,000000
while 0,051293 0,000042
wide 0,210721 0,000231
wifi 2,813411 0,000770
wikidata 0,562119 0,000154
wikidatawikipedia 0,967584 0,000265
wikimedia -0,009950 -0,000008
wikipedia -0,009950 -0,000027
wikipediacontact -0,009950 -0,000003
wikiwikibookswikidata 3,912023 0,001070
window 0,891598 0,000732
winwap 2,659260 0,000727
wire 0,941609 0,000258
wireguard 3,912023 0,001070
without 0,094311 0,000103
withstand 3,912023 0,001070
wlan 3,506558 0,000959
woa 2,995732 0,000819
wolfssl 3,912023 0,001070
wordfilt 3,912023 0,001070
work 0,030459 0,000008
worker 1,427116 0,000390
world 0,139262 0,000229
worldwideweb 2,407946 0,000659
wsgi 2,813411 0,001539
wsrp 2,995732 0,000819
wss 3,506558 0,000959
www 0,356675 0,000390
xbap 2,995732 0,000819
xiaofeng 3,506558 0,000959
xmlhttprequest 2,407946 0,000659
xmpp 2,813411 0,001539
xombrero 2,659260 0,000727
xpconnect 2,995732 0,000819
yahoo 1,832581 0,000501
yandex 2,207275 0,000604
ymsgr 3,506558 0,000959
york 0,371064 0,000101
zac 2,525729 0,000691
zbekcha 0,462035 0,000126
zen 2,207275 0,000604
zeronet 3,912023 0,001070
zhang 1,427116 0,000390
