abandons 3,912023 0,000606
abbott 3,912023 0,000606
abbreviation 2,659260 0,000412
absolute 1,832581 0,000284
academic 0,755023 0,000234
academics 2,302585 0,000357
accept 1,427116 0,000885
acceptance 2,407946 0,000747
accepted 1,171183 0,000726
accepting 2,525729 0,000783
accepts 2,207275 0,001026
access 0,287682 0,000178
accidentally 2,525729 0,000783
accomplished 2,120264 0,000329
according 0,301105 0,000327
account -0,009950 -0,000012
accounted 2,120264 0,000329
accounts 1,171183 0,000363
accuse 3,912023 0,000606
achieved 1,049822 0,000163
acm 0,776529 0,000120
acquire 2,302585 0,000357
across 0,415515 0,000129
acsac 3,912023 0,000606
act 0,967584 0,000150
action 0,867501 0,000134
actions -0,009950 -0,000005
activated 2,659260 0,000824
activities 1,171183 0,000182
acts 1,714798 0,000266
adam 1,347074 0,000626
add -0,009950 -0,000002
added 0,415515 0,000129
adding 0,597837 0,000093
additional -0,009950 -0,000003
address 0,713350 0,001106
addresses 1,203973 0,001306
adjusted 2,207275 0,000342
administration 1,237874 0,000192
administrator 2,302585 0,000357
adopted 0,867501 0,000269
adoption 0,820981 0,000127
adrianne 3,218876 0,000499
advanced 0,430783 0,000267
advances 1,078810 0,000167
adversaries 2,995732 0,000929
adversary 2,302585 0,000357
advocates 1,966113 0,000305
affected 1,660731 0,000257
afp 3,218876 0,000499
african 2,040221 0,000949
afrikaansalemannisch 2,040221 0,000316
afterward 2,995732 0,000464
again 1,078810 0,000167
against 0,462035 0,000215
age 1,108663 0,000172
agency 1,237874 0,000192
ago 0,967584 0,000450
agree -0,009950 -0,000003
ahmed 2,040221 0,000316
airdrop 2,659260 0,000412
aisfryskfulfuldegaeilgegalego 3,912023 0,000606
alan 1,049822 0,000163
alert 2,120264 0,000329
alex 1,469676 0,000456
alexander 1,237874 0,000384
alexandra 2,659260 0,000412
algeria 3,218876 0,000499
algorand 2,813411 0,000436
algorithm 0,776529 0,000241
ali 1,609438 0,000499
aljosha 3,912023 0,000606
alladi 3,912023 0,000606
alleged 2,813411 0,000436
allocate 2,302585 0,000357
allow 0,287682 0,000089
allowing 0,462035 0,000072
allows 0,248461 0,000077
almost 0,798508 0,000124
along 0,462035 0,000072
alongside 1,660731 0,000772
alter 2,120264 0,000329
altering 2,525729 0,000392
alternative 0,527633 0,000409
alvarez 3,912023 0,000606
ambacoin 2,813411 0,000436
american 0,446287 0,000277
amid 2,525729 0,000392
amin 2,995732 0,000464
among 0,356675 0,000166
amount 0,616186 0,000478
amounts 1,309333 0,000406
amp -0,009950 -0,000014
analysis 0,186330 0,000116
analysts 1,714798 0,000532
anar 3,912023 0,000606
anarchist 3,912023 0,000606
anarchists 3,912023 0,000606
anarchy 2,813411 0,000872
anderson 1,609438 0,000499
andreas 1,771957 0,000549
andresen 3,218876 0,001996
annotated 1,771957 0,000275
announcement 2,302585 0,000357
annual 0,776529 0,000120
anonymity 2,407946 0,000373
anonymizing 3,506558 0,000544
another 0,127833 0,000119
anthony 1,714798 0,000266
anti 1,560648 0,000242
antonopoulos 3,218876 0,000998
any 0,083382 0,000090
anyone 1,386294 0,000215
appearance -0,009950 -0,000003
application 0,127833 0,000020
applications 0,094311 0,000029
applied 0,356675 0,000055
apply -0,009950 -0,000002
approach 0,261365 0,000041
approval 1,897120 0,000294
approve 3,506558 0,000544
approved 1,897120 0,000294
approximately 1,514128 0,000469
april 0,072571 0,000247
apwg 3,912023 0,000606
aragon 1,171183 0,000182
arben 3,912023 0,000606
archived 0,040822 0,000778
aren 2,659260 0,000412
argente 3,912023 0,000606
argued 1,386294 0,000430
argues 2,120264 0,000657
arms 2,302585 0,000357
armstrong 2,040221 0,000316
around 0,356675 0,000166
arrest 3,506558 0,000544
ars 1,309333 0,000203
arthur 1,427116 0,000442
article 0,040822 0,000038
articleabout -0,009950 -0,000002
articles 0,020203 0,000025
articletalk -0,009950 -0,000002
artificially 3,218876 0,000499
arvind 2,813411 0,000872
asharq 3,912023 0,000606
ashlee 3,506558 0,000544
asked 1,469676 0,000228
assessment 1,309333 0,000203
asset 1,386294 0,001719
assets 1,347074 0,000626
associated 0,400478 0,000186
association 0,634878 0,000098
asturianuaz 1,427116 0,000221
atm 2,407946 0,000373
attack 1,078810 0,000167
attacks 1,237874 0,000192
attempting 1,660731 0,000257
attempts 0,916291 0,000426
attention 1,203973 0,000747
attracted 2,407946 0,001493
attribution -0,009950 -0,000002
augur 2,813411 0,000436
august 0,162519 0,000579
auroracoin 2,813411 0,000436
australia 1,309333 0,000203
austrian 2,407946 0,000373
authers 3,912023 0,000606
authored 3,218876 0,000499
authorities 1,966113 0,000610
authority 0,083382 0,000039
authorsatoshi 3,912023 0,000606
auto 1,514128 0,000235
autonomous 1,609438 0,000249
available -0,009950 -0,000005
avalanche 2,659260 0,000412
aventus 2,813411 0,000436
average 1,139434 0,000353
awaited 3,506558 0,000544
away 1,139434 0,000353
awsat 3,912023 0,000606
back 0,527633 0,000245
backed 2,120264 0,000329
background 1,237874 0,000384
bahasa 0,186330 0,000029
baht 3,506558 0,000544
baidu 2,813411 0,000872
bailout 3,912023 0,000606
bali 2,302585 0,000357
ban 2,120264 0,002629
banff 3,912023 0,000606
bangladesh 2,207275 0,000342
bank 1,108663 0,002062
banking 1,347074 0,000209
bankman 2,813411 0,000436
bankruptcy 2,659260 0,000412
banks 1,560648 0,001935
banned 2,813411 0,000436
bans 2,813411 0,000872
barhydt 3,912023 0,000606
barrier 2,207275 0,000684
bars 2,813411 0,000436
basa 2,407946 0,000373
based 0,010050 0,000017
basic 0,235722 0,000073
basis 0,820981 0,000127
bbc 1,514128 0,000939
beach 3,218876 0,000499
became 0,579818 0,000180
because 0,127833 0,000020
become 0,510826 0,000317
becomes 0,916291 0,000142
began 0,634878 0,000295
begin 1,309333 0,000203
beginning 0,776529 0,000120
behave 1,609438 0,000249
behind 0,867501 0,000134
behrendt 3,912023 0,000606
belk 3,912023 0,001213
bellany 3,506558 0,000544
benchmarking 2,525729 0,000392
benefit 1,386294 0,000215
benefiting 3,506558 0,000544
benjamin 1,386294 0,000430
berber 3,506558 0,000544
berlin 1,469676 0,000456
bernard 1,966113 0,000305
bernice 3,912023 0,000606
best 0,462035 0,000143
beyond 0,713350 0,000221
bhutan 3,506558 0,001087
bibcode 0,693147 0,000215
biggest 1,897120 0,000588
bill 0,941609 0,000292
billion 1,139434 0,000707
bit 1,272966 0,000592
bitcoin 2,525729 0,126463
bitcoincommonly 3,912023 0,000606
bitcoindenominationspluralbitcoinssymbol 3,912023 0,000606
bitcoindevelopment 3,912023 0,000606
bitcoins 3,218876 0,014470
bitconnect 2,813411 0,000872
bitfinex 3,912023 0,000606
bitgo 3,218876 0,000499
bitix 3,912023 0,000606
bitlicense 2,813411 0,000436
bitmain 3,218876 0,000499
bito 3,506558 0,000544
bitter 2,813411 0,000436
bjorn 3,506558 0,000544
black 1,203973 0,000187
blackrock 3,218876 0,000998
block 0,798508 0,002228
blockades 3,912023 0,000606
blockchain 1,660731 0,008495
blockchains 2,525729 0,000392
blocks 1,272966 0,002763
blocksblock 3,912023 0,000606
bloom 2,813411 0,000436
bloomberg 1,469676 0,003189
board 0,916291 0,000142
boarischbrezhoneg 3,506558 0,000544
bodies 1,660731 0,000257
bokm 0,127833 0,000020
bomb 2,407946 0,000373
boom 2,302585 0,001071
border 2,040221 0,000316
bose 2,995732 0,000464
bought 1,832581 0,001420
boxes 2,120264 0,000329
bradbury 3,506558 0,000544
breach 2,040221 0,000316
break 1,272966 0,000197
breaking 1,469676 0,000228
breaks 1,966113 0,000305
breuker 3,912023 0,000606
brian 1,108663 0,000172
brickell 3,912023 0,000606
bring 1,560648 0,000242
brink 3,912023 0,000606
broadcast 2,407946 0,000747
broader 1,309333 0,000203
brothers 3,506558 0,000544
browne 3,218876 0,000499
bruce 1,514128 0,000235
btc 2,995732 0,001858
bubble 1,609438 0,001746
bubbles 2,659260 0,000824
built 0,462035 0,000072
bukele 3,506558 0,000544
bureau 1,660731 0,000257
buried 2,995732 0,000464
burned 3,506558 0,000544
business 0,301105 0,000233
businesses 1,469676 0,000683
businessweek 2,207275 0,000342
bustillos 3,912023 0,001213
butchering 2,813411 0,000436
buterin 2,813411 0,000436
buy 1,514128 0,000469
buying 1,660731 0,000257
buys 2,040221 0,000949
byte 1,771957 0,000275
byzantine 2,659260 0,000412
cable 2,302585 0,000357
caf 3,218876 0,000499
caitlin 3,218876 0,000499
call 0,733969 0,000114
called 0,040822 0,000044
cambridge 0,755023 0,000936
came 1,078810 0,000167
cameron 2,407946 0,000373
canaan 3,218876 0,000499
canada 1,427116 0,000885
canadian 1,714798 0,000266
canton 3,912023 0,000606
cap 1,714798 0,000266
capital 1,237874 0,000192
capitalization 2,207275 0,000684
capitalized 2,659260 0,000824
capkun 3,506558 0,001631
capped 3,912023 0,000606
car 1,386294 0,000430
cardano 2,525729 0,000392
careless 3,218876 0,000499
carol 2,525729 0,000392
casares 3,218876 0,000499
case 0,139262 0,000065
cash 1,386294 0,002579
castillo 2,659260 0,000412
catal 0,094311 0,000015
categories -0,009950 -0,000003
category 0,116534 0,000036
causing 1,966113 0,000305
cbs 2,040221 0,000949
ccaf 3,912023 0,001213
cecilia 3,218876 0,000499
celebrated 2,995732 0,000464
celsius 3,218876 0,000998
censor 3,912023 0,001213
center 0,562119 0,000174
central 0,510826 0,001109
centralization 2,813411 0,000436
centralized 1,771957 0,000275
centre 1,771957 0,000275
certain 0,274437 0,000085
cfa 2,659260 0,000412
chain 1,049822 0,000976
chaining 2,813411 0,000872
chainlink 2,813411 0,000436
chains 1,771957 0,000275
chair 2,659260 0,000412
challenges 0,941609 0,000292
challenging 1,771957 0,000275
chan 2,120264 0,000329
chancellor 2,995732 0,000464
change 0,261365 0,000081
changed 0,941609 0,000146
changes 0,356675 0,000111
changesupload -0,009950 -0,000003
changing 0,820981 0,000255
characteristics 1,139434 0,000353
characters 1,272966 0,000197
chargebacks 3,506558 0,000544
charged 2,525729 0,000392
charlie 2,302585 0,000357
chaum 3,218876 0,000998
chavez 3,218876 0,000998
check 1,139434 0,000177
chen 1,309333 0,000203
cheng 2,040221 0,000316
chewacymraegdansk 3,912023 0,000606
chia 2,525729 0,000392
chicago 1,609438 0,000748
chile 2,995732 0,000464
chill 2,659260 0,000412
china 0,967584 0,001800
chinese 1,309333 0,000406
chips 2,525729 0,000392
choose 1,272966 0,000197
christian 1,560648 0,000484
christianson 3,912023 0,000606
christin 3,912023 0,000606
chronic 2,995732 0,000464
chronological 2,995732 0,000464
cid 0,356675 0,000663
circulation 2,302585 0,000357
circumvent 2,525729 0,000392
citation 0,415515 0,000064
cite 0,843970 0,000131
cited 1,714798 0,000266
city 1,309333 0,000406
claim 1,347074 0,000209
claimed 1,469676 0,000228
claire 3,506558 0,001087
clark 1,771957 0,000275
class 0,616186 0,000096
classic 0,967584 0,000150
classifying 2,120264 0,000329
claypool 3,218876 0,000499
client 0,867501 0,000269
clients 1,139434 0,000883
climate 1,386294 0,000215
clinch 3,912023 0,000606
cme 2,813411 0,000872
cnbc 2,207275 0,002395
cnn 1,966113 0,000914
code -0,009950 -0,000014
codebitcoincryptocurrenciescurrencies 3,912023 0,000606
codebtcprecision 3,912023 0,000606
cody 2,995732 0,000464
coin 2,207275 0,000684
coinage 2,659260 0,000412
coinbase 3,218876 0,001497
coindesk 3,218876 0,000499
coins 1,771957 0,001099
coinye 2,813411 0,001308
cold 2,407946 0,000373
collaboration 1,272966 0,000197
collapses 3,506558 0,000544
collect 1,714798 0,000532
collective 1,771957 0,000275
colloquial 3,506558 0,000544
colorado 2,995732 0,000929
com 0,150823 0,000070
combatting 3,506558 0,000544
combined 0,798508 0,000248
coming 1,203973 0,000187
commerce 1,021651 0,000158
commercial 0,653926 0,000101
commodities 2,040221 0,000316
common 0,072571 0,000022
commonly 0,342490 0,000106
commons -0,009950 -0,000005
commonsquotations 2,302585 0,000357
commonswikiquotewikidata 2,302585 0,000357
communicate 1,386294 0,000215
communications 0,733969 0,000341
companies 0,597837 0,000556
company 0,462035 0,000072
comparable 2,120264 0,000329
comparison 0,446287 0,000069
compete 2,302585 0,000357
competing 1,386294 0,000215
competitor 2,525729 0,001175
complementary 1,832581 0,000284
complementing 3,506558 0,000544
complete 0,713350 0,000221
complex 0,261365 0,000081
comply 1,966113 0,000610
components 0,415515 0,000064
computational 0,755023 0,000351
computationally 2,207275 0,000342
compute 1,309333 0,000203
computer 0,139262 0,000108
computers 0,562119 0,000174
computerworld 1,609438 0,000249
computing 0,301105 0,000093
comst 3,506558 0,001087
concentrated 3,506558 0,000544
concept 0,415515 0,000193
concerns 1,021651 0,000158
concluded 2,659260 0,000824
conditions 0,843970 0,000131
conduct -0,009950 -0,000002
conference 0,301105 0,000093
confirmed 2,302585 0,000357
conform 2,040221 0,000316
conforms 2,525729 0,000392
confused 1,108663 0,000172
congress 1,771957 0,000275
consensus 1,832581 0,001136
conservation 2,659260 0,000412
considerably 2,525729 0,000392
consortium 1,771957 0,000275
constituent 2,995732 0,000464
constitute 2,040221 0,000316
consumer 1,049822 0,000163
consumes 2,995732 0,000464
consumption 1,139434 0,000177
contact -0,009950 -0,000002
contacts -0,009950 -0,000002
contagious 3,912023 0,000606
contain 0,693147 0,000107
containing 0,579818 0,000989
contains 0,634878 0,000197
content -0,009950 -0,000008
contentious 2,659260 0,000412
contents -0,009950 -0,000005
continue 1,139434 0,000177
continues 1,469676 0,000228
contract 1,272966 0,000197
contracts 1,609438 0,000249
contrast 0,994252 0,000154
contrasting 3,506558 0,000544
contribute -0,009950 -0,000002
contributor 2,407946 0,000373
control 0,020203 0,000019
controls 1,078810 0,000334
controversial 2,207275 0,001026
convention 2,040221 0,000316
conventional 1,237874 0,000384
conversions 2,525729 0,000392
convoy 3,912023 0,001819
cookie -0,009950 -0,000002
cooper 2,525729 0,000392
copy 1,203973 0,000747
core 0,597837 0,000278
corea 3,912023 0,000606
coreinitial 3,912023 0,000606
correlation 1,897120 0,000294
corresponding 1,171183 0,000182
corrie 3,912023 0,000606
cost 0,478036 0,000148
costelloe 3,506558 0,000544
costs 0,994252 0,000154
cota 3,912023 0,000606
counterparty 2,302585 0,000357
countries 0,994252 0,000771
country 1,171183 0,000726
cover 1,203973 0,000187
coverage 1,897120 0,000294
covid 1,966113 0,000305
craig 2,040221 0,000316
crash 1,832581 0,000852
crashed 2,995732 0,000464
create -0,009950 -0,000011
created 0,430783 0,000267
creating 0,562119 0,000174
creation 0,693147 0,000215
creative -0,009950 -0,000003
creator 1,660731 0,000515
credentials 2,207275 0,000342
crime 1,514128 0,000235
crimes 2,995732 0,000929
criminal 2,207275 0,000342
criminalized 3,506558 0,000544
criminals 2,302585 0,001071
crisis 1,347074 0,000209
criteria 1,609438 0,000249
criticized 1,469676 0,000456
cross 0,562119 0,000174
crucial 1,386294 0,000430
crypto 1,897120 0,004999
cryptocurrencies 2,659260 0,005771
cryptocurrency 2,120264 0,010189
cryptographer 3,218876 0,000499
cryptographers 3,218876 0,000499
cryptographic 1,897120 0,000588
cryptography 1,560648 0,000484
cryptology 2,525729 0,000392
culture 1,514128 0,000469
curious 3,218876 0,000499
currencies 2,120264 0,004273
currenciespages 3,912023 0,000606
currenciessha 2,813411 0,000436
currency 1,771957 0,007142
curve 1,347074 0,000209
custom 1,171183 0,000182
customers 1,078810 0,000167
cut 1,560648 0,000242
cuthbertson 3,912023 0,000606
cutting 2,813411 0,000436
cybernetics 2,040221 0,000316
cynthia 2,525729 0,000783
cypherpunks 3,912023 0,000606
czech 2,120264 0,000657
dai 2,407946 0,001493
daily 1,427116 0,000664
damian 3,218876 0,000499
dan 0,967584 0,000150
dana 2,407946 0,000373
dangerous 2,040221 0,000316
daniel 0,776529 0,000120
danny 2,813411 0,000436
dao 2,813411 0,000436
dark 2,120264 0,000329
dash 2,407946 0,000373
dashjr 3,218876 0,000499
data 0,030459 0,000033
databases 0,127833 0,000020
dataczech 1,171183 0,000182
date 0,579818 0,000090
dated 0,967584 0,001350
dates 0,430783 0,000067
dave 1,771957 0,000275
davey 3,912023 0,000606
david 0,385662 0,000239
davis 1,771957 0,000275
davradakis 3,912023 0,000606
davvis 3,912023 0,000606
day 0,843970 0,000392
days 1,049822 0,000488
dead 1,386294 0,000215
dealers 2,813411 0,000436
debate 1,560648 0,000484
debut 2,995732 0,000464
debuts 3,218876 0,000499
december 0,061875 0,000518
decentralization 2,813411 0,001308
decentralized 1,832581 0,003693
decimal 1,897120 0,000294
decision 0,494296 0,000230
declared 1,714798 0,000266
deep 1,078810 0,000167
deflation 3,218876 0,000499
defying 3,912023 0,000606
del 2,040221 0,000316
delayed 2,207275 0,000342
delft 3,506558 0,000544
deliberate 2,407946 0,000373
delusion 3,912023 0,000606
denationalisation 3,506558 0,000544
denver 3,218876 0,000499
descends 3,506558 0,000544
describe 0,820981 0,000127
described 0,430783 0,000334
describes 0,820981 0,000382
description -0,009950 -0,000002
descriptions 1,771957 0,000549
descriptionshort 0,000000 0,000000
design 0,127833 0,000099
designed 0,261365 0,000041
desirable 1,897120 0,000294
despite 1,021651 0,000317
determined 1,347074 0,000209
deterministically 2,995732 0,000464
developed 0,127833 0,000040
developer 0,820981 0,000255
developers -0,009950 -0,000002
developmentoriginal 3,912023 0,000606
diana 2,995732 0,000464
dictionary 0,673345 0,000522
diem 2,813411 0,000436
dies 2,813411 0,000436
different 0,020203 0,000006
differentiate 2,995732 0,000464
difficult 0,597837 0,000185
difficulty 1,609438 0,000748
dig 2,995732 0,000464
digital 0,400478 0,000807
digitally 2,302585 0,000714
dillet 3,912023 0,001213
diplofoundation 3,912023 0,000606
direct 0,597837 0,000093
directly 0,415515 0,000258
disagreement 3,218876 0,000499
disagrees 3,912023 0,000606
disappearing 3,912023 0,000606
discarding 2,995732 0,000464
disclaimers -0,009950 -0,000002
displacing 3,506558 0,000544
displaying 1,966113 0,000610
distinct 0,916291 0,000142
distinction 1,272966 0,000197
distributed 0,478036 0,000445
distribution 0,634878 0,000098
divisibility 3,912023 0,001213
divisible 3,506558 0,000544
dmy 0,994252 0,000154
dodd 2,659260 0,000824
doesn 1,609438 0,000499
dogecoin 2,813411 0,000872
doi 0,162519 0,000605
doing 1,272966 0,000197
dollar 2,120264 0,002629
dollars 1,832581 0,000284
domain 0,562119 0,000087
dominate 2,525729 0,000392
dominic 3,506558 0,001087
don 0,916291 0,000284
donald 1,347074 0,000209
donate -0,009950 -0,000003
donations 2,995732 0,000929
doomed 3,218876 0,000499
dot 1,966113 0,000305
double 0,916291 0,000852
down 0,597837 0,000185
download -0,009950 -0,000002
draper 2,813411 0,000436
dreyfuss 3,506558 0,001087
driebusch 3,912023 0,000606
drive 1,309333 0,000203
driven 0,867501 0,000134
dropped 1,660731 0,000257
drug 1,714798 0,000532
drugs 2,207275 0,000342
dwolla 3,912023 0,000606
dwork 2,995732 0,000929
earlier 1,139434 0,000177
early 0,301105 0,000280
earn 2,525729 0,000783
eases 3,506558 0,000544
easy 1,021651 0,000317
ecash 3,506558 0,000544
ecdsa 2,813411 0,000872
economic 0,843970 0,001047
economics 0,867501 0,001748
economist 1,897120 0,005588
economists 1,897120 0,000294
economy 1,347074 0,000835
ecosystem 1,171183 0,000545
ecrime 3,912023 0,000606
edelman 2,995732 0,000464
edgar 2,659260 0,000412
edit -0,009950 -0,000002
editcommunity -0,009950 -0,000002
edited -0,009950 -0,000002
editorial 2,659260 0,000412
eds 0,798508 0,000248
effectively 0,994252 0,000154
effects 0,820981 0,000255
effort 0,967584 0,000150
effron 3,912023 0,000606
egypt 2,040221 0,000316
eight 2,120264 0,000329
either 0,248461 0,000039
elect 3,506558 0,000544
election 2,813411 0,000436
electricity 2,207275 0,001711
electronic 0,634878 0,000590
elliott 3,218876 0,000998
elliptic 2,813411 0,000436
elon 3,506558 0,001631
else 1,469676 0,000228
embedded 0,867501 0,000134
emissions 2,302585 0,000714
emmanouil 3,912023 0,000606
employees 1,609438 0,000249
enabling 0,941609 0,000146
encode 2,407946 0,000373
encodes 3,218876 0,000499
encourages 2,407946 0,000373
encyclopedia -0,009950 -0,000002
end 0,261365 0,000041
ended 1,771957 0,000275
energy 0,891598 0,000276
enforcement 1,771957 0,000824
english -0,009950 -0,000005
englisharticles 2,995732 0,000464
englishsloven 0,510826 0,000079
enhanced 1,386294 0,000215
ensuring 1,609438 0,000499
enthusiasts 2,813411 0,000436
entire 0,755023 0,000117
entities 1,139434 0,000353
environmental 1,049822 0,000814
eos 2,813411 0,000436
epidemic 3,506558 0,001087
equal 1,347074 0,000209
equally 2,302585 0,000357
equihash 2,813411 0,000436
erc 2,813411 0,000436
eric 1,078810 0,000334
erik 1,832581 0,000284
ernest 3,218876 0,000499
espa 0,210721 0,000033
especially 0,415515 0,000129
espresso 3,912023 0,000606
essence 2,995732 0,000464
establish 1,714798 0,000532
established 0,916291 0,000142
estimate 1,609438 0,000249
estimated 1,309333 0,000812
etf 2,813411 0,000872
etfs 3,218876 0,001497
ethan 3,218876 0,000499
ethash 2,813411 0,000436
ethereum 2,659260 0,001237
euphoria 3,218876 0,000499
europe 0,941609 0,000146
european 0,755023 0,000585
evelyn 2,813411 0,000436
even 0,235722 0,000037
events 0,634878 0,000098
eventsrandom -0,009950 -0,000002
eventually 0,867501 0,000134
ever 1,272966 0,000197
everything 1,309333 0,000406
exact 1,427116 0,000221
examined 1,966113 0,000305
example 0,030459 0,000009
exceed 2,207275 0,000342
exchange 0,693147 0,001504
exchanges 2,040221 0,003479
exclusively 1,660731 0,000257
executive 1,347074 0,000209
exist 0,653926 0,000203
existence 1,469676 0,000456
exists 1,049822 0,000163
expected 0,693147 0,000107
experiment 1,469676 0,000683
explained 1,386294 0,000430
explorer 1,771957 0,000275
export -0,009950 -0,000002
exposing 2,525729 0,000392
exposure 1,714798 0,000797
expression 1,021651 0,000158
extended 0,755023 0,000117
external 0,030459 0,000005
extremely 1,514128 0,000235
facility 1,660731 0,000257
facto 2,207275 0,000342
facts 1,660731 0,000257
fad 2,407946 0,000373
failed 1,108663 0,000172
fall 1,139434 0,000530
falling 2,525729 0,000392
falls 1,832581 0,000284
far 0,867501 0,000134
fault 1,237874 0,000192
fbi 2,995732 0,001393
fear 2,207275 0,000342
feared 3,218876 0,000499
february 0,061875 0,000211
fed 2,407946 0,000373
federal 1,386294 0,000430
feds 3,218876 0,000499
fee 1,897120 0,000294
fees 2,120264 0,002301
fell 2,302585 0,000714
felten 2,995732 0,000464
feng 2,659260 0,000412
fernando 2,525729 0,000392
feuer 3,506558 0,000544
fiasco 3,912023 0,000606
fiat 2,813411 0,000872
fifth 2,040221 0,000316
filecoin 2,813411 0,000436
filepermanent -0,009950 -0,000002
filespecial -0,009950 -0,000002
film 1,771957 0,000549
filters 1,832581 0,000284
finance 0,843970 0,001177
finances 2,813411 0,000436
financial 0,776529 0,001685
fincen 3,912023 0,000606
finding 1,021651 0,000317
finley 3,218876 0,000499
finney 2,813411 0,001744
finnish 2,813411 0,000436
fintechs 3,506558 0,000544
firo 2,813411 0,000436
first 0,020203 0,000075
five 0,776529 0,000120
fixed 0,494296 0,000153
florian 2,813411 0,000872
fluctuate 3,218876 0,000499
followed 0,733969 0,000114
following 0,210721 0,000065
fomento 3,912023 0,000606
fool 2,995732 0,000464
forbes 1,427116 0,000664
fork 1,386294 0,000430
forked 2,813411 0,000436
forks 2,407946 0,001120
forksclient 3,218876 0,000499
form 0,162519 0,000076
former 1,049822 0,000163
forms 0,562119 0,000087
forth 1,560648 0,000242
forum 1,347074 0,000209
forward 1,021651 0,000158
foss 1,966113 0,000305
fossil 2,407946 0,000373
foundation -0,009950 -0,000005
founded 1,347074 0,000209
founder 1,897120 0,000294
four 0,820981 0,000127
fran 0,223144 0,000069
franc 3,506558 0,000544
franca 1,609438 0,000249
frank 1,309333 0,000203
fraud 1,560648 0,000484
free -0,009950 -0,000011
freedom 1,609438 0,000748
freelancers 3,506558 0,000544
freeze 2,995732 0,000464
freezes 3,912023 0,000606
french 1,386294 0,000215
frequency 1,078810 0,000167
frequently 0,967584 0,000150
fresh 2,207275 0,000342
fried 2,813411 0,000436
friedrich 2,407946 0,000373
frisby 3,912023 0,000606
frl 3,912023 0,000606
froze 3,912023 0,000606
ftx 2,813411 0,000436
fuels 2,525729 0,000783
full 0,371064 0,000173
function 0,210721 0,000065
functionality 0,843970 0,000131
functioning 2,525729 0,000392
functions 0,356675 0,000111
functionsha 3,912023 0,000606
fund 1,514128 0,001174
funding 1,386294 0,000430
fundraiser 3,912023 0,000606
fundraising 3,506558 0,000544
funds 1,714798 0,001329
fungibility 3,506558 0,001631
fungible 2,525729 0,000783
further 0,139262 0,000086
future 0,274437 0,000085
futures 1,897120 0,001470
gallersd 3,218876 0,000499
gamble 3,218876 0,000499
game 0,713350 0,000111
gandal 3,912023 0,000606
garrick 3,506558 0,000544
gas 2,040221 0,000316
gauge 2,525729 0,000392
gavin 2,302585 0,001071
gdp 2,207275 0,000342
gearing 3,912023 0,000606
general -0,009950 -0,000003
generally 0,287682 0,000045
generate 0,798508 0,000371
generated 0,941609 0,000292
generating 1,427116 0,000442
generic 1,203973 0,000187
genesis 2,813411 0,000872
geographic 1,203973 0,000187
gertrude 3,506558 0,001087
gervais 3,506558 0,001087
get 0,733969 0,000228
getting 1,237874 0,000192
ghash 3,218876 0,000998
ghassan 3,506558 0,001087
given 0,261365 0,000081
global 0,478036 0,000667
globe 2,525729 0,000783
glossary 0,891598 0,000138
goes 1,237874 0,000192
gofundme 3,912023 0,000606
gold 1,609438 0,003742
goldman 2,207275 0,000342
good 0,733969 0,000114
goods 1,771957 0,000824
gov 1,469676 0,000456
governance 1,309333 0,000406
government 0,755023 0,001287
governmental 2,207275 0,000342
governments 1,386294 0,000645
gox 3,506558 0,002718
great 0,941609 0,000292
greatest 1,897120 0,000294
greenhouse 2,813411 0,000436
greg 2,120264 0,000329
gridcoin 2,813411 0,000436
griffin 2,995732 0,000464
group 0,301105 0,000047
growing 0,891598 0,000138
grows 2,040221 0,000316
growth 0,755023 0,000468
gruber 3,506558 0,000544
guardian 1,560648 0,000242
guidance 1,714798 0,000266
guidelines 1,272966 0,000197
guy 1,966113 0,000305
hacks 2,813411 0,001308
hajric 3,506558 0,001087
hal 2,040221 0,001265
half 1,108663 0,000516
halved 3,506558 0,001087
hammer 3,912023 0,000606
hampshire 2,995732 0,000464
hampton 3,218876 0,000499
hamrick 3,912023 0,000606
handed 3,218876 0,000499
hannah 2,659260 0,000824
hanyecz 3,912023 0,000606
hao 2,659260 0,000412
happened 2,207275 0,000342
hard 1,078810 0,000502
hardware 0,579818 0,000539
harlev 3,912023 0,000606
harney 3,912023 0,000606
harvard 1,386294 0,000215
hash 1,771957 0,001923
hashcash 3,506558 0,001087
hashgraph 2,813411 0,000436
hashing 2,302585 0,000357
hashrate 3,912023 0,001819
hausa 1,609438 0,000249
hayek 2,659260 0,000412
hbar 2,813411 0,000436
headline 3,506558 0,001087
heatmap 3,506558 0,000544
heats 3,912023 0,000606
heckman 3,218876 0,000499
hegemony 3,912023 0,000606
heidelberg 2,207275 0,000684
helium 2,813411 0,000436
help 0,248461 0,000039
helplearn -0,009950 -0,000002
helps 1,347074 0,000209
herald 3,506558 0,000544
hererelated -0,009950 -0,000002
hidden 0,843970 0,000131
hiddena 3,912023 0,000606
hide -0,009950 -0,000006
hien 3,912023 0,000606
high 0,223144 0,000173
higher 0,430783 0,000067
highlighted 2,525729 0,000392
highly 0,867501 0,000538
hijacking 2,120264 0,000329
hijfte 3,912023 0,000606
hileman 3,506558 0,000544
hill 0,867501 0,000134
hint 3,218876 0,000499
hiroko 3,506558 0,001087
historical 1,021651 0,000317
history -0,009950 -0,000017
hits 2,302585 0,000357
hme 3,912023 0,001213
hodl 3,912023 0,001213
hold 1,021651 0,000158
holding 1,386294 0,000430
home 0,653926 0,000101
hope 1,897120 0,000294
hot 1,966113 0,000305
hours 1,560648 0,000484
however 0,094311 0,000102
hrvatskijaku 2,659260 0,000412
https -0,009950 -0,000002
hua 2,995732 0,000464
huang 1,897120 0,000882
hugely 3,912023 0,000606
humayun 3,912023 0,000606
hundred 2,120264 0,000329
hundreds 1,609438 0,000249
hunters 3,218876 0,000499
hype 2,207275 0,000342
hyperledger 2,813411 0,000436
ian 1,347074 0,000209
ibanidobahasa 2,813411 0,000436
icon 2,207275 0,000342
idea 0,820981 0,000127
ideas 0,891598 0,000138
identified 0,994252 0,000308
identify 0,867501 0,000134
identities 2,302585 0,001071
identity 1,309333 0,000203
ideology 2,995732 0,002322
ieee 0,634878 0,000590
ignored 1,832581 0,000284
ilia 3,912023 0,000606
illegal 1,966113 0,000305
illicit 2,813411 0,000436
image 0,544727 0,000169
imagesarticles 2,995732 0,000464
imeraj 3,912023 0,000606
imf 2,659260 0,001237
impact 0,597837 0,000278
impacts 1,966113 0,000305
implementation 0,328504 0,000051
implementationbitcoin 3,912023 0,000606
implemented 0,544727 0,000084
implicit 1,514128 0,000235
implode 3,506558 0,000544
imports 2,302585 0,000714
imposed 2,813411 0,000436
impossible 1,347074 0,000418
improve 0,274437 0,000043
improved 0,776529 0,000120
ina 0,356675 0,000055
inability 2,659260 0,000412
inactive 2,120264 0,000329
inasloven 0,616186 0,000096
inc -0,009950 -0,000005
incentives 2,407946 0,000373
include 0,061875 0,000010
included 0,400478 0,000124
including 0,040822 0,000013
income 1,609438 0,000249
increase 0,544727 0,000084
increased 0,820981 0,000127
increases 1,171183 0,000182
increasingly 0,776529 0,000120
independent 0,713350 0,000221
independently 1,347074 0,000209
index -0,009950 -0,000003
individual 0,415515 0,000193
individuals 1,309333 0,000203
indonesiainterlinguainterlingue 3,218876 0,000499
industry 0,527633 0,000082
infeasible 2,525729 0,000392
inflated 3,506558 0,000544
informal 1,469676 0,000228
information 0,072571 0,000090
informationcite -0,009950 -0,000002
informed 1,560648 0,000242
initial 0,597837 0,000185
initially 0,693147 0,000430
initiative 1,078810 0,000167
injective 2,407946 0,000373
innovation 1,078810 0,000167
input 0,733969 0,000341
inputs 1,386294 0,000860
inquiry 2,659260 0,000412
insider 1,609438 0,000748
instance 0,510826 0,000158
instant 1,897120 0,000294
institute 0,579818 0,000090
instituted 3,218876 0,000499
institutions 1,171183 0,000545
instruments 1,609438 0,000249
intended 0,494296 0,000230
intensive 1,897120 0,000294
interested 1,832581 0,000284
interference 2,407946 0,000373
international 0,139262 0,000216
internationalgndfastnationalunited 1,237874 0,000192
internationally 2,813411 0,000436
internet 0,462035 0,000143
interplay 3,506558 0,000544
interpretation 1,660731 0,000257
intrinsic 1,897120 0,000294
introduced 0,371064 0,000115
introducing 1,021651 0,000158
inu 2,813411 0,000436
invented 1,427116 0,000221
inventor 2,207275 0,000342
inversion 2,659260 0,000412
invested 1,897120 0,000294
investment 1,171183 0,000726
investments 1,714798 0,000532
investors 1,714798 0,001063
invests 3,912023 0,000606
invoices 3,506558 0,000544
involve 1,309333 0,000203
involves 0,776529 0,000241
involving 1,309333 0,000406
iota 2,659260 0,000412
iran 2,120264 0,001315
iranian 2,995732 0,000464
iraq 2,407946 0,000373
irfa 3,218876 0,000499
isabella 3,912023 0,000606
isbn 0,051293 0,000103
isbncs 2,995732 0,000464
island 2,407946 0,000373
iso 1,309333 0,001421
ispolskiportugu 1,771957 0,000275
ispri 3,218876 0,000499
issn 0,478036 0,001334
issuance 2,525729 0,000392
issue 0,820981 0,000127
issued 1,514128 0,000235
item -0,009950 -0,000003
itself 0,342490 0,000053
jacob 2,120264 0,000329
jai 3,506558 0,000544
james 0,634878 0,000098
jan 1,386294 0,000215
january 0,083382 0,000659
japanese 1,771957 0,000275
jasper 3,506558 0,000544
jaune 3,912023 0,000606
jean 1,514128 0,000469
jeffries 3,218876 0,000499
jep 2,813411 0,000436
jeremy 2,120264 0,000329
jerome 2,659260 0,000412
jersey 1,714798 0,000266
jihan 3,218876 0,000499
jin 2,813411 0,000436
jmoneco 3,506558 0,000544
joel 2,040221 0,000316
jofi 3,912023 0,000606
john 0,210721 0,000098
join 2,040221 0,000316
jon 1,514128 0,000469
jones 1,386294 0,000215
joseph 0,820981 0,000255
joshua 1,897120 0,000588
journal 0,198451 0,000584
jstor 0,843970 0,000131
judge 2,207275 0,000342
judith 2,813411 0,000436
judmayer 3,912023 0,000606
july 0,127833 0,000694
jump -0,009950 -0,000002
jumps 3,218876 0,000499
june 0,094311 0,000629
junk 3,506558 0,000544
jurisdiction 2,407946 0,000373
jurisdictions 2,120264 0,000329
justification 2,525729 0,000392
karame 3,506558 0,001087
karpel 3,218876 0,000499
kashmir 3,218876 0,000499
katharina 3,912023 0,000606
katie 2,813411 0,000436
katz 2,302585 0,000357
keep 0,994252 0,000308
keeping 1,427116 0,000442
keeps 2,120264 0,000657
kelion 3,912023 0,000606
ken 1,966113 0,000305
kenneth 1,966113 0,000914
kept 1,560648 0,000242
kevin 1,386294 0,000215
key 0,356675 0,000719
keys 1,514128 0,000704
khalili 3,506558 0,000544
kharif 2,995732 0,000929
kiel 3,912023 0,000606
kin 2,659260 0,000824
king 1,771957 0,000275
kiswahilikurd 1,897120 0,000294
klaa 3,218876 0,000499
klaus 2,813411 0,000436
kleiman 3,218876 0,000499
klein 2,813411 0,000436
klint 3,218876 0,000499
know 0,776529 0,000241
known 0,127833 0,000079
kodakcoin 2,813411 0,000872
kohler 3,912023 0,000606
krause 2,995732 0,000464
kroll 3,218876 0,000499
krombholz 3,912023 0,000606
krugman 2,659260 0,001237
landfill 3,218876 0,000499
lang 1,966113 0,000305
langenheldt 3,912023 0,000606
language 0,186330 0,000058
languages -0,009950 -0,000003
large 0,127833 0,000059
larger 0,941609 0,000146
largest 1,108663 0,000516
larson 2,995732 0,000464
last -0,009950 -0,000003
lasting 2,407946 0,000373
laszlo 3,912023 0,000606
late 0,755023 0,000117
later 0,223144 0,000242
latest 0,994252 0,000154
latvie 0,994252 0,000154
launch 1,514128 0,000235
launches 1,609438 0,000249
laundering 2,995732 0,001393
laureate 3,912023 0,000606
laureates 3,912023 0,000606
lavin 3,912023 0,000606
law 0,755023 0,000702
laws 1,108663 0,000344
layer 0,867501 0,000134
lbry 2,813411 0,000436
lead 0,673345 0,000313
leaderless 3,506558 0,001087
leading 0,798508 0,000248
leads 1,237874 0,000192
learner 2,995732 0,001858
learning 0,494296 0,000077
least 0,527633 0,000082
leboashqip 3,506558 0,000544
lecture 1,427116 0,000221
lectures 2,407946 0,000373
ledger 2,040221 0,002214
lee 0,994252 0,000462
left 0,916291 0,000142
legal -0,009950 -0,000040
legislative 2,659260 0,000412
lena 2,995732 0,000464
leo 2,813411 0,000436
less 0,430783 0,000200
lets 1,832581 0,000284
letter 1,237874 0,000192
letters 1,347074 0,000209
level 0,116534 0,000018
lgbcoin 2,813411 0,000436
libertarians 3,218876 0,000499
libra 2,813411 0,000872
library 0,478036 0,000074
license -0,009950 -0,000002
licenseledgerledger 3,912023 0,000606
liebelson 3,912023 0,000606
life 0,653926 0,000101
lifeline 3,912023 0,000606
lifespan 3,506558 0,000544
lightning 2,207275 0,001711
lightweight 1,609438 0,000499
like 0,072571 0,000090
lily 3,218876 0,000499
limit 0,994252 0,000154
limited 0,510826 0,000238
lingo 3,506558 0,000544
lingua 2,040221 0,000316
link 0,162519 0,000076
linked 0,941609 0,000292
linkpage -0,009950 -0,000002
linkpages 3,218876 0,000499
links -0,009950 -0,000005
linkscs 1,272966 0,000197
lion 2,995732 0,000464
list 0,083382 0,000116
listed 1,560648 0,000242
lists 0,597837 0,000093
litecoin 2,813411 0,000436
literature 1,272966 0,000197
little 0,820981 0,000255
live 1,203973 0,000373
ller 2,302585 0,000357
lnorsk 0,653926 0,000101
loan 2,040221 0,000633
local 0,415515 0,000193
log -0,009950 -0,000003
logo 1,832581 0,000284
logos 2,995732 0,000464
loh 3,506558 0,000544
long 0,287682 0,000268
longer 0,755023 0,000468
longest 2,525729 0,000392
look 0,967584 0,000450
lose 2,207275 0,000342
losing 2,120264 0,000657
lost 1,514128 0,000469
low 0,478036 0,000148
lower 0,776529 0,000120
lowercase 2,659260 0,000824
lugano 3,912023 0,001213
luke 2,813411 0,000436
luna 2,813411 0,000436
lux 0,371064 0,000058
machine 0,083382 0,000026
machinery 1,203973 0,000187
mackenzie 2,813411 0,000436
made 0,186330 0,000058
magazine 0,776529 0,000241
magic 2,302585 0,000357
maguder 3,912023 0,000606
maidenberg 3,912023 0,000606
mail 1,427116 0,000664
mailing 1,966113 0,000305
main -0,009950 -0,000012
maint 0,798508 0,000495
maintain 0,941609 0,000146
maintained 1,078810 0,000167
maintaining 1,171183 0,000363
maintains 2,040221 0,000316
major 0,314711 0,000098
majority 1,139434 0,000530
make 0,235722 0,000146
makes 0,415515 0,000064
making 0,328504 0,000153
malicious 1,660731 0,000257
malmi 3,912023 0,000606
malte 3,218876 0,000499
malti 3,506558 0,000544
man 1,139434 0,000530
management 0,139262 0,000065
manager 0,994252 0,000154
mandate 2,659260 0,000412
mandates 2,207275 0,000342
manipulation 0,994252 0,000462
mann 2,302585 0,000357
mansoor 3,912023 0,000606
many 0,061875 0,000058
mapping 1,237874 0,000192
march 0,116534 0,000379
maria 2,407946 0,000747
mariam 3,912023 0,000606
mark 0,462035 0,000072
marked 1,139434 0,000177
market 0,616186 0,001146
markets 1,139434 0,000707
marks 1,660731 0,000257
martti 3,912023 0,000606
massmutual 3,506558 0,001087
mastering 2,040221 0,000316
matched 1,966113 0,000305
matt 1,609438 0,000499
matthew 1,771957 0,000549
maty 3,912023 0,000606
mazacoin 2,813411 0,000436
mazur 2,995732 0,000464
mbtc 3,912023 0,001213
mcgee 3,506558 0,000544
mcmillan 3,218876 0,000998
mean 0,755023 0,000117
means 0,198451 0,000092
measured 1,021651 0,000158
measuring 1,609438 0,000249
mechanism 0,733969 0,000114
mechanisms 1,171183 0,000182
media 0,139262 0,000043
medium 1,203973 0,000560
meet 0,867501 0,000403
megabyte 3,912023 0,000606
megielladeutscheesti 3,506558 0,000544
melania 2,813411 0,000436
melayu 0,820981 0,000127
meme 2,813411 0,000436
menu -0,009950 -0,000003
mercantile 2,995732 0,000929
merchants 2,813411 0,000436
met 1,966113 0,000305
metamask 2,813411 0,000436
micah 3,912023 0,000606
michael 0,400478 0,000124
michel 2,525729 0,000392
microbitcoin 3,912023 0,000606
microstrategy 3,912023 0,001213
mieszko 3,912023 0,000606
mike 1,237874 0,000384
mikkel 3,912023 0,000606
millibitcoin 3,912023 0,001213
million 0,916291 0,002557
millions 1,560648 0,000968
millionth 3,912023 0,000606
milmo 3,506558 0,000544
minds 2,525729 0,000392
mined 2,525729 0,001175
miner 2,813411 0,000872
miners 2,995732 0,003251
mingxiao 3,912023 0,000606
minimal 1,347074 0,000209
mining 1,021651 0,004276
minutes 1,966113 0,000610
minutescirculating 3,912023 0,000606
mismatch 2,659260 0,000412
misperceptions 3,912023 0,000606
missing 0,891598 0,000138
mit 0,776529 0,000602
mobile -0,009950 -0,000002
mobilecoin 2,813411 0,000436
modelfree 3,912023 0,000606
modifications 2,302585 0,000357
modifying 1,832581 0,000284
module 1,049822 0,000163
mofcom 3,912023 0,000606
mohamed 2,207275 0,000342
mohammed 3,506558 0,000544
monero 2,813411 0,000436
monetary 1,609438 0,001247
money 1,171183 0,003449
moneybitcoin 3,912023 0,000606
moni 3,218876 0,000998
monies 3,912023 0,000606
monopoly 2,302585 0,000357
montag 3,912023 0,001213
month 1,660731 0,000257
months 0,891598 0,000138
moore 1,771957 0,000549
moreover 1,560648 0,000242
morgan 1,309333 0,000203
morning 2,995732 0,000929
morocco 2,995732 0,000464
mostly 0,994252 0,000154
mother 3,506558 0,000544
move -0,009950 -0,000006
movies 2,207275 0,000342
moving 0,776529 0,000120
msp 2,813411 0,000436
much 0,400478 0,000124
mukkamala 3,912023 0,000606
multiple 0,116534 0,000090
multisig 3,912023 0,000606
murphy 2,207275 0,000342
musk 3,218876 0,001497
mutually 2,207275 0,000342
mysterious 3,912023 0,001213
nakamoto 3,218876 0,008483
nakamotowhite 3,912023 0,000606
name 0,342490 0,000106
namecoin 2,813411 0,000436
named 0,820981 0,000255
namespace 1,832581 0,000284
nandita 3,912023 0,000606
nano 2,207275 0,000342
naor 3,218876 0,000998
narayanan 2,995732 0,000929
narratives 3,912023 0,000606
natasha 3,218876 0,000499
nathaniel 2,207275 0,000684
national 0,562119 0,000436
nature 0,597837 0,000093
navigation -0,009950 -0,000002
nawatnederlandsnedersaksies 3,912023 0,000606
nearly 1,139434 0,000177
necessary 0,616186 0,000096
need 0,248461 0,000231
needing 0,597837 0,000093
needs 0,415515 0,000129
negatively 2,407946 0,000373
neil 1,771957 0,000275
neill 3,218876 0,000998
neo 2,120264 0,000329
nepal 2,995732 0,000464
nervos 2,813411 0,000436
netoti 1,771957 0,000275
network 0,210721 0,000784
networks 0,446287 0,000069
neum 3,912023 0,000606
new 0,010050 0,000036
newport 3,218876 0,000499
news 0,446287 0,000692
newspaper 3,218876 0,000499
nft 2,302585 0,000357
nfts 2,995732 0,000464
nicholas 1,560648 0,000242
nick 1,469676 0,000683
nicolas 2,525729 0,000392
nigel 2,659260 0,000824
nigeria 2,525729 0,000392
nikolai 3,218876 0,000499
nine 1,771957 0,000549
nist 1,771957 0,000275
nobel 2,813411 0,003053
node 1,203973 0,000373
nodes 1,108663 0,001203
non -0,009950 -0,000006
nonce 2,813411 0,000872
none 1,609438 0,000249
norm 2,659260 0,000412
norsk 0,342490 0,000053
note 0,776529 0,000120
noted 1,171183 0,000182
notes 0,415515 0,000193
nothing 1,966113 0,000914
nouriel 3,506558 0,000544
novalombardmagyar 2,659260 0,000412
november 0,150823 0,001917
number 0,051293 0,000016
numerically 2,813411 0,000436
numismatics 3,506558 0,000544
nuri 3,218876 0,000499
nxt 2,659260 0,000412
nynorskoccitan 1,897120 0,000294
oberman 3,912023 0,000606
obligations 2,120264 0,000657
obligitory 3,912023 0,000606
obsolete 1,832581 0,000284
occur 0,916291 0,000142
occurred 1,469676 0,000456
oclc 0,891598 0,000138
october 0,139262 0,000928
odell 3,506558 0,000544
offered 1,139434 0,000177
offering 0,994252 0,000462
officially 1,660731 0,000515
offline 2,995732 0,000464
often 0,127833 0,000020
oil 2,040221 0,000633
ois 2,525729 0,000783
old 0,994252 0,000308
older 1,237874 0,000192
oldid -0,009950 -0,000002
olesperantoeuskara 0,510826 0,000079
olga 2,659260 0,000824
oliver 1,660731 0,000257
one 0,010050 0,000026
onecoin 2,813411 0,000436
online 0,415515 0,000193
opaque 2,407946 0,000373
open 0,235722 0,000183
operate 1,049822 0,000163
operates 1,714798 0,000266
operations 0,301105 0,000047
opponents 3,218876 0,000499
opposed 1,347074 0,000209
opposing 2,995732 0,000464
orcutt 3,506558 0,001087
order 0,094311 0,000058
ordered 1,386294 0,000215
ordinals 3,506558 0,000544
org -0,009950 -0,000008
organisation 2,207275 0,000342
organization -0,009950 -0,000005
organizations 0,798508 0,000124
organizers 3,912023 0,000606
original 0,030459 0,000576
originated 1,771957 0,000275
origins 1,514128 0,000235
ostroff 3,506558 0,000544
ought 2,659260 0,000412
outlawed 3,218876 0,000499
outlook 2,207275 0,000342
output 0,713350 0,000442
outputs 1,660731 0,000515
over 0,094311 0,000029
overpriced 3,912023 0,000606
oversight 2,120264 0,000657
overstock 3,912023 0,000606
overview 0,616186 0,000096
overwhelming 2,995732 0,000464
owned 1,660731 0,000257
owner 1,309333 0,000406
owners 1,660731 0,000772
ownership 1,469676 0,000683
owns 2,207275 0,001026
oxford 0,843970 0,000262
page -0,009950 -0,000003
pagecontentscurrent -0,009950 -0,000002
pageget -0,009950 -0,000002
pages -0,009950 -0,000005
pagesuse 1,469676 0,000228
panicking 3,506558 0,000544
papa 3,912023 0,000606
paper 0,713350 0,000774
papiamentu 2,813411 0,000436
parameter 1,108663 0,000344
part 0,127833 0,000020
partial 1,237874 0,000384
parts 0,544727 0,000084
party 0,798508 0,000124
paste 3,218876 0,000499
patten 3,912023 0,000606
patterns 0,776529 0,000120
paul 0,544727 0,000422
pawthereum 2,813411 0,000436
pax 2,525729 0,000392
pay 1,272966 0,000197
payee 3,506558 0,000544
payer 3,912023 0,000606
payment 1,427116 0,001327
payments 1,897120 0,002059
paypal 3,218876 0,000998
pct 3,912023 0,000606
pdf 0,139262 0,000345
pdfprintable -0,009950 -0,000002
peak 3,218876 0,000499
pedigree 3,912023 0,000606
peer 1,966113 0,004267
peercoin 2,813411 0,000872
people 0,356675 0,000332
per 0,616186 0,000382
percent 1,514128 0,000235
percentage 1,514128 0,000235
performance 0,261365 0,000041
performed 0,867501 0,000134
periods 1,660731 0,000257
permissive 2,659260 0,000412
person 1,021651 0,000633
personal -0,009950 -0,000003
perspectives 1,832581 0,000284
petr 3,506558 0,000544
petro 2,813411 0,000872
pham 3,218876 0,000499
philipp 2,995732 0,000464
philosophical 2,207275 0,000342
php -0,009950 -0,000002
physical 0,616186 0,000096
piemont 1,427116 0,000221
pig 2,207275 0,000342
pioneer 2,525729 0,000392
pisa 3,506558 0,000544
pivoting 3,506558 0,000544
pizza 3,218876 0,000998
pizzas 3,912023 0,000606
place 0,597837 0,000093
placeholder 2,995732 0,000464
places 1,514128 0,000235
plagiarism 2,207275 0,000342
plan 0,916291 0,000142
planet 2,120264 0,000329
platforms 0,776529 0,000361
policy -0,009950 -0,000006
politics 1,771957 0,000275
polkadot 2,659260 0,000412
poll 2,525729 0,000392
polygon 2,525729 0,000392
ponzi 3,506558 0,001631
pool 1,897120 0,000882
pools 2,302585 0,000357
popper 2,659260 0,000824
popular 0,579818 0,000180
population 1,560648 0,000242
portalrecent -0,009950 -0,000002
portals 2,120264 0,000329
portfolio 1,897120 0,001176
posner 3,912023 0,001213
possibility 1,560648 0,000242
possible 0,287682 0,000134
post 0,579818 0,000539
posted 2,407946 0,000373
potential 0,653926 0,000203
potentially 0,755023 0,001170
pow 2,995732 0,001393
powell 2,525729 0,000392
power 0,400478 0,000559
powerful 1,108663 0,000172
practice 0,371064 0,000173
predict 1,469676 0,000228
presence 1,139434 0,000353
present 0,597837 0,000278
president 1,897120 0,000588
prevent 0,891598 0,000415
preventing 2,040221 0,000316
previous 0,843970 0,000262
price 1,021651 0,001742
prices 1,560648 0,000968
pricing 1,609438 0,000249
primarily 0,653926 0,000101
primecoin 2,813411 0,000436
print -0,009950 -0,000002
printouts 3,912023 0,000606
privacy -0,009950 -0,000012
private 0,693147 0,001289
prize 2,040221 0,001581
problem 0,385662 0,000418
procedure 1,386294 0,000215
proceedings 0,597837 0,000093
process 0,116534 0,000126
processes 0,634878 0,000098
processing 0,356675 0,000166
produce 0,916291 0,000284
produced 0,820981 0,000127
produces 1,560648 0,000242
production 0,798508 0,000124
professional 0,843970 0,000131
professor 1,714798 0,000266
profit -0,009950 -0,000002
program 0,328504 0,000051
programmer 1,386294 0,000215
prohibited 2,407946 0,001120
prohibition 2,813411 0,000436
project 0,314711 0,000098
projects -0,009950 -0,000003
promised 2,813411 0,000436
promises 2,207275 0,000342
promote 1,609438 0,000249
proof 1,560648 0,003629
proper 1,171183 0,000182
proponents 2,407946 0,000373
proposals 1,966113 0,000305
proposed 0,713350 0,000111
proshares 3,506558 0,000544
protected 0,776529 0,000120
protection 0,994252 0,000154
protects 2,659260 0,000412
protest 3,218876 0,000499
protests 3,218876 0,000998
protocol 0,713350 0,000332
protocols 0,967584 0,000150
provisions 2,407946 0,000373
pseudonym 3,506558 0,000544
pseudonymous 3,218876 0,000998
pts 3,912023 0,000606
public 0,248461 0,000308
publications 0,941609 0,000146
published 0,328504 0,000255
publishers 1,514128 0,000235
publishing 0,446287 0,000069
puerto 2,659260 0,000412
purchase 1,469676 0,000228
purchases 2,302585 0,001071
pure 1,560648 0,000242
purpose 0,356675 0,000055
purposes 0,798508 0,000124
puzzles 2,525729 0,000392
qatar 2,995732 0,000464
qian 2,407946 0,000373
qijun 3,912023 0,000606
qualities 2,659260 0,000412
quantities 1,771957 0,000275
quartz 1,966113 0,000305
question 0,941609 0,000146
questions 1,171183 0,000182
quoted 2,040221 0,000316
race 1,514128 0,000235
rages 3,506558 0,000544
raghava 3,912023 0,000606
rainer 2,995732 0,000929
rallies 3,218876 0,000499
random 0,843970 0,000131
randomx 2,813411 0,000436
rao 2,407946 0,000373
rare 1,771957 0,000275
rarely 1,514128 0,000235
rasool 3,912023 0,000606
ratefloatingwebsitewebsitebitcoin 3,912023 0,000606
rather 0,287682 0,000089
rauchs 3,506558 0,000544
ravi 2,995732 0,000464
rbaycanca 0,248461 0,000039
rcr 3,506558 0,000544
reach 1,347074 0,000209
reached 1,309333 0,000609
reaches 2,659260 0,000412
reading 0,342490 0,000159
readview 1,309333 0,000406
real 0,210721 0,000131
really 1,660731 0,001287
reasons 0,891598 0,000276
rebecca 2,525729 0,000392
rebounds 3,912023 0,000606
recalibrated 3,912023 0,000606
receive 1,108663 0,000344
received 1,078810 0,000167
recipient 2,407946 0,000373
recipients 2,995732 0,000929
recognised 3,218876 0,000499
recognition 1,078810 0,000334
recommended 1,609438 0,000249
recommends 1,966113 0,000305
record 0,916291 0,000284
recorded 1,237874 0,000192
records 0,994252 0,000308
recycling 2,525729 0,000392
redirect 1,832581 0,000568
redirects 1,078810 0,000167
rediscovered 3,218876 0,000499
refer 0,867501 0,000269
references 0,020203 0,000006
referred 0,446287 0,000138
reform 2,302585 0,000714
refused 2,813411 0,000436
regard 1,609438 0,000249
regions 1,832581 0,000284
registered -0,009950 -0,000003
registration 2,407946 0,000373
regular 1,049822 0,000163
regulated 1,832581 0,000284
regulating 2,407946 0,000747
regulation 1,139434 0,000177
regulations 1,386294 0,000215
regulator 2,525729 0,000392
regulators 2,207275 0,001026
regulatory 1,427116 0,000885
reilly 1,078810 0,000167
reject 2,525729 0,000392
related 0,051293 0,000008
relative 1,108663 0,000172
release 0,579818 0,000270
released 0,693147 0,000322
relevance 2,120264 0,000329
remained 1,771957 0,000549
remains 1,237874 0,000192
remittances 3,218876 0,000499
remove 0,527633 0,000164
removed 0,693147 0,000107
rendering 1,347074 0,000209
renminbi 3,218876 0,000499
repealed 3,912023 0,000606
replace 1,203973 0,000187
report 0,462035 0,000501
reported 1,108663 0,000172
repository 1,078810 0,000167
repositorygithub 2,813411 0,000436
represented 0,967584 0,000300
representing 1,108663 0,000172
represents 0,891598 0,000138
republic 1,714798 0,000797
republicspainisraelotheridrefyale 3,218876 0,000499
required 0,274437 0,000170
requirements 0,597837 0,000185
requires 0,430783 0,000334
requiring 1,049822 0,000163
resconrec 3,506558 0,000544
research 0,261365 0,000324
researchers 0,820981 0,000382
reserve 1,832581 0,001989
reserves 2,525729 0,001175
resistant 2,302585 0,000714
resolves 3,506558 0,000544
resources 0,314711 0,000049
respond 1,660731 0,000257
resrep 3,506558 0,000544
rest 1,108663 0,000172
restrict 2,302585 0,000357
restricted 1,427116 0,000664
restrictions 1,309333 0,000609
restricts 2,525729 0,000392
resulting 0,798508 0,000124
results 0,446287 0,000069
retailers 2,120264 0,000329
retrieved -0,009950 -0,000214
return 0,820981 0,000127
reusable 2,995732 0,000464
reuters 1,660731 0,003089
reveal 2,040221 0,000316
reverse 1,427116 0,000442
review 0,385662 0,000418
reviewed 1,714798 0,000532
revoked 2,813411 0,000436
revoking 3,506558 0,000544
reward 2,302585 0,001785
rfer 3,218876 0,000499
ricardo 2,120264 0,000329
rico 2,407946 0,000373
right 0,478036 0,000074
rise 0,967584 0,000450
risk 0,597837 0,000093
ritchie 2,525729 0,000392
rivals 3,218876 0,000499
river 1,309333 0,000203
rkmen 1,966113 0,000305
rmb 3,912023 0,000606
road 1,427116 0,000885
robert 0,579818 0,000449
roberts 2,207275 0,000342
roger 1,309333 0,000203
rogoff 3,912023 0,002426
rom 0,616186 0,000096
romain 3,506558 0,001087
roots 2,120264 0,000986
ross 1,560648 0,000726
roubini 3,506558 0,001087
rouge 3,912023 0,000606
rounds 3,506558 0,000544
routing 1,560648 0,000242
royalty 2,995732 0,000464
roysktfran 2,040221 0,000316
russell 1,897120 0,000588
russia 1,714798 0,000266
ruvalcaba 3,912023 0,000606
ryan 1,560648 0,000242
sachs 2,659260 0,000412
safemoon 2,813411 0,000436
safety -0,009950 -0,000003
said 0,755023 0,000117
sakizayascotsseediqsesothosesotho 3,912023 0,000606
sally 3,912023 0,000606
salvador 2,525729 0,007439
salvadoran 3,912023 0,000606
salvadorans 3,912023 0,000606
sam 1,427116 0,000442
samantha 3,506558 0,000544
sampson 3,912023 0,000606
sanctions 2,525729 0,000392
santos 2,525729 0,000392
sat 3,218876 0,000499
satisfies 2,302585 0,000357
satoshi 3,218876 0,007485
satoshis 3,912023 0,001819
say 1,078810 0,000167
saying 1,897120 0,000294
says 1,309333 0,001015
scalability 1,469676 0,001595
scaled 1,832581 0,000284
scaling 1,609438 0,000499
scam 2,207275 0,000684
scams 2,525729 0,000392
scandal 1,897120 0,000588
scarcity 2,813411 0,000436
scheduledecentralized 3,912023 0,000606
scheme 1,469676 0,000911
schemeproof 3,912023 0,000606
schemes 1,660731 0,000257
scheuermann 3,912023 0,001213
schmitt 3,912023 0,000606
schnorr 3,506558 0,000544
scholar 1,309333 0,000203
school 1,078810 0,000334
science 0,287682 0,000045
scientist 1,609438 0,000249
screenshot 2,525729 0,000392
script 1,897120 0,000294
scripting 1,237874 0,000192
scrypt 2,659260 0,000412
search -0,009950 -0,000008
sec 2,207275 0,000684
second 0,342490 0,000106
secret 1,832581 0,000852
secretive 3,506558 0,000544
secures 3,218876 0,000499
security 0,314711 0,000293
see -0,009950 -0,000011
seems 1,966113 0,000305
seen 0,776529 0,000120
segwit 2,995732 0,001858
seize 3,506558 0,000544
seized 3,912023 0,003639
seizure 2,659260 0,000412
selena 3,506558 0,000544
sell 1,560648 0,000726
selling 1,514128 0,000704
sells 2,525729 0,000392
send 1,347074 0,000418
sending 1,714798 0,000532
senior 1,714798 0,000266
sensible 2,813411 0,000436
sensitive 1,272966 0,000197
sentiment 2,659260 0,000412
september 0,150823 0,000678
ser 3,506558 0,000544
series 0,328504 0,000051
serve 1,139434 0,000177
servers 1,021651 0,000158
serves 1,609438 0,000249
service 0,314711 0,000049
services 0,400478 0,000248
serwer 3,912023 0,000606
set 0,083382 0,000026
seven 1,469676 0,000228
several 0,094311 0,000073
sha 2,659260 0,000824
shams 3,218876 0,000499
share 0,616186 0,000191
sharealike -0,009950 -0,000002
sharply 3,506558 0,000544
shatter 3,218876 0,000499
shiba 2,813411 0,000436
shiller 3,218876 0,001497
short -0,009950 -0,000006
shortened -0,009950 -0,000002
show 0,867501 0,000134
showing 1,347074 0,000209
shows 1,139434 0,000530
shrem 3,218876 0,000499
shumailov 3,912023 0,000606
shutting 2,995732 0,000464
side 0,693147 0,000107
sidebar -0,009950 -0,000006
sigalos 3,218876 0,000499
sign 1,469676 0,001367
signatures 2,120264 0,000657
signed 1,309333 0,000203
significant 0,328504 0,000051
signs 2,207275 0,000684
silk 2,040221 0,001265
silver 1,771957 0,000549
similar 0,186330 0,000029
simonite 2,813411 0,000872
simple 0,150823 0,000047
simplified 1,609438 0,000499
simply 0,733969 0,000114
since 0,139262 0,000086
single 0,127833 0,000079
sinks 3,912023 0,000606
sister 1,386294 0,000430
site -0,009950 -0,000003
situations 1,237874 0,000192
size 0,462035 0,000215
slams 3,506558 0,000544
slang 3,506558 0,000544
slate 3,218876 0,000499
slenskaitaliano 0,562119 0,000087
slightly 1,771957 0,000275
slovakia 3,218876 0,000499
slumps 3,506558 0,000544
small 0,314711 0,000049
smaller 0,994252 0,000308
smallest 2,659260 0,000412
smart 1,078810 0,000334
smc 3,218876 0,000998
snake 3,218876 0,000499
snub 3,506558 0,000544
social 0,527633 0,000164
socially 2,407946 0,000373
society 0,673345 0,000104
sociologist 3,912023 0,000606
soft 2,040221 0,000316
software 0,127833 0,000119
softwarelicensemit 3,912023 0,000606
solana 2,813411 0,000436
sold 1,347074 0,000209
solution 0,776529 0,000361
solutions 0,820981 0,000127
solve 1,203973 0,000187
sometimes 0,301105 0,000093
source 0,186330 0,000173
sources 0,446287 0,000138
sourceview 1,309333 0,000406
south 1,108663 0,000172
space 0,478036 0,000074
spacex 3,506558 0,001087
spam 1,897120 0,000294
sparkes 3,912023 0,000606
special 0,494296 0,000153
specialized 0,843970 0,000392
specific 0,094311 0,000015
specifies 1,714798 0,000532
speculative 2,040221 0,000633
spend 2,040221 0,000949
spending 1,714798 0,001861
spent 2,040221 0,000633
spin 2,525729 0,000392
split 1,469676 0,000228
spot 1,771957 0,000275
springer 0,527633 0,000245
spv 3,912023 0,000606
spy 2,302585 0,000357
square 1,609438 0,000499
srdjan 3,506558 0,001087
srpskisrpskohrvatski 0,510826 0,000079
ssrn 1,427116 0,000442
stable 0,867501 0,000269
stablecoin 2,995732 0,000464
stablecoins 2,813411 0,000436
staff 1,469676 0,000228
stajano 3,912023 0,000606
stake 2,207275 0,000684
standardisation 2,995732 0,000464
standards 0,462035 0,000072
start 0,843970 0,000131
started 0,634878 0,000098
starting 0,755023 0,000234
state 0,235722 0,000073
stated 1,171183 0,000182
statement -0,009950 -0,000002
statements 0,314711 0,000390
statementsarticles 0,544727 0,000084
states 0,385662 0,000299
statesfrancebnf 0,510826 0,000079
statistics -0,009950 -0,000002
status 0,693147 0,001074
statusactivewritten 3,912023 0,000606
statuswebarchive 3,912023 0,000606
stay 1,966113 0,000305
steal 2,659260 0,000412
stecklow 3,912023 0,000606
steem 2,813411 0,000436
stellar 2,659260 0,000412
steps 1,309333 0,000203
steve 1,078810 0,000167
stifle 3,506558 0,000544
stifter 3,912023 0,000606
stiglitz 2,525729 0,001175
stijn 3,912023 0,000606
still 0,342490 0,000053
stinging 3,912023 0,000606
stock 1,386294 0,000430
stockpile 3,218876 0,000499
stocks 2,040221 0,000316
stolen 2,207275 0,000684
stoll 2,995732 0,000929
stops 2,813411 0,000436
storage 0,430783 0,000067
store 0,733969 0,000796
stored 0,733969 0,000114
storms 3,506558 0,000544
strategic 1,171183 0,000726
strategy 0,891598 0,000138
street 1,203973 0,001866
strings 1,514128 0,000235
strongly 1,560648 0,000242
structure 0,314711 0,000049
struggles 3,506558 0,001087
study 0,510826 0,000158
subject 0,527633 0,000082
subsection 0,020203 0,000009
subsequent 1,469676 0,000228
substantially 1,966113 0,000305
subunits 3,912023 0,000606
successful 0,843970 0,000131
successfully 1,427116 0,000221
suerf 3,912023 0,001213
suggested 1,609438 0,000249
sum 1,347074 0,000418
summit 2,120264 0,000329
sun 1,237874 0,000192
suomisvenskatagalog 1,171183 0,000182
supervised 1,660731 0,000257
supply 1,171183 0,000545
support 0,198451 0,000123
supported 0,634878 0,000098
supporters 3,218876 0,000499
sure 2,040221 0,000633
surge 2,207275 0,000684
surges 3,218876 0,000998
surprising 2,659260 0,000412
survey 0,579818 0,000180
surveys 1,714798 0,000532
susceptible 2,207275 0,000342
suzanne 3,218876 0,000499
swi 3,912023 0,001213
swissinfo 3,912023 0,001819
switzerland 1,897120 0,000294
sybil 3,912023 0,001213
sydney 2,813411 0,000436
symbol 1,469676 0,000456
symbols 1,560648 0,000242
symbolscirculating 3,912023 0,000606
synthesis 1,714798 0,000266
system 0,030459 0,000038
systems 0,061875 0,000038
szabo 2,995732 0,001393
table -0,009950 -0,000003
tabuchi 3,506558 0,001087
taipei 3,912023 0,000606
take 0,527633 0,000082
takes 0,634878 0,000098
tali 3,912023 0,000606
tamper 2,995732 0,000464
taproot 3,912023 0,000606
target 0,673345 0,000209
targets 1,272966 0,000395
tasked 2,813411 0,000436
tatar 1,272966 0,000197
tax 1,560648 0,000726
taxation 2,525729 0,000392
taxes 2,207275 0,000684
tayal 3,912023 0,000606
tech 0,967584 0,000450
techcrunch 1,660731 0,001287
technica 1,347074 0,000209
technical 0,478036 0,000148
techno 3,912023 0,000606
technological 1,427116 0,000221
technologies 0,562119 0,000174
technology 0,186330 0,000260
telegraph 2,120264 0,000329
template 0,328504 0,000051
ten 1,469676 0,000456
tender 2,813411 0,005233
term 0,223144 0,000035
terminal 1,897120 0,000294
terms -0,009950 -0,000005
terra 2,813411 0,000436
terrausd 3,912023 0,000606
tesla 2,207275 0,001026
test 0,673345 0,000104
testing 0,616186 0,000096
tether 2,525729 0,001175
texas 1,966113 0,000610
text -0,009950 -0,000003
textarticles 2,995732 0,000464
tezos 2,813411 0,000436
thai 2,813411 0,000436
theft 1,966113 0,000914
thefts 3,506558 0,000544
theoretical 0,967584 0,000450
theory 0,400478 0,000124
theron 3,912023 0,000606
things 0,843970 0,000262
third 0,356675 0,000055
thomas 0,527633 0,000082
though 0,544727 0,000084
threats 1,771957 0,000275
three 0,287682 0,000178
throws 3,218876 0,000499
thu 3,506558 0,000544
ticker 2,813411 0,000436
tico 3,912023 0,000606
tim 0,867501 0,000403
time 0,010050 0,000012
times 0,314711 0,000829
timestamping 2,813411 0,000436
timothy 1,714798 0,000797
tinachi 3,912023 0,000606
tirole 3,912023 0,001213
titcoin 2,813411 0,000436
title -0,009950 -0,000002
titled 1,966113 0,000305
toggle -0,009950 -0,000008
token 1,660731 0,001030
tokens 1,897120 0,000588
tolerant 2,813411 0,000436
tom 1,203973 0,000560
ton 2,659260 0,000412
tony 1,714798 0,000266
took 1,237874 0,000192
tool 0,653926 0,000101
tools -0,009950 -0,000006
top -0,009950 -0,000002
topic -0,009950 -0,000003
topics 0,653926 0,000101
total 0,673345 0,000209
towards 1,203973 0,000187
tracks 1,897120 0,000588
traded 2,120264 0,000329
trademark -0,009950 -0,000002
trades 2,525729 0,000392
trading 1,609438 0,003243
traditional 0,544727 0,000338
transact 3,506558 0,001631
transacting 3,912023 0,000606
transaction 1,427116 0,004424
transactions 0,713350 0,002654
transfer 0,693147 0,000107
transfers 2,207275 0,000342
treasuries 3,912023 0,000606
treasury 2,407946 0,000373
treat 1,771957 0,000275
treated 1,514128 0,000235
trend 1,237874 0,000192
trial 1,660731 0,000515
trillion 1,966113 0,000610
tron 2,813411 0,000436
trucker 3,912023 0,000606
truckers 3,506558 0,001087
trump 2,525729 0,001958
trust 0,967584 0,000300
tschorsch 3,912023 0,001213
tsmc 3,912023 0,000606
tumbler 2,813411 0,000436
tunisia 2,995732 0,000464
turmoil 3,506558 0,000544
turned 1,832581 0,000284
tutorials 1,966113 0,000610
tvolap 3,506558 0,000544
twelfth 3,218876 0,000499
twice 1,714798 0,000266
twins 3,912023 0,000606
twitter 1,660731 0,000257
two 0,083382 0,000065
tyler 2,659260 0,001237
type 0,150823 0,000023
typically 0,223144 0,000035
tzebuergeschlietuvi 1,514128 0,000235
ulbricht 3,218876 0,000998
ulrich 2,525729 0,000392
unallocated 3,912023 0,000606
unbound 3,506558 0,000544
under -0,009950 -0,000005
underbelly 3,912023 0,000606
underground 2,995732 0,000464
understanding 0,562119 0,000087
unicode 1,832581 0,000852
unidad 3,912023 0,000606
uniform 1,347074 0,000209
union 1,021651 0,000158
unique 0,916291 0,000142
unit 0,798508 0,000495
united 0,527633 0,000245
units 1,309333 0,000609
university 0,186330 0,000058
unknown 1,171183 0,000363
unlike 0,798508 0,000124
unlikely 2,040221 0,000633
unlimited 2,302585 0,000714
unlocking 2,525729 0,000392
unravels 3,912023 0,000606
unregistered 3,218876 0,000499
unspent 3,912023 0,001213
untethered 3,218876 0,000499
until 0,510826 0,000158
update 0,527633 0,001145
updating 1,427116 0,000442
updatingarticles 2,995732 0,000464
upgrade 1,832581 0,000852
urged 2,995732 0,000464
urges 2,813411 0,000436
url 1,237874 0,000384
urldownload -0,009950 -0,000002
usa 1,427116 0,000221
usage 0,597837 0,000371
usd 2,120264 0,000329
use -0,009950 -0,000042
used -0,009950 -0,000020
useful 0,634878 0,000197
useless 2,813411 0,000872
user 0,328504 0,000102
users 0,478036 0,000741
uses 0,094311 0,000029
using -0,009950 -0,000023
usually 0,223144 0,000035
utc -0,009950 -0,000002
uws 3,218876 0,000499
uyghurchev 2,813411 0,000436
vaccine 3,506558 0,001087
valid 1,272966 0,000395
validate 2,120264 0,000329
validated 2,302585 0,000357
validity 1,771957 0,000275
valley 2,040221 0,000316
valuationexchange 3,912023 0,000606
value 0,301105 0,000513
valuearticles 2,659260 0,000412
valued 1,897120 0,000294
van 0,891598 0,000276
vance 3,506558 0,000544
variants 1,427116 0,000221
varies 1,427116 0,000221
various 0,223144 0,000104
vashek 3,912023 0,000606
vatrapu 3,912023 0,000606
vedran 3,506558 0,000544
velde 3,912023 0,001213
venda 3,912023 0,000606
venkatesh 3,218876 0,000499
ver 3,218876 0,000499
verge 1,771957 0,000549
verification 0,733969 0,000228
verified 2,302585 0,000714
verify 1,660731 0,000515
version -0,009950 -0,000003
vertcoin 2,813411 0,000436
via 0,186330 0,000058
vice 1,660731 0,000257
vicky 3,506558 0,000544
view -0,009950 -0,000003
vigna 2,995732 0,001393
vildana 3,506558 0,001087
violating 2,407946 0,000373
virtual 0,527633 0,000491
vision 0,891598 0,000138
vitalik 2,813411 0,000436
vlamswinaray 3,912023 0,000606
voiceverse 2,302585 0,000357
vol 0,616186 0,000287
volatile 2,407946 0,001493
volatility 1,966113 0,001829
volume 0,616186 0,000382
volumes 1,832581 0,000284
voluntarily 3,218876 0,000499
voorhees 2,995732 0,000464
vote 2,995732 0,000464
vries 3,506558 0,000544
vte 0,967584 0,000150
vtebitcoin 3,218876 0,000499
vtecryptocurrenciestechnology 2,813411 0,000436
vtecurrency 3,912023 0,000606
vulnerable 1,427116 0,000221
wall 1,309333 0,002030
wallace 2,525729 0,000392
wallet 2,525729 0,003524
wallets 2,995732 0,004644
walther 3,912023 0,000606
wang 1,427116 0,000442
want 1,272966 0,000197
wanted 1,714798 0,000266
ward 3,218876 0,000499
washington 1,049822 0,000814
waste 1,897120 0,000588
watch 1,386294 0,000430
way 0,198451 0,000092
wayback 0,478036 0,000148
wealth 2,207275 0,000684
web 0,342490 0,000159
website 0,634878 0,000197
week 1,514128 0,000235
weeks 1,771957 0,000275
wei 1,832581 0,000852
weighting 3,218876 0,000499
weindling 3,912023 0,000606
weippl 3,912023 0,000606
weis 3,912023 0,000606
well 0,051293 0,000024
wences 3,218876 0,000499
wenjun 3,912023 0,000606
went 1,714798 0,000266
west 1,560648 0,000242
western 1,108663 0,000172
whale 2,407946 0,000373
whales 3,912023 0,000606
what -0,009950 -0,000008
whether 0,400478 0,000062
which 0,000000 0,000000
while 0,051293 0,000040
white 1,108663 0,000344
who 0,301105 0,000513
whole 0,916291 0,000142
whoppercoin 2,813411 0,000436
wiki 1,427116 0,000221
wikidata 0,562119 0,000087
wikidatawikipedia 0,967584 0,000150
wikimedia -0,009950 -0,000003
wikipedia -0,009950 -0,000015
wikipediacontact -0,009950 -0,000002
wikiquote 1,966113 0,000305
wiktionary 1,832581 0,000284
wilhelm 2,302585 0,000357
williams 1,514128 0,000235
wilson 1,469676 0,000456
winklevoss 3,218876 0,001996
winner 2,659260 0,000412
winners 2,995732 0,000464
winning 2,302585 0,000714
wired 1,237874 0,000959
within 0,116534 0,000036
without 0,094311 0,000146
wolff 3,218876 0,000499
work 0,127833 0,000238
working 0,478036 0,000074
works 0,693147 0,000107
workshop 1,469676 0,000228
world 0,139262 0,000259
worst 2,120264 0,000329
worth 1,897120 0,002647
wright 1,714798 0,000266
writes 2,813411 0,000436
written 0,287682 0,000045
wrong 1,660731 0,000257
wrote 1,078810 0,000167
wursthorn 3,912023 0,000606
xbt 3,912023 0,001819
xiangwei 3,912023 0,000606
xiaofeng 3,506558 0,000544
xinhua 3,912023 0,000606
xinhuanet 3,912023 0,000606
xrp 2,813411 0,000436
xxvi 3,912023 0,000606
yaffe 3,506558 0,000544
yahoo 1,832581 0,000852
yanofsky 3,912023 0,000606
year 0,579818 0,000629
years 0,274437 0,000213
yiming 3,506558 0,000544
yin 2,995732 0,000464
york 0,371064 0,000518
yorker 2,995732 0,001393
yuan 2,659260 0,000412
zazakize 3,218876 0,000499
zbekcha 0,462035 0,000072
zcash 2,813411 0,000436
zero 0,733969 0,000114
zhang 1,427116 0,000442
zhe 3,912023 0,000606
zhengjun 3,912023 0,000606
zhimin 3,218876 0,000499
zug 3,506558 0,000544
