abandon 1,771957 0,000226
abbat 3,506558 0,000447
abbrevi 2,040221 0,000260
abil 0,562119 0,000072
abl 0,733969 0,000094
academ 0,693147 0,000354
acalib 3,912023 0,000499
accept 0,634878 0,000081
access 0,127833 0,000701
accid 2,813411 0,000359
accident 1,771957 0,000226
accord 0,287682 0,000147
account -0,009950 -0,000005
accuraci 1,469676 0,000187
achiev 0,510826 0,000065
acquir 1,203973 0,000154
across 0,415515 0,000212
act 0,713350 0,000182
action -0,009950 -0,000004
activ 0,356675 0,000364
actual 0,597837 0,000152
ad 0,198451 0,000152
adag 3,506558 0,000447
adam 1,203973 0,000154
add -0,009950 -0,000003
addit -0,009950 -0,000009
address 0,342490 0,000524
administ 2,207275 0,000281
administr 0,867501 0,000111
adopt 0,415515 0,000053
advanc 0,235722 0,000060
advantag 0,693147 0,000265
advent 2,207275 0,000281
advertis 1,347074 0,000515
advisori 2,302585 0,000294
affect 0,693147 0,000442
africa 1,966113 0,000251
ag 0,867501 0,000332
against 0,462035 0,000118
agenc 1,108663 0,000424
agent 0,733969 0,000187
agesearch 3,912023 0,000499
aggreg 1,514128 0,000193
ago 0,967584 0,000370
agre -0,009950 -0,000001
ahm 2,040221 0,000260
aisgaeilgegalego 1,427116 0,000182
ajax 1,832581 0,002804
alex 1,469676 0,000187
alexand 1,237874 0,000473
alfr 2,207275 0,000281
algorithm 0,462035 0,000059
allow 0,061875 0,000063
almon 3,506558 0,000447
alon 1,272966 0,000162
along 0,462035 0,000059
alreadi 0,776529 0,000198
alter 1,469676 0,000187
altern 0,342490 0,000218
alwai 0,597837 0,000076
amateur 2,995732 0,000382
amazon 1,309333 0,000167
ambigu 1,386294 0,000354
america 0,967584 0,000123
american 0,415515 0,000053
amo 2,995732 0,000382
among 0,356675 0,000045
amount 0,579818 0,000148
amp -0,009950 -0,000008
amplifi 3,506558 0,001341
analysi 0,186330 0,000024
analyt 0,798508 0,000102
anchor 2,207275 0,000281
andreessen 3,218876 0,000410
andrew 0,820981 0,000105
angel 2,120264 0,000541
angl 2,040221 0,000260
angular 2,207275 0,000281
ani 0,083382 0,000053
anim 1,021651 0,000130
anniversari 2,525729 0,000644
annot 1,108663 0,000141
announc 0,733969 0,000281
anonym 1,560648 0,000398
anoth 0,127833 0,000065
antarctica 3,506558 0,000447
anton 2,207275 0,000281
antonio 2,120264 0,000541
anyon 1,386294 0,000354
appear -0,009950 -0,000006
appl 1,203973 0,000461
appli -0,009950 -0,000003
applic 0,030459 0,000066
approach 0,174353 0,000044
apress 1,966113 0,000251
april 0,072571 0,000490
aragon 1,171183 0,000149
arbitrari 1,049822 0,000134
archi 3,912023 0,000998
architectur 0,400478 0,000204
archiv 0,040822 0,000536
area 0,478036 0,000061
argu 0,994252 0,000127
arm 1,469676 0,000187
armstrong 2,040221 0,000260
arpanet 2,813411 0,001435
art 0,673345 0,000086
articl 0,000000 0,000000
articleabout -0,009950 -0,000001
articletalk -0,009950 -0,000001
ascii 1,897120 0,000484
asia 1,560648 0,000199
ask 0,867501 0,000442
asp 2,040221 0,000260
aspect 0,616186 0,000314
assassin 3,912023 0,000499
assembl 0,867501 0,000111
assign 0,798508 0,000102
assist 1,139434 0,000145
associ 0,127833 0,000033
assur 1,660731 0,000212
asturianuava 2,525729 0,000322
asynchron 2,040221 0,000260
atalla 3,506558 0,000447
atom 1,309333 0,000334
atompub 3,912023 0,000499
attack 0,867501 0,000664
attenu 3,912023 0,000499
attribut -0,009950 -0,000001
audibl 3,506558 0,000447
audienc 2,659260 0,000339
audio 0,891598 0,000341
auditori 3,912023 0,000499
august 0,162519 0,000497
authent 1,347074 0,000687
author 0,040822 0,000016
authorstim 3,912023 0,000499
automat 0,462035 0,000177
avail -0,009950 -0,000009
awar 1,203973 0,000307
back 0,462035 0,000177
background 1,237874 0,000158
bad 1,347074 0,000172
bahasa 0,186330 0,000024
baird 3,218876 0,000410
balanc 1,139434 0,000145
baltimor 2,813411 0,001076
bandwidth 1,832581 0,000467
bang 3,218876 0,000410
bank 0,941609 0,000480
bar 1,386294 0,000177
baran 3,506558 0,000447
bardeen 3,506558 0,000447
bare 2,302585 0,000294
base 0,010050 0,000013
basi 0,820981 0,000105
basic 0,198451 0,000101
battl 1,832581 0,000467
bbc 1,514128 0,000386
bbn 2,995732 0,000382
beacon 2,659260 0,000339
beam 2,207275 0,000281
beat 2,120264 0,000270
becam 0,579818 0,000591
becaus 0,127833 0,000016
becom 0,274437 0,000070
began 0,634878 0,000243
begin 0,385662 0,000197
beginn 2,525729 0,000322
behaviour 1,832581 0,001402
behind 0,867501 0,000111
beij 2,813411 0,000359
believ 1,272966 0,000162
bell 1,714798 0,000219
belong 1,347074 0,000172
ben 1,309333 0,000167
benefit 0,776529 0,000099
bergman 3,912023 0,000499
berinato 3,912023 0,000499
berlin 1,386294 0,000177
berner 2,525729 0,009339
besid 1,832581 0,000234
best 0,462035 0,000059
betawi 2,813411 0,000359
better 0,494296 0,000126
beyond 0,713350 0,000091
bibcod 0,693147 0,000088
bibfram 2,813411 0,000359
bibo 2,813411 0,000359
big 0,673345 0,000086
bill 0,776529 0,000099
billion 1,078810 0,000550
birth 1,897120 0,000484
bitnet 3,506558 0,000447
bittorr 3,912023 0,000499
blake 2,659260 0,000339
bleigh 3,912023 0,000499
block 0,597837 0,000152
blog 0,713350 0,000728
bloggernacl 3,912023 0,000499
blogospher 3,912023 0,000499
board 0,843970 0,000215
bob 1,832581 0,000467
bodi 0,867501 0,000332
bokm 0,127833 0,000016
book 0,210721 0,000081
bookmark 2,407946 0,000307
boost 1,660731 0,000212
boot 1,966113 0,000251
bosanskibrezhoneg 2,407946 0,000307
bose 2,995732 0,000382
boucher 3,912023 0,000499
bound 1,171183 0,000149
bourseul 3,506558 0,000447
boyd 2,813411 0,000359
bracket 1,897120 0,000242
brai 2,525729 0,000322
brand 1,386294 0,000177
brattain 3,506558 0,000447
brendan 2,407946 0,000307
brian 1,108663 0,000283
britannica 1,897120 0,000484
british 1,203973 0,000614
broadcast 1,832581 0,000234
broadcatch 3,912023 0,000499
broader 1,309333 0,000167
broadw 3,912023 0,000499
broken 1,660731 0,000423
brown 1,237874 0,000158
brows 1,966113 0,002005
browser 1,021651 0,007946
bubbl 1,560648 0,000199
build 0,274437 0,000175
built 0,462035 0,000118
bulli 3,506558 0,000447
bundl 1,514128 0,000193
buntin 3,912023 0,000499
bush 2,407946 0,000307
busi 0,287682 0,000367
button 2,040221 0,000260
cabl 2,207275 0,000844
cach 1,386294 0,002121
cailliau 3,218876 0,001231
caitlin 3,218876 0,000410
cal 3,506558 0,000447
call 0,030459 0,000031
calor 3,912023 0,000998
cambridg 0,755023 0,000096
came 1,078810 0,000275
camelcas 3,912023 0,000499
camil 2,995732 0,000382
cannot 0,314711 0,000080
capabl 0,562119 0,000287
capac 1,237874 0,000158
capit 0,994252 0,000127
capitalis 3,912023 0,000499
card 0,994252 0,000127
care 1,237874 0,000158
carla 3,218876 0,000410
carniv 3,912023 0,000499
carolyn 3,218876 0,000410
carri 0,967584 0,000123
carrol 2,995732 0,000382
cart 2,813411 0,000359
cascad 2,407946 0,000614
case 0,083382 0,000053
casilli 3,912023 0,000499
castelluccio 3,912023 0,000499
catal 0,094311 0,000012
categori -0,009950 -0,000005
caus 0,430783 0,000055
cede 3,506558 0,000447
celebr 2,302585 0,000294
cellular 1,714798 0,000219
center 0,415515 0,000106
centr 1,469676 0,000187
central 0,478036 0,000122
centuri 0,843970 0,000323
ceo 1,714798 0,000219
cerf 2,995732 0,000382
cern 2,407946 0,007061
cerndoc 3,912023 0,000499
certain 0,274437 0,000035
chadha 3,912023 0,000499
chair 2,525729 0,000322
chanc 1,660731 0,000212
chandra 3,218876 0,000410
chang 0,051293 0,000059
changesupload -0,009950 -0,000003
channel 1,049822 0,000268
chapp 3,506558 0,000447
charact 0,843970 0,000538
charg 1,272966 0,000325
charl 0,941609 0,000600
charli 2,302585 0,000294
charlieharvei 3,912023 0,000499
charset 3,506558 0,000447
charter 1,897120 0,000242
check 0,634878 0,000081
chief 1,609438 0,000205
chill 2,525729 0,000322
china 0,967584 0,000123
chri 0,994252 0,000127
christei 3,912023 0,000499
christoph 1,078810 0,000138
chrome 1,966113 0,000752
ciena 3,912023 0,002494
circl 1,966113 0,000251
circuit 0,967584 0,000247
circumst 1,897120 0,000242
cisco 2,207275 0,000281
citat 0,248461 0,000127
cite 0,597837 0,000152
citi 1,272966 0,000487
citizen 1,966113 0,000251
claburn 2,525729 0,000322
claim 0,634878 0,000081
clark 1,514128 0,000772
classic 0,544727 0,000069
claud 1,966113 0,000501
click 1,714798 0,000656
client 0,713350 0,001455
cluster 1,272966 0,000162
cname 3,506558 0,001341
cnet 1,609438 0,000410
coaxial 3,506558 0,000447
code -0,009950 -0,000010
cognit 1,427116 0,000182
coin 0,941609 0,000240
collabor 0,941609 0,000480
collat 3,218876 0,000410
collect 0,274437 0,000175
color 1,609438 0,000205
columnist 3,912023 0,000499
com 0,150823 0,000519
combin 0,261365 0,000067
come 0,356675 0,000045
comment 1,049822 0,000268
commerc 1,021651 0,000261
commerci 0,527633 0,000269
common -0,009950 -0,000023
commonli 0,342490 0,000175
commonswikibookswikidata 2,407946 0,000307
commun 0,139262 0,000284
communicationsweek 3,912023 0,000499
comp 2,407946 0,000614
compani 0,342490 0,000437
compar 0,342490 0,000044
comparison 0,371064 0,000047
compet 1,139434 0,000145
competit 1,203973 0,000614
compil 0,755023 0,000096
complet 0,223144 0,000028
complex 0,186330 0,000048
complianc 1,514128 0,000386
compon 0,261365 0,000033
compos 1,171183 0,000149
comprehens 0,867501 0,000221
compress 1,108663 0,000141
compris 1,714798 0,000219
comput 0,020203 0,000077
computerweekli 3,912023 0,000499
computerworld 1,609438 0,000205
conced 3,912023 0,000499
conceiv 2,120264 0,000541
concept 0,198451 0,000101
conceptu 1,469676 0,000187
concern 0,597837 0,000229
condit 0,579818 0,000074
conduct -0,009950 -0,000001
confer 0,274437 0,000035
confidenti 2,040221 0,000260
configur 0,798508 0,000102
confirm 1,514128 0,000386
conform 1,272966 0,000162
congress 1,771957 0,000452
connect 0,430783 0,000110
connolli 2,995732 0,000382
consent 2,302585 0,000294
consequ 0,891598 0,000114
consider 0,713350 0,000091
consist 0,301105 0,000038
consolid 1,714798 0,000219
consortium 1,771957 0,004067
constantli 1,966113 0,000752
constitut 1,272966 0,000162
construct 0,579818 0,000148
consum 0,653926 0,000083
contact -0,009950 -0,000003
contain 0,162519 0,000186
content -0,009950 -0,000056
context 0,446287 0,000057
contrast 0,891598 0,000341
contribut -0,009950 -0,000001
control 0,020203 0,000021
convei 2,525729 0,000322
converg 1,832581 0,000467
convers 0,776529 0,000099
cooki -0,009950 -0,000032
coordin 1,309333 0,000167
copi 0,891598 0,000227
core 0,579818 0,000074
cori 2,525729 0,000322
cornerston 3,218876 0,000410
corp 1,832581 0,000234
corpor 0,562119 0,000430
correspond 0,798508 0,000102
cost 0,385662 0,000098
cotton 2,659260 0,000339
couldri 3,218876 0,000410
council 1,427116 0,000182
countercultur 3,506558 0,000447
counterterror 3,218876 0,000410
countri 0,867501 0,000332
covert 2,813411 0,000359
coviello 3,912023 0,000499
crawl 2,995732 0,000764
crawler 2,525729 0,000644
creat -0,009950 -0,000019
creation 0,653926 0,000083
creativ -0,009950 -0,000004
credenti 2,120264 0,000270
credit 0,867501 0,000332
crime 1,469676 0,000187
crimin 1,771957 0,000226
cross 0,562119 0,000358
crucial 1,386294 0,000177
crumbl 3,506558 0,000447
cso 3,218876 0,000410
css 1,897120 0,001693
cue 2,813411 0,000359
cultur 1,049822 0,000402
culver 3,912023 0,000499
current 0,210721 0,000134
cve 2,525729 0,000322
cxo 3,506558 0,000447
cybercrim 2,525729 0,000322
cyclad 3,506558 0,000447
dai 0,562119 0,000072
daili 1,427116 0,000182
dalal 3,506558 0,000447
dali 2,995732 0,000382
dan 0,916291 0,000234
danah 3,506558 0,000447
daniel 0,776529 0,000099
dark 2,120264 0,000270
data 0,030459 0,000093
databas 0,072571 0,000056
dataczech 1,171183 0,000149
dataspac 2,813411 0,000359
date 0,210721 0,000081
davi 1,347074 0,000687
david 0,385662 0,000197
dawon 3,506558 0,000447
dct 2,813411 0,000359
dead 1,386294 0,000177
dec 2,040221 0,000260
decemb 0,061875 0,000150
decentr 1,714798 0,000219
decentralis 2,995732 0,000382
decis 0,400478 0,000051
declar 1,108663 0,000141
declin 1,832581 0,000234
dedic 1,272966 0,000325
deep 1,078810 0,001788
defenc 2,813411 0,000359
defens 1,386294 0,000177
defin 0,116534 0,000074
definit 0,186330 0,000071
degre 0,916291 0,000117
deitschdeutscheesti 3,912023 0,000499
delin 2,813411 0,000359
deliv 1,078810 0,000963
dell 2,407946 0,000614
delug 3,506558 0,000447
demand 0,820981 0,000419
demograph 1,897120 0,000242
demonstr 0,994252 0,000254
denot 1,386294 0,000177
dens 2,995732 0,000764
depend 0,105361 0,000054
deploi 1,108663 0,000141
derberg 3,506558 0,000447
describ 0,174353 0,000089
descript -0,009950 -0,000003
descriptionshort 0,000000 0,000000
deserv 2,995732 0,000382
design 0,040822 0,000052
desk 2,407946 0,000307
desktop 1,347074 0,000172
despont 3,912023 0,000499
detail 0,510826 0,000065
determin 0,342490 0,000044
develop -0,009950 -0,000029
devi 3,506558 0,000447
devic 0,634878 0,000890
devin 3,218876 0,000410
dewei 3,912023 0,000499
dhtml 2,302585 0,000294
di 1,771957 0,000226
diari 3,912023 0,000998
dictat 2,995732 0,000382
differ 0,010050 0,000009
difficult 0,597837 0,000076
digest 2,207275 0,000281
digit 0,400478 0,000408
direct 0,261365 0,000100
directli 0,415515 0,000106
directori 1,560648 0,000796
disabl 1,609438 0,001026
disambigu 1,049822 0,000268
disappear 2,659260 0,000339
discard 2,525729 0,000322
disclaim -0,009950 -0,000001
disclosur 1,966113 0,000251
discuss 0,494296 0,000063
dismiss 2,302585 0,000294
displai 0,755023 0,001155
disput 1,309333 0,000167
disputesarticl 3,218876 0,000410
distanc 1,514128 0,000193
distinct 0,544727 0,000069
distinguish 0,733969 0,000187
distribut 0,198451 0,000076
divers 1,469676 0,000187
divis 1,237874 0,001578
dmy 0,994252 0,000127
dn 1,897120 0,000968
doap 2,813411 0,000359
doc 1,139434 0,000145
doctorow 3,218876 0,000410
document 0,328504 0,001173
doi 0,162519 0,000145
dolbear 3,506558 0,000447
dom 1,560648 0,000995
domain 0,544727 0,001320
domin 1,021651 0,000521
donald 1,347074 0,000172
donat -0,009950 -0,000003
dorian 3,218876 0,000410
dot 1,609438 0,000205
doubl 0,843970 0,000323
dougla 1,237874 0,000158
down 0,597837 0,000305
download -0,009950 -0,000004
draw 0,994252 0,000254
dream 2,302585 0,000294
driven 0,867501 0,000111
drum 2,813411 0,000359
dual 1,609438 0,000205
dub 2,813411 0,001435
dubiou 3,218876 0,000410
dublin 2,659260 0,000339
due 0,261365 0,000033
duffi 3,218876 0,000410
duplic 1,897120 0,000242
dwdm 3,912023 0,000998
dynam 0,342490 0,000786
earli 0,301105 0,000346
earlier 1,139434 0,000145
easi 1,021651 0,000130
easili 0,843970 0,000215
eclips 1,771957 0,000226
ecma 2,525729 0,001288
ecmascript 2,302585 0,000294
ed 0,210721 0,000027
edg 0,820981 0,000209
edholm 3,506558 0,000447
edison 3,506558 0,000447
edit -0,009950 -0,000038
editcommun -0,009950 -0,000001
editor 1,347074 0,000344
edmund 2,659260 0,000339
edu 1,108663 0,000141
edublog 3,912023 0,000499
educ 0,494296 0,000126
edwin 2,407946 0,000307
effect 0,274437 0,000105
effici 0,287682 0,000073
effort 0,653926 0,000167
egger 3,912023 0,000499
eich 2,659260 0,000339
either 0,248461 0,000095
elaps 2,995732 0,000382
elast 2,407946 0,000307
electr 0,891598 0,000114
electron 0,430783 0,000330
element 0,301105 0,000230
elev 2,659260 0,000339
elisha 3,506558 0,000447
els 1,469676 0,000187
elsevi 1,203973 0,000307
elsewher 2,040221 0,000260
email 1,469676 0,000562
emait 1,560648 0,000199
emb 2,302585 0,000294
embed 0,755023 0,000578
emc 2,995732 0,000382
emil 2,525729 0,000322
emili 2,407946 0,000307
emploi 0,673345 0,000258
employ 1,832581 0,000234
employe 1,386294 0,000177
enabl 0,274437 0,000070
enclosur 3,506558 0,000447
encod 1,203973 0,000154
encourag 1,203973 0,000154
encrypt 1,139434 0,000726
encyclopedia -0,009950 -0,000005
end 0,186330 0,000119
endow 2,407946 0,000307
enforc 0,916291 0,000234
engag 1,609438 0,000410
engelbart 3,506558 0,000447
engin 0,061875 0,000189
english -0,009950 -0,000011
englishus 1,966113 0,000251
enhanc 0,510826 0,000065
enorm 2,302585 0,000294
enquir 3,506558 0,000894
enshittif 3,506558 0,000447
ensur 0,713350 0,000091
enter 1,049822 0,000402
enterpris 0,446287 0,000285
entertain 2,120264 0,000541
entiti 0,843970 0,000108
entrepreneur 2,525729 0,000322
ephemer 2,813411 0,000359
epitaph 3,506558 0,000447
equal 0,843970 0,000215
equip 1,078810 0,000138
era 1,386294 0,000354
erd 3,218876 0,000410
erna 3,506558 0,000447
error 0,430783 0,000110
errorswikipedia 3,912023 0,000499
escribitionist 3,912023 0,000499
especi 0,415515 0,000212
espionag 3,218876 0,000821
essenti 0,634878 0,000405
establish 0,634878 0,000162
estim 0,820981 0,000419
eszter 3,506558 0,000447
etc 0,562119 0,000215
ethernet 2,407946 0,000307
etwi 3,506558 0,000447
europ 0,941609 0,000120
european 0,733969 0,000374
even 0,235722 0,000120
event 0,356675 0,000045
eventsrandom -0,009950 -0,000001
eventu 0,798508 0,000204
everyon 1,714798 0,000437
everyth 1,309333 0,000167
evolut 0,820981 0,000209
evolv 1,078810 0,000275
eweek 2,659260 0,000339
exacerb 2,813411 0,000359
exactli 1,171183 0,000299
exampl 0,020203 0,000044
exchang 0,579818 0,000074
execut 0,356675 0,000182
exist 0,186330 0,000024
expand 0,776529 0,000099
expans 1,309333 0,000167
experi 0,510826 0,000130
expir 2,120264 0,000270
explicit 1,171183 0,000149
exploit 1,078810 0,000275
explor 0,820981 0,000523
exploratori 1,966113 0,000251
export -0,009950 -0,000001
exposur 1,560648 0,000199
extern 0,030459 0,000008
extract 1,108663 0,000141
extrem 0,941609 0,000120
face 1,021651 0,000261
facebook 1,560648 0,000597
facial 2,120264 0,000270
facil 0,891598 0,000114
facilit 0,916291 0,000350
factor 0,544727 0,000069
failur 1,021651 0,000130
fake 2,302585 0,000294
fall 0,867501 0,000111
fallen 2,995732 0,000382
famili 0,994252 0,000127
faq 1,386294 0,000177
far 0,867501 0,000111
farnsworth 3,506558 0,000447
farrar 3,218876 0,000410
fashion 1,832581 0,000467
faster 0,994252 0,000127
favour 2,407946 0,000307
fax 3,218876 0,000410
featur 0,210721 0,000188
februari 0,061875 0,000410
fee 1,714798 0,000437
feed 1,966113 0,001504
fessenden 3,506558 0,000447
fetch 1,966113 0,000251
fiber 2,040221 0,001561
fiberopticsonlin 3,912023 0,000499
fibr 3,506558 0,002235
fiction 2,120264 0,000270
fidonet 3,506558 0,000447
field 0,314711 0,000161
figur 1,272966 0,000325
fiji 1,897120 0,000242
file 0,446287 0,001024
fileperman -0,009950 -0,000001
filespeci -0,009950 -0,000001
filesystem 2,407946 0,000307
filter 1,108663 0,000141
final 0,494296 0,000063
finalis 3,912023 0,000499
financ 0,843970 0,000108
find 0,371064 0,000284
fine 1,609438 0,000205
finjan 3,912023 0,000499
fire 1,560648 0,000199
firebird 3,506558 0,000447
firefox 1,771957 0,000452
firewal 2,120264 0,000270
first 0,020203 0,000039
firstpost 3,912023 0,000499
five 0,776529 0,000099
fix 0,385662 0,000049
flanagan 3,218876 0,000410
flat 2,207275 0,000281
fly 2,120264 0,000270
foaf 2,659260 0,000339
focus 0,653926 0,000167
fogi 3,912023 0,000499
folksonomi 2,813411 0,000359
follow 0,072571 0,000065
food 1,469676 0,000187
forc 0,597837 0,000076
forest 1,832581 0,000234
forev 2,659260 0,000339
forgeri 3,218876 0,000410
form 0,072571 0,000093
formal 0,510826 0,000065
format 0,634878 0,000648
former 1,049822 0,000268
formerli 1,309333 0,000167
fortinet 3,218876 0,000410
forward 0,941609 0,000240
fought 3,218876 0,000410
found 0,274437 0,000210
foundat -0,009950 -0,000010
four 0,820981 0,000105
fraction 1,514128 0,000386
franca 1,609438 0,000205
franci 1,347074 0,000172
francin 3,912023 0,000499
fraser 3,912023 0,000499
fraud 1,560648 0,000199
free -0,009950 -0,000010
freecodecamp 3,506558 0,000447
frenzi 3,506558 0,000447
frequenc 1,078810 0,000138
frequent 0,916291 0,000935
front 1,078810 0,000138
fry 3,506558 0,000894
frystyk 3,506558 0,000447
ftp 2,040221 0,001041
fulfil 1,771957 0,000226
full 0,371064 0,000047
function 0,030459 0,000050
fundament 0,478036 0,000061
funet 3,506558 0,000447
further 0,139262 0,000053
futur 0,235722 0,000090
gain 0,616186 0,000393
game 0,478036 0,000061
ganapathi 3,912023 0,000499
garcia 2,525729 0,000322
gardin 3,218876 0,000410
gatewai 2,302585 0,000294
gather 1,469676 0,000187
gear 1,771957 0,000226
gener -0,009950 -0,000013
georss 3,912023 0,000499
geotag 2,813411 0,000717
get 0,430783 0,000330
getti 3,218876 0,000410
gger 3,912023 0,000998
gianchandani 3,912023 0,000499
gif 3,218876 0,000410
gina 3,506558 0,000447
giroux 3,506558 0,000447
give 0,446287 0,000057
gleick 3,506558 0,000447
global 0,446287 0,000626
glossari 0,867501 0,000221
gmail 3,218876 0,000821
gnu 1,272966 0,000162
gone 2,207275 0,000281
googl 0,579818 0,000813
gopher 2,995732 0,006875
gordon 1,966113 0,000752
got 1,897120 0,000484
gould 3,912023 0,001496
gov 1,469676 0,000750
govern 0,544727 0,000486
gpl 2,120264 0,000270
grafton 3,218876 0,000410
graham 2,040221 0,000260
grai 2,120264 0,000270
grain 1,966113 0,000251
grandfath 3,912023 0,000499
grant 1,139434 0,000145
graph 0,967584 0,000247
graphic 0,733969 0,000281
grasp 2,995732 0,000382
grddl 2,813411 0,000359
green 0,916291 0,000117
grew 1,386294 0,000354
groff 3,506558 0,000447
grossman 2,995732 0,000382
ground 1,560648 0,000398
group 0,186330 0,000071
grow 0,653926 0,000167
growth 0,733969 0,000187
guardian 1,560648 0,000199
guglielmo 3,218876 0,000410
guid 0,287682 0,000110
guidelin 1,237874 0,000316
gwiyannenkurd 2,659260 0,000339
hack 1,203973 0,000154
hacker 1,309333 0,000167
hak 1,897120 0,000242
halevi 3,912023 0,000499
hall 0,653926 0,000083
hamilton 2,207275 0,000563
han 1,897120 0,000242
hand 0,494296 0,000126
handl 0,415515 0,000106
hansen 2,659260 0,000339
harass 3,506558 0,000447
hardwar 0,579818 0,000074
hargittai 3,912023 0,000499
harold 2,120264 0,000270
harpersanfrancisco 3,912023 0,000499
harvei 2,813411 0,000359
hashtag 3,912023 0,000499
hatom 2,813411 0,000359
hausa 1,609438 0,000205
hayr 3,912023 0,000499
hcalendar 2,813411 0,000359
hcard 2,813411 0,000359
head 0,867501 0,000332
health 0,994252 0,000254
heavili 1,203973 0,000154
heavisid 3,218876 0,000410
hecht 3,912023 0,000998
hector 2,995732 0,000382
hedi 3,506558 0,000447
heliograph 3,506558 0,000447
help 0,174353 0,000156
helplearn -0,009950 -0,000001
henri 1,427116 0,000182
hererel -0,009950 -0,000001
hickson 3,506558 0,000447
hidden 0,843970 0,000430
hide -0,009950 -0,000006
high 0,223144 0,000057
highest 1,514128 0,000193
highli 0,867501 0,000111
highwai 2,302585 0,000294
hindif 2,659260 0,000339
hirsch 3,506558 0,000447
histor 0,579818 0,000148
histori -0,009950 -0,000038
hit 1,469676 0,000375
hoboken 1,897120 0,000242
hoffman 2,525729 0,000322
hold 0,579818 0,000148
home 0,616186 0,000629
homepag 2,207275 0,000281
hook 1,966113 0,000251
hoover 2,995732 0,000382
hope 1,660731 0,000212
hopgood 3,912023 0,000499
hopkin 1,966113 0,000251
horn 2,407946 0,000614
host 0,755023 0,000385
hostnam 3,218876 0,001231
hot 1,966113 0,000251
hotspot 2,995732 0,000382
houser 3,506558 0,000447
howard 2,207275 0,000281
howev 0,094311 0,000048
hproduct 2,813411 0,000359
hrecip 2,813411 0,000359
href 2,995732 0,000382
hreview 2,813411 0,000359
hrvatskiidoilokanobahasa 2,995732 0,000382
html 1,078810 0,006190
http -0,009950 -0,000058
httpd 2,813411 0,000359
hubbard 3,218876 0,000410
huber 3,912023 0,001496
human 0,527633 0,000135
hundr 1,237874 0,000158
hydraul 2,659260 0,000339
hypercard 2,813411 0,000717
hyperdata 2,813411 0,000359
hyperlink 2,040221 0,004162
hypertext 1,771957 0,004970
hyphen 2,995732 0,000382
iadi 3,218876 0,000410
ian 1,347074 0,000172
iana 2,995732 0,001146
ichi 2,659260 0,000339
idea 0,527633 0,000336
ident 0,820981 0,000105
identif 1,139434 0,000145
identifi 0,356675 0,000500
idg 2,407946 0,000614
ieee 0,634878 0,000081
ietf 2,040221 0,001041
igi 3,506558 0,000447
imag 0,494296 0,000945
img 2,659260 0,000678
immedi 0,967584 0,000123
impact 0,544727 0,000069
implement 0,105361 0,000107
implicitli 1,966113 0,000251
importantli 2,302585 0,000294
improv 0,150823 0,000019
inasloven 0,616186 0,000079
inasoomaaliga 2,525729 0,000322
inbox 3,218876 0,000410
inc -0,009950 -0,000003
includ 0,000000 0,000000
inclus 1,514128 0,000193
incognito 3,506558 0,000447
incom 1,272966 0,000325
incomplet 1,966113 0,000251
incorpor 0,755023 0,000096
increas 0,287682 0,000183
increment 1,386294 0,000177
inde 1,714798 0,000219
indefinit 1,237874 0,000158
independ 0,527633 0,000202
index -0,009950 -0,000006
indic 0,356675 0,000045
indirectli 1,771957 0,000226
individu 0,314711 0,000401
indonesiainterlinguaisizulu 2,995732 0,000382
indulg 3,912023 0,000499
influenc 0,579818 0,000148
info 1,832581 0,000234
infograph 2,995732 0,000382
inform 0,061875 0,000379
informationcit -0,009950 -0,000001
informationweek 2,302585 0,000587
infosec 3,912023 0,000499
infosecur 3,506558 0,000894
infosystem 3,218876 0,000821
infrastructur 0,673345 0,000515
initi 0,235722 0,000150
inject 1,386294 0,000177
inlin 1,897120 0,000242
innocenzo 3,506558 0,000447
innov 0,820981 0,000105
input 0,634878 0,000162
insid 0,579818 0,000222
insist 2,659260 0,000339
inspect 1,514128 0,000193
instal 0,994252 0,000380
instanc 0,478036 0,000061
instant 1,897120 0,000242
instead 0,301105 0,000038
institut 0,446287 0,000285
instruct 1,108663 0,000283
intellig 0,510826 0,000130
intend 0,478036 0,000183
inter 1,966113 0,000251
interact 0,356675 0,000409
interactioninform 3,912023 0,000499
interchang 1,714798 0,000219
interconnect 1,966113 0,000752
interdepend 2,407946 0,000307
interest 0,478036 0,000366
intermedi 1,309333 0,000167
intermediari 1,897120 0,000242
intern 0,040822 0,000031
internation 2,040221 0,000260
internationalgndfastnationalunit 1,237874 0,000158
internationalis 3,506558 0,001341
internet 0,462035 0,004300
internethistorypodcast 3,912023 0,000499
internetlivestat 3,912023 0,000499
interoper 1,609438 0,000205
interpret 0,579818 0,000148
interspers 3,912023 0,000499
interven 3,506558 0,000447
intranet 2,813411 0,000717
introduc 0,210721 0,000107
introduct 0,210721 0,000054
invent 1,021651 0,000651
inventionsbritish 3,912023 0,000499
inventionscerncomput 3,912023 0,000499
inventionshuman 3,912023 0,000499
inventor 2,120264 0,000541
investig 1,078810 0,000138
invis 1,897120 0,000484
invok 1,714798 0,000219
iphon 2,813411 0,000359
ipo 2,995732 0,000382
iri 2,040221 0,000780
isbn 0,051293 0,000118
isbnarticl 2,525729 0,000322
isci 3,912023 0,000998
iscienc 3,912023 0,000499
isdn 2,995732 0,000382
iso 1,309333 0,000501
isplattd 2,120264 0,000270
issn 0,478036 0,000366
issu 0,314711 0,000161
item -0,009950 -0,000004
iter 1,272966 0,000162
itself 0,342490 0,000087
itzhak 3,912023 0,000499
ixbrl 2,813411 0,000359
jagadish 3,506558 0,000447
jai 1,966113 0,000251
jame 0,634878 0,000081
jane 2,407946 0,000307
janet 2,525729 0,000966
jann 3,912023 0,000998
januari 0,083382 0,000308
jaswind 3,912023 0,000499
java 0,891598 0,000114
javascript 1,021651 0,001824
jawa 1,560648 0,000199
jayasankar 3,912023 0,000499
jeckl 3,912023 0,000499
jeff 1,560648 0,000398
jennimai 3,912023 0,000499
jeremiah 3,912023 0,000499
jerri 2,302585 0,000294
jim 1,514128 0,000386
joani 3,912023 0,000499
joanna 2,659260 0,000339
joel 2,040221 0,000260
johan 2,995732 0,000382
johann 2,525729 0,000322
john 0,198451 0,000101
johnson 1,714798 0,000219
jonathan 1,347074 0,000172
joshua 1,897120 0,000242
journal 0,186330 0,000119
jqueri 2,813411 0,000359
json 1,347074 0,000172
juli 0,127833 0,000440
jump -0,009950 -0,000001
jun 2,407946 0,000307
june 0,094311 0,000228
kahn 2,525729 0,000322
kahng 3,218876 0,000410
kao 2,995732 0,000382
kapani 3,506558 0,000447
keep 0,733969 0,000187
kelath 3,912023 0,000499
kenneth 1,966113 0,000251
kernowek 3,912023 0,000499
kevin 1,386294 0,000177
keyword 1,897120 0,000242
kill 1,714798 0,000219
killelea 3,912023 0,000499
kimberlin 3,912023 0,000499
kiswahilikrii 3,218876 0,000410
know 0,653926 0,000250
knowledg 0,597837 0,000229
known 0,127833 0,000114
korzeniowski 3,912023 0,000499
kot 3,912023 0,000499
lack 0,544727 0,000208
ladinolatinalatvi 3,912023 0,000499
lai 1,966113 0,000251
lamarr 3,506558 0,000447
lan 2,407946 0,000614
landel 3,506558 0,000447
lang 1,660731 0,000212
languag -0,009950 -0,000025
laptop 2,120264 0,000270
larg 0,127833 0,000065
laser 2,302585 0,001174
last -0,009950 -0,000003
later 0,223144 0,000085
latter 0,916291 0,000117
launch 0,941609 0,000240
law 0,653926 0,000417
lawmak 2,995732 0,000382
layer 0,713350 0,000182
layout 1,660731 0,000423
leach 2,995732 0,000382
learn 0,162519 0,000021
least 0,527633 0,000067
leav 1,078810 0,000138
led 0,446287 0,000171
lee 0,994252 0,003803
leelicensepubl 3,912023 0,000499
leeweb 3,912023 0,000499
legal -0,009950 -0,000003
legitim 2,040221 0,000260
legitimaci 2,995732 0,000382
leisur 2,813411 0,000359
lesli 2,659260 0,000339
lespa 3,218876 0,000410
less 0,430783 0,000055
level 0,083382 0,000021
librari 0,356675 0,000227
librarianship 3,912023 0,000499
licens -0,009950 -0,000008
lifelog 3,912023 0,000499
lifestyl 3,218876 0,000821
light 1,049822 0,000669
like 0,051293 0,000085
lillei 3,218876 0,000410
limit 0,186330 0,000095
line 0,261365 0,000133
lingua 2,040221 0,000260
link -0,009950 -0,000029
linkback 3,912023 0,000499
linkpag -0,009950 -0,000001
linkspag 3,506558 0,000447
list 0,051293 0,000026
listen 1,966113 0,000251
literaci 2,813411 0,000359
literatur 1,272966 0,000162
littl 0,820981 0,000105
liu 1,427116 0,000182
live 0,733969 0,000281
liveblog 3,912023 0,000499
lnorsk 0,653926 0,000083
lo 1,386294 0,000354
load 0,891598 0,000114
local 0,314711 0,000241
locat 0,527633 0,000471
lock 1,309333 0,000167
log -0,009950 -0,000011
logi 3,218876 0,000410
logic 0,616186 0,000157
logo 1,771957 0,000452
london 0,941609 0,000120
long 0,287682 0,000110
longer 0,755023 0,000096
look 0,478036 0,000183
lookup 2,302585 0,000294
loos 1,609438 0,000205
loss 0,891598 0,000227
lost 1,514128 0,000193
lower 0,673345 0,000086
luciano 2,995732 0,000382
lunar 3,218876 0,000410
lux 0,371064 0,000047
lxxii 3,218876 0,000410
lynx 2,525729 0,000322
machin 0,040822 0,000016
mad 2,407946 0,000307
made 0,186330 0,000119
madhavan 3,912023 0,000499
magazin 0,755023 0,000193
mail 1,203973 0,000614
main -0,009950 -0,000024
maint 0,798508 0,000204
maintain 0,400478 0,000255
make 0,061875 0,000134
malagasi 2,040221 0,000260
malici 1,660731 0,000212
malwar 1,897120 0,000484
manag 0,105361 0,000107
mani 0,061875 0,000126
manzetti 3,506558 0,000447
map 0,616186 0,000314
mapper 2,407946 0,000307
marc 1,771957 0,000452
march 0,116534 0,000401
marconi 3,506558 0,000447
mario 2,659260 0,000339
mark 0,261365 0,000033
market 0,446287 0,000285
markoff 3,218876 0,000821
markup 1,966113 0,002758
marom 3,912023 0,000499
marsan 3,912023 0,000499
martin 0,843970 0,000108
mashabl 2,525729 0,000322
mashup 2,407946 0,000307
masint 3,218876 0,000410
mask 1,832581 0,000234
masnick 3,912023 0,000499
mass 1,309333 0,000334
master 0,941609 0,000120
match 0,400478 0,000051
matter 1,049822 0,000134
matur 1,560648 0,000199
mcafe 2,813411 0,000717
mccullough 3,506558 0,000447
mcd 3,506558 0,000447
mcpherson 3,218876 0,000410
mdn 2,302585 0,000587
mean 0,083382 0,000085
meant 1,514128 0,000193
meantim 3,218876 0,000410
measur 0,371064 0,000095
mechan 0,356675 0,000182
media 0,139262 0,000320
mediaaltern 3,912023 0,000499
medium 1,171183 0,000149
meet 0,527633 0,000202
melayu 0,820981 0,000105
member 0,562119 0,000072
memet 3,218876 0,000410
memorandum 2,995732 0,000382
mendelsohn 3,506558 0,000447
mention 1,237874 0,000158
menu -0,009950 -0,000004
merit 2,659260 0,000339
messag 0,400478 0,000255
metadata 1,347074 0,000172
metaphor 2,407946 0,000307
metasearch 3,506558 0,000447
metcalf 3,218876 0,000410
method 0,150823 0,000115
meucci 3,218876 0,000410
michael 0,385662 0,000246
microblog 3,506558 0,000447
microdata 2,659260 0,000339
microformat 2,659260 0,000678
micromedia 3,912023 0,000499
microsoft 0,579818 0,000370
microsystem 1,897120 0,000484
mike 1,237874 0,000158
mind 1,347074 0,000172
mine 0,916291 0,000117
minitel 3,912023 0,000499
minnesota 2,525729 0,001288
minut 1,469676 0,000187
mirror 1,897120 0,000242
misiroglu 3,912023 0,000499
miss 0,867501 0,000111
mit 0,776529 0,000099
mitr 3,218876 0,000410
mix 0,891598 0,000114
mobil -0,009950 -0,000011
mobilecast 3,912023 0,000499
mod 1,832581 0,000234
mode 0,755023 0,000193
model 0,116534 0,000059
modern 0,314711 0,000161
modifi 0,527633 0,000135
moenaert 3,912023 0,000499
mogul 2,995732 0,000382
moham 2,207275 0,000281
molecular 2,120264 0,000270
molina 2,813411 0,000359
momentum 2,040221 0,000260
mondai 2,525729 0,000322
monei 1,171183 0,000149
monitor 1,021651 0,000261
moreov 1,560648 0,000199
mors 2,995732 0,000382
mosaic 2,120264 0,001352
mosfet 3,218876 0,000410
motiv 1,272966 0,000162
motovlog 3,912023 0,000499
mount 2,207275 0,000281
mous 2,207275 0,000281
move -0,009950 -0,000013
movement 1,108663 0,000283
mozilla 1,514128 0,000386
mozillazin 2,995732 0,000382
mrss 3,912023 0,000499
much 0,400478 0,000204
multimedia 1,386294 0,000354
multipl 0,094311 0,000096
multiplex 2,302585 0,001174
museum 1,660731 0,000212
music 1,309333 0,000167
mutabl 2,207275 0,000281
muyll 3,912023 0,000499
myriad 3,218876 0,000410
myspac 3,912023 0,000499
mysql 2,525729 0,000322
name 0,162519 0,000414
namesc 3,218876 0,000410
naomi 2,659260 0,000339
narind 3,506558 0,000447
narrowcast 3,912023 0,000499
nasir 2,813411 0,000359
nation 0,527633 0,000471
natur 0,356675 0,000045
navig -0,009950 -0,000010
ncsa 2,995732 0,000382
necessarili 1,049822 0,000134
nederland 0,415515 0,000053
need 0,030459 0,000031
negoti 1,771957 0,000452
neither 1,469676 0,000187
nelson 2,040221 0,000520
net 0,385662 0,000344
netoti 1,771957 0,000226
netscap 2,040221 0,001301
nettl 3,912023 0,000998
netw 3,912023 0,000499
network 0,127833 0,000831
neurolog 3,506558 0,000447
never 1,021651 0,000391
new 0,010050 0,000041
newscientist 3,912023 0,000499
newsgroup 2,525729 0,000966
newsml 3,912023 0,000499
newspap 1,347074 0,000344
next 0,400478 0,000153
ngliscafrikaansalemannisch 2,813411 0,000359
ngn 3,506558 0,000447
nguyen 2,525729 0,000322
nick 1,469676 0,000187
niel 3,506558 0,000894
nigel 2,659260 0,000339
nikola 2,659260 0,000339
nishizawa 3,506558 0,000447
nntp 2,995732 0,000382
noah 2,995732 0,000382
node 0,867501 0,000221
nomenclatur 3,218876 0,000821
non -0,009950 -0,000003
nonconformist 3,912023 0,000998
nonproprietari 3,912023 0,000499
nordfriisknorsk 1,714798 0,000219
normal 0,673345 0,000258
norman 2,207275 0,000281
north 1,309333 0,000167
notabl 0,616186 0,000157
notat 0,941609 0,000120
note 0,150823 0,000038
novalombardmagyar 2,659260 0,000339
novemb 0,150823 0,000154
npl 3,506558 0,000447
nsf 2,995732 0,002292
nsfnet 3,506558 0,000894
number 0,040822 0,000036
nxoc 3,912023 0,000499
nynorskoccitan 1,897120 0,000242
object 0,174353 0,000044
obsolet 1,609438 0,000205
obtain 0,733969 0,000094
occasion 1,714798 0,000219
oceania 2,813411 0,000359
oclc 0,891598 0,000114
octob 0,139262 0,000124
off 0,673345 0,000086
offer 0,248461 0,000032
offic 0,733969 0,000094
offici 0,653926 0,000083
often 0,127833 0,000163
oldid -0,009950 -0,000001
olesperantoeuskara 0,510826 0,000065
oliv 1,514128 0,000193
omit 1,714798 0,000219
onlin 0,415515 0,000530
onto 1,660731 0,000635
ontolog 1,660731 0,000423
open 0,150823 0,000154
openoffic 2,995732 0,000764
oper 0,010050 0,000006
opera 2,302585 0,000294
opg 3,912023 0,000499
opml 3,912023 0,000499
opportun 1,139434 0,000291
oppos 1,237874 0,000158
opposit 1,714798 0,000219
optelecom 3,912023 0,000499
optic 1,386294 0,004772
optica 3,912023 0,000998
optimizationsearch 3,912023 0,000499
option 0,527633 0,000067
orbit 2,207275 0,000281
orchard 3,912023 0,000499
ordinari 1,272966 0,000162
org -0,009950 -0,000023
organ -0,009950 -0,000006
organis 1,560648 0,001393
orient 0,653926 0,000083
origin -0,009950 -0,000133
osamu 3,912023 0,000499
oso 3,912023 0,000499
out 0,261365 0,000067
outlin 0,562119 0,000072
outlook 2,207275 0,000281
outnumb 3,912023 0,000499
outset 3,218876 0,000410
outsid 0,776529 0,000198
over 0,094311 0,000108
overview 0,616186 0,000157
owl 2,525729 0,000322
oxford 0,843970 0,000646
packet 2,120264 0,000270
page -0,009950 -0,000152
pagecontentscurr -0,009950 -0,000001
pageget -0,009950 -0,000001
pager 3,506558 0,000447
pagesus 1,469676 0,000187
pai 1,021651 0,000261
palazzi 3,912023 0,000998
paolo 2,207275 0,000281
paper 0,527633 0,000067
paperback 3,912023 0,000499
papiamentupatoi 3,506558 0,000447
paragraph 2,407946 0,000614
paramet 0,755023 0,000289
parent 1,714798 0,000219
pars 1,514128 0,000193
part 0,072571 0,000056
parti 0,616186 0,000157
particular 0,301105 0,000192
particularli 0,597837 0,000076
partnership 2,040221 0,000260
pass 0,776529 0,000198
password 1,609438 0,001026
past 0,994252 0,000507
pat 2,813411 0,000359
patent 1,203973 0,000614
patrick 1,714798 0,000437
pattern 0,494296 0,000126
paul 0,544727 0,000278
paywal 3,912023 0,000499
pdf 0,139262 0,000249
pdfprintabl -0,009950 -0,000001
pdp 3,218876 0,000410
peercast 3,912023 0,000499
peopl 0,356675 0,000318
per 0,616186 0,000079
percentag 1,427116 0,000182
perform 0,040822 0,000010
perhap 1,660731 0,000423
perlman 3,218876 0,000410
permalink 3,912023 0,000499
permit 1,203973 0,000154
person -0,009950 -0,000009
perspect 0,733969 0,000094
peter 0,446287 0,000057
petko 3,912023 0,000499
petkov 3,912023 0,000499
pew 2,995732 0,000764
phenomenon 2,040221 0,000260
philipp 2,407946 0,000307
philo 3,218876 0,000410
phish 2,407946 0,001228
phone 1,386294 0,000354
photo 1,832581 0,000234
photoblog 3,912023 0,000499
photofe 3,912023 0,000499
photograph 1,714798 0,000437
photophon 3,506558 0,000447
php -0,009950 -0,000004
phryctoria 3,506558 0,000447
physic 0,446287 0,000057
picardpiemont 2,813411 0,000359
piec 1,309333 0,000334
ping 2,407946 0,000307
pingback 3,912023 0,000499
pioneer 1,272966 0,000325
pirelli 3,912023 0,001496
place 0,356675 0,000091
plain 1,514128 0,000579
platform 0,400478 0,000204
plugin 1,897120 0,000242
pmc 1,272966 0,000162
pmid 0,994252 0,000127
podcast 2,302585 0,002055
podgram 3,912023 0,000499
point 0,186330 0,000048
polar 2,813411 0,000359
polic 2,120264 0,000270
polici -0,009950 -0,000008
polit 1,078810 0,000138
politi 3,506558 0,000447
poll 2,040221 0,000780
pollermann 3,912023 0,000499
polo 3,912023 0,000499
popov 2,995732 0,000382
popular 0,400478 0,000255
popularis 3,506558 0,000894
port 1,272966 0,000649
portal 0,494296 0,000126
portalinternet 3,506558 0,000447
portalrec -0,009950 -0,000001
portalworld 3,506558 0,000447
possibl 0,186330 0,000071
post 0,478036 0,000427
potenti 0,371064 0,000237
poverti 2,659260 0,000339
power 0,261365 0,000033
poweredg 3,912023 0,000499
practic 0,186330 0,000143
precursor 1,832581 0,000234
predecessor 2,120264 0,000541
predict 0,733969 0,000094
prefer 0,798508 0,000102
prefix 1,966113 0,001253
prepaid 2,995732 0,000382
prepend 3,506558 0,000894
preprocessor 2,995732 0,000382
present 0,287682 0,000183
preserv 1,309333 0,000167
press 0,210721 0,000242
pressur 1,714798 0,000219
preston 3,506558 0,000447
previous 0,843970 0,000215
price 0,798508 0,000102
primari 0,527633 0,000336
primarili 0,653926 0,000083
princ 3,218876 0,000410
print -0,009950 -0,000003
printer 2,525729 0,000322
privaci -0,009950 -0,000011
privat 0,634878 0,000648
privatis 3,912023 0,000998
problem 0,186330 0,000048
proce 1,771957 0,000226
proceed 0,579818 0,000074
process 0,051293 0,000046
procliv 3,912023 0,000499
produc 0,342490 0,000044
product 0,174353 0,000022
profess 2,207275 0,000281
profil 1,021651 0,000782
profit -0,009950 -0,000001
program 0,116534 0,000178
progress 1,171183 0,000149
project -0,009950 -0,000010
prompt 1,609438 0,000410
pronounc 2,207275 0,001407
pronunci 2,659260 0,000678
properti 0,314711 0,000040
propos 0,510826 0,000326
proquest 2,207275 0,000563
protect 0,462035 0,000177
protocol 0,527633 0,001615
provid 0,061875 0,000142
pseudonym 2,995732 0,000382
public 0,127833 0,000359
publicli 1,309333 0,000167
publish 0,105361 0,000148
purpos 0,248461 0,000063
pusk 3,506558 0,000447
put 0,755023 0,000096
qualifi 2,120264 0,000270
quantiti 1,049822 0,000134
quarter 1,897120 0,000484
queri 1,139434 0,000291
question 0,597837 0,000229
quickli 0,891598 0,000227
quip 3,506558 0,000447
quit 1,347074 0,000172
quittner 3,912023 0,000499
quot 1,049822 0,000402
quotat 1,469676 0,000187
rack 2,302585 0,000294
radia 3,218876 0,000410
radic 2,407946 0,000614
radio 1,469676 0,000750
radiotelephon 3,506558 0,000447
radu 3,912023 0,000499
rager 3,912023 0,000499
raghavan 2,813411 0,000359
rang 0,371064 0,000142
rapidli 1,514128 0,000193
rare 1,108663 0,000141
rasmussen 3,506558 0,000447
rather 0,287682 0,000110
rbaycanca 0,248461 0,000032
rdf 2,120264 0,001081
rdfa 2,659260 0,000339
re 0,653926 0,000083
reach 0,755023 0,000096
read 0,162519 0,000124
readeditview 0,287682 0,000073
reader 1,560648 0,000199
readi 1,309333 0,000167
real 0,210721 0,000188
reason 0,328504 0,000084
reblog 3,506558 0,000447
rec 3,912023 0,000499
receiv 0,400478 0,000306
recent 0,562119 0,000143
recognit 1,078810 0,000138
recommend 0,891598 0,000909
record 0,400478 0,000613
redirect 0,673345 0,000343
reduc 0,274437 0,000070
reed 3,506558 0,000447
refback 3,912023 0,000499
refer -0,009950 -0,000023
referenc 1,609438 0,000410
referencesarticl 1,660731 0,000212
refin 1,386294 0,000177
refresh 2,659260 0,000339
regardless 1,272966 0,000325
reginald 2,995732 0,000382
regist -0,009950 -0,000001
registr 2,407946 0,000307
registri 2,120264 0,000270
regret 3,506558 0,000447
regul 0,916291 0,000350
regularli 1,771957 0,000226
rei 3,506558 0,000447
reilli 1,078810 0,000413
reject 1,514128 0,000193
rel 0,634878 0,000081
relai 2,207275 0,000281
relat 0,030459 0,000047
releas 0,415515 0,000636
relev 0,798508 0,000102
reli 0,562119 0,000143
reliabl 0,371064 0,000189
reload 2,995732 0,000382
reloc 2,207275 0,000281
remain 0,400478 0,000051
rememb 2,207275 0,000563
remot 0,776529 0,000099
remov 0,301105 0,000038
render 0,994252 0,000634
replac 0,494296 0,000189
report 0,261365 0,000267
represent 0,634878 0,000243
republicspainlatviaisraelothernarayal 3,912023 0,000499
request 0,776529 0,002970
requir 0,051293 0,000065
research 0,223144 0,000256
resid 1,714798 0,000219
resolv 1,309333 0,000167
resourc 0,248461 0,000824
respect 0,544727 0,000069
respond 1,049822 0,000268
respons 0,415515 0,000424
restrict 0,755023 0,000096
result 0,139262 0,000107
retriev -0,009950 -0,000143
return 0,510826 0,000130
rev 2,995732 0,000382
reveal 1,203973 0,000154
revers 1,139434 0,000145
review 0,314711 0,000120
revolut 1,272966 0,000487
rfc 1,714798 0,000875
rick 2,407946 0,000307
right 0,314711 0,000040
rigid 2,120264 0,000270
rise 0,916291 0,000117
risk 0,579818 0,000148
ritchi 2,525729 0,000322
rob 1,832581 0,000234
robert 0,527633 0,000471
roberto 1,897120 0,000242
rockefel 3,506558 0,000447
roger 1,139434 0,000291
roi 1,832581 0,000234
role 0,527633 0,000067
rollback 3,218876 0,000410
rom 0,616186 0,000079
root 0,733969 0,000187
rot 3,912023 0,000499
router 1,714798 0,000219
routledg 2,407946 0,000614
rowalonwinaraywolof 3,218876 0,000410
roxana 3,912023 0,000499
royalti 2,525729 0,000644
roysktfran 2,040221 0,000260
rrid 2,813411 0,000359
rsa 2,813411 0,000717
rsnake 3,912023 0,000499
rss 3,218876 0,002462
rubin 2,995732 0,000382
rudi 3,912023 0,000499
rule 0,510826 0,000456
rumagn 2,995732 0,000382
rumantschruna 3,218876 0,000410
run 0,248461 0,000222
russia 1,714798 0,000219
rutter 3,506558 0,000447
safari 2,040221 0,000260
safeti -0,009950 -0,000003
sai 0,616186 0,000079
said 0,755023 0,000193
sam 1,347074 0,000172
sammartino 3,912023 0,000499
samsung 2,040221 0,000260
samuel 1,714798 0,000219
sarduscotsshqipsicilianu 3,506558 0,000447
satellit 2,040221 0,000520
satisfi 1,347074 0,000172
save 0,994252 0,000127
sawsdl 2,813411 0,000359
scenario 1,139434 0,000145
schema 1,771957 0,000452
scheme 1,171183 0,000597
schneider 2,813411 0,000359
school 0,867501 0,000111
scienc 0,274437 0,000315
scientif 0,673345 0,000086
scientist 1,171183 0,000597
scott 0,891598 0,000114
screen 1,660731 0,000423
screencast 3,506558 0,000447
screenshot 2,407946 0,000307
script 0,916291 0,002453
search -0,009950 -0,000042
secondari 1,309333 0,000167
secur 0,274437 0,000910
securityfocu 3,218876 0,000410
see -0,009950 -0,000011
seek 1,021651 0,000130
select 0,371064 0,000047
sell 1,139434 0,000145
semant 0,891598 0,001819
semaphor 2,995732 0,000382
semiconductor 2,302585 0,000294
sen 2,302585 0,000294
send 1,108663 0,000707
sens 1,049822 0,000134
sensit 1,078810 0,000275
sent 1,171183 0,000448
separ 0,400478 0,000102
sept 3,218876 0,000410
septemb 0,150823 0,000308
seri 0,328504 0,000209
serp 3,506558 0,000447
serv 0,713350 0,000182
server 0,597837 0,005641
servic 0,210721 0,000242
set 0,051293 0,000065
seth 1,832581 0,000467
sever 0,072571 0,000019
shacl 2,659260 0,000339
shankland 2,995732 0,000382
shannon 1,771957 0,000226
shape 1,078810 0,000138
share 0,301105 0,000230
sharealik -0,009950 -0,000001
shedden 3,912023 0,000499
sheet 1,771957 0,000904
shop 1,771957 0,000452
short -0,009950 -0,000006
shorten -0,009950 -0,000003
shortwav 3,912023 0,000499
side 0,579818 0,000961
sidebar -0,009950 -0,000005
sideblog 3,912023 0,000499
sider 3,912023 0,000499
signal 0,755023 0,000096
siko 3,912023 0,000499
simi 0,755023 0,000096
similar 0,150823 0,000019
similarweb 3,912023 0,000499
simonit 2,813411 0,000359
simpl 0,150823 0,000058
simpli 0,733969 0,000187
simultan 0,891598 0,000227
sinc 0,139262 0,000124
singh 1,714798 0,000219
singl 0,127833 0,000098
sioc 2,813411 0,000359
sir 2,525729 0,000322
sit 2,659260 0,000339
site -0,009950 -0,000029
size 0,342490 0,000087
skau 3,912023 0,000499
sko 2,659260 0,000339
slashdot 3,506558 0,000447
slenskaitaliano 0,562119 0,000072
slice 2,813411 0,000359
slidecast 3,912023 0,000499
sloan 2,659260 0,000678
sloven 1,514128 0,000193
small 0,314711 0,000040
smart 1,049822 0,000134
smartphon 2,040221 0,000520
smoke 2,813411 0,000359
social 0,510826 0,000716
societi 0,653926 0,000167
sociolog 1,660731 0,000212
softwar 0,127833 0,000326
softwaretim 3,912023 0,000499
sold 1,347074 0,000172
solid 1,171183 0,000149
solut 0,478036 0,000122
sometim 0,301105 0,000038
sophist 1,203973 0,000154
sopho 3,506558 0,001341
sought 1,966113 0,000251
sourc 0,094311 0,000060
south 1,108663 0,000141
space 0,415515 0,000106
spam 1,660731 0,000423
spark 1,714798 0,000219
sparql 2,407946 0,000307
special 0,235722 0,000030
specif 0,051293 0,000059
specifi 0,446287 0,000569
speech 1,469676 0,000375
speed 0,941609 0,000120
spell 1,897120 0,000484
spent 2,040221 0,000260
spot 1,514128 0,000193
sprang 3,912023 0,000499
spread 1,171183 0,000299
spreadsheet 2,120264 0,000270
sprint 3,218876 0,000821
spur 2,525729 0,000644
sqaraqalpaqsha 1,386294 0,000177
sql 1,171183 0,000149
sri 2,302585 0,000587
sriram 3,506558 0,000447
srpskisrpskohrvatski 0,510826 0,000065
stacei 3,506558 0,000447
stage 1,139434 0,000291
stagnat 3,912023 0,000499
stalk 3,912023 0,000499
stand 1,078810 0,000138
standard 0,094311 0,000325
standardis 2,525729 0,000644
standardssyntax 2,813411 0,000359
start 0,261365 0,000233
stat 1,771957 0,000226
state 0,083382 0,000053
statement -0,009950 -0,000008
statementsal 2,207275 0,000281
statementsarticl 0,544727 0,000069
statesfrancebnf 0,510826 0,000065
static 1,272966 0,001461
stationari 2,407946 0,000307
statist -0,009950 -0,000003
statista 2,407946 0,000307
statu 0,693147 0,000088
statusactiveyear 3,912023 0,000499
step 0,713350 0,000182
stepanovich 3,506558 0,000447
stephani 2,659260 0,000339
stephen 0,843970 0,000538
steve 1,078810 0,000275
still 0,342490 0,000131
stock 1,309333 0,000167
stolen 2,207275 0,000281
storag 0,430783 0,000165
store 0,356675 0,000455
stori 1,237874 0,000473
strateg 1,171183 0,000149
strategi 0,733969 0,000094
strau 3,506558 0,000447
stream 0,733969 0,000374
stricter 2,813411 0,000359
string 1,049822 0,000134
strowger 3,506558 0,000447
structur 0,139262 0,000124
stuart 1,832581 0,000234
studi 0,314711 0,000080
style 0,941609 0,000600
sub 1,021651 0,000261
subdomain 3,218876 0,002462
subject 0,478036 0,000122
submit 1,427116 0,000728
subscript 1,714798 0,000437
subsect 0,020203 0,000005
subsequ 0,916291 0,000234
subset 1,108663 0,000141
subsum 3,218876 0,000410
success 0,494296 0,000126
suddenli 2,525729 0,000322
suit 0,891598 0,000114
suitabl 1,237874 0,000316
summari 1,469676 0,000187
sumner 3,506558 0,000447
sun 1,237874 0,000473
sundai 3,218876 0,000821
suomisvenskatagalog 1,171183 0,000149
supercomput 1,897120 0,000242
superhighwai 3,912023 0,000499
supersed 1,966113 0,000251
suppli 0,994252 0,000127
support 0,150823 0,000115
surf 2,207275 0,001970
surfac 1,469676 0,000562
surpass 1,897120 0,000242
surround 1,514128 0,000386
survei 0,462035 0,000059
sutton 3,506558 0,000447
switch 0,916291 0,000701
symantec 2,207275 0,000844
synchron 1,386294 0,000177
syndic 2,813411 0,000717
syngress 2,659260 0,000339
syntax 1,171183 0,000149
system 0,010050 0,000041
systemat 1,078810 0,000138
tabata 3,912023 0,000499
tabl -0,009950 -0,000003
tablet 1,832581 0,000234
tag 1,309333 0,001169
tainter 3,506558 0,000447
take 0,210721 0,000107
tanet 3,506558 0,000447
taqbaylit 1,897120 0,000242
target 0,462035 0,000236
task 0,415515 0,000106
tatar 1,272966 0,000162
tcp 1,897120 0,000242
techchang 3,912023 0,000499
techcrunch 1,660731 0,000212
techdirt 3,912023 0,000499
technic 0,478036 0,000305
techniqu 0,385662 0,000148
technolog 0,116534 0,000386
technologygener 3,912023 0,000499
technologyworld 3,912023 0,000499
ted 2,040221 0,000260
telautograph 3,506558 0,000447
telecommun 1,347074 0,001374
telegraph 2,040221 0,000780
telegraphi 3,506558 0,000894
telephon 2,040221 0,001041
teleprint 2,995732 0,000382
teletyp 3,218876 0,000410
televis 1,514128 0,000386
telex 2,995732 0,000382
templat 0,301105 0,000038
temporari 1,966113 0,000251
ten 1,347074 0,000344
tenyear 3,912023 0,000499
term -0,009950 -0,000018
termin 0,941609 0,000240
tesla 2,207275 0,000281
text -0,009950 -0,000019
thefreedictionari 3,506558 0,000447
theft 1,966113 0,000251
theme 2,040221 0,000260
themselv 0,843970 0,000108
theori 0,400478 0,000102
thesi 1,832581 0,000234
thing 0,798508 0,000204
think 1,049822 0,000134
third 0,342490 0,000044
thoma 0,527633 0,000202
though 0,544727 0,000069
thousand 1,386294 0,000177
thread 1,386294 0,000177
threat 1,309333 0,001002
three 0,287682 0,000073
throughout 1,078810 0,000138
tidbit 3,218876 0,000410
tim 0,867501 0,002102
time 0,000000 0,000000
timelin 0,733969 0,000187
timevagu 2,040221 0,000260
tinachitumbukacorsucymraegdansk 3,912023 0,000499
tissot 3,506558 0,000447
titl -0,009950 -0,000006
tivadar 3,506558 0,000447
toasternet 3,506558 0,000447
todai 0,693147 0,000265
togeth 0,579818 0,000074
toggl -0,009950 -0,000005
tom 1,203973 0,000154
tool -0,009950 -0,000009
top -0,009950 -0,000004
topic -0,009950 -0,000008
topologyand 3,506558 0,000447
toward 0,713350 0,000091
track 0,713350 0,000546
trackback 3,912023 0,000499
trademark -0,009950 -0,000001
tradit 0,544727 0,000139
traffic 1,272966 0,000812
transfer 0,544727 0,000625
transform 0,544727 0,000069
transistor 2,407946 0,000307
transmiss 1,347074 0,000859
transmissionmedia 3,506558 0,000447
transmit 1,347074 0,000515
transport 0,994252 0,000254
travel 1,560648 0,000398
tree 0,693147 0,000088
trend 0,733969 0,000094
triad 3,218876 0,000821
trig 2,813411 0,000359
trigger 1,514128 0,000193
tripl 1,966113 0,000501
trix 2,813411 0,000359
truncat 2,407946 0,000614
trust 0,820981 0,000105
try 0,994252 0,000254
tschpolskiportugu 1,832581 0,000234
tunabl 3,912023 0,000499
tune 2,207275 0,000281
turtl 2,525729 0,000322
tv 1,386294 0,000177
twenti 1,897120 0,000242
twentieth 2,525729 0,000322
twitter 1,660731 0,000212
two 0,083382 0,000043
type 0,051293 0,000072
typic 0,186330 0,000190
tzebuergeschlietuvi 1,514128 0,000193
ubiquit 1,469676 0,000187
umbrella 2,407946 0,000307
umn 3,506558 0,000447
unabl 2,302585 0,000294
unbeknownst 3,912023 0,000499
uncannili 3,912023 0,000499
unchang 2,525729 0,000322
unconstrain 3,506558 0,000447
under -0,009950 -0,000006
underli 0,693147 0,000265
undersea 3,506558 0,000447
understand 0,342490 0,000044
unexpect 2,302585 0,000294
unfinish 3,218876 0,000410
unguard 3,912023 0,000499
unicod 1,832581 0,001636
uniform 1,347074 0,000515
union 0,994252 0,000127
unit 0,248461 0,000158
univ 3,218876 0,000410
univers 0,139262 0,000231
unix 1,469676 0,000187
unless 1,237874 0,000316
unlik 0,653926 0,000167
unreli 2,120264 0,000270
unscientif 3,912023 0,000499
unsourc 0,446287 0,000171
unusu 2,120264 0,000270
unwelcom 3,506558 0,000447
updat 0,342490 0,000306
upload 1,771957 0,000452
upon 0,673345 0,000086
uri 2,040221 0,002081
url 1,203973 0,001535
urldownload -0,009950 -0,000001
usabl 1,714798 0,000437
usag 0,579818 0,000074
usaid 3,912023 0,000499
usap 3,912023 0,000499
usenet 2,659260 0,001356
user 0,274437 0,001855
usernam 2,407946 0,000307
usual 0,198451 0,000304
utc -0,009950 -0,000001
utf 2,207275 0,000281
utilis 2,407946 0,000614
utr 3,912023 0,000499
uucp 3,218876 0,000410
vagu 1,660731 0,000212
vail 3,506558 0,000447
valid 0,616186 0,000079
valu 0,162519 0,000021
vamosi 3,506558 0,000447
vari 0,478036 0,000122
variabl 0,494296 0,000063
variou 0,223144 0,000114
vax 2,407946 0,000307
venu 2,302585 0,000294
version -0,009950 -0,000010
verso 3,218876 0,000410
via 0,186330 0,000166
video 0,597837 0,000838
videocast 3,912023 0,000499
videotelephoni 3,506558 0,000447
view -0,009950 -0,000005
viewabl 3,912023 0,000499
vint 2,995732 0,000382
virtual 0,462035 0,000059
visibl 1,021651 0,000130
visit 1,714798 0,000437
visual 0,562119 0,000072
vladimir 2,813411 0,000359
vldb 2,659260 0,000339
vlog 3,912023 0,000499
voa 3,506558 0,000447
vocabulari 1,966113 0,000501
vol 0,616186 0,000157
volum 0,616186 0,000079
vpn 2,207275 0,000563
vtesemant 2,813411 0,000359
vtetelecommunicationshistori 3,506558 0,000447
vteweb 1,966113 0,000251
vulner 0,994252 0,000761
wai 0,105361 0,000188
wait 1,771957 0,000226
wake 2,302585 0,000294
walsh 2,525729 0,000644
walter 1,514128 0,000193
wan 2,995732 0,000382
want 0,820981 0,000209
war 1,078810 0,000138
warblog 3,912023 0,000499
warwick 2,995732 0,000382
washington 1,049822 0,000134
wasn 2,813411 0,000359
watson 2,040221 0,000260
wave 1,560648 0,000597
wavelength 3,912023 0,001995
wayback 0,478036 0,000244
wcag 3,506558 0,000447
wdm 3,506558 0,002235
weav 2,995732 0,000382
web 0,342490 0,015983
webabbreviationwww 3,912023 0,000499
webarch 1,021651 0,000130
webbackground 2,813411 0,000359
webcam 3,912023 0,000499
webcom 3,506558 0,000447
webcooki 3,506558 0,000447
webgraph 3,506558 0,000894
webinternet 3,912023 0,000499
webpag 2,407946 0,000307
websit 0,527633 0,004507
webtoon 3,912023 0,000499
weekli 1,966113 0,000251
well 0,051293 0,000046
western 1,108663 0,000141
wexler 3,912023 0,000499
what -0,009950 -0,000014
whatwg 2,995732 0,002292
wheatston 3,506558 0,000447
whether 0,400478 0,000204
which 0,000000 0,000000
while 0,051293 0,000078
whistl 3,506558 0,000447
who 0,301105 0,000192
whole 0,916291 0,000117
whose 0,776529 0,000297
wide 0,210721 0,002149
widespread 0,994252 0,000127
wifi 2,813411 0,000359
wiki 1,427116 0,000182
wikibook 1,386294 0,000177
wikidata 0,562119 0,000072
wikidatawikipedia 0,967584 0,000123
wikimedia -0,009950 -0,000006
wikipedia -0,009950 -0,000011
wikipediacontact -0,009950 -0,000001
wilei 0,562119 0,000072
william 0,616186 0,000157
window 0,891598 0,000227
wire 0,941609 0,000240
wireless 1,078810 0,000413
within 0,116534 0,000059
without 0,094311 0,000072
witt 3,218876 0,000410
word 0,446287 0,000114
work 0,030459 0,000043
world 0,139262 0,001545
worldwid 1,108663 0,000283
worldwideweb 2,407946 0,001228
wors 2,040221 0,000260
worthwhil 3,506558 0,000447
wright 1,714798 0,000437
write 0,527633 0,000067
writer 1,514128 0,000193
written 0,287682 0,000183
wuh 3,912023 0,001496
www 0,356675 0,002183
xamax 3,912023 0,000499
xbel 3,912023 0,000499
xhtml 2,813411 0,002152
xiang 3,506558 0,000447
xiii 3,506558 0,000447
xml 1,203973 0,000768
xmlhttprequest 2,407946 0,000307
xoxo 3,912023 0,000499
xss 3,218876 0,001642
yahoo 1,832581 0,000467
year 0,162519 0,000269
yogen 3,506558 0,000447
yogesh 3,506558 0,000447
york 0,371064 0,000331
yuval 3,218876 0,000410
zapp 3,912023 0,000499
zazaki 1,966113 0,000251
zbekcha 0,462035 0,000059
zealand 2,302585 0,000294
zero 0,693147 0,000088
ziff 2,995732 0,000382
zittrain 2,995732 0,000382
zworykin 3,506558 0,000447
