aaron 1,714798 0,000323
aav 3,912023 0,002209
abbrevi 2,040221 0,000384
abdul 3,506558 0,001320
accentur 2,995732 0,000564
accept 0,634878 0,000119
access 0,127833 0,000120
accomplish 1,771957 0,000334
accord 0,287682 0,000162
account -0,009950 -0,000041
accumul 1,714798 0,000323
act 0,713350 0,000134
action -0,009950 -0,000002
activ 0,356675 0,000067
ad 0,198451 0,000149
add -0,009950 -0,000004
addit -0,009950 -0,000007
addition 0,967584 0,000364
address 0,342490 0,000580
adopt 0,415515 0,000078
advanc 0,235722 0,000089
advoc 1,714798 0,000323
affect 0,693147 0,000261
afrikaan 1,108663 0,000209
afrodroid 3,912023 0,000736
again 1,078810 0,000406
against 0,462035 0,000087
ago 0,967584 0,000364
agre -0,009950 -0,000002
agreement 1,078810 0,000203
ahead 1,427116 0,000269
ai 0,673345 0,000127
aim 0,634878 0,000119
airdrop 2,659260 0,000501
akbulut 3,912023 0,001473
akhan 3,912023 0,001473
alex 1,469676 0,000553
alexand 1,237874 0,000233
algorand 2,813411 0,000530
alisi 3,912023 0,000736
allianc 1,832581 0,002070
alloc 0,941609 0,000177
allow 0,061875 0,000140
along 0,462035 0,000087
alpha 1,832581 0,000345
alreadi 0,776529 0,000146
alter 1,469676 0,000277
altern 0,342490 0,000064
although 0,287682 0,000054
aman 3,912023 0,000736
amazon 1,309333 0,000246
ambacoin 2,813411 0,000530
ambigu 1,386294 0,000522
ambiti 2,407946 0,000453
amend 1,609438 0,000303
american 0,415515 0,000078
amid 2,525729 0,000475
amir 2,525729 0,000475
ammar 3,506558 0,000660
among 0,356675 0,000201
amount 0,579818 0,000982
amp -0,009950 -0,000011
amsterdam 1,966113 0,000370
analysi 0,186330 0,000070
analyt 0,798508 0,000150
anarchi 2,813411 0,000530
andr 2,120264 0,000399
andrea 1,386294 0,000522
angelo 3,506558 0,000660
ani 0,083382 0,000126
announc 0,733969 0,001105
anoth 0,127833 0,000120
anthoni 1,714798 0,001291
anyon 1,386294 0,000522
anywher 1,560648 0,000294
ap 2,525729 0,000475
api 0,798508 0,000150
app 1,021651 0,000192
appear -0,009950 -0,000004
appli -0,009950 -0,000002
applic 0,030459 0,000109
approach 0,174353 0,000033
appropri 0,867501 0,000163
approxim 0,891598 0,000168
apress 1,966113 0,000370
april 0,072571 0,000219
aragon 1,171183 0,000220
arcenegui 3,912023 0,000736
arch 1,897120 0,000357
architect 2,407946 0,000453
architectur 0,400478 0,000075
archiv 0,040822 0,000630
argu 0,994252 0,000187
argumentsal 3,912023 0,000736
arijit 3,912023 0,000736
arithmet 1,272966 0,000240
arjona 3,912023 0,000736
armavail 3,912023 0,000736
armi 2,207275 0,000415
arrest 2,813411 0,001059
art 0,673345 0,000380
articl 0,000000 0,000000
articleabout -0,009950 -0,000002
articletalk -0,009950 -0,000002
artist 1,771957 0,000667
artwork 3,218876 0,000606
arxiv 1,078810 0,000812
assert 1,514128 0,000285
asset 1,139434 0,002788
assia 3,912023 0,000736
assign 0,798508 0,000150
associ 0,127833 0,000048
attach 1,514128 0,000285
attack 0,867501 0,000327
attent 1,203973 0,000453
attest 3,218876 0,005453
attribut -0,009950 -0,000002
auction 2,813411 0,000530
augur 2,813411 0,001059
august 0,162519 0,001009
auroracoin 2,813411 0,000530
australia 1,309333 0,000246
author 0,040822 0,000038
autom 0,597837 0,000113
autonom 1,469676 0,000830
avail -0,009950 -0,000006
avalanch 2,659260 0,000501
aventu 2,813411 0,001059
averag 0,967584 0,000364
avert 3,506558 0,000660
axi 2,120264 0,000399
azevedo 3,506558 0,000660
baar 3,912023 0,000736
babi 2,813411 0,000530
balanc 1,139434 0,001716
bamakan 3,912023 0,002945
bambysheva 3,912023 0,000736
banco 2,995732 0,000564
bank 0,941609 0,000886
bankingtech 3,912023 0,000736
bankman 2,813411 0,000530
bankruptci 2,525729 0,000475
barclai 2,995732 0,000564
base 0,010050 0,000036
basel 2,302585 0,000433
bashir 3,506558 0,000660
basic 0,198451 0,000075
batch 1,771957 0,000667
battah 3,912023 0,000736
battl 1,832581 0,000345
baturon 3,912023 0,000736
beacon 2,659260 0,001001
beani 3,506558 0,000660
bear 1,966113 0,000370
becaus 0,127833 0,000048
becom 0,274437 0,000258
beepl 3,912023 0,001473
began 0,634878 0,000358
beginn 2,525729 0,000475
behind 0,867501 0,000653
beiko 3,912023 0,000736
bellatrix 3,912023 0,001473
benefit 0,776529 0,000146
berlin 1,386294 0,000522
besid 1,832581 0,000345
bet 2,120264 0,000399
beta 1,386294 0,000261
better 0,494296 0,000186
beyond 0,713350 0,000269
bibcod 0,693147 0,000913
big 0,673345 0,000634
bigdata 3,506558 0,000660
billion 1,078810 0,000609
birthplac 3,218876 0,000606
bitbeat 3,506558 0,000660
bitchcoin 3,912023 0,000736
bitcoin 2,407946 0,010877
bitconnect 2,813411 0,001059
bitlicens 2,813411 0,000530
blaze 2,525729 0,000475
blob 2,525729 0,000951
block 0,597837 0,003601
blockchain 1,609438 0,018478
blog 0,713350 0,000134
bloomberg 1,469676 0,003043
bny 3,506558 0,000660
board 0,843970 0,000477
bodaghi 3,912023 0,002945
bokm 0,127833 0,000024
boom 2,120264 0,001995
border 1,771957 0,000334
bore 2,995732 0,000564
borrow 1,771957 0,000334
bosanski 1,347074 0,000254
boss 2,995732 0,000564
bought 1,832581 0,000345
bound 1,171183 0,000220
bounti 3,912023 0,000736
break 0,733969 0,000138
brief 1,237874 0,000233
briefli 2,659260 0,000501
bring 1,021651 0,000577
brodi 3,912023 0,001473
brokerag 2,302585 0,000433
brought 1,832581 0,000345
brown 1,237874 0,000233
brows 1,966113 0,000370
browser 1,021651 0,000577
bubbl 1,560648 0,000587
bug 1,171183 0,000661
bui 1,237874 0,000932
build 0,274437 0,000310
built 0,462035 0,000087
bulut 3,912023 0,001473
burn 2,407946 0,000453
busi 0,287682 0,000487
businessinsid 3,912023 0,000736
bust 3,218876 0,001212
butcher 2,659260 0,000501
buterin 2,813411 0,006354
buteringavin 3,912023 0,000736
butler 2,525729 0,000475
buyer 1,832581 0,000345
byte 1,560648 0,000587
bytecod 1,966113 0,001480
bytecodewritten 3,912023 0,000736
caitlin 3,218876 0,001212
calcul 0,916291 0,000172
caldera 3,218876 0,000606
call 0,030459 0,000080
camila 3,912023 0,000736
canada 1,427116 0,000269
cancun 3,912023 0,000736
cannot 0,314711 0,000059
canon 1,714798 0,000968
capabl 0,562119 0,000106
capac 1,237874 0,000233
capella 3,912023 0,000736
capit 0,994252 0,000561
car 1,309333 0,000246
card 0,994252 0,000187
cardano 2,525729 0,000951
care 1,237874 0,000466
cartoon 2,995732 0,000564
case 0,083382 0,000016
cash 1,386294 0,000261
castillo 2,659260 0,001001
cat 2,120264 0,002394
catal 0,094311 0,000018
categori -0,009950 -0,000011
caus 0,430783 0,000081
center 0,415515 0,000156
central 0,478036 0,000090
centriccommon 3,912023 0,000736
ceo 1,714798 0,000323
cer 3,506558 0,001320
certain 0,274437 0,000103
cftc 2,995732 0,001692
chain 0,843970 0,002383
chainlink 2,813411 0,001059
chairman 2,659260 0,000501
chairperson 3,912023 0,000736
chakrabarti 3,506558 0,000660
challeng 0,400478 0,000302
chang 0,051293 0,000039
changesupload -0,009950 -0,000004
charl 0,941609 0,000709
chase 2,302585 0,001734
chavez 3,218876 0,000606
cheaper 2,040221 0,000768
cheng 2,040221 0,000384
chetrit 3,912023 0,000736
chia 2,525729 0,000475
chief 1,609438 0,000303
chiefless 3,912023 0,000736
chill 2,525729 0,000475
choos 0,916291 0,000172
chose 2,659260 0,000501
chri 0,994252 0,000187
christi 3,506558 0,001980
christoph 1,078810 0,000406
cid 0,356675 0,000403
circul 1,966113 0,000370
cisco 2,207275 0,000415
citat 0,248461 0,000327
citi 1,272966 0,000240
civic 2,995732 0,000564
claim 0,634878 0,000119
clarif 1,832581 0,000690
clark 1,514128 0,000285
classic 0,544727 0,000308
classif 1,021651 0,000192
classifi 0,967584 0,000182
client 0,713350 0,000537
climat 1,386294 0,000522
clinic 1,832581 0,000345
cme 2,813411 0,001059
cnbc 2,207275 0,001246
code -0,009950 -0,000028
codenam 2,659260 0,000501
coin 0,941609 0,001595
coinbas 3,218876 0,000606
cointelegraph 3,912023 0,000736
coiny 2,813411 0,001589
collater 2,659260 0,000501
collect 0,274437 0,000207
collector 2,302585 0,000433
color 1,609438 0,000303
com 0,150823 0,000312
come 0,356675 0,000067
comment 1,049822 0,000198
commerci 0,527633 0,000199
commiss 1,309333 0,000739
commission 2,813411 0,000530
commod 1,469676 0,001660
common -0,009950 -0,000011
commonswikidata 1,171183 0,000220
commun 0,139262 0,000052
compani 0,342490 0,000645
comparison 0,371064 0,000140
compat 0,693147 0,000130
compil 0,755023 0,000426
complementari 1,832581 0,000345
complet 0,223144 0,000084
complex 0,186330 0,000035
complianc 1,514128 0,000285
compon 0,261365 0,000049
compos 1,171183 0,000441
comprehens 0,867501 0,000163
compress 1,108663 0,000209
comput 0,020203 0,000015
computinglicenseopen 3,912023 0,000736
concaten 2,407946 0,000453
conceiv 2,120264 0,000399
concept 0,198451 0,000037
concern 0,597837 0,000113
conduct -0,009950 -0,000002
confer 0,274437 0,000310
confirm 1,514128 0,000285
congest 2,995732 0,001128
connect 0,430783 0,000162
consensi 3,912023 0,002945
consensu 1,832581 0,002070
consid 0,274437 0,000103
conspir 3,506558 0,001320
consumpt 1,139434 0,000643
contact -0,009950 -0,000004
contain 0,162519 0,000275
content -0,009950 -0,000007
contenti 2,659260 0,000501
context 0,446287 0,000084
continu 0,174353 0,000164
contract 0,994252 0,005988
contradict 2,407946 0,000453
contribut -0,009950 -0,000002
control 0,020203 0,000011
cooki -0,009950 -0,000002
coolei 3,912023 0,000736
copi 0,891598 0,000168
core 0,579818 0,000218
cornel 2,120264 0,000399
corpor 0,562119 0,000106
correctli 1,832581 0,000345
correl 1,347074 0,000254
correspond 0,798508 0,000150
cost 0,385662 0,000218
count 0,916291 0,000172
counterparti 2,302585 0,000433
cours 0,967584 0,000182
crash 1,560648 0,000587
crater 3,912023 0,000736
craze 2,813411 0,000530
creat -0,009950 -0,000030
creation 0,653926 0,000615
creativ -0,009950 -0,000006
credit 0,867501 0,000163
cretu 3,912023 0,000736
crime 1,469676 0,000277
crisi 1,347074 0,000507
cross 0,562119 0,000106
crow 3,912023 0,000736
crowd 2,525729 0,000951
crowdfund 2,525729 0,000951
crypto 1,897120 0,004642
cryptocurr 2,120264 0,013568
cryptograph 1,897120 0,000714
cryptokitti 3,506558 0,007920
cryptopunk 3,912023 0,002209
cryptozoo 3,912023 0,000736
cult 2,995732 0,000564
cultiv 2,995732 0,000564
curio 3,912023 0,000736
currenc 1,660731 0,003751
currenciessha 2,813411 0,000530
current 0,210721 0,000238
curv 1,309333 0,000246
customiz 3,218876 0,000606
cut 1,386294 0,000522
cybercurr 3,912023 0,000736
dai 0,562119 0,000317
daili 1,427116 0,000269
daniel 0,776529 0,000292
dankshard 3,912023 0,000736
dannen 3,912023 0,000736
dao 2,813411 0,007413
dapp 3,912023 0,002209
dash 2,302585 0,000433
data 0,030459 0,000057
databas 0,072571 0,000014
date 0,210721 0,000198
david 0,385662 0,000073
dead 1,386294 0,001044
deal 0,843970 0,000318
debat 1,272966 0,000240
debit 2,659260 0,000501
decemb 0,061875 0,000606
decentr 1,714798 0,007423
decentraland 3,912023 0,000736
dedic 1,272966 0,000240
deep 1,078810 0,000203
defi 2,659260 0,005005
definit 0,186330 0,000035
deflat 2,813411 0,000530
defunct 2,407946 0,000453
degre 0,916291 0,000172
del 2,040221 0,000768
delet 1,139434 0,000214
deloitt 3,218876 0,001212
demand 0,820981 0,000155
demonstr 0,994252 0,000187
dencun 3,912023 0,002945
deneb 3,912023 0,000736
denomin 2,040221 0,000768
depend 0,105361 0,000020
deploi 1,108663 0,000626
deposit 1,771957 0,000334
deriv 0,494296 0,000186
dermatolog 3,506558 0,000660
describ 0,174353 0,000098
descript -0,009950 -0,000002
descriptionshort 0,000000 0,000000
design 0,040822 0,000046
destroi 2,040221 0,000384
detail 0,510826 0,000192
determin 0,342490 0,000064
determinist 1,771957 0,000334
deutscheesti 2,040221 0,000384
devcon 3,912023 0,000736
develop -0,009950 -0,000039
dian 3,218876 0,000606
diem 2,813411 0,000530
differ 0,010050 0,000011
digit 0,400478 0,001658
dino 3,912023 0,000736
directli 0,415515 0,000156
director 1,660731 0,000313
disclaim -0,009950 -0,000002
discuss 0,494296 0,000093
distinct 0,544727 0,000103
distinguish 0,733969 0,000138
distribut 0,198451 0,000149
dive 2,525729 0,000475
dmy 0,994252 0,000187
dodg 2,813411 0,000530
doesn 1,609438 0,000303
dogecoin 2,813411 0,001059
doi 0,162519 0,000367
dollar 1,514128 0,000570
don 0,916291 0,000517
donat -0,009950 -0,000004
done 0,653926 0,000123
door 2,040221 0,000384
doubl 0,843970 0,000159
down 0,597837 0,000225
download -0,009950 -0,000006
draft 1,427116 0,000269
dramat 1,832581 0,000345
drawback 1,966113 0,000370
drexel 3,912023 0,000736
dreyfuss 3,506558 0,000660
drive 0,867501 0,000163
driven 0,867501 0,000163
dtcc 3,912023 0,000736
dub 2,813411 0,000530
due 0,261365 0,000098
earli 0,301105 0,000170
earn 1,660731 0,000313
eas 1,897120 0,000357
easier 1,049822 0,000198
ecdsa 2,813411 0,001059
echo 1,897120 0,000357
econom 0,653926 0,000369
ecosystem 1,108663 0,000626
edit -0,009950 -0,000007
editcommun -0,009950 -0,000002
edmond 3,218876 0,000606
eduardo 2,525729 0,000475
eea 3,218876 0,001818
effect 0,274437 0,000103
ehrlich 3,506558 0,000660
eip 3,912023 0,005154
either 0,248461 0,000047
electr 0,891598 0,000336
electra 3,912023 0,000736
electron 0,430783 0,000243
element 0,301105 0,000057
elit 2,995732 0,000564
elixir 1,771957 0,000334
ember 2,525729 0,000475
embrac 2,040221 0,000384
emerg 0,527633 0,000099
emin 3,506558 0,001320
employe 1,386294 0,000261
enabl 0,274437 0,000155
encyclopedia -0,009950 -0,000002
end 0,186330 0,000140
energi 0,843970 0,000794
engin 0,061875 0,000035
english -0,009950 -0,000002
englishsloven 0,510826 0,000096
englishtypedistribut 3,912023 0,000736
enough 0,843970 0,000159
entail 2,120264 0,000399
enterpris 0,446287 0,000924
enthusiast 2,659260 0,000501
entir 0,597837 0,000225
entrepreneur 2,525729 0,000475
entriken 3,912023 0,002209
environ 0,385662 0,000145
environment 1,049822 0,000198
eo 2,813411 0,000530
eoa 3,912023 0,001473
epitom 3,506558 0,000660
epoch 3,218876 0,003029
equal 0,843970 0,000477
equihash 2,813411 0,000530
erc 2,659260 0,009510
eric 1,078810 0,000203
erlang 1,714798 0,000323
erron 2,995732 0,000564
escap 1,832581 0,000345
espa 0,210721 0,000040
estat 1,832581 0,000345
eth 3,218876 0,014540
ethash 2,813411 0,000530
ether 3,218876 0,016964
ethereum 2,659260 0,085088
ethereumbytecodeshidden 3,912023 0,000736
ethereumlogoorigin 3,912023 0,000736
etheria 3,912023 0,000736
ethernod 3,912023 0,000736
etherrock 3,912023 0,000736
ethsuiss 3,912023 0,000736
etoro 3,506558 0,000660
europ 0,941609 0,000177
eva 3,912023 0,000736
evalu 0,562119 0,000212
evelyn 2,813411 0,000530
even 0,235722 0,000044
event 0,356675 0,000336
eventsrandom -0,009950 -0,000002
eventu 0,798508 0,000150
everydai 1,832581 0,000345
everyon 1,714798 0,000323
evm 3,912023 0,007363
exactli 1,171183 0,000220
exampl 0,020203 0,000011
excess 1,386294 0,000522
exchang 0,579818 0,000764
execut 0,356675 0,000604
exist 0,186330 0,000035
expand 0,776529 0,000146
expend 2,995732 0,000564
experi 0,510826 0,000192
experienc 1,966113 0,000370
expert 1,078810 0,000203
exploit 1,078810 0,000203
explor 0,820981 0,000155
export -0,009950 -0,000002
exposur 1,560648 0,000294
extend 0,385662 0,000073
extens 0,342490 0,000064
extern 0,030459 0,000034
fabian 2,659260 0,000501
face 1,021651 0,000385
facilit 0,916291 0,000172
fail 0,693147 0,000130
fall 0,867501 0,000327
fan 1,832581 0,000345
farm 1,966113 0,000370
faster 0,994252 0,000374
featur 0,210721 0,000040
februari 0,061875 0,000326
fee 1,714798 0,002905
ferdinand 3,218876 0,000606
fetch 1,966113 0,000370
fffba 3,912023 0,000736
fiction 2,120264 0,000399
fidel 2,659260 0,001001
file 0,446287 0,000084
filecoin 2,813411 0,000530
fileperman -0,009950 -0,000002
filespeci -0,009950 -0,000002
final 0,494296 0,000093
financ 0,843970 0,001589
financi 0,776529 0,001608
finlei 3,218876 0,000606
fintech 2,525729 0,000951
firm 1,171183 0,000220
firo 2,813411 0,000530
first 0,020203 0,000034
fitz 3,912023 0,000736
fix 0,385662 0,000145
flaw 1,469676 0,000277
florida 2,207275 0,000831
flow 0,430783 0,000081
follow 0,072571 0,000027
forb 1,427116 0,002149
foreign 1,139434 0,000214
fork 1,203973 0,002266
form 0,072571 0,000027
formal 0,510826 0,000288
format 0,634878 0,000119
formatnum 3,218876 0,000606
former 1,049822 0,000198
formerli 1,309333 0,000246
fortun 2,207275 0,004154
found 0,274437 0,000362
foundat -0,009950 -0,000017
founder 1,714798 0,002582
fox 2,120264 0,000798
fphy 3,912023 0,000736
framework 0,287682 0,000054
fran 0,223144 0,000042
francisco 1,609438 0,000303
free -0,009950 -0,000004
frenzi 3,506558 0,000660
fri 2,813411 0,000530
friend 2,040221 0,000384
front 1,078810 0,000203
frontier 1,469676 0,000830
frp 3,506558 0,000660
ftx 2,813411 0,000530
fuel 1,771957 0,000334
full 0,371064 0,000070
fuller 2,525729 0,000475
fulli 0,616186 0,000116
function 0,030459 0,000029
fund 0,941609 0,001241
fundament 0,478036 0,000090
fungibl 2,525729 0,010459
fungibletoken 3,912023 0,000736
fusaka 3,912023 0,000736
futur 0,235722 0,000177
ga 1,609438 0,008179
gain 0,616186 0,000348
gambl 2,120264 0,000399
game 0,478036 0,000900
gather 1,469676 0,000277
gave 1,660731 0,000625
gavin 2,302585 0,002600
gener -0,009950 -0,000009
generalis 3,506558 0,000660
genesi 2,813411 0,001589
geograph 1,078810 0,000203
ger 3,506558 0,000660
gerli 3,912023 0,000736
gernot 3,218876 0,000606
gertrud 3,506558 0,000660
get 0,430783 0,000405
geth 3,912023 0,000736
gian 3,912023 0,000736
giant 1,660731 0,000938
gigawei 3,912023 0,000736
given 0,261365 0,000246
global 0,446287 0,000168
gmbh 2,995732 0,001128
go 0,462035 0,000087
goe 1,237874 0,000466
gold 1,514128 0,000570
goldman 2,207275 0,000831
got 1,897120 0,000357
govern 0,544727 0,000205
greatli 1,427116 0,000269
greek 1,832581 0,000345
grellet 3,506558 0,000660
grew 1,386294 0,000261
gridcoin 2,813411 0,000530
griffith 2,995732 0,001128
group 0,186330 0,000105
grow 0,653926 0,000246
growth 0,733969 0,000138
guarante 1,078810 0,000406
gui 1,309333 0,000246
guid 0,287682 0,000162
guilti 2,995732 0,001128
gupta 2,302585 0,000433
gwei 3,912023 0,000736
hack 1,203973 0,000453
hacker 1,309333 0,001232
hackett 3,912023 0,001473
halim 3,506558 0,001320
halt 2,040221 0,000384
hand 0,494296 0,000093
handl 0,415515 0,000078
hannah 2,659260 0,000501
hard 1,049822 0,000988
hardcod 3,912023 0,000736
hardfork 3,506558 0,000660
hardwar 0,579818 0,000109
harper 2,302585 0,000433
harvard 1,386294 0,000261
hasan 2,302585 0,000433
hash 1,560648 0,001175
hashgraph 2,813411 0,000530
haskel 1,514128 0,000285
haya 3,912023 0,000736
hbar 2,813411 0,000530
head 0,867501 0,000327
health 0,994252 0,000374
heath 3,218876 0,000606
helium 2,813411 0,000530
help 0,174353 0,000066
helplearn -0,009950 -0,000002
hererel -0,009950 -0,000002
hexadecim 2,525729 0,001426
hexagon 3,218876 0,000606
hide -0,009950 -0,000007
high 0,223144 0,000126
higher 0,430783 0,000081
highest 1,514128 0,000285
highlight 1,309333 0,000246
histori -0,009950 -0,000017
hit 1,469676 0,000277
hold 0,579818 0,000218
hole 2,040221 0,000384
home 0,616186 0,000116
hoskinson 3,912023 0,003682
hosseini 3,912023 0,002945
host 0,755023 0,000142
hous 0,820981 0,000155
howev 0,094311 0,000053
hrvatskibahasa 1,427116 0,000269
html 1,078810 0,000203
http -0,009950 -0,000004
hyperledg 2,813411 0,000530
hypothet 2,659260 0,000501
ian 1,347074 0,000507
ibm 0,693147 0,000130
ibrar 3,506558 0,000660
icacni 3,912023 0,002945
ici 3,218876 0,000606
ico 2,813411 0,000530
icon 2,207275 0,000415
idea 0,527633 0,000199
ident 0,820981 0,000155
identif 1,139434 0,000214
identifi 0,356675 0,000201
ieee 0,634878 0,000717
ieeea 2,302585 0,000433
iluminada 3,912023 0,000736
imag 0,494296 0,000093
immedi 0,967584 0,000182
immut 2,120264 0,000399
impact 0,544727 0,000205
impercept 3,912023 0,000736
implement 0,105361 0,000159
import 0,162519 0,000031
improv 0,150823 0,000170
imran 3,218876 0,000606
ina 0,356675 0,000067
inact 1,966113 0,000740
inasloven 0,616186 0,000116
inc -0,009950 -0,000004
incent 2,040221 0,001152
incentiv 3,218876 0,000606
includ 0,000000 0,000000
incompat 1,272966 0,000240
increas 0,287682 0,000108
increasingli 0,776529 0,000146
indefinit 1,237874 0,000233
independ 0,527633 0,000099
index -0,009950 -0,000002
individu 0,314711 0,000059
indivis 3,218876 0,000606
indonesiaitaliano 1,237874 0,000233
infin 2,659260 0,000501
infinit 1,609438 0,000303
inflat 2,040221 0,000384
inform 0,061875 0,000047
informationcit -0,009950 -0,000002
infrastructur 0,673345 0,000127
ing 2,995732 0,000564
ingo 3,218876 0,000606
inherit 1,609438 0,000303
initi 0,235722 0,000355
inject 1,386294 0,000261
inmultilingu 3,912023 0,000736
innov 0,820981 0,000464
input 0,634878 0,000119
insid 0,579818 0,000109
inspect 1,514128 0,000285
institut 0,446287 0,000252
instruct 1,108663 0,000835
instrument 1,049822 0,000395
intang 2,995732 0,000564
integ 1,139434 0,000214
intel 1,609438 0,000303
intellectu 1,897120 0,001428
intellig 0,510826 0,000192
intend 0,478036 0,000270
intens 1,427116 0,000269
interact 0,356675 0,000067
interest 0,478036 0,000360
interfac 0,494296 0,000186
intermediari 1,897120 0,000357
intern 0,040822 0,000046
internet 0,462035 0,000174
introduc 0,210721 0,000278
introduct 0,210721 0,000040
inu 2,813411 0,001059
invest 0,967584 0,000546
investig 1,078810 0,000203
investor 1,609438 0,000606
invis 1,897120 0,000357
invit 2,407946 0,000906
iohk 3,912023 0,000736
iorio 3,912023 0,003682
iota 2,659260 0,000501
isbn 0,051293 0,000077
iso 1,309333 0,000246
issn 0,478036 0,001080
issu 0,314711 0,000118
item -0,009950 -0,000007
itself 0,342490 0,000064
jack 1,897120 0,000714
jain 2,813411 0,000530
jam 2,995732 0,001128
jan 1,386294 0,000261
januari 0,083382 0,000267
jare 2,813411 0,000530
java 0,891598 0,000336
javascript 1,021651 0,000385
javier 2,813411 0,000530
jayaraman 3,912023 0,000736
jazeera 3,506558 0,000660
jeadv 3,912023 0,000736
jeff 1,560648 0,000294
jeffrei 1,514128 0,000285
jian 3,218876 0,000606
jiang 2,525729 0,000475
jo 1,714798 0,000323
join 1,386294 0,000261
joon 3,912023 0,001473
joseph 0,820981 0,000618
journal 0,186330 0,000281
jpm 3,912023 0,000736
jpmorgan 2,659260 0,001001
juli 0,127833 0,000529
jump -0,009950 -0,000002
june 0,094311 0,000479
jurisdict 1,832581 0,001035
jvc 3,912023 0,000736
kaczmarczyk 3,912023 0,000736
karadag 3,912023 0,001473
karen 2,040221 0,000384
kartikai 3,912023 0,000736
kauflin 3,912023 0,000736
keccak 3,506558 0,000660
keep 0,733969 0,000414
kei 0,314711 0,000296
kelli 2,302585 0,000433
kevin 1,386294 0,000261
kgaa 3,912023 0,000736
khale 3,218876 0,000606
kin 2,659260 0,001001
kiswahili 1,771957 0,000334
klint 3,218876 0,000606
knowledg 0,597837 0,000113
known 0,127833 0,000144
kodakcoin 2,813411 0,001059
konrad 3,912023 0,000736
korea 1,771957 0,001001
lack 0,544727 0,000205
languag -0,009950 -0,000015
larg 0,127833 0,000048
largest 1,108663 0,000209
last -0,009950 -0,000007
late 0,733969 0,000138
later 0,223144 0,000084
latest 0,994252 0,000187
latvi 0,994252 0,000187
launch 0,941609 0,002304
law 0,653926 0,000492
layer 0,713350 0,001745
lbry 2,813411 0,000530
lead 0,287682 0,000217
leadership 2,207275 0,001246
leap 2,659260 0,000501
leari 3,506558 0,000660
learn 0,162519 0,000061
led 0,446287 0,000084
ledger 2,040221 0,002688
left 0,916291 0,000172
legal -0,009950 -0,000007
leis 3,912023 0,000736
lemieux 3,912023 0,000736
len 2,407946 0,000453
lend 1,966113 0,000370
less 0,430783 0,000243
let 0,916291 0,000172
letter 0,843970 0,000159
level 0,083382 0,000031
lgbcoin 2,813411 0,000530
liberti 2,407946 0,000453
libra 2,813411 0,001059
librari 0,356675 0,000067
licens -0,009950 -0,000002
licensesact 3,912023 0,000736
life 0,653926 0,000123
light 1,049822 0,000395
lightn 2,207275 0,000415
like 0,051293 0,000039
limit 0,186330 0,000316
line 0,261365 0,000049
link -0,009950 -0,000013
linkpag -0,009950 -0,000002
linksarticl 1,021651 0,000385
liquid 1,771957 0,000334
list 0,051293 0,000058
litecoin 2,813411 0,000530
littl 0,820981 0,000155
liu 1,427116 0,000269
live 0,733969 0,000553
llp 2,995732 0,000564
local 0,314711 0,000059
lock 1,309333 0,000246
log -0,009950 -0,000004
london 0,941609 0,000709
long 0,287682 0,000054
lose 1,560648 0,000294
lot 1,386294 0,000261
lower 0,673345 0,000127
ltd 1,203973 0,000227
lubin 3,912023 0,002945
lucinda 3,506558 0,000660
luna 2,813411 0,000530
machin 0,040822 0,000054
mackenzi 2,813411 0,000530
made 0,186330 0,000070
madin 3,912023 0,000736
magazin 0,755023 0,000284
magyar 1,049822 0,000198
main -0,009950 -0,000009
mainstream 1,832581 0,001035
maintain 0,400478 0,000226
major 0,223144 0,000042
make 0,061875 0,000047
makerdao 3,912023 0,000736
manag 0,105361 0,000020
mani 0,061875 0,000023
mania 2,813411 0,002648
map 0,616186 0,000116
march 0,116534 0,000526
mark 0,261365 0,000098
market 0,446287 0,000672
mashabl 2,525729 0,000475
mask 1,832581 0,000345
master 0,941609 0,000177
mastercard 3,218876 0,001818
matthew 1,560648 0,000294
maximum 1,386294 0,000522
mazacoin 2,813411 0,000530
mean 0,083382 0,000016
mechan 0,356675 0,000269
media 0,139262 0,000079
medium 1,171183 0,000441
meet 0,527633 0,000199
mehrotra 3,506558 0,000660
melani 3,218876 0,000606
melania 2,813411 0,000530
mellon 2,407946 0,000453
member 0,562119 0,000741
membership 1,771957 0,000334
meme 2,813411 0,001059
memecoin 3,506558 0,000660
memorabilia 3,912023 0,001473
memori 0,562119 0,000212
mempool 3,912023 0,001473
menu -0,009950 -0,000004
merck 3,912023 0,000736
merg 1,514128 0,002565
merkl 2,659260 0,001502
messag 0,400478 0,000151
met 1,966113 0,000370
meta 1,386294 0,000261
metamask 2,813411 0,002118
miami 3,218876 0,001212
michael 0,385662 0,000218
microlend 3,912023 0,000736
microsoft 0,579818 0,000437
mihai 3,506558 0,000660
mike 1,237874 0,000233
mileston 2,120264 0,000798
million 0,843970 0,001906
mind 1,347074 0,000507
mine 0,916291 0,000345
mist 3,506558 0,000660
mobil -0,009950 -0,000004
mobilecoin 2,813411 0,000530
mohammad 2,302585 0,000433
mojtaba 3,506558 0,002640
moment 1,560648 0,000294
monei 1,171183 0,001102
monero 2,813411 0,000530
monet 2,995732 0,000564
monetari 1,609438 0,000303
monika 3,912023 0,000736
month 0,776529 0,000438
monthli 1,609438 0,000303
moratorium 3,506558 0,001320
morgan 1,309333 0,001972
morgen 3,506558 0,000660
morri 1,832581 0,000345
move -0,009950 -0,000011
much 0,400478 0,000151
multi 0,342490 0,000064
multipl 0,094311 0,000018
murphi 2,207275 0,000415
myself 3,506558 0,000660
name 0,162519 0,000031
namecoin 2,813411 0,000530
nano 2,207275 0,000415
nasim 3,912023 0,002945
nathan 2,207275 0,000415
nathaniel 2,207275 0,001662
nation 0,527633 0,000099
nativ 1,078810 0,000406
natsr 2,995732 0,002255
natur 0,356675 0,000067
navig -0,009950 -0,000002
nederland 0,415515 0,000078
need 0,030459 0,000069
neo 2,120264 0,000399
nervo 2,813411 0,000530
network 0,127833 0,000914
neureut 3,912023 0,001473
new 0,010050 0,000053
next 0,400478 0,000302
nezhadsistani 3,912023 0,002945
nft 2,302585 0,010401
nice 2,995732 0,000564
nick 1,469676 0,000553
nigeria 2,525729 0,000475
nikolao 3,912023 0,000736
nil 2,207275 0,000415
nim 2,813411 0,000530
nina 3,912023 0,000736
node 0,867501 0,001306
non -0,009950 -0,000041
nonc 2,813411 0,000530
nonfung 3,912023 0,000736
nonprofit 2,813411 0,000530
normal 0,673345 0,000127
norsk 0,342490 0,000064
north 1,309333 0,000986
notabl 0,616186 0,000116
note 0,150823 0,000085
novemb 0,150823 0,000738
number 0,040822 0,000015
numer 0,430783 0,000162
numismat 3,218876 0,000606
nxt 2,659260 0,000501
observ 0,820981 0,000155
oclc 0,891598 0,000168
octob 0,139262 0,000524
odinet 3,506558 0,001320
off 0,673345 0,000127
offer 0,248461 0,000327
offic 0,733969 0,000138
offici 0,653926 0,000492
often 0,127833 0,000024
oil 2,040221 0,000384
oldid -0,009950 -0,000002
olesperantoeuskara 0,510826 0,000096
olymp 3,912023 0,001473
omid 3,912023 0,002945
onecoin 2,813411 0,000530
onlin 0,415515 0,000078
onto 1,660731 0,000313
open 0,150823 0,000199
opensea 3,912023 0,000736
oper 0,010050 0,000017
optimist 2,995732 0,000564
order 0,094311 0,000053
org -0,009950 -0,000024
organ -0,009950 -0,000009
origin -0,009950 -0,000157
ostroff 3,506558 0,001320
out 0,261365 0,000098
outlin 0,562119 0,000106
outperform 2,120264 0,000399
outsid 0,776529 0,000146
over 0,094311 0,000178
overview 0,616186 0,000348
overwhelm 2,659260 0,000501
packt 2,120264 0,000399
page -0,009950 -0,000007
pagecontentscurr -0,009950 -0,000002
pageget -0,009950 -0,000002
pagesus 1,469676 0,000277
pai 1,021651 0,000385
paid 1,560648 0,000587
pain 2,659260 0,000501
pak 3,506558 0,000660
pancakeswap 3,912023 0,000736
paper 0,527633 0,000596
papiamentupolskiportugu 3,912023 0,000736
pari 1,660731 0,000625
part 0,072571 0,000027
parti 0,616186 0,000348
particip 1,021651 0,000385
patent 1,203973 0,000906
patricia 2,659260 0,000501
paul 0,544727 0,000718
paumgarten 3,912023 0,001473
pawthereum 2,813411 0,001059
pax 2,525729 0,000475
payment 1,347074 0,001268
pdf 0,139262 0,000183
pdfprintabl -0,009950 -0,000002
peck 2,995732 0,002819
pectra 3,912023 0,002209
peer 1,771957 0,002001
peercoin 2,813411 0,001059
pend 2,120264 0,000399
penguin 2,040221 0,000384
peopl 0,356675 0,000201
peopleprincip 3,912023 0,000736
per 0,616186 0,000580
perform 0,040822 0,000054
period 0,713350 0,000134
perman 1,272966 0,000479
permeat 3,912023 0,000736
permiss 1,469676 0,001106
person -0,009950 -0,000007
perspect 0,733969 0,000276
petro 2,813411 0,001589
philli 3,912023 0,000736
php -0,009950 -0,000002
physic 0,446287 0,000084
pig 2,040221 0,000384
placement 2,040221 0,000384
plagiar 2,207275 0,000415
plan 0,430783 0,000081
platform 0,400478 0,000754
platformplatformx 3,912023 0,000736
plead 3,506558 0,001320
pleas 0,755023 0,000142
pmc 1,272966 0,001198
pmid 0,994252 0,000936
po 2,525729 0,000475
point 0,186330 0,000035
pois 3,506558 0,000660
polici -0,009950 -0,000004
polkadot 2,659260 0,000501
polygon 2,525729 0,000475
popper 2,659260 0,002002
popular 0,400478 0,000226
portal 0,494296 0,000093
portalrec -0,009950 -0,000002
portfolio 1,771957 0,000334
portion 1,560648 0,000881
posit 0,616186 0,000232
post 0,478036 0,000450
potenti 0,371064 0,000349
pour 2,995732 0,000564
pow 2,995732 0,000564
power 0,261365 0,000197
practic 0,186330 0,000070
pragu 2,813411 0,000530
prais 2,813411 0,000530
pre 0,941609 0,000354
preced 1,427116 0,000269
predict 0,733969 0,000138
prefix 1,966113 0,000370
present 0,287682 0,000162
press 0,210721 0,000040
previous 0,843970 0,000159
price 0,798508 0,001653
primari 0,527633 0,000099
primarili 0,653926 0,000246
primecoin 2,813411 0,000530
print -0,009950 -0,000002
privaci -0,009950 -0,000007
privat 0,634878 0,000358
problem 0,186330 0,000035
proce 1,771957 0,000667
proceed 0,579818 0,000109
process 0,051293 0,000097
produc 0,342490 0,000064
profession 0,673345 0,000127
profit -0,009950 -0,000006
program 0,116534 0,000088
programm 0,693147 0,000261
project -0,009950 -0,000022
proof 1,347074 0,005324
propag 2,207275 0,000415
proper 1,171183 0,000220
properti 0,314711 0,000711
prophet 3,218876 0,001212
proport 1,771957 0,000334
propos 0,510826 0,001634
protect 0,462035 0,000174
proto 2,813411 0,000530
protocol 0,527633 0,001192
protocolsmarketplac 3,912023 0,000736
prototyp 1,386294 0,000783
provid 0,061875 0,000058
pseudorandomli 3,912023 0,000736
public 0,127833 0,000168
publish 0,105361 0,000079
pudgi 3,912023 0,000736
puerto 2,659260 0,000501
purpos 0,248461 0,000094
put 0,755023 0,000142
pyethereum 3,912023 0,000736
python 0,916291 0,000517
qiang 3,218876 0,002423
quartz 1,966113 0,000370
queri 1,139434 0,000214
question 0,597837 0,000450
quicker 2,525729 0,000475
quickli 0,891598 0,000336
quicktak 3,506558 0,000660
quorum 2,813411 0,001059
rais 1,237874 0,000466
raja 3,218876 0,000606
rake 3,506558 0,000660
ralli 2,813411 0,000530
randomx 2,813411 0,000530
ransom 2,525729 0,000475
rareskil 3,912023 0,000736
rate 0,673345 0,000127
rather 0,287682 0,000054
ravenscraft 3,912023 0,000736
rbaycanca 0,248461 0,000047
read 0,162519 0,000061
readview 1,309333 0,000493
real 0,210721 0,000119
realiz 1,309333 0,000246
realli 1,660731 0,000313
realm 2,120264 0,000399
reappropri 3,912023 0,000736
reason 0,328504 0,000062
receiv 0,400478 0,000075
recent 0,562119 0,000106
recipi 2,407946 0,000453
recogn 1,021651 0,000192
record 0,400478 0,000226
reduc 0,274437 0,000207
refer -0,009950 -0,000011
referencesarticl 1,660731 0,000313
refund 3,912023 0,001473
regain 3,218876 0,000606
regard 0,776529 0,000146
regist -0,009950 -0,000004
regner 3,912023 0,000736
regul 0,916291 0,000690
regulatori 1,427116 0,000537
rel 0,634878 0,000239
relat 0,030459 0,000029
releas 0,415515 0,000235
releasefusaka 3,912023 0,000736
reli 0,562119 0,000212
reliabl 0,371064 0,000140
remain 0,400478 0,000151
remark 2,525729 0,000475
remov 0,301105 0,000113
renaiss 2,813411 0,000530
rent 2,659260 0,000501
rental 2,813411 0,000530
repeatedli 2,659260 0,000501
report 0,261365 0,000295
repres 0,235722 0,000222
request 0,776529 0,000146
research 0,223144 0,000168
reserv 1,272966 0,000240
resourc 0,248461 0,000047
respons 0,415515 0,000078
restor 1,966113 0,000370
result 0,139262 0,000131
retriev -0,009950 -0,000193
return 0,510826 0,000096
reuter 1,609438 0,000303
revamp 3,912023 0,000736
reveal 1,203973 0,000227
revers 1,139434 0,000429
revert 2,525729 0,000475
review 0,314711 0,000237
revolut 1,272966 0,000479
reward 2,207275 0,002077
rico 2,407946 0,000453
ride 2,659260 0,000501
rightmost 3,218876 0,000606
rise 0,916291 0,000690
rival 2,302585 0,000433
rkmen 1,966113 0,000370
rob 1,832581 0,000345
robert 0,527633 0,000298
robust 1,049822 0,000395
rollup 3,506558 0,001980
rom 0,616186 0,000116
roni 3,912023 0,000736
rosario 3,218876 0,000606
ross 1,560648 0,000294
roughli 1,660731 0,000313
rubi 1,347074 0,000254
run 0,248461 0,000094
runtim 1,309333 0,000246
rush 2,659260 0,000501
russo 2,995732 0,001692
rust 1,427116 0,000537
ryan 1,560648 0,000294
safemoon 2,813411 0,000530
safer 2,302585 0,000433
safeti -0,009950 -0,000002
salah 3,218876 0,000606
sale 1,049822 0,000593
salvador 2,525729 0,000475
salzer 3,912023 0,000736
sam 1,347074 0,000254
samsung 2,040221 0,000384
san 1,203973 0,000227
sanction 2,207275 0,000415
sandbox 2,302585 0,000433
sandra 2,525729 0,000475
santand 3,506558 0,000660
sarkar 2,995732 0,000564
satisfi 1,347074 0,000254
save 0,994252 0,000187
saz 2,995732 0,000564
sberbank 3,912023 0,000736
scalabl 1,203973 0,001133
scale 0,371064 0,000349
scam 2,207275 0,001246
scandal 1,771957 0,000667
scarbrough 3,912023 0,000736
schneider 2,813411 0,000530
schroeder 3,218876 0,000606
schweizer 3,912023 0,000736
scienc 0,274437 0,000155
scientif 0,673345 0,000507
scope 0,891598 0,000168
scotiabank 3,912023 0,000736
script 0,916291 0,000172
scrypt 2,659260 0,000501
sd 2,525729 0,000475
seamless 2,659260 0,000501
search -0,009950 -0,000007
sebastian 2,407946 0,000453
sebastien 3,218876 0,000606
second 0,328504 0,000618
secondari 1,309333 0,000246
secp 3,912023 0,000736
section 0,446287 0,000420
secur 0,274437 0,000258
see -0,009950 -0,000007
seek 1,021651 0,000192
seen 0,776529 0,000146
segwit 2,995732 0,000564
sei 2,407946 0,001813
self 0,478036 0,000090
seller 2,302585 0,000433
semi 0,843970 0,000318
send 1,108663 0,000835
sender 2,302585 0,003900
sens 1,049822 0,000198
senso 2,659260 0,000501
sensor 1,347074 0,000254
sent 1,171183 0,000661
separ 0,400478 0,000151
septemb 0,150823 0,000255
seri 0,328504 0,000185
servic 0,210721 0,000079
set 0,051293 0,000087
settl 2,207275 0,000831
settlement 1,660731 0,000313
sever 0,072571 0,000014
sha 2,659260 0,000501
shadow 2,525729 0,000475
shanghai 2,813411 0,000530
shapella 3,912023 0,001473
sharealik -0,009950 -0,000002
shen 2,659260 0,000501
sherwood 3,912023 0,000736
shiba 2,813411 0,001059
short -0,009950 -0,000002
shorten -0,009950 -0,000002
shqip 1,966113 0,000370
shuffl 2,995732 0,000564
siddharth 3,912023 0,000736
sidebar -0,009950 -0,000007
sigalo 3,218876 0,000606
signal 0,755023 0,000142
signific 0,261365 0,000049
similar 0,150823 0,000057
simpl 0,150823 0,000028
simpli 0,733969 0,000138
sinc 0,139262 0,000079
sirer 3,912023 0,001473
sitaru 3,912023 0,000736
site -0,009950 -0,000002
six 1,309333 0,000246
slash 2,207275 0,000415
slot 3,218876 0,003029
small 0,314711 0,000059
smart 1,049822 0,003162
soar 2,302585 0,000433
softwar 0,127833 0,000265
softwareblockchainscross 3,912023 0,000736
softwarecurr 3,912023 0,000736
solana 2,813411 0,000530
sold 1,347074 0,000254
solid 1,171183 0,000661
soliditylang 3,912023 0,000736
sometim 0,301105 0,000057
sonja 3,912023 0,000736
soon 1,427116 0,000806
sound 1,237874 0,000233
sourc 0,094311 0,000178
sourceview 1,309333 0,000493
sousa 3,218876 0,000606
space 0,415515 0,000078
spark 1,714798 0,000646
specif 0,051293 0,000029
specifi 0,446287 0,000504
spectrum 1,386294 0,000522
spend 1,347074 0,000507
spent 2,040221 0,000384
split 1,139434 0,000214
sport 2,040221 0,000768
srpskisundasuomisvenskatagalog 3,218876 0,000606
ssrn 1,427116 0,001074
stabl 0,867501 0,000163
stablecoin 2,813411 0,002118
stack 0,843970 0,000318
stake 2,040221 0,006912
stan 2,813411 0,000530
standard 0,094311 0,000213
stanford 1,309333 0,000246
star 1,609438 0,000303
start 0,261365 0,000098
startup 1,660731 0,000625
state 0,083382 0,000267
statement -0,009950 -0,000015
statementsarticl 0,544727 0,000205
statist -0,009950 -0,000002
statu 0,693147 0,000391
statusactivesoftwar 3,912023 0,000736
steem 2,813411 0,000530
stellar 2,659260 0,000501
steven 0,867501 0,000163
stiftung 3,912023 0,000736
still 0,342490 0,000129
stock 1,309333 0,000246
stolen 2,207275 0,000415
stop 0,967584 0,000182
storag 0,430783 0,000649
store 0,356675 0,000201
stori 1,237874 0,000233
strateg 1,171183 0,000220
street 1,203973 0,001360
stress 1,660731 0,000313
stronger 1,966113 0,000370
structur 0,139262 0,000026
studio 1,609438 0,000303
subject 0,478036 0,000180
subsect 0,020203 0,000011
subsequ 0,916291 0,000517
subset 1,108663 0,000209
substanti 1,237874 0,000466
subtract 2,525729 0,000475
subunit 3,506558 0,000660
successor 1,897120 0,000357
suiss 3,506558 0,000660
suppli 0,994252 0,000374
support 0,150823 0,000028
suppos 1,771957 0,000334
surg 1,771957 0,000334
survei 0,462035 0,000174
swarm 2,207275 0,000415
swiss 2,040221 0,000768
switch 0,916291 0,000172
switzerland 1,897120 0,001785
sword 2,813411 0,000530
symbol 1,078810 0,000203
synchron 1,386294 0,000261
synthet 1,771957 0,000334
system 0,010050 0,000011
systemcross 3,912023 0,000736
szalai 3,912023 0,000736
tabl -0,009950 -0,000004
take 0,210721 0,000079
taken 0,867501 0,000163
talk 1,108663 0,000626
tapscott 2,995732 0,003383
tarbert 3,912023 0,000736
tatar 1,272966 0,000240
taylor 1,203973 0,000227
team 0,634878 0,000119
tech 0,843970 0,000159
techcrunch 1,660731 0,000938
technic 0,478036 0,000270
technolog 0,116534 0,000241
technologist 2,995732 0,000564
teenag 3,912023 0,000736
temporari 1,966113 0,001110
temporarili 2,040221 0,000384
tepper 3,912023 0,000736
term -0,009950 -0,000007
terra 2,813411 0,000530
tertiari 2,407946 0,000453
test 0,248461 0,000094
tether 2,302585 0,000433
text -0,009950 -0,000002
tezo 2,813411 0,000530
theft 1,966113 0,000370
theoret 0,776529 0,000146
therebi 1,309333 0,000246
therefor 0,478036 0,000180
thief 3,912023 0,000736
thing 0,798508 0,000301
think 1,049822 0,000395
third 0,342490 0,000129
though 0,544727 0,000103
thousand 1,386294 0,000522
threaten 2,659260 0,000501
three 0,287682 0,000162
throughout 1,078810 0,000203
throughput 2,120264 0,000798
thu 0,314711 0,000118
ticket 2,659260 0,000501
tile 2,813411 0,000530
tim 0,867501 0,000163
time 0,000000 0,000000
timevagu 2,040221 0,000384
tinadansk 3,506558 0,000660
tip 2,407946 0,002266
titan 2,659260 0,000501
titcoin 2,813411 0,000530
titl -0,009950 -0,000004
toe 3,218876 0,000606
togeth 0,579818 0,000218
toggl -0,009950 -0,000009
token 1,386294 0,010176
told 2,407946 0,000453
ton 2,302585 0,000433
took 1,237874 0,000233
tool -0,009950 -0,000006
top -0,009950 -0,000004
topic -0,009950 -0,000004
tosato 3,506558 0,001320
total 0,673345 0,000127
toward 0,713350 0,000134
toyota 2,813411 0,000530
tp 3,506558 0,000660
track 0,713350 0,000134
tradabl 3,506558 0,000660
trade 0,916291 0,000517
tradeabl 3,912023 0,000736
trademark -0,009950 -0,000002
trader 2,207275 0,000415
tradit 0,544727 0,000103
trail 1,897120 0,000357
transact 0,673345 0,006590
transfer 0,544727 0,000410
transform 0,544727 0,000103
transit 1,171183 0,000882
travel 1,560648 0,000294
treat 0,967584 0,000182
tree 0,693147 0,000130
trial 1,609438 0,000303
triantafyllidi 3,912023 0,000736
trie 2,659260 0,000501
tron 2,813411 0,000530
trump 2,525729 0,000475
trust 0,820981 0,000155
tulip 3,218876 0,000606
tumbler 2,813411 0,000530
ture 1,660731 0,000625
two 0,083382 0,000110
type 0,051293 0,000058
typescriptoper 3,912023 0,000736
typic 0,186330 0,000070
ub 2,302585 0,001300
ucc 3,506558 0,001320
ulietuvi 1,049822 0,000198
uncanni 2,659260 0,000501
uncertainti 1,237874 0,000233
und 2,813411 0,000530
under -0,009950 -0,000007
undergon 2,995732 0,000564
underli 0,693147 0,000391
understand 0,342490 0,000064
uniform 1,347074 0,000254
uniqu 0,867501 0,000490
uniswap 3,912023 0,001473
unit 0,248461 0,000421
univers 0,139262 0,000079
unknown 1,108663 0,000209
unless 1,237874 0,000233
unreli 2,120264 0,000399
unsign 2,525729 0,000475
unsourc 0,446287 0,000336
unus 2,302585 0,000867
unusu 2,120264 0,000399
unvalid 3,912023 0,001473
updat 0,342490 0,000709
upgrad 1,469676 0,001936
uppercas 2,995732 0,000564
upson 3,912023 0,000736
urbach 3,912023 0,000736
urldownload -0,009950 -0,000002
usag 0,579818 0,000218
usd 2,120264 0,000798
usdc 3,912023 0,000736
usdt 3,506558 0,000660
usedevm 3,912023 0,000736
user 0,274437 0,000517
usual 0,198451 0,000075
utc -0,009950 -0,000002
utopia 3,506558 0,001320
uyghurcheti 2,302585 0,000433
vagu 1,660731 0,000313
valid 0,616186 0,001972
valu 0,162519 0,000153
valuabl 2,207275 0,000831
vanessa 2,995732 0,000564
vanish 2,995732 0,000564
vapor 3,506558 0,000660
vari 0,478036 0,000090
variant 1,139434 0,000429
varieti 0,616186 0,000348
variou 0,223144 0,000252
venkataramakrishnan 3,912023 0,000736
verg 1,771957 0,000334
verifi 1,237874 0,000233
version -0,009950 -0,000007
vertcoin 2,813411 0,000530
vest 2,525729 0,000475
via 0,186330 0,000070
victoria 2,659260 0,000501
view -0,009950 -0,000006
vigna 2,995732 0,002255
vinai 3,506558 0,000660
violat 1,386294 0,000261
virgil 3,506558 0,001320
virtual 0,462035 0,000870
visa 3,218876 0,002423
visibl 1,021651 0,000192
vision 0,867501 0,000163
vitalik 2,813411 0,003707
vlad 2,813411 0,000530
vogelstel 3,912023 0,000736
voicevers 2,302585 0,000433
volatil 1,714798 0,000646
volpicelli 3,912023 0,000736
vtecryptocurrenciestechnolog 2,813411 0,000530
vteethereumtechnolog 3,912023 0,000736
vuner 3,912023 0,000736
wai 0,105361 0,000079
wall 1,237874 0,001398
wallet 2,525729 0,002852
want 0,820981 0,000155
washington 1,049822 0,000198
web 0,342490 0,000258
webassembl 1,660731 0,000313
websit 0,527633 0,000298
websiteethereum 3,912023 0,000736
wei 1,832581 0,000690
weight 1,108663 0,000417
well 0,051293 0,000010
went 1,714798 0,000646
what -0,009950 -0,000011
whether 0,400478 0,000075
which 0,000000 0,000000
whichev 2,995732 0,000564
while 0,051293 0,000019
white 1,108663 0,000417
whitepap 3,218876 0,000606
who 0,301105 0,000170
whole 0,916291 0,000172
whoppercoin 2,813411 0,000530
wide 0,210721 0,000079
wiki 1,427116 0,000269
wikidata 0,562119 0,000106
wikidatawikipedia 0,967584 0,000182
wikimedia -0,009950 -0,000006
wikipedia -0,009950 -0,000017
wikipediacontact -0,009950 -0,000002
wilck 3,912023 0,000736
wilei 0,562119 0,000106
william 0,616186 0,000348
wilson 1,469676 0,000277
winkelmann 3,912023 0,000736
wire 0,941609 0,001063
wish 1,609438 0,000606
wit 2,659260 0,000501
withdraw 2,207275 0,000415
within 0,116534 0,000132
without 0,094311 0,000036
wong 2,407946 0,000906
wood 1,897120 0,002142
woodiniti 3,912023 0,000736
word 0,446287 0,000084
work 0,030459 0,000069
world 0,139262 0,000157
worldwid 1,108663 0,000209
wrap 2,120264 0,000399
write 0,527633 0,000099
written 0,287682 0,000162
wrote 1,078810 0,000406
www 0,356675 0,000134
xiao 3,218876 0,000606
xin 2,659260 0,000501
xrp 2,813411 0,000530
yahoo 1,832581 0,000690
yaqoob 3,506558 0,000660
year 0,162519 0,000061
yellow 2,407946 0,000906
yellowpap 3,912023 0,000736
yet 0,891598 0,000168
yield 1,139434 0,000214
yoni 3,506558 0,000660
york 0,371064 0,000419
yorker 2,995732 0,001128
young 1,897120 0,000357
zaim 3,912023 0,001473
zamfir 3,912023 0,000736
zbekcha 0,462035 0,000087
zcash 2,813411 0,001059
zero 0,693147 0,000130
zink 3,912023 0,000736
zug 3,506558 0,000660
