aad 3,912023 0,002543
abdelillah 3,912023 0,001271
access 0,127833 0,000083
accident 1,771957 0,000576
accord 0,287682 0,000280
account -0,009950 -0,000023
acm 0,755023 0,000245
across 0,415515 0,000135
act 0,713350 0,000232
action -0,009950 -0,000006
ad 0,198451 0,000129
adapt 0,798508 0,000260
add -0,009950 -0,000003
addit -0,009950 -0,000006
address 0,342490 0,000111
adetokunbo 3,912023 0,001271
adjud 3,506558 0,001140
adopt 0,415515 0,000135
advanc 0,235722 0,000460
advis 1,771957 0,000576
africa 1,966113 0,000639
agre -0,009950 -0,000003
agreement 1,078810 0,001753
ai 0,673345 0,000219
airdrop 2,659260 0,000864
akkadian 3,506558 0,001140
al 0,616186 0,000200
alex 1,469676 0,000478
alexand 1,237874 0,000402
algorand 2,813411 0,000914
algorithm 0,462035 0,000751
alharbi 3,912023 0,002543
allow 0,061875 0,000060
along 0,462035 0,000150
ambacoin 2,813411 0,000914
ambient 2,995732 0,000974
ambigu 1,386294 0,000451
amin 2,813411 0,000914
amir 2,525729 0,000821
amp -0,009950 -0,000019
amrit 3,912023 0,001271
analysi 0,186330 0,000121
analyt 0,798508 0,000260
anarchi 2,813411 0,000914
andrea 1,386294 0,000901
ani 0,083382 0,000027
anim 1,021651 0,000332
anoth 0,127833 0,000125
anton 2,207275 0,000717
appear -0,009950 -0,000006
appli -0,009950 -0,000006
applic 0,030459 0,000089
approach 0,174353 0,000113
approv 1,272966 0,000414
approxim 0,891598 0,000290
april 0,072571 0,000071
aquila 3,506558 0,001140
arabia 2,525729 0,000821
arai 3,912023 0,001271
arash 3,506558 0,001140
arbitr 3,912023 0,003814
arbitrari 1,049822 0,001365
archiv 0,040822 0,000531
archivierungskonzept 3,912023 0,001271
arena 1,966113 0,000639
argu 0,994252 0,000646
arizona 3,218876 0,002092
arrang 1,560648 0,000507
articl 0,000000 0,000000
articleabout -0,009950 -0,000003
articletalk -0,009950 -0,000003
artifici 0,994252 0,000646
arxiv 1,078810 0,002454
ashish 2,659260 0,000864
asia 1,560648 0,001014
askemo 3,912023 0,006357
asset 1,139434 0,001481
associ 0,127833 0,000042
atom 1,309333 0,000426
attack 0,867501 0,002255
attempt 0,478036 0,000311
attent 1,203973 0,000391
attribut -0,009950 -0,000003
atzei 3,912023 0,002543
audit 1,660731 0,001079
augment 1,237874 0,000402
augur 2,813411 0,000914
august 0,162519 0,000528
auroracoin 2,813411 0,000914
australia 1,309333 0,000426
authent 1,347074 0,000438
author 0,040822 0,000040
autom 0,597837 0,000777
automat 0,462035 0,000450
autonom 1,469676 0,000955
avail -0,009950 -0,000003
avalanch 2,659260 0,002593
aventu 2,813411 0,000914
avoid 0,579818 0,000188
ax 2,302585 0,000748
back 0,462035 0,000150
bahasa 0,186330 0,000061
bailment 3,218876 0,001046
baldonado 3,912023 0,001271
bamboo 3,218876 0,001046
bank 0,941609 0,001530
banker 2,207275 0,000717
bankman 2,813411 0,000914
banknot 2,995732 0,000974
bankruptci 2,525729 0,000821
barlei 3,218876 0,001046
barter 2,995732 0,000974
bartoletti 3,912023 0,002543
base 0,010050 0,000046
basic 0,198451 0,000129
bead 3,506558 0,001140
bean 2,813411 0,000914
begin 0,385662 0,000125
behav 1,427116 0,000464
behind 0,867501 0,000282
beloff 3,912023 0,001271
benefici 2,207275 0,000717
benefit 0,776529 0,000252
benjamin 1,386294 0,000451
berezun 3,912023 0,001271
betrachtung 3,912023 0,001271
betriebssystem 3,912023 0,001271
beweisw 3,912023 0,001271
beyond 0,713350 0,000232
bfb 3,912023 0,001271
bhatia 2,659260 0,000864
bhattacharya 3,506558 0,001140
big 0,673345 0,000219
bill 0,776529 0,000505
bimetal 3,506558 0,001140
bind 1,469676 0,000955
birth 1,897120 0,000617
bitcoin 2,407946 0,012521
bitconnect 2,813411 0,001829
bitfuri 3,912023 0,002543
bitlicens 2,813411 0,000914
biu 3,218876 0,001046
bje 3,912023 0,001271
block 0,597837 0,000583
blockchain 1,609438 0,031383
bloomberg 1,469676 0,000955
bokm 0,127833 0,000042
bond 1,832581 0,000596
bori 2,995732 0,000974
britain 2,207275 0,000717
broadband 2,995732 0,000974
btc 2,995732 0,003894
bubbl 1,560648 0,000507
buffalo 2,813411 0,000914
bug 1,171183 0,001522
build 0,274437 0,000178
built 0,462035 0,000150
bureau 1,609438 0,000523
busi 0,287682 0,000748
businessweek 2,207275 0,000717
butcher 2,659260 0,000864
buterin 2,813411 0,000914
bytecod 1,966113 0,000639
byzantin 2,659260 0,002593
california 1,021651 0,000332
call 0,030459 0,000040
camel 2,995732 0,000974
cannarsa 3,912023 0,001271
cannot 0,314711 0,000205
capabl 0,562119 0,000365
captur 0,916291 0,000298
car 1,309333 0,000426
cardano 2,525729 0,001642
cash 1,386294 0,000451
casino 3,506558 0,001140
catal 0,094311 0,000031
categori -0,009950 -0,000010
center 0,415515 0,000135
central 0,478036 0,000466
certif 1,078810 0,001052
chain 0,843970 0,000549
chainlink 2,813411 0,000914
chan 2,120264 0,000689
chang 0,051293 0,000083
changesupload -0,009950 -0,000006
channel 1,049822 0,000341
chapter 0,891598 0,000290
charli 2,302585 0,000748
chartal 2,659260 0,000864
chattel 3,506558 0,001140
chatterje 3,506558 0,001140
chauhan 2,995732 0,000974
chen 1,309333 0,000851
chequ 2,995732 0,001947
chia 2,525729 0,000821
chill 2,525729 0,000821
china 0,967584 0,000314
chri 0,994252 0,000969
chun 3,506558 0,001140
chung 2,813411 0,000914
cid 0,356675 0,001043
cieplak 3,912023 0,001271
cimoli 3,912023 0,002543
circumv 2,302585 0,000748
citat 0,248461 0,000323
cite 0,597837 0,000194
ckverfolgbar 3,912023 0,001271
clai 2,302585 0,000748
classic 0,544727 0,000531
claw 3,912023 0,001271
clear 1,049822 0,000682
clearinghous 3,218876 0,001046
client 0,713350 0,000232
cloth 2,407946 0,000783
cocoa 2,407946 0,000783
code -0,009950 -0,000032
codifi 2,813411 0,000914
coi 3,506558 0,001140
coin 0,941609 0,001530
coinag 2,659260 0,000864
coincid 2,207275 0,000717
coiny 2,813411 0,002743
collect 0,274437 0,000089
colombian 3,506558 0,002279
color 1,609438 0,000523
com 0,150823 0,000196
come 0,356675 0,000348
commiss 1,309333 0,000426
commit 1,108663 0,000360
committe 1,309333 0,000426
commod 1,469676 0,000478
common -0,009950 -0,000010
commonli 0,342490 0,000111
compani 0,342490 0,000223
compil 0,755023 0,001227
complementari 1,832581 0,001191
complet 0,223144 0,000435
comprehens 0,867501 0,000282
comput 0,020203 0,000118
concept 0,198451 0,000258
conduct -0,009950 -0,000006
confer 0,274437 0,000714
confus 0,693147 0,000225
connect 0,430783 0,000280
consensu 1,832581 0,001787
consid 0,274437 0,000178
constitut 1,272966 0,000414
construct 0,579818 0,000565
contact -0,009950 -0,000006
contain 0,162519 0,000158
content -0,009950 -0,000013
contract 0,994252 0,043945
contractu 2,120264 0,002756
contribut -0,009950 -0,000003
control 0,020203 0,000020
cooki -0,009950 -0,000003
coq 3,912023 0,001271
correa 3,912023 0,001271
cost 0,385662 0,000627
cotton 2,659260 0,000864
countermeasur 2,120264 0,000689
counterparti 2,302585 0,000748
court 1,427116 0,000464
cover 0,733969 0,000239
cow 3,506558 0,001140
craig 2,040221 0,000663
creat -0,009950 -0,000010
creation 0,653926 0,000213
creativ -0,009950 -0,000003
credit 0,867501 0,000282
crime 1,469676 0,000478
crisi 1,347074 0,000438
cross 0,562119 0,000183
crypto 1,897120 0,003083
cryptocurr 2,120264 0,011025
cryptograph 1,897120 0,002466
cryptographi 1,560648 0,000507
csit 3,912023 0,002543
ctvn 3,912023 0,001271
currenc 1,660731 0,009715
currenciessha 2,813411 0,000914
current 0,210721 0,000068
custom 0,544727 0,000177
cybersecur 1,966113 0,000639
cyberspac 2,813411 0,000914
dai 0,562119 0,000183
daili 1,427116 0,000464
daml 3,912023 0,001271
daniel 0,776529 0,000757
dao 2,813411 0,003657
dash 2,302585 0,000748
data 0,030459 0,000049
databas 0,072571 0,000142
date 0,210721 0,000137
datenbankschnittstel 3,912023 0,001271
datenbest 3,912023 0,001271
david 0,385662 0,000501
deal 0,843970 0,000274
death 1,897120 0,000617
debas 3,218876 0,001046
decemb 0,061875 0,000121
decentr 1,714798 0,006688
declar 1,108663 0,000721
defer 2,407946 0,000783
defi 2,659260 0,000864
defin 0,116534 0,000038
definit 0,186330 0,000061
delai 1,347074 0,000438
deliber 1,771957 0,000576
delotteri 3,912023 0,001271
dem 3,506558 0,003419
demurrag 3,506558 0,001140
deploi 1,108663 0,000721
deploy 1,049822 0,000682
deposit 1,771957 0,001152
depositori 2,995732 0,000974
deriv 0,494296 0,000161
describ 0,174353 0,000227
descript -0,009950 -0,000006
descriptionshort 0,000000 0,000000
design 0,040822 0,000027
determinist 1,771957 0,000576
develop -0,009950 -0,000013
die 2,040221 0,000663
diem 2,813411 0,000914
differ 0,010050 0,000013
difficult 0,597837 0,000194
digesti 3,912023 0,001271
digit 0,400478 0,001952
direct 0,261365 0,000085
dirk 2,659260 0,000864
disclaim -0,009950 -0,000003
disput 1,309333 0,002128
disrupt 1,609438 0,001046
distinct 0,544727 0,000177
distribut 0,198451 0,000451
doctrin 2,407946 0,000783
document 0,328504 0,000320
dogecoin 2,813411 0,001829
doi 0,162519 0,001268
dokument 3,912023 0,001271
domain 0,544727 0,000177
domest 1,514128 0,000492
dominik 2,995732 0,000974
don 0,916291 0,000298
donat -0,009950 -0,000006
done 0,653926 0,000213
dorothi 2,813411 0,000914
doss 3,912023 0,001271
doubl 0,843970 0,000274
download -0,009950 -0,000003
drain 3,506558 0,001140
drummer 3,912023 0,001271
due 0,261365 0,000085
dupont 3,506558 0,001140
eaaa 3,912023 0,001271
easi 1,021651 0,000332
econom 0,653926 0,000638
economi 1,309333 0,000851
ecosystem 1,108663 0,000360
ed 0,210721 0,000068
edit -0,009950 -0,000006
editcommun -0,009950 -0,000003
educ 0,494296 0,000321
effect 0,274437 0,000178
ein 3,218876 0,001046
einer 3,912023 0,001271
electr 0,891598 0,000290
electron 0,430783 0,000140
elektronisch 3,912023 0,001271
elektronischen 3,912023 0,001271
element 0,301105 0,000196
eliza 3,218876 0,002092
elsevi 1,203973 0,000391
emphas 1,347074 0,000438
employ 1,832581 0,002382
enabl 0,274437 0,000357
encyclopedia -0,009950 -0,000003
end 0,186330 0,000121
enforc 0,916291 0,002978
engin 0,061875 0,000040
england 1,469676 0,000478
english -0,009950 -0,000006
ensur 0,713350 0,000232
entwicklung 3,506558 0,001140
environ 0,385662 0,000251
environment 1,049822 0,000341
eo 2,813411 0,000914
equihash 2,813411 0,000914
equilibria 3,506558 0,001140
erc 2,659260 0,000864
erpl 3,912023 0,001271
erstellung 3,912023 0,001271
escrow 3,218876 0,001046
especi 0,415515 0,000270
establish 0,634878 0,000206
estat 1,832581 0,000596
ethash 2,813411 0,000914
ether 3,218876 0,001046
ethereum 2,659260 0,019013
ethnographi 3,912023 0,001271
etymolog 1,966113 0,001278
europ 0,941609 0,000306
european 0,733969 0,000954
event 0,356675 0,000116
eventsrandom -0,009950 -0,000003
examin 0,867501 0,000282
exampl 0,020203 0,000013
except 0,733969 0,000477
exchang 0,579818 0,000377
exchangecommod 3,506558 0,001140
execut 0,356675 0,001275
exist 0,186330 0,000121
expand 0,776529 0,000252
experi 0,510826 0,000332
expir 2,120264 0,000689
explain 0,798508 0,000260
exploit 1,078810 0,000351
explor 0,820981 0,000267
export -0,009950 -0,000003
express 0,544727 0,000354
extend 0,385662 0,000125
extent 1,386294 0,000451
facilit 0,916291 0,000298
fact 0,579818 0,000188
fail 0,693147 0,000225
fard 3,912023 0,001271
farouk 3,506558 0,001140
fast 0,673345 0,000219
fault 1,237874 0,001207
februari 0,061875 0,000080
fiat 2,813411 0,000914
field 0,314711 0,000102
fifti 2,525729 0,000821
filatova 3,912023 0,001271
filecoin 2,813411 0,000914
fileperman -0,009950 -0,000003
filespeci -0,009950 -0,000003
financ 0,843970 0,000823
finit 1,560648 0,000507
firm 1,171183 0,000381
firo 2,813411 0,000914
first 0,020203 0,000013
firstli 2,659260 0,000864
fix 0,385662 0,000251
florian 2,813411 0,000914
follow 0,072571 0,000024
fork 1,203973 0,000783
form 0,072571 0,000024
formal 0,510826 0,000664
fortun 2,207275 0,000717
foundat -0,009950 -0,000003
framework 0,287682 0,000280
fran 0,223144 0,000073
fraud 1,560648 0,000507
free -0,009950 -0,000003
freehil 3,912023 0,001271
fri 2,813411 0,001829
ftx 2,813411 0,000914
fulli 0,616186 0,000200
function 0,030459 0,000020
fund 0,941609 0,000918
fundament 0,478036 0,000311
fungibl 2,525729 0,001642
futur 0,235722 0,000153
gain 0,616186 0,000200
game 0,478036 0,000155
gatewai 2,302585 0,000748
gayl 3,506558 0,001140
gener -0,009950 -0,000019
georgia 2,207275 0,001435
german 1,386294 0,000901
gig 3,912023 0,001271
giovanni 2,407946 0,000783
github 1,078810 0,000701
global 0,446287 0,000145
gnd 2,659260 0,000864
goharshadi 3,912023 0,001271
gold 1,514128 0,001968
gouiaa 3,912023 0,001271
govern 0,544727 0,000531
governatori 3,506558 0,001140
gravano 3,506558 0,001140
gresham 3,506558 0,001140
gridcoin 2,813411 0,000914
group 0,186330 0,000061
grundlag 3,912023 0,001271
guan 3,912023 0,001271
gui 1,309333 0,000426
guido 2,995732 0,000974
hacker 1,309333 0,000426
hafid 3,912023 0,002543
hal 2,040221 0,000663
halt 2,040221 0,001989
hammurabi 2,659260 0,000864
hand 0,494296 0,000321
handl 0,415515 0,000270
hao 2,659260 0,001728
haozh 3,912023 0,001271
hard 1,049822 0,000341
hardwar 0,579818 0,000188
harz 3,912023 0,001271
hasan 2,302585 0,000748
hash 1,560648 0,001522
hashgraph 2,813411 0,000914
hbar 2,813411 0,000914
hdhili 3,912023 0,001271
heinker 3,912023 0,001271
helium 2,813411 0,000914
helplearn -0,009950 -0,000003
herbert 2,120264 0,000689
hererel -0,009950 -0,000003
hide -0,009950 -0,000013
high 0,223144 0,000145
higher 0,430783 0,000140
hindu 2,659260 0,000864
histor 0,579818 0,000188
histori -0,009950 -0,000010
hoang 3,506558 0,001140
hochschul 3,506558 0,001140
hodson 3,912023 0,001271
hole 2,040221 0,000663
hoover 2,995732 0,000974
hous 0,820981 0,000267
howev 0,094311 0,000061
http -0,009950 -0,000003
huang 1,897120 0,000617
huckl 3,912023 0,001271
human 0,527633 0,000171
hyman 3,218876 0,001046
hyperledg 2,813411 0,000914
hypothet 2,659260 0,001728
ibba 3,912023 0,001271
icon 2,207275 0,000717
idelberg 3,506558 0,001140
ieee 0,634878 0,000413
iel 3,912023 0,001271
ifr 3,218876 0,001046
ijlit 3,912023 0,001271
ilya 2,302585 0,000748
immut 2,120264 0,000689
impact 0,544727 0,000354
imper 1,560648 0,001014
implement 0,105361 0,000240
impli 0,994252 0,000323
imposs 1,309333 0,000426
imprevisi 3,912023 0,001271
inact 1,966113 0,003834
inc -0,009950 -0,000010
includ 0,000000 0,000000
incomplet 1,966113 0,000639
increas 0,287682 0,000093
indefinit 1,237874 0,000402
index -0,009950 -0,000003
indonesiaitaliano 1,237874 0,000402
industri 0,356675 0,000116
infobu 3,912023 0,002543
inform 0,061875 0,000101
informationcit -0,009950 -0,000003
infrastructur 0,673345 0,000656
inherit 1,609438 0,000523
initi 0,235722 0,000306
inject 1,386294 0,000451
inov 3,912023 0,001271
input 0,634878 0,000206
insecur 1,714798 0,000557
instanc 0,478036 0,000155
instead 0,301105 0,000196
institut 0,446287 0,000725
instrument 1,049822 0,000341
integ 1,139434 0,000370
integr 0,174353 0,000057
intellig 0,510826 0,000996
intend 0,478036 0,000311
intent 1,171183 0,000381
interact 0,356675 0,000232
interag 3,912023 0,001271
intermedi 1,309333 0,000426
intern 0,040822 0,000146
internet 0,462035 0,000751
interpret 0,579818 0,000942
intervent 1,771957 0,000576
introduc 0,210721 0,000068
inu 2,813411 0,000914
investopedia 2,302585 0,000748
invok 1,714798 0,000557
iot 1,714798 0,000557
iota 2,659260 0,000864
iowa 3,218876 0,002092
irrevers 2,995732 0,000974
isbn 0,051293 0,000183
ispra 3,912023 0,001271
issn 0,478036 0,000777
issu 0,314711 0,000409
item -0,009950 -0,000003
itself 0,342490 0,000111
ivi 3,506558 0,001140
iwbos 3,912023 0,002543
jacob 1,832581 0,000596
jai 1,966113 0,000639
jain 2,813411 0,000914
jansen 2,995732 0,000974
januari 0,083382 0,000434
jcp 3,506558 0,001140
jia 2,659260 0,000864
jiangshan 3,912023 0,001271
jie 3,218876 0,001046
jo 1,714798 0,000557
johannsen 3,912023 0,001271
joint 1,171183 0,001142
joseph 0,820981 0,000534
journal 0,186330 0,000484
jstor 0,843970 0,000274
judici 3,506558 0,002279
juli 0,127833 0,000166
jump -0,009950 -0,000003
june 0,094311 0,000031
jurisdict 1,832581 0,002382
kafshdar 3,912023 0,001271
kanna 3,912023 0,001271
kapoor 3,506558 0,001140
kei 0,314711 0,000102
ken 1,966113 0,000639
ketchpel 3,912023 0,001271
kevin 1,386294 0,000901
kharif 2,995732 0,000974
kill 1,714798 0,001115
kin 2,659260 0,001728
kind 0,673345 0,000219
kirilenko 3,912023 0,001271
knottenbelt 3,912023 0,001271
known 0,127833 0,000042
kodakcoin 2,813411 0,001829
kohei 3,506558 0,001140
koku 3,506558 0,001140
krishnendu 3,912023 0,001271
kumar 1,966113 0,000639
kundu 3,912023 0,001271
kuo 2,995732 0,000974
laila 3,912023 0,001271
land 1,309333 0,000851
languag -0,009950 -0,000068
last -0,009950 -0,000003
later 0,223144 0,000073
latvi 0,994252 0,000323
launch 0,941609 0,000612
law 0,653926 0,004250
lawcontract 3,912023 0,001271
lawcryptocurrencieshidden 3,912023 0,001271
lawyer 2,407946 0,000783
layer 0,713350 0,000464
lbry 2,813411 0,000914
lead 0,287682 0,000093
lectur 1,139434 0,000370
ledger 2,040221 0,005304
leefatt 3,912023 0,001271
legal -0,009950 -0,000094
legiscan 3,912023 0,001271
legisl 1,897120 0,001233
legislatur 3,218876 0,002092
lei 3,506558 0,001140
level 0,083382 0,000081
lexolog 3,218876 0,002092
lgbcoin 2,813411 0,000914
libra 2,813411 0,001829
librari 0,356675 0,000232
licens -0,009950 -0,000003
lightn 2,207275 0,000717
like 0,051293 0,000083
limit 0,186330 0,000061
link -0,009950 -0,000013
linkpag -0,009950 -0,000003
linksc 1,272966 0,000414
liquid 1,771957 0,000576
list 0,051293 0,000050
litecoin 2,813411 0,000914
liu 1,427116 0,000464
live 0,733969 0,000239
livingston 3,506558 0,001140
livshit 3,912023 0,001271
liya 3,912023 0,002543
llp 2,995732 0,000974
loan 1,966113 0,000639
local 0,314711 0,000102
lock 1,309333 0,000426
log -0,009950 -0,000006
loop 1,347074 0,000438
loss 0,891598 0,000290
lotteri 3,218876 0,004184
low 0,478036 0,000311
lpolskiportugu 2,302585 0,000748
lui 2,659260 0,000864
luna 2,813411 0,000914
machin 0,040822 0,000106
maher 3,912023 0,002543
main -0,009950 -0,000010
maint 0,798508 0,000779
makanju 3,912023 0,001271
make 0,061875 0,000020
malici 1,660731 0,000540
maltsev 3,912023 0,001271
manag 0,105361 0,000137
manilla 3,506558 0,001140
manipul 0,673345 0,000219
map 0,616186 0,000401
marc 1,771957 0,000576
march 0,116534 0,000114
mark 0,261365 0,000170
market 0,446287 0,000145
marku 2,302585 0,000748
martin 0,843970 0,001097
massimo 2,995732 0,001947
matthew 1,560648 0,000507
maximilian 3,506558 0,001140
mazacoin 2,813411 0,000914
mbah 3,912023 0,001271
mean 0,083382 0,000054
measur 0,371064 0,000241
mechan 0,356675 0,000232
medicin 1,427116 0,000928
medoc 3,912023 0,001271
melania 2,813411 0,000914
meme 2,813411 0,000914
mention 1,237874 0,000402
menu -0,009950 -0,000006
mere 1,609438 0,000523
mesoamerica 3,506558 0,002279
metal 1,469676 0,000955
metamask 2,813411 0,000914
method 0,150823 0,000196
michel 1,560648 0,001014
michelson 3,506558 0,002279
mik 3,912023 0,002543
milani 3,912023 0,001271
million 0,843970 0,001097
milosev 3,506558 0,001140
mind 1,347074 0,000438
mint 2,659260 0,000864
miss 0,867501 0,000282
mittweida 3,912023 0,001271
mix 0,891598 0,000290
mobil -0,009950 -0,000003
mobilecoin 2,813411 0,000914
modifi 0,527633 0,000171
mohania 3,912023 0,001271
mohr 3,218876 0,001046
mondai 2,525729 0,001642
monei 1,171183 0,004567
monero 2,813411 0,000914
monetar 3,218876 0,002092
moorsel 3,912023 0,002543
morgan 1,309333 0,000426
morri 1,832581 0,000596
movabl 3,218876 0,001046
move -0,009950 -0,000016
mukesh 3,912023 0,001271
multi 0,342490 0,000111
multilay 2,995732 0,000974
multiparti 3,912023 0,001271
multisignatur 3,912023 0,002543
nach 3,912023 0,001271
nagaraj 3,912023 0,001271
naish 3,912023 0,001271
name 0,162519 0,000053
namecoin 2,813411 0,000914
nano 2,207275 0,000717
napster 3,912023 0,001271
nash 3,218876 0,001046
natalia 2,995732 0,000974
nataliia 3,506558 0,001140
nation 0,527633 0,000343
nativ 1,078810 0,000351
natur 0,356675 0,000232
navig -0,009950 -0,000003
nde 3,912023 0,001271
necessarili 1,049822 0,000341
need 0,030459 0,000049
neo 2,120264 0,000689
nervo 2,813411 0,000914
netherland 1,897120 0,000617
network 0,127833 0,000249
neumann 1,771957 0,000576
nevada 3,912023 0,003814
nevertheless 1,660731 0,000540
new 0,010050 0,000016
newer 1,309333 0,000426
newsweek 3,218876 0,001046
nft 2,302585 0,001497
nick 1,469676 0,001911
nicola 2,120264 0,001378
nigeria 2,525729 0,000821
ning 2,407946 0,000783
non -0,009950 -0,000010
norsk 0,342490 0,000111
notabl 0,616186 0,000200
notari 3,218876 0,001046
note 0,150823 0,000098
novel 1,771957 0,000576
novemb 0,150823 0,000147
number 0,040822 0,000013
nxt 2,659260 0,000864
oasi 3,218876 0,001046
object 0,174353 0,000113
oblig 1,832581 0,000596
occur 0,510826 0,000166
octob 0,139262 0,000407
offer 0,248461 0,000161
oldid -0,009950 -0,000003
oleuskara 1,514128 0,000492
olga 2,659260 0,000864
onecoin 2,813411 0,000914
oner 3,506558 0,001140
oopsla 3,506558 0,001140
open 0,150823 0,000049
openproceed 3,912023 0,001271
oper 0,010050 0,000003
oracl 1,078810 0,000701
oranburg 3,912023 0,002543
order 0,094311 0,000031
org -0,009950 -0,000003
organ -0,009950 -0,000010
orient 0,653926 0,000425
origin -0,009950 -0,000123
outlin 0,562119 0,000183
output 0,597837 0,000194
over 0,094311 0,000031
overflow 1,771957 0,000576
overview 0,616186 0,000401
owner 1,171183 0,000381
paal 3,912023 0,001271
pact 3,912023 0,001271
paepck 3,912023 0,001271
page -0,009950 -0,000006
pagecontentscurr -0,009950 -0,000003
pageget -0,009950 -0,000003
pagesarticl 2,407946 0,000783
pai 1,021651 0,000332
palagashvili 3,912023 0,002543
pan 2,525729 0,000821
paper 0,527633 0,000514
pariti 2,659260 0,000864
parker 2,659260 0,000864
part 0,072571 0,000071
parti 0,616186 0,000801
particip 1,021651 0,000332
particular 0,301105 0,000098
pass 0,776529 0,000252
pattern 0,494296 0,000321
pawthereum 2,813411 0,000914
pax 2,525729 0,000821
payment 1,347074 0,001751
pdf 0,139262 0,000860
pdfprintabl -0,009950 -0,000003
peck 2,995732 0,000974
peercoin 2,813411 0,001829
penguin 2,040221 0,000663
per 0,616186 0,000200
perez 2,813411 0,000914
perform 0,040822 0,000013
permiss 1,469676 0,000478
person -0,009950 -0,000003
perspect 0,733969 0,000716
peter 0,446287 0,000145
petro 2,813411 0,001829
php -0,009950 -0,000003
phrase 1,469676 0,000478
phrasesarticl 2,407946 0,000783
physic 0,446287 0,000145
pig 2,040221 0,000663
pilot 2,120264 0,000689
pinna 3,912023 0,001271
place 0,356675 0,000232
plagiar 2,207275 0,000717
platform 0,400478 0,001432
point 0,186330 0,000061
polici -0,009950 -0,000006
polkadot 2,659260 0,000864
polygon 2,525729 0,000821
popular 0,400478 0,000130
portal 0,494296 0,000161
portalbusi 3,912023 0,001271
portalmonei 3,506558 0,001140
portalrec -0,009950 -0,000003
portfolio 1,771957 0,000576
possess 1,832581 0,000596
post 0,478036 0,000311
potenti 0,371064 0,000362
pourdamghani 3,912023 0,001271
power 0,261365 0,000085
practic 0,186330 0,000121
praitheeshan 3,912023 0,001271
prakash 3,218876 0,001046
prakrut 3,912023 0,001271
preciou 2,525729 0,000821
primecoin 2,813411 0,000914
principl 0,385662 0,000251
print -0,009950 -0,000003
privaci -0,009950 -0,000010
privat 0,634878 0,000619
probabilist 1,832581 0,000596
problem 0,186330 0,000182
problemat 2,407946 0,000783
proc 2,040221 0,000663
procedia 2,813411 0,000914
procedur 0,867501 0,001128
proceed 0,579818 0,001131
process 0,051293 0,000033
profil 1,021651 0,000332
profit -0,009950 -0,000003
program 0,116534 0,000568
project -0,009950 -0,000010
promin 1,237874 0,000402
promissori 2,813411 0,000914
proof 1,347074 0,002627
proper 1,171183 0,000381
properti 0,314711 0,000409
propos 0,510826 0,000830
protect 0,462035 0,000150
protocol 0,527633 0,001029
provid 0,061875 0,000040
public 0,127833 0,000125
publicli 1,309333 0,000426
publish 0,105361 0,000068
puerto 2,659260 0,000864
purathani 3,912023 0,001271
purpos 0,248461 0,000081
qasem 3,912023 0,001271
quachtli 3,506558 0,001140
qualifizierten 3,912023 0,001271
quanta 3,912023 0,001271
quantiti 1,049822 0,000682
quickli 0,891598 0,000580
quinn 2,995732 0,000974
ra 2,302585 0,000748
race 1,427116 0,000464
rahul 3,506558 0,001140
rai 1,832581 0,000596
rais 1,237874 0,000402
rami 3,912023 0,001271
randal 2,525729 0,000821
randao 3,912023 0,005086
random 0,693147 0,000901
randomx 2,813411 0,000914
rapid 1,203973 0,000391
rbaycanca 0,248461 0,000081
rdigung 3,912023 0,001271
readabl 1,309333 0,000426
readview 1,309333 0,000851
real 0,210721 0,000137
receiv 0,400478 0,000130
recogn 1,021651 0,000664
record 0,400478 0,000260
recurs 1,514128 0,000492
redempt 2,813411 0,000914
reduc 0,274437 0,000089
reduct 1,203973 0,000783
refer -0,009950 -0,000013
regard 0,776529 0,000252
regi 3,506558 0,001140
regist -0,009950 -0,000006
registr 2,407946 0,001565
registri 2,120264 0,000689
regul 0,916291 0,001489
regular 0,867501 0,000564
reilli 1,078810 0,000351
relat 0,030459 0,000020
relationship 0,653926 0,000213
releas 0,415515 0,000135
remedi 2,207275 0,001435
remov 0,301105 0,000098
replic 1,609438 0,002615
report 0,261365 0,000255
repres 0,235722 0,000077
republ 1,714798 0,000557
requiem 3,506558 0,002279
requir 0,051293 0,000017
research 0,223144 0,000145
reserv 1,272966 0,000414
resolut 1,560648 0,001522
result 0,139262 0,000045
retriev -0,009950 -0,000120
reuter 1,609438 0,000523
rev 2,995732 0,000974
revers 1,139434 0,000370
review 0,314711 0,000102
revolut 1,272966 0,000414
ricardian 3,912023 0,002543
rice 2,120264 0,000689
rico 2,407946 0,000783
right 0,314711 0,000102
rigid 2,120264 0,000689
risk 0,579818 0,000188
rituparna 3,912023 0,001271
riveret 3,506558 0,001140
roberto 1,897120 0,000617
rocq 3,912023 0,001271
rohit 3,912023 0,001271
roman 1,660731 0,000540
root 0,733969 0,000239
rori 2,995732 0,000974
ross 1,560648 0,000507
row 1,714798 0,000557
ruben 2,995732 0,000974
rui 2,525729 0,000821
rule 0,510826 0,000830
run 0,248461 0,000081
safe 0,916291 0,000298
safekeep 3,506558 0,001140
safemoon 2,813411 0,000914
safer 2,302585 0,001497
safeti -0,009950 -0,000006
sai 0,616186 0,000200
said 0,755023 0,000245
sale 1,049822 0,000341
salt 2,525729 0,000821
salvador 2,525729 0,000821
sam 1,347074 0,000438
sartor 3,506558 0,001140
sauc 3,506558 0,001140
save 0,994252 0,000323
savelyev 3,912023 0,001271
scam 2,207275 0,002152
scandal 1,771957 0,001152
scheisen 3,912023 0,001271
scheme 1,171183 0,001142
scholar 1,021651 0,000664
scholarship 3,506558 0,001140
schulpen 3,912023 0,001271
scienc 0,274437 0,000624
scientist 1,171183 0,000381
scilla 3,912023 0,003814
script 0,916291 0,000893
scrypt 2,659260 0,000864
scrypto 3,912023 0,001271
search -0,009950 -0,000013
secondli 2,813411 0,000914
secret 1,560648 0,000507
sector 1,171183 0,000381
secur 0,274437 0,001605
see -0,009950 -0,000013
select 0,371064 0,000121
self 0,478036 0,000155
semi 0,843970 0,000274
senat 2,813411 0,001829
send 1,108663 0,000721
septemb 0,150823 0,000343
sequenc 0,820981 0,000267
sergei 1,966113 0,000639
server 0,597837 0,000194
servic 0,210721 0,000205
seth 1,832581 0,001191
settlement 1,660731 0,000540
sever 0,072571 0,000024
share 0,301105 0,000196
sharealik -0,009950 -0,000003
shekel 3,218876 0,001046
shell 1,049822 0,000341
shiba 2,813411 0,000914
shop 1,771957 0,000576
short -0,009950 -0,000003
shorten -0,009950 -0,000003
show 0,400478 0,000130
side 0,579818 0,000188
sidebar -0,009950 -0,000013
siebeck 3,912023 0,001271
sign 0,916291 0,000298
signaturen 3,912023 0,001271
signaturgesetz 3,912023 0,001271
silver 1,771957 0,000576
similar 0,150823 0,000098
similarli 0,843970 0,000274
simona 3,506558 0,001140
simplic 1,897120 0,001233
sinc 0,139262 0,000091
site -0,009950 -0,000003
situat 0,776529 0,000252
small 0,314711 0,000102
smart 1,049822 0,039577
smith 1,139434 0,000370
snook 3,912023 0,002543
softwar 0,127833 0,000208
sok 3,912023 0,001271
sol 3,218876 0,001046
solana 2,813411 0,002743
solid 1,171183 0,001903
soloro 3,912023 0,001271
solut 0,478036 0,000155
sometim 0,301105 0,000098
sound 1,237874 0,000402
sourc 0,094311 0,000061
sourceview 1,309333 0,000851
space 0,415515 0,000135
special 0,235722 0,000153
specif 0,051293 0,000050
spectrum 1,386294 0,000451
speicherung 3,912023 0,001271
spend 1,347074 0,000438
springer 0,527633 0,000343
sqlite 2,813411 0,000914
srom 1,609438 0,000523
ssgrr 3,912023 0,001271
ssrn 1,427116 0,000928
stablecoin 2,813411 0,001829
stake 2,040221 0,001326
standard 0,094311 0,000184
standardis 2,525729 0,000821
stanford 1,309333 0,001277
state 0,083382 0,000217
statement -0,009950 -0,000010
statementsal 2,207275 0,000717
statementsarticl 0,544727 0,000177
statist -0,009950 -0,000003
statu 0,693147 0,000451
steem 2,813411 0,000914
stefano 2,525729 0,000821
stellar 2,659260 0,000864
steve 1,078810 0,000701
steven 0,867501 0,000282
store 0,356675 0,000580
strateg 1,171183 0,000381
strategi 0,733969 0,000477
stream 0,733969 0,000239
stronger 1,966113 0,000639
studi 0,314711 0,000307
successfulli 1,427116 0,000464
sudeep 3,912023 0,001271
suggest 0,820981 0,000267
suomitagalog 3,912023 0,001271
superven 3,912023 0,001271
support 0,150823 0,000196
supriya 3,506558 0,001140
surg 1,771957 0,000576
survei 0,462035 0,000450
swati 3,912023 0,001271
system 0,010050 0,000036
systemat 1,078810 0,000701
szabo 2,995732 0,005842
tabl -0,009950 -0,000006
tai 2,659260 0,000864
take 0,210721 0,000068
taltech 3,506558 0,001140
tam 3,506558 0,001140
tamper 2,407946 0,000783
tanwar 3,912023 0,001271
tapscott 2,995732 0,001947
taskforc 3,506558 0,002279
tech 0,843970 0,000549
technic 0,478036 0,000155
technolog 0,116534 0,000757
templat 0,301105 0,000098
temporari 1,966113 0,001278
tender 2,813411 0,000914
tennesse 2,813411 0,001829
teor 3,218876 0,001046
term -0,009950 -0,000026
terminolog 1,237874 0,000402
terra 2,813411 0,000914
tether 2,302585 0,000748
tevendal 3,912023 0,001271
text -0,009950 -0,000003
tezo 2,813411 0,002743
thegazett 3,912023 0,001271
theori 0,400478 0,000781
therefor 0,478036 0,000311
thesi 1,832581 0,000596
thing 0,798508 0,000260
third 0,342490 0,000111
tibet 3,506558 0,001140
tilburg 3,506558 0,001140
time 0,000000 0,000000
timestamp 2,040221 0,000663
tinadanskdeutscheestiespa 2,659260 0,000864
titcoin 2,813411 0,000914
titl -0,009950 -0,000016
tiziana 3,912023 0,002543
togeth 0,579818 0,000188
toggl -0,009950 -0,000006
token 1,386294 0,004505
toler 1,386294 0,001352
tom 1,203973 0,000783
ton 2,302585 0,000748
tool -0,009950 -0,000013
top -0,009950 -0,000006
topic -0,009950 -0,000006
total 0,673345 0,000656
toward 0,713350 0,000232
trade 0,916291 0,000596
trademark -0,009950 -0,000003
tradit 0,544727 0,000531
transact 0,673345 0,004158
transfer 0,544727 0,000531
transform 0,544727 0,000177
transpar 1,237874 0,000402
treat 0,967584 0,000314
trial 1,609438 0,000523
tribun 3,218876 0,001046
tron 2,813411 0,002743
trump 2,525729 0,000821
trunov 3,912023 0,001271
trust 0,820981 0,000800
tumbler 2,813411 0,000914
ture 1,660731 0,003778
twent 2,995732 0,000974
type 0,051293 0,000033
typic 0,186330 0,000121
tyuluandin 3,912023 0,001271
tyurin 3,912023 0,001271
ub 2,302585 0,000748
ukjt 3,912023 0,001271
ukrain 2,407946 0,000783
umagyarminangkabau 3,912023 0,001271
und 2,813411 0,000914
under -0,009950 -0,000006
underflow 3,506558 0,001140
unforese 3,912023 0,001271
unit 0,248461 0,000242
univers 0,139262 0,000091
unravel 3,218876 0,001046
unsourc 0,446287 0,000290
unter 3,912023 0,002543
untrust 2,659260 0,000864
updat 0,342490 0,000223
upon 0,673345 0,000219
urldownload -0,009950 -0,000003
usd 2,120264 0,000689
user 0,274437 0,000089
usual 0,198451 0,000064
utc -0,009950 -0,000003
uvt 3,912023 0,001271
uw 2,813411 0,000914
uyghurch 3,912023 0,001271
vaivaswatha 3,912023 0,001271
valid 0,616186 0,000401
valu 0,162519 0,000106
van 0,867501 0,000564
vanessa 2,995732 0,000974
variou 0,223144 0,000073
vend 3,506558 0,001140
verfahren 3,912023 0,001271
verg 1,771957 0,000576
vergleichend 3,912023 0,001271
verif 0,733969 0,000716
verifi 1,237874 0,000402
verma 2,813411 0,000914
version -0,009950 -0,000010
vertcoin 2,813411 0,000914
vertic 1,660731 0,001079
via 0,186330 0,000061
view -0,009950 -0,000010
virtual 0,462035 0,000601
visibl 1,021651 0,000664
vitalik 2,813411 0,000914
voicevers 2,302585 0,000748
vol 0,616186 0,000601
volum 0,616186 0,000601
von 1,469676 0,000478
vtecryptocurrenciestechnolog 2,813411 0,000914
vtemedium 3,506558 0,001140
vulner 0,994252 0,001616
vyper 3,912023 0,001271
wai 0,105361 0,000068
wale 2,813411 0,000914
wallet 2,525729 0,002463
want 0,820981 0,000267
water 1,386294 0,000451
watzk 3,912023 0,001271
wayback 0,478036 0,000777
weak 1,660731 0,000540
weasel 2,407946 0,001565
web 0,342490 0,000111
webarch 1,021651 0,000332
wei 1,832581 0,000596
well 0,051293 0,000050
what -0,009950 -0,000003
which 0,000000 0,000000
while 0,051293 0,000050
white 1,108663 0,001081
whitepap 3,218876 0,002092
whom 2,120264 0,000689
whoppercoin 2,813411 0,000914
wigan 3,912023 0,001271
wiki 1,427116 0,001391
wikidata 0,562119 0,000183
wikidatawikipedia 0,967584 0,000314
wikimedia -0,009950 -0,000003
wikipedia -0,009950 -0,000019
wikipediacontact -0,009950 -0,000003
william 0,616186 0,000200
win 1,469676 0,000478
wish 1,609438 0,000523
within 0,116534 0,000076
without 0,094311 0,000031
wittenberg 3,912023 0,001271
wohrer 3,912023 0,001271
word 0,446287 0,000290
work 0,030459 0,000059
workshop 1,347074 0,000438
world 0,139262 0,000136
worth 1,897120 0,000617
written 0,287682 0,000093
www 0,356675 0,000232
wyom 3,912023 0,003814
xiwei 3,506558 0,001140
xrp 2,813411 0,000914
yaga 3,912023 0,001271
yak 3,506558 0,001140
yet 0,891598 0,000290
yuan 2,659260 0,000864
zcash 2,813411 0,000914
zdnet 1,560648 0,000507
zdun 3,912023 0,001271
zhifeng 3,912023 0,001271
zhou 2,407946 0,000783
zivilprozess 3,912023 0,001271
ziyaad 3,912023 0,001271
zoran 3,218876 0,001046
zunino 3,912023 0,001271
