aalborg 3,912023 0,000280
aaron 1,714798 0,000123
abba 3,506558 0,000251
abbeel 3,506558 0,000251
abdelhak 3,912023 0,000280
abhik 3,912023 0,000280
abil 0,562119 0,000281
abiodun 3,912023 0,000280
abl 0,733969 0,000420
aboul 3,912023 0,000560
abreu 3,506558 0,000502
abudami 3,912023 0,000280
aburukba 3,912023 0,000280
academ 0,693147 0,000050
academia 2,120264 0,000152
acceler 1,021651 0,000146
access 0,127833 0,000174
accessori 2,659260 0,000190
accid 2,813411 0,000604
accommod 1,897120 0,000136
accord 0,287682 0,000103
account -0,009950 -0,000003
accumul 1,714798 0,000245
accur 1,203973 0,000172
accuraci 1,469676 0,000210
acharjya 3,912023 0,000839
achiev 0,510826 0,000073
ackerman 3,506558 0,000251
aclu 3,912023 0,000560
acm 0,755023 0,000054
acquir 1,203973 0,000258
acquisit 1,203973 0,000086
across 0,415515 0,000178
act 0,713350 0,000408
action -0,009950 -0,000007
activ 0,356675 0,000230
activist 2,813411 0,000201
actor 1,832581 0,000262
actual 0,597837 0,000214
actuat 2,813411 0,001409
ad 0,198451 0,000014
ada 1,609438 0,000115
adam 1,203973 0,000172
adapt 0,798508 0,000228
add -0,009950 -0,000002
addit -0,009950 -0,000004
addition 0,967584 0,000208
address 0,342490 0,000465
adeoy 3,912023 0,000280
adequ 1,660731 0,000238
adfm 3,912023 0,000280
adibi 3,912023 0,000280
adjust 1,078810 0,000077
administ 2,207275 0,000158
administr 0,867501 0,000124
adopt 0,415515 0,000565
adrc 3,912023 0,000280
adrian 2,813411 0,000402
adriano 3,912023 0,000280
adult 2,995732 0,000429
advanc 0,235722 0,000253
advantag 0,693147 0,000149
advertis 1,347074 0,000096
advfm 3,912023 0,000280
advoc 1,714798 0,000123
advocaci 2,525729 0,000181
aerospac 1,771957 0,000127
afar 3,912023 0,000280
affect 0,693147 0,000149
affix 3,912023 0,000280
afford 2,040221 0,000292
afnor 3,912023 0,000280
afrikaan 1,108663 0,000079
afzal 3,912023 0,000280
ag 0,867501 0,000372
against 0,462035 0,000066
agboma 3,912023 0,000280
agenc 1,108663 0,000238
agenda 2,407946 0,000172
agent 0,733969 0,000210
aggreg 1,514128 0,000325
agil 2,040221 0,000146
agre -0,009950 -0,000001
agricultur 1,347074 0,000578
ahm 2,040221 0,000438
ahmad 2,407946 0,000172
ahmadi 3,912023 0,000280
ahmadreza 3,912023 0,000560
aid 0,843970 0,000181
aim 0,634878 0,000272
air 1,660731 0,000356
airport 2,407946 0,000172
aisgalego 1,309333 0,000094
akash 3,912023 0,000280
akkari 3,912023 0,000280
ala 2,995732 0,000214
alahmad 3,912023 0,000280
alastair 3,218876 0,000230
alberto 2,525729 0,000542
alena 3,912023 0,000560
alert 1,897120 0,000543
alex 1,469676 0,000210
alexa 2,525729 0,000361
alexand 1,237874 0,000089
alfandi 3,912023 0,000280
algorithm 0,462035 0,000132
alhaizaei 3,912023 0,000280
alhakami 3,912023 0,000280
ali 1,609438 0,000576
align 1,272966 0,000091
alik 2,813411 0,000201
aliouat 3,912023 0,000280
alippi 3,912023 0,000280
allaoua 3,912023 0,000280
alleven 3,912023 0,000280
allianc 1,832581 0,001049
alloc 0,941609 0,000067
allow 0,061875 0,000058
almir 3,912023 0,000280
almquist 3,912023 0,000280
alon 1,272966 0,000091
along 0,462035 0,000066
alongsid 1,660731 0,000119
alphabet 1,469676 0,000105
alreadi 0,776529 0,000278
alsulami 3,912023 0,000280
altair 3,506558 0,000251
altern 0,342490 0,000049
although 0,287682 0,000041
alumni 3,506558 0,000251
alwai 0,597837 0,000086
amar 3,218876 0,000230
amazon 1,309333 0,000562
ambient 2,995732 0,001928
ambiesens 3,912023 0,000280
ambigu 1,386294 0,000297
ambit 3,218876 0,000230
ambul 3,912023 0,000560
amend 1,609438 0,000115
american 0,415515 0,000208
ami 2,659260 0,000571
amiot 3,912023 0,000280
amira 3,912023 0,000560
amit 2,407946 0,000172
among 0,356675 0,000179
amongst 2,120264 0,000152
amorph 3,218876 0,000230
amount 0,579818 0,000083
amp -0,009950 -0,000019
analysi 0,186330 0,000080
analyt 0,798508 0,000857
analyz 0,843970 0,000543
anarch 2,995732 0,000643
anbuki 3,912023 0,000280
andcommun 3,218876 0,000230
ander 2,995732 0,000214
andhra 3,912023 0,000280
andi 1,714798 0,000123
andr 2,120264 0,000152
andrad 3,506558 0,000251
andrew 0,820981 0,000059
android 1,272966 0,000728
anh 3,912023 0,000280
ani 0,083382 0,000042
ann 1,514128 0,000108
anna 2,207275 0,000158
anni 3,506558 0,000251
annot 1,108663 0,000079
announc 0,733969 0,000105
annual 0,776529 0,000333
anoth 0,127833 0,000055
anselmo 3,912023 0,000280
answer 1,171183 0,000084
ant 2,302585 0,000165
antenat 3,912023 0,000280
antenna 2,995732 0,000214
anthoni 1,714798 0,000491
anti 1,560648 0,000335
antiviru 2,407946 0,000172
anton 2,207275 0,000158
antonakaki 3,912023 0,000280
antonio 2,120264 0,000152
anyth 2,207275 0,000158
apertur 3,218876 0,000230
api 0,798508 0,000114
app 1,021651 0,000804
appeal 2,040221 0,000292
appear -0,009950 -0,000003
appl 1,203973 0,001206
appli -0,009950 -0,000006
applianc 1,966113 0,001406
applic 0,030459 0,000203
approach 0,174353 0,000125
appropri 0,867501 0,000372
approv 1,272966 0,000091
approxim 0,891598 0,000064
april 0,072571 0,000156
arag 3,912023 0,000280
architectur 0,400478 0,000544
archiv 0,040822 0,000091
ardiri 3,912023 0,000280
arduino 2,995732 0,000214
area 0,478036 0,000718
aren 2,659260 0,000190
arena 1,966113 0,000141
argu 0,994252 0,000640
aris 1,469676 0,000105
arkian 3,912023 0,000280
arl 3,912023 0,000560
arlo 3,912023 0,000280
arm 1,469676 0,000105
armi 2,207275 0,000947
around 0,356675 0,000153
arpan 3,912023 0,000280
arpanet 2,813411 0,000201
arthur 1,427116 0,000102
articl 0,000000 0,000000
articleabout -0,009950 -0,000001
articletalk -0,009950 -0,000001
artifici 0,994252 0,000640
artm 3,912023 0,000280
arvin 3,506558 0,000251
arxiv 1,078810 0,001080
asadullah 3,912023 0,000280
ashish 2,659260 0,000190
ashour 3,912023 0,000560
ashton 2,995732 0,000643
asia 1,560648 0,000112
asic 2,995732 0,000214
ask 0,867501 0,000062
aspect 0,616186 0,000044
aspir 2,659260 0,000190
assembl 0,867501 0,000124
assemblymag 3,912023 0,000280
assert 1,514128 0,000217
assess 1,021651 0,000146
assessmentscomput 3,912023 0,000280
asset 1,139434 0,000733
assign 0,798508 0,000057
assist 1,139434 0,000896
associ 0,127833 0,000018
assumpt 1,171183 0,000084
ast 2,407946 0,000172
atlant 2,120264 0,000152
atmospher 2,659260 0,000190
atomtron 3,506558 0,000251
atri 3,912023 0,000280
atta 3,912023 0,000280
attack 0,867501 0,001117
attempt 0,478036 0,000137
attent 1,203973 0,000258
attentional 3,912023 0,000280
attentiontechnolog 3,912023 0,000280
attitud 2,302585 0,000165
attribut -0,009950 -0,000001
atzori 3,912023 0,000560
audio 0,891598 0,000064
augment 1,237874 0,000177
august 0,162519 0,000291
authent 1,347074 0,000289
author 0,040822 0,000029
authoris 2,995732 0,000429
authoritarian 3,218876 0,000230
auto 1,514128 0,000650
autobiographi 3,912023 0,000280
autocatalyt 3,912023 0,000280
autoconfigur 3,912023 0,000280
autodesk 3,912023 0,000280
autoencod 2,659260 0,000190
autom 0,597837 0,001497
automat 0,462035 0,000165
automobil 2,407946 0,000344
automot 1,897120 0,000678
autonom 1,469676 0,001787
autonomi 2,302585 0,000659
autopilot 2,995732 0,000214
avail -0,009950 -0,000007
avatar 3,912023 0,000560
avoid 0,579818 0,000124
avrid 3,912023 0,000280
awar 1,203973 0,000517
award 1,609438 0,000115
azhar 3,506558 0,000251
azur 1,771957 0,000253
babi 2,813411 0,000201
back 0,462035 0,000066
backend 2,120264 0,000152
background 1,237874 0,000177
bacon 2,659260 0,000190
bad 1,347074 0,000096
badr 3,506558 0,000251
bahareh 3,912023 0,000280
bahasa 0,186330 0,000013
bai 2,813411 0,000402
bailei 2,813411 0,000201
bajo 3,912023 0,000280
baker 2,302585 0,000165
balanc 1,139434 0,000326
balbahaith 3,912023 0,000280
band 2,040221 0,000146
bandwidth 1,832581 0,000393
bank 0,941609 0,000067
bao 3,506558 0,000251
baptist 3,506558 0,000251
barandun 3,912023 0,000280
barcod 3,218876 0,000230
barebox 3,912023 0,000280
barekatain 3,912023 0,000280
barnaghi 3,912023 0,000280
barrier 1,660731 0,000713
barrista 3,912023 0,000280
base 0,010050 0,000022
basic 0,198451 0,000057
basket 2,813411 0,000805
basto 3,912023 0,000280
batteri 2,207275 0,001105
battl 1,832581 0,000262
battlefield 2,995732 0,001714
bauer 3,218876 0,000230
bbc 1,514128 0,000325
beal 3,506558 0,000251
becaus 0,127833 0,000046
becom 0,274437 0,000118
bed 2,995732 0,000429
beer 2,525729 0,000181
began 0,634878 0,000045
begin 0,385662 0,000055
begun 1,966113 0,000281
behav 1,427116 0,000102
behavior 0,342490 0,000147
behind 0,867501 0,000062
beissweng 3,912023 0,000280
belief 1,714798 0,000123
believ 1,272966 0,000364
belmondo 3,912023 0,000280
belt 2,525729 0,000181
ben 1,309333 0,000187
benatallah 3,912023 0,000280
beneficiari 2,995732 0,000429
benefit 0,776529 0,000611
bentaleb 3,912023 0,000280
bentham 3,506558 0,000502
beo 3,912023 0,000280
beren 3,912023 0,000280
beresford 3,506558 0,000251
berg 2,407946 0,000172
berlin 1,386294 0,000099
bernhard 2,407946 0,000172
bertin 3,912023 0,000280
bertrand 2,659260 0,000190
bessi 3,912023 0,000280
best 0,462035 0,000198
better 0,494296 0,000212
bewar 3,218876 0,000230
beyond 0,713350 0,000102
bhatia 2,659260 0,000190
bhatt 3,912023 0,000560
bibcod 0,693147 0,001140
bibliographi 1,966113 0,000281
bicchierai 3,218876 0,000230
bid 2,407946 0,000344
big 0,673345 0,000578
biggest 1,897120 0,000136
bilal 3,506558 0,000251
bilg 3,912023 0,000280
bilingu 3,506558 0,000251
bill 0,776529 0,000555
billboard 3,912023 0,000280
billion 1,078810 0,001312
binari 0,916291 0,000066
bioethic 3,218876 0,000230
biologi 1,347074 0,000096
biometr 2,995732 0,000429
biosensor 3,912023 0,000560
biotechnolog 2,813411 0,000201
bipartisan 3,912023 0,000280
birth 1,897120 0,000136
bitbak 3,912023 0,000280
black 1,203973 0,000086
ble 3,912023 0,000280
blend 2,525729 0,000181
blind 2,120264 0,000152
block 0,597837 0,000043
blockchain 1,609438 0,000345
blog 0,713350 0,000357
blood 2,525729 0,000181
bluetooth 2,302585 0,001317
bo 2,407946 0,000344
board 0,843970 0,000483
boat 2,659260 0,000951
bob 1,832581 0,000131
boca 2,120264 0,000303
boga 3,912023 0,000280
boingbo 3,912023 0,000280
bokm 0,127833 0,000009
bond 1,832581 0,000131
book 0,210721 0,000075
boon 3,912023 0,000280
boot 1,966113 0,000281
bootload 3,218876 0,000230
border 1,771957 0,000253
born 1,966113 0,000141
borriello 3,912023 0,000280
bosanski 1,347074 0,000096
botnet 2,659260 0,000761
boundari 1,427116 0,000102
bourelo 3,912023 0,000280
bpm 3,912023 0,000280
bpmj 3,912023 0,000280
bradai 3,912023 0,000280
braid 3,506558 0,000251
brake 2,995732 0,000429
branch 1,021651 0,000073
brandon 2,120264 0,000152
brazil 2,207275 0,000158
breach 1,714798 0,000368
bresciani 3,912023 0,000280
brew 3,218876 0,000230
brick 2,525729 0,000181
bricklei 3,912023 0,000280
bridg 1,427116 0,000306
brief 1,237874 0,000089
bring 1,021651 0,000292
britain 2,207275 0,000158
british 1,203973 0,000258
broadband 2,995732 0,000429
broadcast 1,832581 0,000262
broaden 2,659260 0,000190
broader 1,309333 0,000094
broggi 3,912023 0,000280
brookman 3,912023 0,000280
brown 1,237874 0,000443
browser 1,021651 0,000073
bruce 1,514128 0,000325
bruch 3,506558 0,000251
bu 1,966113 0,000141
bug 1,171183 0,000084
buggi 3,912023 0,000280
build 0,274437 0,000216
buildroot 3,912023 0,000280
built 0,462035 0,000198
bukhari 3,506558 0,000251
bulk 2,040221 0,000146
bureau 1,609438 0,000115
burst 2,302585 0,000165
bursztein 3,912023 0,000280
buse 3,912023 0,000280
busi 0,287682 0,000679
busybox 3,506558 0,000251
butterworh 3,912023 0,000280
buyer 1,832581 0,000262
buyya 3,912023 0,000560
byzantin 2,659260 0,000190
cai 3,912023 0,000560
california 1,021651 0,000585
call 0,030459 0,000009
cambridg 0,755023 0,000108
camera 1,832581 0,001442
camero 3,912023 0,000280
cameron 2,407946 0,000172
campu 2,813411 0,000201
canadian 1,714798 0,000123
cannot 0,314711 0,000068
canteen 3,912023 0,000280
capabl 0,562119 0,000281
capac 1,237874 0,000266
capit 0,994252 0,000071
capl 3,912023 0,000280
captur 0,916291 0,000197
car 1,309333 0,000936
carbon 1,609438 0,000115
cardiovert 3,912023 0,000280
cardwel 3,912023 0,000280
care 1,237874 0,000443
caregiv 3,912023 0,000280
cargo 2,302585 0,000165
carli 3,218876 0,000230
carnegi 2,525729 0,000361
carrasco 3,506558 0,000251
carri 0,967584 0,000208
carrol 2,995732 0,000214
case 0,083382 0,000054
cash 1,386294 0,000099
cass 3,506558 0,000251
cassandra 3,218876 0,000230
cat 2,120264 0,000152
catal 0,094311 0,000007
categori -0,009950 -0,000002
catherin 2,525729 0,000181
caucu 3,912023 0,000280
caught 2,813411 0,000201
caus 0,430783 0,000123
caution 2,659260 0,000380
cavforth 3,912023 0,000280
cbram 3,506558 0,000251
cc 2,525729 0,000181
ccdc 3,912023 0,000280
cclm 3,912023 0,000280
celsiu 3,218876 0,000230
cens 3,912023 0,000280
center 0,415515 0,000149
centr 1,469676 0,000105
central 0,478036 0,000171
centralis 3,218876 0,000230
centric 1,966113 0,000422
centuri 0,843970 0,000241
ceo 1,714798 0,000245
cerberu 3,912023 0,000560
certain 0,274437 0,000039
certif 1,078810 0,000077
cfi 3,506558 0,000251
chain 0,843970 0,000302
challeng 0,400478 0,001002
cham 2,407946 0,000172
chanc 1,660731 0,000119
chandra 3,218876 0,000691
chang 0,051293 0,000055
changesupload -0,009950 -0,000001
changsheng 3,912023 0,000280
channel 1,049822 0,000075
chaotic 2,813411 0,000201
chapter 0,891598 0,000255
character 1,203973 0,000086
characterist 0,843970 0,000423
charl 0,941609 0,000067
charlier 3,912023 0,000560
chauhan 2,995732 0,000214
chauhuri 3,912023 0,000280
check 0,634878 0,000045
cheikhrouh 3,912023 0,000280
chelsea 3,218876 0,000230
chemic 1,660731 0,000119
chemistri 1,427116 0,000102
chen 1,309333 0,000375
cheng 2,040221 0,000292
chengyu 3,912023 0,000280
cherup 3,912023 0,000280
chia 2,525729 0,000361
chicago 1,609438 0,000345
chief 1,609438 0,000115
children 1,832581 0,000131
china 0,967584 0,000069
chintan 3,912023 0,000560
chip 1,309333 0,000094
chipless 3,506558 0,000251
cho 2,525729 0,000181
choic 0,755023 0,000108
chong 3,218876 0,000230
choo 3,912023 0,000280
chri 0,994252 0,000071
christian 1,560648 0,000223
christoph 1,078810 0,000077
chronic 2,995732 0,000429
chui 3,506558 0,000251
cia 2,525729 0,000181
cid 0,356675 0,001352
ciic 3,912023 0,000280
circuit 0,967584 0,000069
circumst 1,897120 0,000271
cisco 2,207275 0,001263
citat 0,248461 0,000107
cite 0,597837 0,000470
citi 1,272966 0,002731
citizen 1,966113 0,000562
citylab 3,912023 0,000280
civic 2,995732 0,000857
civil 1,309333 0,000187
civilian 2,525729 0,000181
claim 0,634878 0,000045
clais 3,912023 0,000280
clash 2,813411 0,000402
classifi 0,967584 0,000069
clau 3,912023 0,000280
clean 1,714798 0,000123
clear 1,049822 0,000225
clearfield 3,506558 0,000502
clearli 1,771957 0,000127
clinic 1,832581 0,000393
close 0,356675 0,000077
closer 1,660731 0,000119
cloud 0,733969 0,001102
cloudflar 2,659260 0,000380
cluster 1,272966 0,000091
cmu 2,659260 0,001331
cnet 1,609438 0,000230
coap 3,912023 0,000280
coca 3,912023 0,000280
cochlear 3,912023 0,000280
cochran 2,995732 0,000214
coconut 3,506558 0,000251
code -0,009950 -0,000006
coffeemak 3,912023 0,000280
cognit 1,427116 0,000102
cohes 2,995732 0,000214
coin 0,941609 0,000202
coke 3,218876 0,001381
cola 3,912023 0,000280
colbert 3,506558 0,000251
collabor 0,941609 0,000539
collect 0,274437 0,000432
collingridg 3,218876 0,000230
collis 1,966113 0,000141
colombia 3,218876 0,000230
com 0,150823 0,000216
combat 1,897120 0,000136
combin 0,261365 0,000056
comcast 3,912023 0,000280
come 0,356675 0,000026
command 0,891598 0,000064
commenc 2,995732 0,000214
commerc 1,021651 0,000146
commerci 0,527633 0,000226
commiss 1,309333 0,000749
common -0,009950 -0,000007
commonli 0,342490 0,000073
commonswikidata 1,171183 0,000084
commun 0,139262 0,000647
comnet 3,912023 0,000280
compani 0,342490 0,000833
compar 0,342490 0,000024
comparison 0,371064 0,000080
compat 0,693147 0,000050
compet 1,139434 0,000081
competitor 1,966113 0,000281
compil 0,755023 0,000054
complet 0,223144 0,000048
complex 0,186330 0,000107
complianc 1,514128 0,000108
complic 1,427116 0,000204
compon 0,261365 0,000131
composit 1,386294 0,000099
compr 2,813411 0,000201
comprehens 0,867501 0,000062
compress 1,108663 0,000079
compris 1,714798 0,000245
compromis 1,897120 0,000271
comput 0,020203 0,000116
computerworld 1,609438 0,000230
comst 3,506558 0,000251
concept 0,198451 0,000213
concern 0,597837 0,001026
concurr 0,994252 0,000071
condit 0,579818 0,000207
conduct -0,009950 -0,000001
conext 3,912023 0,000280
confectionerynew 3,912023 0,000280
confer 0,274437 0,000314
confidenti 2,040221 0,000292
configur 0,798508 0,000343
confus 0,693147 0,000198
cong 3,506558 0,000251
congress 1,771957 0,000127
congression 2,525729 0,000181
conjunct 1,714798 0,000123
connect 0,430783 0,002773
consent 2,302585 0,000329
consequ 0,891598 0,000128
consid 0,274437 0,000216
consider 0,713350 0,000357
consist 0,301105 0,000172
consortium 1,771957 0,000760
constantli 1,966113 0,000281
constitut 1,272966 0,000091
constrain 1,897120 0,000678
constraint 1,139434 0,000163
construct 0,579818 0,000207
consum 0,653926 0,001403
consumpt 1,139434 0,000326
contact -0,009950 -0,000003
contain 0,162519 0,000151
contemporari 1,347074 0,000096
content -0,009950 -0,000006
context 0,446287 0,000351
contiki 3,912023 0,000280
continu 0,174353 0,000050
contrast 0,891598 0,000064
contribut -0,009950 -0,000001
control 0,020203 0,000095
controversi 1,171183 0,000251
convent 0,891598 0,000255
converg 1,832581 0,000786
convers 0,776529 0,000056
conveyor 2,813411 0,000201
convolut 2,302585 0,000165
cooki -0,009950 -0,000001
cooper 1,021651 0,000219
coordin 1,309333 0,000375
copeland 2,813411 0,000201
copi 0,891598 0,000191
core 0,579818 0,000041
corneliu 3,506558 0,000251
corpor 0,562119 0,000121
corrupt 1,832581 0,000131
cost 0,385662 0,000276
costa 2,995732 0,000214
council 1,427116 0,000408
count 0,916291 0,000066
counter 1,660731 0,000119
counterfeit 3,218876 0,000230
countri 0,867501 0,000186
coupl 1,514128 0,000108
cover 0,733969 0,000157
coverag 1,897120 0,000407
covid 1,966113 0,000141
cp 2,302585 0,000165
cpscom 3,912023 0,000560
cra 3,912023 0,000280
crave 3,912023 0,000280
crc 1,171183 0,000335
creat -0,009950 -0,000015
creation 0,653926 0,000047
creativ -0,009950 -0,000002
credenti 2,120264 0,000303
credibl 2,407946 0,000172
credit 0,867501 0,000124
crespi 3,912023 0,000560
crimin 1,771957 0,000253
cripplewar 3,912023 0,000280
critic 0,385662 0,000276
crop 2,407946 0,000344
cross 0,562119 0,000161
crowd 2,525729 0,000181
crowdsens 3,912023 0,000280
crucial 1,386294 0,000198
cruis 2,813411 0,000402
crump 3,506558 0,000251
crypto 1,897120 0,000136
cryptosystem 2,813411 0,000201
csa 3,506558 0,000502
cui 3,912023 0,000280
cultur 1,049822 0,000075
current 0,210721 0,000060
custom 0,544727 0,000234
cyber 1,427116 0,000817
cybereth 3,218876 0,000230
cyberlex 3,912023 0,000280
cybermethodolog 3,506558 0,000251
cybernet 2,040221 0,000146
cyberobject 3,912023 0,000280
cybersecur 1,966113 0,000844
czech 2,040221 0,000146
da 2,040221 0,000146
dag 2,813411 0,000201
dahua 3,912023 0,000280
dai 0,562119 0,000161
daili 1,427116 0,000204
dalla 3,218876 0,000230
dan 0,916291 0,000066
dang 3,218876 0,000230
danger 1,514128 0,000325
daniel 0,776529 0,000111
danish 2,659260 0,000571
dario 2,995732 0,000214
darpa 2,407946 0,000517
darrel 3,218876 0,000230
dash 2,302585 0,000329
dashboard 2,407946 0,000172
data 0,030459 0,000259
databas 0,072571 0,000047
dataczech 1,171183 0,000084
datagram 2,659260 0,000190
datamatrix 3,912023 0,000280
datastor 3,218876 0,000230
date 0,210721 0,000075
dattatrai 3,912023 0,000280
daunt 3,912023 0,000280
dave 1,771957 0,000253
davi 1,347074 0,000193
david 0,385662 0,000055
davo 3,506558 0,000251
dcan 3,912023 0,000280
ddo 2,995732 0,000643
de 0,430783 0,000031
dead 1,386294 0,000297
deal 0,843970 0,000121
decemb 0,061875 0,000106
decentr 1,714798 0,000981
decid 0,867501 0,000186
decis 0,400478 0,000344
decreas 1,660731 0,000119
dedic 1,272966 0,000364
deduc 2,407946 0,000172
deep 1,078810 0,000386
deepak 3,912023 0,000280
deer 2,995732 0,000214
default 0,693147 0,000050
defect 2,302585 0,000165
defens 1,386294 0,000099
defibril 3,912023 0,000280
deficit 2,813411 0,000201
defin 0,116534 0,000117
degre 0,916291 0,000197
dei 2,995732 0,000429
deleuz 3,912023 0,000839
delicato 3,912023 0,000280
deloitt 3,218876 0,000460
demand 0,820981 0,000059
dementia 3,218876 0,000230
demiri 3,912023 0,000280
democraci 2,659260 0,000571
demograph 1,897120 0,000136
demonstr 0,994252 0,000213
deni 1,609438 0,000230
denial 2,040221 0,000438
denmark 2,525729 0,000181
depart 0,843970 0,000241
department 3,218876 0,000230
departur 2,813411 0,000201
depend 0,105361 0,000038
deploi 1,108663 0,000159
deploy 1,049822 0,000976
depth 1,427116 0,000102
der 1,609438 0,000115
derberg 3,506558 0,000251
describ 0,174353 0,000075
descript -0,009950 -0,000001
descriptionshort 0,000000 0,000000
design 0,040822 0,000076
desk 2,407946 0,000172
despit 1,021651 0,000292
destruct 1,714798 0,000368
detail 0,510826 0,000110
detect 0,755023 0,000594
detector 2,525729 0,000181
determinist 1,771957 0,000127
devanand 3,912023 0,000280
develop -0,009950 -0,000028
devic 0,634878 0,008809
dhelim 3,912023 0,000280
diagnost 2,040221 0,000146
diala 3,912023 0,000280
dian 3,218876 0,000230
diego 2,813411 0,000402
dietlibc 3,912023 0,000280
differ 0,010050 0,000022
differenti 0,916291 0,000066
difficult 0,597837 0,000043
diffus 1,966113 0,000141
diger 3,218876 0,000230
digest 2,207275 0,000158
digit 0,400478 0,000831
dilemma 2,525729 0,000181
dimens 1,347074 0,000193
dimension 1,560648 0,000223
dimostheni 3,912023 0,000280
dina 2,995732 0,000214
dincer 3,912023 0,000560
direct 0,261365 0,000131
directli 0,415515 0,000089
disabl 1,609438 0,000806
disadvantag 1,966113 0,000141
disambigu 1,049822 0,000075
disc 2,120264 0,000152
discharg 3,506558 0,000251
disciplin 1,203973 0,000431
disclaim -0,009950 -0,000001
disclosur 1,966113 0,000422
disconnect 2,813411 0,000201
discov 1,108663 0,000079
discoveri 1,139434 0,000163
diseas 1,966113 0,000281
dish 3,506558 0,000251
dishwash 3,506558 0,000251
displai 0,755023 0,000108
dispos 3,218876 0,000460
disproportion 3,218876 0,000230
disput 1,309333 0,000094
disrupt 1,609438 0,001036
distinct 0,544727 0,000117
distribut 0,198451 0,000156
distributor 2,407946 0,000172
district 2,040221 0,000146
dittrich 3,912023 0,000280
divers 1,469676 0,000105
diversifi 2,813411 0,000201
divid 1,049822 0,000150
divis 1,237874 0,000089
divulg 3,912023 0,000280
dmca 3,218876 0,000230
dmy 0,994252 0,000071
dn 1,897120 0,000136
dobr 3,912023 0,000280
doctor 1,832581 0,000131
doi 0,162519 0,000988
domain 0,544727 0,000195
domest 1,514128 0,000108
domin 1,021651 0,000146
domot 3,506558 0,000251
domoticz 3,912023 0,000280
don 0,916291 0,000131
donat -0,009950 -0,000001
done 0,653926 0,000094
door 2,040221 0,000438
doorbel 3,912023 0,000560
dope 3,912023 0,000280
doubt 2,525729 0,000181
down 0,597837 0,000086
downfal 3,912023 0,000280
download -0,009950 -0,000001
draft 1,427116 0,000102
dream 2,302585 0,000165
drew 2,407946 0,000172
drive 0,867501 0,001055
driven 0,867501 0,000248
driver 1,237874 0,000531
driverless 3,218876 0,000230
drown 3,506558 0,000251
drowsi 3,506558 0,000251
drug 1,609438 0,000115
duart 3,912023 0,000280
due 0,261365 0,000187
dung 3,506558 0,000251
dunkel 3,912023 0,000280
durumer 3,912023 0,000280
dusit 3,912023 0,000280
dutch 2,120264 0,000303
dvr 3,912023 0,000280
dyn 3,506558 0,000251
dynam 0,342490 0,000147
earli 0,301105 0,000129
earnest 3,218876 0,000230
earth 1,272966 0,000364
earthquak 2,302585 0,000165
easi 1,021651 0,000146
easier 1,049822 0,000150
east 1,714798 0,000123
ebbit 3,912023 0,000280
ec 2,302585 0,000165
echo 1,897120 0,000136
eclips 1,771957 0,000127
ecolog 1,560648 0,000112
econom 0,653926 0,000281
economi 1,309333 0,000094
ecosystem 1,108663 0,000555
ecram 2,813411 0,000201
ed 0,210721 0,000166
eddi 3,218876 0,000230
edg 0,820981 0,000881
edit -0,009950 -0,000051
editcommun -0,009950 -0,000001
editori 2,525729 0,000181
edu 1,108663 0,000396
educ 0,494296 0,000071
edward 1,139434 0,000081
eetim 3,912023 0,000560
eff 2,659260 0,000380
effect 0,274437 0,000137
effici 0,287682 0,000206
effort 0,653926 0,000140
eggimann 3,912023 0,000280
egyptian 2,525729 0,000181
either 0,248461 0,000053
ejaz 3,912023 0,000280
elast 2,407946 0,000344
elder 3,506558 0,000502
elderli 3,912023 0,000560
electr 0,891598 0,000510
electromagnet 2,040221 0,000292
electron 0,430783 0,000647
element 0,301105 0,000108
eli 3,218876 0,000230
elimin 0,867501 0,000062
ella 3,912023 0,000560
elsevi 1,203973 0,000172
emamdoost 3,912023 0,000280
emb 2,302585 0,000165
embb 3,912023 0,000280
embed 0,755023 0,000918
embrac 2,040221 0,000146
emerg 0,527633 0,000491
emmanuel 2,995732 0,000429
emphasi 1,771957 0,000127
empow 2,302585 0,000165
enabl 0,274437 0,000746
encompass 1,660731 0,000119
encourag 1,203973 0,000086
encrypt 1,139434 0,000244
encyclopedia -0,009950 -0,000001
end 0,186330 0,000133
endow 2,407946 0,000172
enemi 2,407946 0,000344
energi 0,843970 0,001388
enforc 0,916291 0,000066
engag 1,609438 0,000806
engin 0,061875 0,000080
english -0,009950 -0,000001
englisharticl 2,995732 0,000214
englishsloven 0,510826 0,000037
enhanc 0,510826 0,000146
enol 3,912023 0,000280
enorm 2,302585 0,000165
ensur 0,713350 0,000357
entail 2,120264 0,000152
enterpris 0,446287 0,000192
entir 0,597837 0,000043
entiti 0,843970 0,000060
entranc 3,506558 0,000251
environ 0,385662 0,000662
environment 1,049822 0,001051
envis 3,218876 0,000691
epc 3,912023 0,000280
epcglob 3,912023 0,000280
ephemer 2,813411 0,000201
epic 2,040221 0,000146
equip 1,078810 0,001003
era 1,386294 0,000198
eric 1,078810 0,000154
ericsson 2,995732 0,000643
erl 2,995732 0,000214
erod 3,506558 0,000251
error 0,430783 0,000062
ersu 3,912023 0,000280
ervin 3,506558 0,000251
eskofi 3,912023 0,000280
espa 0,210721 0,000015
especi 0,415515 0,000089
essenti 0,634878 0,000227
establish 0,634878 0,000272
estefania 3,912023 0,000280
estim 0,820981 0,000176
etc 0,562119 0,000161
eth 3,218876 0,000230
ethernet 2,407946 0,000517
ethic 1,309333 0,000375
eucnc 3,912023 0,000280
eui 3,912023 0,000280
eula 3,912023 0,000280
eureka 3,912023 0,000280
europ 0,941609 0,000067
europa 2,525729 0,000181
european 0,733969 0,000315
evalu 0,562119 0,000121
evan 2,120264 0,000152
even 0,235722 0,000219
event 0,356675 0,000153
eventsrandom -0,009950 -0,000001
eventu 0,798508 0,000171
ever 1,272966 0,000273
everydai 1,832581 0,000131
everyth 1,309333 0,000749
everywher 2,120264 0,000152
evolut 0,820981 0,000117
evolv 1,078810 0,000309
evoth 3,912023 0,000280
exact 1,427116 0,000102
exactli 1,171183 0,000084
examin 0,867501 0,000062
exampl 0,020203 0,000027
exce 1,897120 0,000136
excess 1,386294 0,000099
exchang 0,579818 0,000124
exec 2,813411 0,000201
execut 0,356675 0,000128
exempt 2,995732 0,000214
exert 3,218876 0,000230
exist 0,186330 0,000107
expand 0,776529 0,000056
expect 0,494296 0,000035
expenditur 2,525729 0,000181
experi 0,510826 0,000037
expert 1,078810 0,000849
expertis 1,897120 0,000136
explain 0,798508 0,000114
explod 2,813411 0,000201
exploit 1,078810 0,000231
exploratori 1,966113 0,000141
export -0,009950 -0,000001
expos 1,272966 0,000091
express 0,544727 0,000117
extend 0,385662 0,000083
extens 0,342490 0,000073
extent 1,386294 0,000198
extern 0,030459 0,000007
extract 1,108663 0,000079
extrem 0,941609 0,000269
ey 1,660731 0,000356
eyer 3,506558 0,000251
fabio 2,813411 0,000201
fabric 2,302585 0,000659
face 1,021651 0,000219
facebook 1,560648 0,000112
facil 0,891598 0,000128
facilit 0,916291 0,000197
fact 0,579818 0,000083
factor 0,544727 0,000039
factori 1,514128 0,000217
fadel 3,506558 0,000251
fahl 3,912023 0,000280
fail 0,693147 0,000149
failur 1,021651 0,000292
fair 1,427116 0,000102
fake 2,302585 0,000165
fall 0,867501 0,000186
famili 0,994252 0,000071
fanian 3,912023 0,000280
fantasi 3,506558 0,000251
far 0,867501 0,000124
farahbakhsh 3,912023 0,000280
farlei 3,506558 0,000251
farm 1,966113 0,001266
farmbeat 3,912023 0,000839
farmer 2,659260 0,000571
fast 0,673345 0,000144
faster 0,994252 0,000071
fault 1,237874 0,000708
faz 3,912023 0,000280
fda 2,813411 0,000201
feamster 3,912023 0,000280
featur 0,210721 0,000166
februari 0,061875 0,000133
feder 1,021651 0,000438
feng 2,659260 0,000380
ferrari 3,912023 0,000280
ferreira 2,995732 0,000214
fertil 2,407946 0,000172
ffler 3,912023 0,000280
fiber 2,040221 0,000438
fiction 2,120264 0,000152
fidel 2,659260 0,000190
field 0,314711 0,000315
fierc 3,506558 0,000251
figur 1,272966 0,000091
fileperman -0,009950 -0,000001
filespeci -0,009950 -0,000001
film 1,386294 0,000198
final 0,494296 0,000141
financi 0,776529 0,000056
fing 3,912023 0,000280
finlei 3,218876 0,000230
finn 3,506558 0,000251
fire 1,560648 0,000223
firewal 2,120264 0,000152
firm 1,171183 0,000084
firmwar 2,207275 0,000631
first 0,020203 0,000017
fish 2,407946 0,000861
fit 1,203973 0,000258
fitbit 3,912023 0,000280
fitchard 3,912023 0,000280
five 0,776529 0,000056
flaw 1,469676 0,000315
fleet 2,659260 0,000951
flesh 3,506558 0,000251
float 1,347074 0,000193
floerkemei 3,912023 0,000560
flood 2,525729 0,000181
florenc 2,813411 0,000201
florida 2,207275 0,000316
flow 0,430783 0,000154
floyd 3,218876 0,000230
fluidmesh 3,912023 0,000280
focu 0,755023 0,000054
focus 0,653926 0,000187
fog 2,813411 0,001409
follow 0,072571 0,000021
food 1,469676 0,000105
foodnavig 3,912023 0,000280
foothold 3,506558 0,000251
footnot 2,813411 0,000201
footprint 2,207275 0,000158
forb 1,427116 0,000510
forc 0,597837 0,000342
forecast 1,078810 0,000309
forens 2,207275 0,000158
forest 1,832581 0,000262
forev 2,659260 0,000190
foreword 2,659260 0,000190
forget 2,659260 0,000190
form 0,072571 0,000021
formal 0,510826 0,000037
format 0,634878 0,000045
formerli 1,309333 0,000094
formul 1,714798 0,000123
fortifi 3,218876 0,000230
fortun 2,207275 0,000316
forum 1,203973 0,000344
forward 0,941609 0,000135
foucault 3,912023 0,001119
found 0,274437 0,000079
foundat -0,009950 -0,000009
founder 1,714798 0,000123
four 0,820981 0,000176
fourth 1,560648 0,000446
fpga 2,407946 0,000172
fragment 1,897120 0,001493
fram 3,506558 0,000251
framework 0,287682 0,000206
fran 0,223144 0,000016
franceschi 3,218876 0,000230
francisco 1,609438 0,000230
free -0,009950 -0,000004
freedom 1,609438 0,000230
freeman 2,659260 0,000190
freightlin 3,912023 0,000280
french 1,347074 0,000289
frequenc 1,078810 0,000386
fret 3,912023 0,000280
friedemann 3,912023 0,000560
friendli 1,386294 0,000099
friess 3,506558 0,000502
frontier 1,469676 0,000210
ftc 3,218876 0,001612
fulfil 1,771957 0,000253
full 0,371064 0,000027
fulli 0,616186 0,000088
function 0,030459 0,000020
fundament 0,478036 0,000171
fung 3,218876 0,000230
fuqaha 3,912023 0,000280
further 0,139262 0,000030
furthermor 1,272966 0,000273
fusion 1,514128 0,000108
futur 0,235722 0,000388
gadget 3,218876 0,000921
gaetano 3,912023 0,000280
gain 0,616186 0,000308
galileo 3,506558 0,000251
gambl 2,120264 0,000152
game 0,478036 0,000034
gap 1,347074 0,000096
garcia 2,525729 0,000181
gartner 2,302585 0,000823
gass 3,912023 0,000560
gatewai 2,302585 0,001317
gather 1,469676 0,000210
gatouillat 3,912023 0,000280
gautier 3,912023 0,000280
gdpr 2,813411 0,000402
gdr 3,912023 0,000560
gear 1,771957 0,000127
geetha 3,912023 0,000560
gegen 3,912023 0,000280
gener -0,009950 -0,000016
geneva 2,525729 0,000181
geo 2,407946 0,000172
geoff 2,525729 0,000181
geograph 1,078810 0,000309
georg 0,843970 0,000060
geospati 3,218876 0,000460
geoweb 3,912023 0,000280
gerald 2,407946 0,000172
german 1,386294 0,000198
germani 1,560648 0,000112
gerontolog 3,912023 0,000280
get 0,430783 0,000216
ghalib 3,912023 0,000280
giacomo 3,912023 0,000280
giandrin 3,912023 0,000280
gianei 3,912023 0,000280
gigahertz 3,506558 0,000502
gigaom 3,218876 0,000230
gilbert 2,302585 0,000165
gill 2,525729 0,000181
gilli 3,218876 0,000230
giot 3,912023 0,000560
github 1,078810 0,000077
give 0,446287 0,000032
given 0,261365 0,000056
glibc 3,218876 0,000230
glimps 3,218876 0,000230
global 0,446287 0,000319
globecom 3,912023 0,000280
glocom 3,912023 0,000280
glucos 3,912023 0,000280
go 0,462035 0,000099
goal 0,562119 0,000121
goddijn 3,912023 0,000280
goe 1,237874 0,000177
gogouv 3,912023 0,000280
goldman 2,207275 0,000316
gonzalez 2,995732 0,000214
good 0,616186 0,000176
goodby 3,218876 0,000460
goodman 2,659260 0,000380
googl 0,579818 0,000332
got 1,897120 0,000136
gotapi 3,912023 0,000280
gov 1,469676 0,000105
govern 0,544727 0,000857
government 2,207275 0,000158
gp 2,302585 0,000165
gpgpu 2,995732 0,000214
gradual 1,560648 0,000223
graduat 1,660731 0,000119
graham 2,040221 0,000146
grand 2,120264 0,000152
grant 1,139434 0,000081
greater 0,755023 0,000108
greec 2,302585 0,000165
green 0,916291 0,000197
greenberg 2,525729 0,000181
greencom 3,912023 0,000560
greenfield 3,218876 0,000230
greengard 3,506558 0,000251
grei 2,659260 0,000190
grell 3,912023 0,000280
grew 1,386294 0,000099
grid 1,660731 0,000356
group 0,186330 0,000200
grow 0,653926 0,000421
growth 0,733969 0,000210
guangzhou 3,912023 0,000560
guarante 1,078810 0,000077
guardian 1,560648 0,000223
gubbi 3,912023 0,000560
gudeman 3,912023 0,000280
guid 0,287682 0,000082
guidanc 1,714798 0,000245
guidelin 1,237874 0,000266
guidewai 3,912023 0,000280
guilin 3,912023 0,000280
guip 3,912023 0,000280
guizani 3,506558 0,000502
guo 2,813411 0,000201
haas 3,506558 0,000251
habib 3,506558 0,000251
habitat 2,995732 0,000214
hack 1,203973 0,000344
hacker 1,309333 0,000375
hadk 3,912023 0,000280
hajoon 3,506558 0,000251
halderman 3,912023 0,000280
haleem 3,218876 0,000230
hall 0,653926 0,000047
halow 3,912023 0,000280
hamam 3,912023 0,000280
hamid 3,912023 0,000280
hand 0,494296 0,000071
handbook 0,941609 0,000067
handl 0,415515 0,000178
hangzhou 3,506558 0,000251
hansson 3,506558 0,000251
happen 1,021651 0,000292
harald 3,218876 0,000230
harbi 3,912023 0,000280
hard 1,049822 0,000225
harden 2,407946 0,000344
harder 2,040221 0,000146
hardi 3,218876 0,000230
hardwar 0,579818 0,000166
harm 1,771957 0,000127
harmon 1,714798 0,000245
harold 2,120264 0,000152
harou 3,912023 0,000280
harpercollin 3,218876 0,000230
hart 2,813411 0,000201
harvard 1,386294 0,000397
harvest 1,897120 0,000136
harwood 3,912023 0,000280
hasan 2,302585 0,000165
hash 1,560648 0,000112
hashim 3,912023 0,000280
hassan 3,506558 0,001003
hassanien 3,912023 0,000560
haven 2,659260 0,000190
hdl 1,049822 0,000300
head 0,867501 0,000186
header 1,714798 0,000123
health 0,994252 0,001707
healthcar 1,347074 0,001060
healthi 2,813411 0,000402
hear 2,407946 0,000344
heart 2,207275 0,000316
heat 1,966113 0,000422
heater 3,506558 0,000251
heavi 1,609438 0,000230
heavili 1,203973 0,000086
heinemann 2,813411 0,000201
hell 2,995732 0,000214
hellstew 3,506558 0,000251
help 0,174353 0,000212
helplearn -0,009950 -0,000001
hemant 3,506558 0,000251
hendrick 3,912023 0,000280
henrik 3,506558 0,000251
hensel 3,912023 0,000280
heraklion 3,912023 0,000280
hererel -0,009950 -0,000001
hidden 0,843970 0,000181
hide -0,009950 -0,000003
higginbotham 3,912023 0,000280
high 0,223144 0,000128
higher 0,430783 0,000092
highli 0,867501 0,000062
highwai 2,302585 0,000329
hijack 2,040221 0,000146
hinden 3,506558 0,000251
hinder 2,302585 0,000329
hiran 3,912023 0,000280
hiroaki 3,912023 0,000280
histor 0,579818 0,000041
histori -0,009950 -0,000007
hoc 2,302585 0,000329
holist 3,506558 0,000251
holograph 2,995732 0,000214
home 0,616186 0,002732
homebrew 2,995732 0,000214
homekit 3,506558 0,001505
homeo 3,912023 0,000280
homepag 2,207275 0,000158
homeplug 3,912023 0,000280
homepod 3,506558 0,000251
honda 3,218876 0,000230
hong 2,040221 0,000146
hongzhi 3,912023 0,000280
honor 3,218876 0,000230
hood 2,525729 0,000181
hop 2,659260 0,000190
horizon 1,714798 0,000245
horn 2,407946 0,000172
hospit 2,407946 0,000861
hossain 3,506558 0,000251
hossein 2,659260 0,000380
host 0,755023 0,000054
hour 1,386294 0,000099
hous 0,820981 0,000059
household 2,120264 0,000152
howard 2,207275 0,000789
howev 0,094311 0,000067
hrvatskiidobahasa 1,203973 0,000086
hsu 3,506558 0,000251
http -0,009950 -0,000003
huang 1,897120 0,000271
huanlai 3,912023 0,000280
huansheng 3,912023 0,000280
huaqun 3,912023 0,000280
huawei 1,966113 0,000141
hub 2,040221 0,000876
hudson 2,659260 0,000190
huge 1,660731 0,000356
hugh 1,714798 0,000123
huh 3,912023 0,000280
huil 3,912023 0,000280
human 0,527633 0,000604
humid 3,912023 0,000280
hummu 3,912023 0,000280
hundr 1,237874 0,000177
husain 3,506558 0,000251
hussain 3,218876 0,000460
hussein 3,506558 0,000251
hutton 3,912023 0,000280
hvac 3,218876 0,000230
hype 2,120264 0,000152
hyperlink 2,040221 0,000146
hypervisor 2,407946 0,000172
hyuk 3,912023 0,000280
ian 1,347074 0,000193
ibp 3,912023 0,000280
icact 3,912023 0,000560
iccai 3,912023 0,000280
iccsii 3,912023 0,000280
icghit 3,912023 0,000560
icin 3,912023 0,000280
icoin 3,912023 0,000560
idea 0,527633 0,000113
ident 0,820981 0,000059
identif 1,139434 0,000815
identifi 0,356675 0,000332
idm 3,218876 0,000230
ieee 0,634878 0,002361
ieeen 3,912023 0,000560
ieeestd 3,912023 0,000839
iemb 3,506558 0,000251
iera 3,912023 0,000280
ietf 2,040221 0,001167
ignor 1,078810 0,000154
ignoredc 3,506558 0,000251
iiot 3,912023 0,002238
iitj 3,218876 0,001612
ileladewa 3,912023 0,000280
illinoi 1,966113 0,000141
imag 0,494296 0,000071
imia 3,912023 0,000280
immedi 0,967584 0,000069
immens 3,506558 0,000502
impact 0,544727 0,000312
impair 2,659260 0,000190
impetu 3,506558 0,000251
implant 2,995732 0,000643
implement 0,105361 0,000128
impli 0,994252 0,000071
import 0,162519 0,000058
importantli 2,302585 0,000165
improv 0,150823 0,000140
imran 3,218876 0,000230
ina 0,356675 0,000026
inaccess 2,659260 0,000190
inact 1,966113 0,000422
inasloven 0,616186 0,000044
inc -0,009950 -0,000003
incent 2,040221 0,000438
incid 2,120264 0,000152
inciner 3,912023 0,000280
includ 0,000000 0,000000
incompat 1,272966 0,000182
inconsist 2,302585 0,000329
incorpor 0,755023 0,000054
increas 0,287682 0,000247
increasingli 0,776529 0,000056
independ 0,527633 0,000113
index -0,009950 -0,000001
india 1,171183 0,000251
indian 1,771957 0,000127
indianapoli 2,813411 0,000201
indic 0,356675 0,000077
indin 3,912023 0,000560
individu 0,314711 0,000135
indonesiainterlinguaisizulu 2,995732 0,000214
indoor 3,218876 0,000230
industri 0,356675 0,001224
industryweek 3,218876 0,000230
infanc 3,506558 0,000251
infect 2,407946 0,000861
infest 3,912023 0,000280
influenc 0,579818 0,000083
infolab 3,506558 0,000251
inform 0,061875 0,000235
informat 1,966113 0,000562
informatik 3,506558 0,000251
informationcit -0,009950 -0,000001
informationweek 2,302585 0,000165
infrastructur 0,673345 0,000915
infsof 3,912023 0,000280
infsp 3,912023 0,000280
ingenu 3,218876 0,000691
inhabit 3,218876 0,000230
inher 1,469676 0,000210
initi 0,235722 0,000101
inject 1,386294 0,000397
injuri 2,525729 0,000181
ink 2,659260 0,000190
inlin 1,897120 0,000136
inn 2,995732 0,000214
innov 0,820981 0,000705
input 0,634878 0,000091
insecur 1,714798 0,000123
insid 0,579818 0,000290
insight 1,309333 0,000094
inspir 1,237874 0,000266
instal 0,994252 0,000284
instanc 0,478036 0,000137
instant 1,897120 0,000136
instead 0,301105 0,000065
institut 0,446287 0,000223
instrument 1,049822 0,000075
insuffici 1,966113 0,000141
insulin 3,506558 0,000251
insur 1,427116 0,000102
integr 0,174353 0,000337
intel 1,609438 0,000460
intellig 0,510826 0,001388
intelligenceconcept 3,506558 0,000251
intelligencetechnolog 3,912023 0,000280
intend 0,478036 0,000068
intent 1,171183 0,000251
intention 2,207275 0,000158
inter 1,966113 0,000281
interact 0,356675 0,000357
interconnect 1,966113 0,000703
intercontinent 2,995732 0,000214
interdisciplinari 2,302585 0,000165
interest 0,478036 0,000034
interfac 0,494296 0,000318
interior 2,120264 0,000152
intern 0,040822 0,000061
internationalgndnationalunit 1,108663 0,000079
internet 0,462035 0,009484
interoper 1,609438 0,000921
interpret 0,579818 0,000041
intersect 1,897120 0,000136
intervent 1,771957 0,000253
interview 1,427116 0,000102
intra 3,912023 0,000280
introduc 0,210721 0,000060
introduct 0,210721 0,000030
intuit 2,207275 0,000158
invas 2,407946 0,000344
inventionshidden 2,813411 0,000201
inventori 1,832581 0,000131
invernizzi 3,506558 0,000251
invest 0,967584 0,000138
investig 1,078810 0,000077
invis 1,897120 0,000136
involv 0,415515 0,000089
io 0,916291 0,000197
iobridg 3,912023 0,000280
iobt 3,912023 0,001399
ioe 3,912023 0,000280
iomt 3,912023 0,002238
iot 1,714798 0,040350
iotsan 3,912023 0,001119
iotsf 3,912023 0,000280
iphon 2,813411 0,000201
ipso 3,506558 0,000251
ipv 2,659260 0,001902
iqbal 3,912023 0,000280
irvin 3,218876 0,000230
isbn 0,051293 0,000235
ismcm 3,912023 0,000280
isn 2,302585 0,000165
israel 1,897120 0,000136
issn 0,478036 0,000821
issu 0,314711 0,000225
ist 3,506558 0,000251
istepanian 3,912023 0,000280
item -0,009950 -0,000002
ith 3,912023 0,000560
itif 3,912023 0,000280
itpro 3,506558 0,000251
itself 0,342490 0,000171
itu 2,659260 0,000571
jailbreak 3,218876 0,000460
jaim 3,218876 0,000230
jan 1,386294 0,000297
jane 2,407946 0,000172
janet 2,525729 0,000181
januari 0,083382 0,000161
japan 1,309333 0,000094
jargon 2,813411 0,000201
jason 1,771957 0,000253
jatind 3,218876 0,000230
java 0,891598 0,000064
javaid 3,218876 0,000230
javier 2,813411 0,000201
jayant 3,506558 0,000502
jayavardhana 3,912023 0,000560
jayawardena 3,912023 0,000280
jcot 3,912023 0,000280
jean 1,514128 0,000325
jeep 3,506558 0,000251
jelassi 3,912023 0,000280
jell 3,912023 0,000280
jenson 3,912023 0,000280
jeremi 2,120264 0,000303
jessica 2,525729 0,000181
jia 2,659260 0,000190
jiajia 3,912023 0,000280
jianhua 3,506558 0,000251
jin 2,813411 0,000201
jing 2,995732 0,000429
jini 3,218876 0,000230
jinmei 3,912023 0,000280
jiot 3,218876 0,002072
jiwu 3,912023 0,000280
jmpm 3,912023 0,000280
jnca 3,218876 0,000230
joao 3,912023 0,000280
joern 3,912023 0,000280
john 0,198451 0,000043
joi 2,525729 0,000361
join 1,386294 0,000198
jona 3,912023 0,000280
jong 3,912023 0,000280
jongho 3,912023 0,000280
jose 2,120264 0,000303
josef 3,506558 0,000251
joseph 0,820981 0,000117
journal 0,186330 0,000320
jsan 3,912023 0,000280
juan 2,207275 0,000158
juli 0,127833 0,000375
jumbl 3,506558 0,000502
jump -0,009950 -0,000001
junad 3,912023 0,000560
june 0,094311 0,000283
jurisdict 1,832581 0,000131
jussi 3,506558 0,000251
justin 1,897120 0,000136
kai 1,966113 0,000141
kamal 3,218876 0,000230
kamlesh 3,912023 0,000280
kandil 3,912023 0,000280
kang 2,995732 0,000214
kant 3,506558 0,000251
kapetanov 3,912023 0,000280
kaplan 2,407946 0,000172
kapoor 3,506558 0,000251
karl 1,966113 0,000141
karlgren 3,506558 0,000251
kasimati 3,912023 0,000280
kasperski 2,813411 0,000201
kat 3,506558 0,000251
kataoka 3,912023 0,000280
kaufmann 1,897120 0,000136
kbv 3,506558 0,000251
keep 0,733969 0,000315
kei 0,314711 0,000315
keller 2,995732 0,000429
ken 1,966113 0,000141
kesson 3,912023 0,000280
kevin 1,386294 0,000397
khale 3,218876 0,000230
khan 2,302585 0,000494
khelloufi 3,912023 0,000280
khizir 3,912023 0,000280
khuen 3,912023 0,000280
kiaei 3,912023 0,000280
kill 1,714798 0,000123
kim 1,832581 0,000393
kind 0,673345 0,000241
kindai 3,912023 0,000280
kingslei 3,218876 0,000230
kiosk 3,218876 0,000230
kirk 2,659260 0,000190
kirsten 3,912023 0,000280
kishor 3,912023 0,000280
kit 1,714798 0,000123
kitchen 3,218876 0,000230
klau 2,813411 0,000201
kling 2,995732 0,000214
klint 3,218876 0,000230
know 0,653926 0,000140
knowledg 0,597837 0,000257
known 0,127833 0,000018
kodak 3,506558 0,001003
kofi 3,506558 0,000251
konzern 3,912023 0,000280
korea 1,771957 0,000253
kortchmar 3,912023 0,000280
kotaro 3,912023 0,000280
kovach 3,506558 0,000251
kricka 3,912023 0,000280
kriminalit 3,912023 0,000280
krishnamurthi 3,506558 0,000251
ksr 3,912023 0,000280
kuan 2,995732 0,000214
kumar 1,966113 0,000141
kushalnagar 3,912023 0,000280
kwang 3,912023 0,000280
kyle 2,407946 0,000172
kyriazi 3,912023 0,000280
lab 1,171183 0,000754
labor 1,832581 0,000131
laboratori 1,309333 0,000749
lack 0,544727 0,000351
laizhong 3,912023 0,000280
lakhwani 3,912023 0,000280
lal 3,912023 0,000280
lamp 3,218876 0,000230
lan 2,407946 0,000172
land 1,309333 0,000094
landfil 2,995732 0,000214
landscap 1,771957 0,000127
lane 2,207275 0,000474
languag -0,009950 -0,000003
larg 0,127833 0,000146
largest 1,108663 0,000317
laser 2,302585 0,000165
last -0,009950 -0,000002
latenc 1,897120 0,000407
later 0,223144 0,000064
latest 0,994252 0,000071
latvi 0,994252 0,000071
launch 0,941609 0,000471
laurent 2,525729 0,000181
lauri 2,659260 0,000190
law 0,653926 0,000187
lawson 2,995732 0,000214
layer 0,713350 0,000765
le 1,609438 0,000115
lead 0,287682 0,000123
leader 1,714798 0,000368
leadership 2,207275 0,000474
learn 0,162519 0,000186
leav 1,078810 0,000231
lectur 1,139434 0,000244
led 0,446287 0,000160
ledger 2,040221 0,000292
left 0,916291 0,000066
legaci 1,309333 0,000094
legal -0,009950 -0,000004
legend 2,813411 0,000201
legisl 1,897120 0,000814
legislatur 3,218876 0,000230
leitao 3,506558 0,000251
lemon 3,912023 0,000280
lennart 3,218876 0,000230
lennox 3,506558 0,000251
lenovo 3,218876 0,000460
less 0,430783 0,000092
let 0,916291 0,000131
letter 0,843970 0,000060
leuven 3,506558 0,000251
levandowski 3,912023 0,000280
level 0,083382 0,000072
levelshuman 3,912023 0,000280
levin 2,813411 0,000201
lewi 2,407946 0,000344
lexolog 3,218876 0,000230
li 1,049822 0,000075
liabilityen 3,912023 0,000280
liabilityself 3,912023 0,000280
liam 2,813411 0,000201
liberti 2,407946 0,000172
librari 0,356675 0,000026
licens -0,009950 -0,000001
lidar 2,813411 0,000201
life 0,653926 0,000327
lifetim 2,120264 0,000303
light 1,049822 0,000826
lightweight 1,609438 0,000345
like 0,051293 0,000055
lilian 3,912023 0,000280
limit 0,186330 0,000147
lindner 3,218876 0,000230
line 0,261365 0,000112
linear 0,916291 0,000066
linearli 2,659260 0,000190
link -0,009950 -0,000011
linkpag -0,009950 -0,000001
linksarticl 1,021651 0,000073
linux 0,916291 0,000328
lipski 3,912023 0,000280
list 0,051293 0,000033
listc 2,302585 0,000329
literatur 1,272966 0,000091
lito 3,912023 0,000280
littl 0,820981 0,000059
littman 3,912023 0,000560
liu 1,427116 0,000408
live 0,733969 0,000945
livelihood 3,506558 0,000251
llc 1,714798 0,000245
load 0,891598 0,000191
loader 2,207275 0,000158
local 0,314711 0,000203
locat 0,527633 0,000340
lock 1,309333 0,000468
log -0,009950 -0,000001
logist 1,609438 0,000115
lombardmagyar 1,832581 0,000131
london 0,941609 0,000202
lonergan 3,912023 0,000560
long 0,287682 0,000185
longer 0,755023 0,000054
longest 2,525729 0,000181
longev 2,995732 0,000214
look 0,478036 0,000068
loop 1,347074 0,000193
lopez 2,995732 0,000214
lora 3,506558 0,000752
lorawan 3,912023 0,000280
lord 2,995732 0,000214
lorenzo 2,995732 0,000214
lori 3,218876 0,000230
lose 1,560648 0,000223
loss 0,891598 0,000128
lost 1,514128 0,000108
lot 1,386294 0,000198
loui 1,771957 0,000127
louka 3,912023 0,000280
lovejoi 3,912023 0,000280
low 0,478036 0,000513
lower 0,673345 0,000144
lowpan 3,912023 0,001399
lpwan 3,912023 0,000560
lstm 2,813411 0,000201
lte 2,995732 0,000643
luca 1,714798 0,000123
luigi 3,506558 0,000502
lukac 3,912023 0,000280
luong 3,912023 0,000280
lutz 3,218876 0,000230
lux 0,371064 0,000027
lwip 3,912023 0,000280
lwm 3,912023 0,000280
mac 1,237874 0,000354
machin 0,040822 0,000079
madani 3,218876 0,000460
made 0,186330 0,000080
madeingermani 3,912023 0,000280
madhusudhan 3,912023 0,000280
magazin 0,755023 0,000162
magrassi 3,912023 0,000560
mahdavinejad 3,912023 0,000280
mahmood 3,218876 0,000230
mahmoud 3,912023 0,000280
mahmud 3,218876 0,000230
mai 3,912023 0,000280
maia 3,912023 0,000280
maier 3,506558 0,000251
main -0,009950 -0,000007
mainli 1,021651 0,000073
maint 0,798508 0,000514
maintain 0,400478 0,000057
mainten 0,843970 0,000121
major 0,223144 0,000128
make 0,061875 0,000111
maker 1,771957 0,000127
malwar 1,897120 0,000136
man 0,843970 0,000181
manag 0,105361 0,000384
mangalam 3,912023 0,000280
mani 0,061875 0,000062
mania 2,813411 0,000201
manipul 0,673345 0,000144
manni 3,912023 0,000280
mano 3,912023 0,000280
manpow 3,218876 0,000230
manshaei 3,912023 0,000280
manual 0,994252 0,000142
manufactur 1,171183 0,002262
manuscript 2,525729 0,000181
map 0,616186 0,000044
march 0,116534 0,000225
marcio 3,912023 0,000280
marginean 3,912023 0,000280
marian 3,506558 0,000251
marimuthu 3,912023 0,000560
maritim 2,659260 0,000380
mark 0,261365 0,000131
market 0,446287 0,000543
marketplac 2,040221 0,000438
marku 2,302585 0,000165
martin 0,843970 0,000181
martinez 2,813411 0,000201
marus 3,912023 0,000560
marynowski 3,912023 0,000280
marzano 3,912023 0,000280
massachusett 1,514128 0,000108
massiv 1,609438 0,000460
massot 3,912023 0,000280
match 0,400478 0,000086
materi 0,616186 0,000088
matt 1,609438 0,000115
mattalo 3,912023 0,000280
matter 1,049822 0,000375
mattern 3,506558 0,000502
matthew 1,560648 0,000223
matthia 2,525729 0,000181
mauric 2,525729 0,000181
max 1,660731 0,000119
maxim 1,469676 0,000315
mcdaniel 3,912023 0,000280
mcewan 3,912023 0,000280
mckinsei 2,813411 0,000604
mean 0,083382 0,000042
meant 1,514128 0,000108
measur 0,371064 0,000133
mechan 0,356675 0,000153
media 0,139262 0,000060
mediat 2,302585 0,000329
medic 1,108663 0,001269
medicin 1,427116 0,000612
medium 1,171183 0,000251
meet 0,527633 0,000151
megan 2,813411 0,000201
mehdi 2,813411 0,000201
mehmet 3,912023 0,000280
melani 3,218876 0,000230
melayu 0,820981 0,000059
mellon 2,407946 0,000344
member 0,562119 0,000040
memori 0,562119 0,000161
mention 1,237874 0,000177
menu -0,009950 -0,000001
meola 3,912023 0,000280
merchant 2,407946 0,000172
mere 1,609438 0,000115
meritalk 3,912023 0,000560
merritt 3,912023 0,000280
mesh 2,407946 0,000689
mess 3,506558 0,000752
messag 0,400478 0,000200
messaoud 3,912023 0,000280
metal 1,469676 0,000420
metamorphosi 3,912023 0,000280
metaphor 2,407946 0,000172
meter 2,995732 0,001500
method 0,150823 0,000054
metric 1,309333 0,000094
metropolitan 3,218876 0,000691
mhealth 3,506558 0,000251
mhz 3,506558 0,000251
michael 0,385662 0,000221
michala 3,912023 0,000280
michel 1,560648 0,000335
micro 1,560648 0,000112
microcontrol 2,407946 0,000172
microelectron 3,218876 0,000230
micropython 3,506558 0,000251
microservic 2,302585 0,000165
microsoft 0,579818 0,000249
middl 1,203973 0,000172
mieux 3,912023 0,000280
mihalcik 3,912023 0,000280
mike 1,237874 0,000266
mikrotik 3,912023 0,000280
mile 2,659260 0,000380
militari 1,469676 0,000841
milk 3,218876 0,000230
millimet 3,218876 0,000230
million 0,843970 0,000241
milliped 3,506558 0,000251
min 2,120264 0,000152
mine 0,916291 0,000197
ming 3,506558 0,000251
mingwei 3,912023 0,000280
minhaj 3,912023 0,000280
minho 3,506558 0,000251
minim 0,579818 0,000083
minimalist 2,813411 0,000201
minimis 2,995732 0,000214
ministri 2,813411 0,000201
minteer 3,912023 0,000280
miori 3,912023 0,000280
mioti 3,912023 0,000280
mirai 3,912023 0,001119
mischief 3,912023 0,000280
misnom 3,506558 0,000251
misplac 3,218876 0,000460
misra 2,813411 0,000201
miss 0,867501 0,000310
missil 2,813411 0,000201
mission 1,714798 0,000123
mist 3,506558 0,000251
mit 0,776529 0,000167
mitig 1,347074 0,000385
mitp 3,912023 0,000280
mix 0,891598 0,000128
mizokami 3,912023 0,000280
mmtc 3,912023 0,000280
mmw 3,912023 0,000280
mnet 3,912023 0,000560
mobil -0,009950 -0,000020
modbu 3,912023 0,000280
model 0,116534 0,000108
modern 0,314711 0,000113
modif 1,386294 0,000297
modifi 0,527633 0,000038
modul 0,820981 0,000059
moham 2,207275 0,000158
mohammad 2,302585 0,000659
mohammadamin 3,912023 0,000280
mohammadi 3,506558 0,000251
mohammadreza 3,912023 0,000280
mohd 2,813411 0,000201
mohsen 2,995732 0,000429
moi 3,912023 0,000280
moistur 3,506558 0,000251
molluscan 3,912023 0,000280
momentum 2,040221 0,000292
monaco 3,912023 0,000280
mondai 2,525729 0,000361
monei 1,171183 0,000168
monica 3,218876 0,000230
monitor 1,021651 0,003507
montazerolghaem 3,912023 0,000560
montenegro 3,506558 0,000251
month 0,776529 0,000167
monthli 1,609438 0,000115
moon 2,040221 0,000146
moor 1,714798 0,000245
moorhead 3,912023 0,000280
morabito 3,506558 0,000251
moral 2,302585 0,000494
morchon 3,912023 0,000280
mordor 3,506558 0,000251
moreov 1,560648 0,000335
morgan 1,309333 0,000094
morrissei 3,912023 0,000280
morsalin 3,912023 0,000280
motherboard 2,659260 0,000380
motion 1,771957 0,000127
motor 2,040221 0,000438
moussa 3,912023 0,000280
move -0,009950 -0,000006
movement 1,108663 0,000079
mozilla 1,514128 0,000325
mqtt 2,995732 0,000214
mram 3,506558 0,000251
msc 3,912023 0,000280
msmc 3,912023 0,000280
mtconnect 3,912023 0,000560
mubashir 3,912023 0,000280
muhammad 2,407946 0,000689
mulder 3,218876 0,000230
mulin 3,912023 0,000280
multi 0,342490 0,000049
multifacet 3,506558 0,000502
multimedia 1,386294 0,000198
multin 2,813411 0,000201
multipl 0,094311 0,000067
multiplex 2,302585 0,000165
mulvenna 3,912023 0,000280
munish 3,912023 0,000280
munit 3,218876 0,000230
musaab 3,912023 0,000280
music 1,309333 0,000094
musl 3,506558 0,000251
mutat 2,302585 0,000165
mutual 1,386294 0,000198
muzzlei 3,912023 0,000280
nabaztag 3,912023 0,000280
nadra 3,506558 0,000251
najafi 3,912023 0,000280
nam 2,995732 0,000214
name 0,162519 0,000128
nanocomput 3,912023 0,000280
nanosecond 3,506558 0,000251
nanotub 3,218876 0,000230
narrow 2,207275 0,000158
narrowband 3,506558 0,000502
narten 3,912023 0,000280
nation 0,527633 0,000151
nationwid 2,813411 0,000604
nativ 1,078810 0,000309
natur 0,356675 0,000179
navia 3,912023 0,000280
navid 3,506558 0,000251
navig -0,009950 -0,000004
navlab 3,912023 0,000280
nden 3,912023 0,000280
ndss 3,506558 0,000251
near 1,171183 0,000084
nearbi 2,995732 0,000429
nearest 2,659260 0,000380
necess 2,407946 0,000172
necessari 0,616186 0,000176
necessarili 1,049822 0,000075
necessit 2,813411 0,000201
nederland 0,415515 0,000030
need 0,030459 0,000083
neighbour 3,912023 0,000280
neng 3,912023 0,000280
nest 1,609438 0,000691
net 0,385662 0,000110
netduino 3,912023 0,000280
netherland 1,897120 0,000136
netsilicon 3,912023 0,000280
network 0,127833 0,000987
neural 1,609438 0,000230
neuroeth 3,218876 0,000460
new 0,010050 0,000024
newark 3,506558 0,000251
newsroom 3,506558 0,000251
next 0,400478 0,000258
nfc 2,813411 0,001006
nfv 3,912023 0,000280
nguyen 2,525729 0,000542
nhtsa 3,506558 0,000251
nic 3,506558 0,000251
nick 1,469676 0,000105
nicki 3,506558 0,000251
nicola 2,120264 0,000152
night 2,813411 0,000201
nikhil 3,506558 0,000251
nilanjan 3,912023 0,000560
ning 2,407946 0,000172
nishi 3,912023 0,000280
nitti 3,912023 0,000280
niu 3,218876 0,000230
niyato 3,912023 0,000280
node 0,867501 0,000807
nodemcu 3,912023 0,000280
noel 3,218876 0,000460
nogueira 3,506558 0,000251
nois 1,427116 0,000204
non -0,009950 -0,000005
nordrum 3,912023 0,000280
norm 1,966113 0,000141
normal 0,673345 0,000048
norman 2,207275 0,000158
norsk 0,342490 0,000024
norwegian 2,407946 0,000172
nose 3,506558 0,000251
notabl 0,616186 0,000044
note 0,150823 0,000119
notif 2,207275 0,000316
notifi 2,120264 0,000152
notion 1,171183 0,000084
nourhan 3,912023 0,000280
novel 1,771957 0,000634
novemb 0,150823 0,000205
nram 3,506558 0,000251
number 0,040822 0,000041
numer 0,430783 0,000092
nunez 3,912023 0,000280
nurs 2,813411 0,000201
nutonomi 3,912023 0,000280
nyc 3,506558 0,000251
nyww 3,912023 0,000280
oauth 3,506558 0,000251
object 0,174353 0,000287
objet 3,912023 0,000280
observ 0,820981 0,000059
obsolesc 3,218876 0,000460
obstacl 2,407946 0,000172
occup 2,207275 0,000158
occupi 1,897120 0,000136
occur 0,510826 0,000110
ocean 2,407946 0,000861
ocf 3,506558 0,000502
oclc 0,891598 0,000191
octob 0,139262 0,000369
oecd 2,407946 0,000172
off 0,673345 0,000193
offer 0,248461 0,000089
offload 3,506558 0,000251
offshor 2,040221 0,000146
often 0,127833 0,000082
ogc 3,912023 0,001119
oic 3,912023 0,000280
older 1,237874 0,000266
oldid -0,009950 -0,000001
olesperantoeuskara 0,510826 0,000037
olfa 3,912023 0,000280
oliv 1,514128 0,000108
oliveira 3,506558 0,000251
olov 3,912023 0,000280
oma 3,912023 0,000839
omar 2,813411 0,000604
omkar 3,912023 0,000280
oneself 3,506558 0,000251
ongo 1,560648 0,000223
onlin 0,415515 0,000178
onto 1,660731 0,000119
onu 3,912023 0,000280
opaqu 2,407946 0,000172
open 0,150823 0,000280
openembed 3,218876 0,000230
openhab 3,912023 0,000280
opensourc 2,659260 0,000190
openthread 3,912023 0,000280
openwsn 3,912023 0,000280
oper 0,010050 0,000017
opportun 1,139434 0,000489
optic 1,386294 0,000397
optim 0,415515 0,000238
option 0,527633 0,000038
order 0,094311 0,000040
oregon 2,813411 0,000402
orfef 3,912023 0,000280
org -0,009950 -0,000003
organ -0,009950 -0,000009
organis 1,560648 0,000335
organiz 1,609438 0,000345
orient 0,653926 0,000094
origin -0,009950 -0,000024
orlando 3,218876 0,000230
orthopaed 3,506558 0,000502
oscar 3,218876 0,000230
osi 2,995732 0,000214
out 0,261365 0,000093
outcom 1,660731 0,000119
outdat 2,302585 0,000329
outer 2,302585 0,000165
outlet 3,218876 0,000230
oven 3,912023 0,000280
over 0,094311 0,000121
overal 0,967584 0,000208
overcom 1,714798 0,000245
overhead 1,469676 0,000105
overkil 3,506558 0,000251
overkillarticl 3,506558 0,000251
overlap 1,309333 0,000094
overview 0,616186 0,000088
ovidiu 3,506558 0,000502
owner 1,171183 0,000419
ownership 1,469676 0,000315
oxford 0,843970 0,000121
pace 2,525729 0,000181
pacemak 3,506558 0,000502
packag 0,776529 0,000500
packet 2,120264 0,000152
packt 2,120264 0,000607
padaki 3,912023 0,000280
page -0,009950 -0,000004
pagecontentscurr -0,009950 -0,000001
pageget -0,009950 -0,000001
pai 1,021651 0,000073
pair 1,309333 0,000094
pal 3,506558 0,000251
palaniswami 3,912023 0,000560
pan 2,525729 0,000181
panagioti 3,912023 0,000280
pandem 2,040221 0,000146
panoptic 3,912023 0,000560
panopticon 3,912023 0,001119
pantea 3,912023 0,000280
paper 0,527633 0,000151
paperless 3,912023 0,000560
paradigm 0,941609 0,000135
parallel 0,941609 0,000067
paramet 0,755023 0,000054
parello 3,912023 0,000280
parent 1,714798 0,000245
pari 1,660731 0,000119
park 1,771957 0,000634
parkshuttl 3,912023 0,000280
parliament 2,407946 0,000172
part 0,072571 0,000057
parti 0,616186 0,000132
partial 0,916291 0,000131
particip 1,021651 0,000146
particular 0,301105 0,000022
particularli 0,597837 0,000171
partnership 2,040221 0,000438
pasluosta 3,912023 0,000280
pasqual 3,912023 0,000280
pasquier 3,218876 0,000230
pass 0,776529 0,000111
passeng 1,966113 0,000141
passersbi 3,912023 0,000280
passiv 2,207275 0,000631
password 1,609438 0,000115
pastron 3,912023 0,000280
patch 1,560648 0,000335
patel 2,995732 0,000214
path 0,798508 0,000057
pathfind 3,912023 0,000280
pathwai 2,659260 0,000190
patient 1,832581 0,001049
patrick 1,714798 0,000123
pattern 0,494296 0,000212
paul 0,544727 0,000117
pave 3,506558 0,000251
pax 2,525729 0,000181
payam 3,912023 0,000280
pdf 0,139262 0,000428
pdfprintabl -0,009950 -0,000001
pedestrian 3,506558 0,000251
pedro 2,120264 0,000152
peer 1,771957 0,000127
pend 2,120264 0,000152
peng 2,995732 0,000429
peopl 0,356675 0,000434
peopleorgan 3,912023 0,000280
per 0,616186 0,000044
percent 1,514128 0,000433
percom 3,912023 0,000280
perera 3,912023 0,000280
perform 0,040822 0,000009
period 0,713350 0,000051
periodicalc 3,912023 0,000280
permit 1,203973 0,000086
perpetu 2,995732 0,000214
person -0,009950 -0,000008
perspect 0,733969 0,000210
pertain 2,995732 0,000429
pervas 3,218876 0,001151
pest 2,995732 0,000214
pete 3,218876 0,000230
peter 0,446287 0,000192
peterson 2,525729 0,000361
petra 3,912023 0,000280
petter 2,995732 0,000214
peyman 3,912023 0,000280
pfl 3,912023 0,000280
pham 3,218876 0,000230
phase 1,347074 0,000193
philip 1,469676 0,000526
philipp 2,407946 0,000172
philosoph 2,040221 0,000146
philosophi 0,994252 0,000071
phone 1,386294 0,000099
photo 1,832581 0,000393
photographi 2,659260 0,000190
php -0,009950 -0,000001
phrase 1,469676 0,000105
phy 3,506558 0,000502
physic 0,446287 0,000670
physiolog 2,995732 0,000214
pickup 3,912023 0,000280
piec 1,309333 0,000094
piedad 3,912023 0,000280
pieper 3,912023 0,000280
pieter 3,506558 0,000251
pilot 2,120264 0,000303
ping 2,407946 0,000172
pinpoint 2,995732 0,000214
pioneer 1,272966 0,000091
pittman 3,506558 0,000251
place 0,356675 0,000153
placement 2,040221 0,000146
plai 0,713350 0,000306
plan 0,430783 0,000185
planet 2,040221 0,000146
plant 1,771957 0,000253
plastic 2,525729 0,000181
platform 0,400478 0,000573
playstat 2,813411 0,000402
plc 2,302585 0,000494
pleasur 3,218876 0,000230
ploennig 3,912023 0,000280
pmc 1,272966 0,000364
pmid 0,994252 0,000640
podili 3,912023 0,000280
point 0,186330 0,000107
polic 2,120264 0,000152
polici -0,009950 -0,000008
policymak 2,813411 0,000201
polit 1,078810 0,000309
politico 3,506558 0,000251
pollut 1,832581 0,000131
polskiportugu 0,916291 0,000066
polyglot 3,218876 0,000230
poni 3,912023 0,000839
pontin 3,912023 0,000280
poon 3,506558 0,000251
poor 1,714798 0,000245
poorli 2,659260 0,000190
popul 1,309333 0,000094
popular 0,400478 0,000143
portabl 1,203973 0,000086
portalrec -0,009950 -0,000001
portion 1,560648 0,000223
pose 1,560648 0,000112
posit 0,616186 0,000044
possibl 0,186330 0,000160
post 0,478036 0,000103
postgresql 2,813411 0,000201
postscap 3,912023 0,000280
postscript 2,813411 0,000402
postul 3,506558 0,000251
postword 3,912023 0,000280
potenti 0,371064 0,000372
power 0,261365 0,000486
practic 0,186330 0,000160
practition 1,514128 0,000108
pradesh 3,912023 0,000280
pram 3,218876 0,000230
pranc 3,912023 0,000560
prasanna 3,912023 0,000280
prashant 3,912023 0,000280
prashanth 3,506558 0,000251
prasher 3,912023 0,000280
pratap 3,506558 0,000251
pre 0,941609 0,000067
precautionari 2,659260 0,000190
preced 1,427116 0,000204
precis 0,967584 0,000277
predetermin 2,525729 0,000181
predict 0,733969 0,000525
prefer 0,798508 0,000114
preishub 3,912023 0,000280
prepar 1,139434 0,000081
presenc 1,108663 0,000079
present 0,287682 0,000144
press 0,210721 0,000105
pressur 1,714798 0,000245
preval 2,040221 0,000146
prevent 0,634878 0,000182
previous 0,843970 0,000060
price 0,798508 0,000228
primari 0,527633 0,000038
primarili 0,653926 0,000047
primer 1,897120 0,000271
principl 0,385662 0,000165
print -0,009950 -0,000001
printer 2,525729 0,000181
priorit 1,609438 0,000115
prison 2,813411 0,000201
privaci -0,009950 -0,000033
privat 0,634878 0,000182
pro 1,237874 0,000089
proactionari 3,218876 0,000230
proactiv 2,659260 0,000190
problem 0,186330 0,000173
proc 2,040221 0,000146
proceed 0,579818 0,000083
process 0,051293 0,000099
procter 3,912023 0,000280
produc 0,342490 0,000073
product 0,174353 0,000374
professor 1,660731 0,000356
profil 1,021651 0,000073
profit -0,009950 -0,000001
profound 2,207275 0,000158
profoundli 3,506558 0,000251
program 0,116534 0,000100
programm 0,693147 0,000099
progress 1,171183 0,000084
project -0,009950 -0,000027
prometheu 3,218876 0,000230
promin 1,237874 0,000089
promis 1,078810 0,000077
promot 0,891598 0,000128
prompt 1,609438 0,000115
proof 1,347074 0,000193
proper 1,171183 0,000084
properli 1,309333 0,000094
properti 0,314711 0,000023
propos 0,510826 0,000256
proposit 2,120264 0,000455
proprietari 1,171183 0,000335
proquest 2,207275 0,000158
prospect 2,120264 0,000152
prospero 3,912023 0,000280
protect 0,462035 0,000363
protocol 0,527633 0,001057
prototyp 1,386294 0,000297
prove 1,171183 0,000168
proven 1,771957 0,000127
provid 0,061875 0,000159
provis 1,660731 0,000119
proxim 2,659260 0,000380
pst 3,506558 0,000251
public 0,127833 0,000137
publicli 1,309333 0,000094
publish 0,105361 0,000136
publisheral 3,912023 0,000280
pull 1,897120 0,000136
pump 2,995732 0,000643
pune 3,506558 0,000251
punish 2,659260 0,000190
purpos 0,248461 0,000160
purposefulli 3,218876 0,000230
pursu 1,966113 0,000141
purview 3,912023 0,000280
push 1,203973 0,000086
put 0,755023 0,000054
qian 2,407946 0,000172
qin 3,506558 0,000251
qiu 3,506558 0,000251
qo 3,506558 0,000251
qoe 3,912023 0,000280
qualcomm 2,995732 0,000214
qualiti 0,634878 0,000363
quang 3,506558 0,000251
quantifi 1,560648 0,000223
quantiti 1,049822 0,000075
quantum 1,171183 0,000084
quarter 1,897120 0,000136
quarterli 1,832581 0,000131
quentin 3,506558 0,000251
queri 1,139434 0,000081
question 0,597837 0,000128
queu 3,912023 0,000280
quick 1,609438 0,000115
quittek 3,912023 0,000280
qun 3,912023 0,000280
quot 1,049822 0,000150
qusai 3,912023 0,000280
raafat 3,912023 0,000280
racetrack 3,506558 0,000251
radar 1,897120 0,000407
radio 1,469676 0,000736
radiocommun 3,912023 0,000280
radiofrequ 3,506558 0,000251
raggett 3,218876 0,000230
railwai 2,407946 0,000172
rainfal 3,912023 0,000280
rais 1,237874 0,000089
raji 3,912023 0,000560
rajkumar 3,506558 0,000502
rald 3,912023 0,000560
ramp 3,506558 0,000251
random 0,693147 0,000099
rang 0,371064 0,000478
ranveer 3,912023 0,000280
rapid 1,203973 0,000344
rare 1,108663 0,000159
rasit 3,912023 0,000280
raspberri 2,525729 0,000361
rate 0,673345 0,000289
rather 0,287682 0,000021
ratio 1,386294 0,000099
raton 2,120264 0,000303
raymond 1,966113 0,000281
raza 3,506558 0,000251
rbaycanca 0,248461 0,000018
reach 0,755023 0,000270
read 0,162519 0,000023
readeditview 0,287682 0,000041
readi 1,309333 0,000094
readili 2,407946 0,000172
real 0,210721 0,000136
realiti 1,237874 0,000266
realiz 1,309333 0,000375
realli 1,660731 0,000119
reason 0,328504 0,000141
rebecca 2,525729 0,000181
receiv 0,400478 0,000057
recent 0,562119 0,000201
recogn 1,021651 0,000219
recognit 1,078810 0,000231
recommend 0,891598 0,000319
reconnaiss 3,218876 0,000230
record 0,400478 0,000029
recoveri 1,714798 0,000123
recruit 2,302585 0,000165
recur 2,995732 0,000214
recycl 2,407946 0,000172
reddi 2,659260 0,000190
reddip 3,912023 0,000280
redirect 0,673345 0,000048
reduc 0,274437 0,000177
reduct 1,203973 0,000086
refer -0,009950 -0,000004
referenc 1,609438 0,000230
reflect 0,562119 0,000040
refoufi 3,912023 0,000280
refriger 3,506558 0,000251
refus 2,040221 0,000146
reg 2,995732 0,000214
regain 3,218876 0,000230
regard 0,776529 0,000611
regim 2,120264 0,000303
regist -0,009950 -0,000002
regress 1,771957 0,000127
regul 0,916291 0,000983
regular 0,867501 0,000062
regulatori 1,427116 0,000612
rehmani 3,912023 0,000280
reilli 1,078810 0,000309
reinforc 1,660731 0,000238
reject 1,514128 0,000108
relat 0,030459 0,000030
relationship 0,653926 0,000094
releas 0,415515 0,000059
relev 0,798508 0,000171
reliabl 0,371064 0,000106
remain 0,400478 0,000143
remind 3,506558 0,000251
remot 0,776529 0,001000
render 0,994252 0,000071
renew 1,966113 0,000141
rent 2,659260 0,000380
repair 2,407946 0,000172
replac 0,494296 0,000071
replet 3,912023 0,000280
report 0,261365 0,000280
repres 0,235722 0,000017
republ 1,714798 0,000123
republicisraelotheryal 1,714798 0,000123
repudi 3,218876 0,000230
request 0,776529 0,000111
requir 0,051293 0,000095
research 0,223144 0,000479
researchg 2,813411 0,000201
resid 1,714798 0,000123
residenti 2,995732 0,000214
resili 2,120264 0,000152
resist 1,514128 0,000108
resolut 1,560648 0,000223
resolv 1,309333 0,000187
resourc 0,248461 0,000107
respect 0,544727 0,000039
respond 1,049822 0,000150
respons 0,415515 0,000267
reston 3,506558 0,000251
result 0,139262 0,000020
retail 1,386294 0,000099
retain 1,832581 0,000131
rethink 2,525729 0,000181
retriev -0,009950 -0,000099
return 0,510826 0,000037
reusabl 2,659260 0,000190
reveal 1,203973 0,000172
revenu 1,514128 0,000108
review 0,314711 0,000315
revis 1,021651 0,000219
revolut 1,272966 0,000273
revolution 2,525729 0,000361
revolv 2,525729 0,000542
reward 2,207275 0,000158
rewritten 1,966113 0,000141
reza 3,506558 0,000502
rezvan 3,912023 0,000280
rfc 1,714798 0,000491
rfid 2,813411 0,002012
rfidjourn 3,912023 0,000280
rfpro 3,912023 0,000280
rice 2,120264 0,000152
rich 1,309333 0,000187
richard 0,733969 0,000052
rick 2,407946 0,000172
rico 2,407946 0,000172
righi 3,912023 0,000280
right 0,314711 0,000023
ring 1,966113 0,000422
rio 2,995732 0,000214
rise 0,916291 0,000262
risk 0,579818 0,000539
river 1,309333 0,000375
riversid 3,218876 0,000230
rizhao 3,912023 0,000280
road 1,272966 0,000273
roadmap 2,302585 0,000329
robert 0,527633 0,000038
robot 1,347074 0,000674
robust 1,049822 0,000075
roel 3,506558 0,000251
roger 1,139434 0,000081
roi 1,832581 0,000262
role 0,527633 0,000453
rom 0,616186 0,000044
romascanu 3,912023 0,000280
roof 3,506558 0,000251
room 1,832581 0,000393
root 0,733969 0,000052
rosa 2,813411 0,000201
rossana 3,912023 0,000280
roughli 1,660731 0,000119
rout 1,108663 0,000079
router 1,714798 0,000123
routin 1,897120 0,000136
rowayda 3,506558 0,000251
rowland 3,912023 0,000839
royalti 2,525729 0,000181
rpma 3,912023 0,000560
rram 3,506558 0,000251
rser 3,218876 0,000230
rserv 3,218876 0,000230
ruben 2,995732 0,000214
ruh 3,912023 0,000280
run 0,248461 0,000089
runa 0,916291 0,000066
runh 3,912023 0,000280
rural 2,813411 0,000402
rush 2,659260 0,000190
russo 2,995732 0,000214
saad 2,995732 0,000214
sach 2,659260 0,000380
sadek 3,506558 0,000251
sadoghi 3,912023 0,000280
sae 3,912023 0,000280
saeid 3,912023 0,000280
safe 0,916291 0,000262
safeti -0,009950 -0,000010
saga 2,995732 0,000214
sagar 3,506558 0,000251
sahraoui 3,912023 0,000280
sai 0,616186 0,000441
sail 2,525729 0,000361
sajjad 3,506558 0,000502
salah 3,218876 0,000230
sale 1,049822 0,000075
saleem 3,506558 0,000502
sameh 3,912023 0,000280
samsung 2,040221 0,000438
samuel 1,714798 0,000245
san 1,203973 0,000517
sandeep 3,912023 0,000280
sandiegouniontribun 3,912023 0,000280
santand 3,506558 0,000251
santin 3,218876 0,000230
santucci 3,912023 0,000560
sar 3,506558 0,000251
satapathi 3,912023 0,000560
satellit 2,040221 0,000146
save 0,994252 0,000427
sayidul 3,912023 0,000280
sc 1,832581 0,000131
scalabl 1,203973 0,000689
scale 0,371064 0,000345
scan 1,660731 0,000475
scdiot 3,912023 0,000280
schedul 1,021651 0,000146
scheme 1,171183 0,000168
schilit 3,912023 0,000280
schneider 2,813411 0,000201
schneier 3,218876 0,000460
schoen 3,506558 0,000251
schoenwaeld 3,912023 0,000280
scholar 1,021651 0,000073
scholten 3,912023 0,000280
school 0,867501 0,000062
schumach 2,813411 0,000201
sciam 3,218876 0,000230
scienc 0,274437 0,000314
scientif 0,673345 0,000193
scientificamerican 3,218876 0,000230
scientist 1,171183 0,000251
scott 0,891598 0,000191
scout 2,813411 0,000201
screw 3,506558 0,000251
script 0,916291 0,000066
scuotto 3,912023 0,000280
sdn 3,912023 0,000839
sdomo 3,912023 0,000280
sean 1,609438 0,000115
search -0,009950 -0,000005
sec 2,207275 0,000158
section 0,446287 0,000096
sector 1,171183 0,000335
secur 0,274437 0,001786
securingindustri 3,912023 0,000280
securityinfowatch 3,912023 0,000280
see -0,009950 -0,000005
seek 1,021651 0,000146
seeli 3,912023 0,000280
seen 0,776529 0,000167
sehgal 3,912023 0,000280
seifeddin 3,912023 0,000280
seizur 2,525729 0,000181
sejdic 3,506558 0,000251
select 0,371064 0,000027
self 0,478036 0,000308
sell 1,139434 0,000326
semant 0,891598 0,000128
semi 0,843970 0,000060
semiconductor 2,302585 0,000329
senat 2,813411 0,000805
sender 2,302585 0,000165
senior 1,714798 0,000123
sens 1,049822 0,000826
sensit 1,078810 0,000309
sensor 1,347074 0,004721
sensori 2,995732 0,000214
sensorth 3,912023 0,000280
sent 1,171183 0,000251
seo 3,506558 0,000251
separ 0,400478 0,000029
septemb 0,150823 0,000464
sergei 1,966113 0,000141
seri 0,328504 0,000023
seriou 1,832581 0,000131
serv 0,713350 0,000255
server 0,597837 0,000257
servic 0,210721 0,000558
set 0,051293 0,000044
settl 2,207275 0,000158
setup 1,897120 0,000136
sever 0,072571 0,000057
severi 3,912023 0,000280
shackleton 3,912023 0,000280
shafiq 3,912023 0,000280
shah 2,207275 0,000158
shape 1,078810 0,000077
shard 2,813411 0,000402
share 0,301105 0,000345
sharealik -0,009950 -0,000001
shell 1,049822 0,000150
shen 2,659260 0,000190
sheng 3,506558 0,000251
sheth 3,506558 0,000251
shieh 3,912023 0,000280
shift 1,021651 0,000073
ship 1,272966 0,000182
shit 3,912023 0,000280
shiuhpyng 3,912023 0,000280
shix 3,912023 0,000280
short -0,009950 -0,000006
shorten -0,009950 -0,000001
shot 2,813411 0,000201
shown 1,237874 0,000177
shqip 1,966113 0,000141
shu 3,506558 0,000251
shut 2,207275 0,000158
shuttl 3,912023 0,000280
sich 3,912023 0,000280
side 0,579818 0,000041
sidebar -0,009950 -0,000003
sig 2,813411 0,000201
sigfox 3,912023 0,001399
sight 2,407946 0,000344
sign 0,916291 0,000262
signag 3,912023 0,000280
signal 0,755023 0,000054
signific 0,261365 0,000056
significantli 1,171183 0,000084
silo 2,995732 0,000214
silva 2,659260 0,000190
simi 0,755023 0,000054
similar 0,150823 0,000043
simpl 0,150823 0,000032
simpli 0,733969 0,000157
simplifi 0,820981 0,000176
simplist 3,506558 0,000251
sinc 0,139262 0,000020
singapor 1,897120 0,000814
singer 2,813411 0,000201
singh 1,714798 0,000245
singl 0,127833 0,000046
singular 2,207275 0,000158
sinha 3,218876 0,000230
sino 3,912023 0,000560
siot 3,912023 0,003917
siri 2,813411 0,000402
site -0,009950 -0,000002
situat 0,776529 0,000167
six 1,309333 0,000281
size 0,342490 0,000122
sizeabl 3,912023 0,000280
skill 1,427116 0,000102
slaven 3,912023 0,000560
sleep 2,407946 0,000172
sleepi 3,912023 0,000280
slenskaitaliano 0,562119 0,000040
small 0,314711 0,000090
smaller 0,994252 0,000071
smanchat 3,912023 0,000280
smart 1,049822 0,006758
smartdata 3,912023 0,000560
smartdust 3,912023 0,000280
smarter 2,525729 0,000723
smartest 3,912023 0,000280
smartli 3,506558 0,000251
smartphon 2,040221 0,000584
smartth 3,912023 0,001399
smoke 2,813411 0,000201
soa 2,813411 0,000201
soc 1,897120 0,000136
soca 3,912023 0,000280
sociabl 3,506558 0,000251
social 0,510826 0,000840
societ 2,995732 0,000429
societi 0,653926 0,000608
societydigit 3,912023 0,000280
sofien 3,912023 0,000280
softwar 0,127833 0,000155
soil 2,995732 0,000643
sold 1,347074 0,000289
soldier 2,813411 0,000201
solut 0,478036 0,000650
solv 0,820981 0,000117
somebodi 3,218876 0,000230
son 1,049822 0,000150
song 1,897120 0,000136
songdo 3,912023 0,000560
soni 2,525729 0,000181
sono 3,506558 0,000251
sood 3,912023 0,000280
sophist 1,203973 0,000086
sorour 3,912023 0,000280
sort 1,309333 0,000187
sottil 3,912023 0,000280
sourc 0,094311 0,000061
sousa 3,218876 0,000230
south 1,108663 0,000079
space 0,415515 0,000475
spain 2,207275 0,000158
span 1,771957 0,000127
spare 2,302585 0,000165
spark 1,714798 0,000123
spatial 1,660731 0,000713
speak 1,139434 0,000244
speaker 2,302585 0,000165
special 0,235722 0,000084
specif 0,051293 0,000070
specifi 0,446287 0,000096
spectral 1,966113 0,000141
spectrum 1,386294 0,000595
speech 1,469676 0,000210
speed 0,941609 0,000404
spektrum 3,506558 0,000251
spencer 2,659260 0,000190
spi 3,218876 0,000230
spime 3,912023 0,000280
spirit 2,995732 0,000214
spirito 3,912023 0,000280
spoil 3,912023 0,000280
spot 1,514128 0,000108
springer 0,527633 0,000415
sprinkler 2,995732 0,000214
spsm 3,912023 0,000280
spy 2,207275 0,000474
spyridon 3,912023 0,000280
sql 1,171183 0,000084
srikanth 3,912023 0,000560
sriniva 3,506558 0,000251
srpskisrpskohrvatski 0,510826 0,000037
ssh 2,407946 0,000172
ssrn 1,427116 0,000102
stacei 3,506558 0,000251
stack 0,843970 0,000060
stackpath 3,912023 0,000280
stage 1,139434 0,000244
stakehold 2,120264 0,000303
stall 2,040221 0,000292
stand 1,078810 0,000077
standalon 2,525729 0,000181
standard 0,094311 0,000344
stanford 1,309333 0,000562
start 0,261365 0,000037
startup 1,660731 0,000119
state 0,083382 0,000095
stateless 2,659260 0,000380
statement -0,009950 -0,000005
statementsal 2,207275 0,000158
statementsarticl 0,544727 0,000039
statesfrancebnf 0,510826 0,000037
station 2,120264 0,000303
statist -0,009950 -0,000003
statu 0,693147 0,000099
ste 3,912023 0,000280
steer 2,120264 0,000152
stefan 1,560648 0,000223
stefano 2,525729 0,000361
steinberg 3,912023 0,000280
stem 2,040221 0,000146
step 0,713350 0,000153
stephen 0,843970 0,000181
stephenson 3,506558 0,000251
stereo 2,995732 0,000214
sterl 3,218876 0,000230
sternberg 3,912023 0,000280
steve 1,078810 0,000154
stifl 2,995732 0,000429
still 0,342490 0,000220
stop 0,967584 0,000277
storag 0,430783 0,000308
store 0,356675 0,000357
strateg 1,171183 0,000084
strategi 0,733969 0,000315
stratman 3,912023 0,000280
stream 0,733969 0,000052
street 1,203973 0,000086
strictli 1,966113 0,000141
strong 0,776529 0,000111
structur 0,139262 0,000070
struggl 1,771957 0,000253
stuck 3,506558 0,000251
student 1,049822 0,000075
studi 0,314711 0,000135
style 0,941609 0,000067
sub 1,021651 0,000146
submit 1,427116 0,000102
subscrib 2,525729 0,000181
subscript 1,714798 0,000245
subsect 0,020203 0,000007
subsequ 0,916291 0,000066
subset 1,108663 0,000079
subsystem 2,207275 0,000158
subvert 3,506558 0,000251
success 0,494296 0,000177
successfulli 1,427116 0,000102
successor 1,897120 0,000136
sudarshan 2,813411 0,000201
sudipta 3,912023 0,000280
suffer 1,832581 0,000131
suffici 1,078810 0,000154
suggest 0,820981 0,000059
suit 0,891598 0,000255
suitabl 1,237874 0,000089
sumanth 3,912023 0,000280
summer 1,427116 0,000204
summit 2,040221 0,000146
sun 1,237874 0,000089
sungoor 3,912023 0,000280
suomisvenska 2,040221 0,000146
supersed 1,966113 0,000141
supervis 1,469676 0,000105
suppli 0,994252 0,000498
supplier 1,832581 0,000131
support 0,150823 0,000173
supriya 3,506558 0,000251
suranare 3,912023 0,000280
suresh 2,995732 0,000429
surg 1,771957 0,000127
surpass 1,897120 0,000136
surround 1,514128 0,000108
survei 0,462035 0,000231
surveil 1,560648 0,000335
surviv 1,609438 0,000115
sustain 1,171183 0,000419
suzann 3,218876 0,000230
sven 3,912023 0,000280
swan 2,659260 0,000190
swarm 2,207275 0,000316
switch 0,916291 0,000066
switzerland 1,897120 0,000271
sy 3,506558 0,000251
symposium 1,309333 0,000187
synchron 1,386294 0,000099
syngress 2,659260 0,000380
synthet 1,771957 0,000127
system 0,010050 0,000086
systemat 1,078810 0,000077
systemsgener 2,813411 0,000201
tabl -0,009950 -0,000001
tablet 1,832581 0,000131
tag 1,309333 0,000656
taiwan 2,407946 0,000172
take 0,210721 0,000166
taken 0,867501 0,000124
tale 3,218876 0,000230
talk 1,108663 0,000079
taltech 3,506558 0,000251
tame 3,218876 0,000230
tan 2,207275 0,000316
tao 2,407946 0,000172
target 0,462035 0,000099
task 0,415515 0,000267
tax 1,560648 0,000112
taxi 2,995732 0,000214
tcp 1,897120 0,000407
team 0,634878 0,000091
tech 0,843970 0,000423
techbeacon 3,912023 0,000280
techcrunch 1,660731 0,000119
techignit 3,506558 0,000251
technic 0,478036 0,000239
technica 1,347074 0,000096
techniqu 0,385662 0,000083
technolog 0,116534 0,001017
technologiesfieldsinform 3,506558 0,000251
technologiesoverview 3,912023 0,000280
teik 3,912023 0,000280
telecommun 1,347074 0,000289
teletyp 3,218876 0,000230
televis 1,514128 0,000108
temperatur 2,302585 0,000823
templat 0,301105 0,000022
tensorflow 2,407946 0,000172
term -0,009950 -0,000016
termin 0,941609 0,000135
terminolog 1,237874 0,000620
terribl 3,506558 0,000251
tesla 2,207275 0,000158
test 0,248461 0,000071
tetc 3,912023 0,000280
text -0,009950 -0,000001
textil 2,407946 0,000172
tgsm 3,912023 0,000280
thao 3,912023 0,000280
theft 1,966113 0,000281
themselv 0,843970 0,000241
theodora 3,912023 0,000280
theoret 0,776529 0,000111
theori 0,400478 0,000029
therapi 3,912023 0,000280
therebi 1,309333 0,000094
therefor 0,478036 0,000068
theregist 2,995732 0,000214
therein 3,912023 0,000560
thermostat 3,218876 0,000691
thing 0,798508 0,014963
thingsambi 3,912023 0,000280
think 1,049822 0,000150
third 0,342490 0,000049
thoma 0,527633 0,000189
thombar 3,912023 0,000280
thompson 1,714798 0,000123
thomson 2,525729 0,000181
though 0,544727 0,000117
thread 1,386294 0,000297
threat 1,309333 0,000468
three 0,287682 0,000206
throughout 1,078810 0,000077
throughput 2,120264 0,000607
throw 2,659260 0,000190
thu 0,314711 0,000090
tibtech 3,912023 0,000280
ticket 2,659260 0,000190
tie 2,813411 0,000201
tien 3,506558 0,000251
tier 1,660731 0,000950
tif 3,912023 0,000280
tim 0,867501 0,000248
time 0,000000 0,000000
timelin 0,733969 0,000052
timevagu 2,040221 0,000146
tinacymraegdanskdeutscheesti 2,302585 0,000165
tinker 2,995732 0,000429
tinyo 3,506558 0,000251
tip 2,407946 0,000172
titl -0,009950 -0,000001
todai 0,693147 0,000099
todd 2,407946 0,000172
togeth 0,579818 0,000124
toggl -0,009950 -0,000005
toler 1,386294 0,000099
tolkien 3,912023 0,000280
toll 3,506558 0,000251
tom 1,203973 0,000086
tomdispatch 3,912023 0,000280
tomorrow 2,525729 0,000181
toni 1,714798 0,000123
took 1,237874 0,000089
tool -0,009950 -0,000006
top -0,009950 -0,000001
topic -0,009950 -0,000004
topol 3,506558 0,000251
total 0,673345 0,000193
tough 2,813411 0,000201
toward 0,713350 0,000510
town 2,995732 0,000429
toxic 2,207275 0,000316
toybox 3,218876 0,000230
toyota 2,813411 0,000201
track 0,713350 0,000510
tractor 3,218876 0,000230
trade 0,916291 0,000197
trademark -0,009950 -0,000001
tradit 0,544727 0,000429
traffic 1,272966 0,000364
train 0,967584 0,000138
trak 3,912023 0,000280
tran 2,659260 0,000190
transact 0,673345 0,000241
transbord 3,912023 0,000280
transceiv 3,912023 0,000560
transfer 0,544727 0,000117
transform 0,544727 0,000156
transformainsight 3,912023 0,000280
transhuman 3,218876 0,000230
transistor 2,407946 0,000172
transit 1,171183 0,000168
translat 0,798508 0,000171
transmiss 1,347074 0,000289
transmit 1,347074 0,000771
transpar 1,237874 0,000354
transpir 3,912023 0,000280
transport 0,994252 0,001138
trash 3,912023 0,000280
traukina 3,912023 0,000560
trauma 2,995732 0,000214
travel 1,560648 0,000112
trb 3,912023 0,000280
treatment 1,660731 0,000119
tremend 2,813411 0,000201
trend 0,733969 0,000420
trevor 2,659260 0,000190
trial 1,609438 0,000115
trickier 3,506558 0,000251
trigger 1,514128 0,000217
trillion 1,897120 0,000136
troop 3,218876 0,000460
troubl 2,407946 0,000172
truck 2,525729 0,000181
true 0,776529 0,000056
truli 1,897120 0,000136
trunk 3,218876 0,000230
trust 0,820981 0,000176
trustworthi 2,813411 0,000201
tsang 3,912023 0,000280
tsunami 3,218876 0,000230
tsusho 3,912023 0,000280
tudorica 3,912023 0,000280
tune 2,207275 0,000158
tung 2,525729 0,000181
turn 0,776529 0,000444
tutori 1,347074 0,000096
twent 2,995732 0,000214
twenti 1,897120 0,000136
twin 2,995732 0,000214
twist 2,813411 0,000201
twitter 1,660731 0,000119
two 0,083382 0,000018
txt 2,813411 0,000604
tyagi 3,506558 0,000251
type 0,051293 0,000015
typic 0,186330 0,000053
uav 2,995732 0,000214
ubicomp 3,912023 0,000280
ubiquit 1,469676 0,000631
ucla 2,525729 0,000361
uclibc 3,218876 0,000230
udaw 3,912023 0,000280
udi 3,912023 0,000280
udp 2,659260 0,000190
uefi 3,506558 0,000251
uid 3,506558 0,000251
ujalei 3,912023 0,000280
ukrain 2,407946 0,000172
ulietuvi 1,049822 0,000075
ultim 1,139434 0,000326
ultra 2,302585 0,000494
ultraram 3,506558 0,000251
umair 3,912023 0,000280
unabl 2,302585 0,000329
unattend 3,912023 0,000280
unauthor 1,897120 0,000136
unauthoris 3,218876 0,000460
uncertain 2,407946 0,000172
uncertainti 1,237874 0,000177
uncit 3,912023 0,000280
unclassifi 3,218876 0,000230
unclear 2,207275 0,000631
uncommon 3,218876 0,000230
under -0,009950 -0,000003
underdevelop 3,506558 0,000251
undergo 2,995732 0,000214
underli 0,693147 0,000099
undermin 2,813411 0,000201
understand 0,342490 0,000098
understood 1,469676 0,000105
underwai 2,995732 0,000214
underwrit 2,813411 0,000201
unec 3,506558 0,000251
unemploy 2,207275 0,000158
unencrypt 2,302585 0,000165
unforeseen 3,218876 0,000230
unfortun 2,995732 0,000214
unifi 1,309333 0,000094
unintent 2,995732 0,000214
unintention 2,995732 0,000214
union 0,994252 0,000071
uniqu 0,867501 0,000496
unit 0,248461 0,000107
univers 0,139262 0,000149
unknown 1,108663 0,000079
unlicens 2,525729 0,000181
unlock 2,302585 0,000165
unplan 3,912023 0,000280
unreason 2,995732 0,000214
unsaf 2,120264 0,000303
unsourc 0,446287 0,000096
unswork 3,912023 0,000280
until 0,510826 0,000037
unveil 2,407946 0,000172
updat 0,342490 0,000245
upheav 3,506558 0,000251
upon 0,673345 0,000096
upper 1,660731 0,000238
urban 1,966113 0,000703
urg 2,302585 0,000329
uri 2,040221 0,000292
url 1,203973 0,000086
urldownload -0,009950 -0,000001
urllc 3,912023 0,000280
usa 1,427116 0,000306
usabl 1,714798 0,000123
usag 0,579818 0,000166
useless 2,813411 0,000201
usenix 1,966113 0,000141
user 0,274437 0,000510
usual 0,198451 0,000028
utc -0,009950 -0,000001
util 0,597837 0,000428
uyghurcheti 2,302585 0,000165
vacuum 2,813411 0,000201
vagu 1,660731 0,000119
vaishya 3,218876 0,000230
valu 0,162519 0,000070
valuabl 2,207275 0,000316
valuat 2,120264 0,000152
vamp 3,912023 0,000280
van 0,867501 0,000062
vangi 3,912023 0,000280
vari 0,478036 0,000103
variabl 0,494296 0,000071
variant 1,139434 0,000081
variat 0,994252 0,000142
varieti 0,616186 0,000220
variou 0,223144 0,000128
varvarig 3,912023 0,000280
vasisht 3,912023 0,000280
vast 1,514128 0,000108
vector 1,237874 0,000089
vehicl 1,309333 0,002154
vehiclescar 3,912023 0,000280
vehicular 3,506558 0,000752
veira 3,912023 0,000280
vend 3,506558 0,001254
vendor 1,139434 0,000326
venu 2,302585 0,000165
verb 2,813411 0,000201
verbeek 3,912023 0,000560
verifi 1,237874 0,000089
verlag 1,832581 0,000131
vermesan 3,506558 0,000502
veronica 2,995732 0,000214
version -0,009950 -0,000004
vessel 2,659260 0,000571
via 0,186330 0,000133
viabl 2,813411 0,000201
viana 3,912023 0,000280
vice 1,660731 0,000119
video 0,597837 0,000128
vietnam 2,407946 0,000172
view -0,009950 -0,000009
vijayawada 3,912023 0,000560
vilmar 3,506558 0,000251
violat 1,386294 0,000297
virtu 3,506558 0,000251
virtual 0,462035 0,000066
visibl 1,021651 0,000073
vision 0,867501 0,000620
vislab 3,912023 0,000280
visuomotor 3,912023 0,000280
vital 2,120264 0,000455
vitess 3,912023 0,000280
vitri 3,912023 0,000280
vittorio 3,506558 0,000251
vldb 2,659260 0,000190
vocabulari 1,966113 0,000422
voic 1,514128 0,000108
vol 0,616186 0,000220
voll 3,912023 0,000280
volunt 2,813411 0,000201
voluntari 2,407946 0,000172
vongsingthong 3,912023 0,000280
voutyra 3,912023 0,000280
vsat 3,912023 0,000280
vte 0,967584 0,000069
vteambient 3,912023 0,000280
vteembed 3,912023 0,000280
vteemerg 3,218876 0,000230
vteself 3,912023 0,000280
vulner 0,994252 0,000711
waghol 3,912023 0,000280
wai 0,105361 0,000075
wait 1,771957 0,000127
wajdi 3,912023 0,000280
waldner 3,506558 0,000251
wall 1,237874 0,000266
wallac 2,525729 0,000181
wallberg 3,912023 0,000280
walsh 2,525729 0,000181
wang 1,427116 0,001021
wani 3,912023 0,000280
want 0,820981 0,000235
ward 2,995732 0,000643
warehous 2,302585 0,000165
warfar 2,207275 0,000158
warn 1,272966 0,000273
washington 1,049822 0,000300
wasn 2,813411 0,000201
wast 1,660731 0,000238
watch 1,237874 0,000266
water 1,386294 0,000694
watermark 3,218876 0,000230
waterwai 3,506558 0,000502
wave 1,560648 0,000781
waymo 3,506558 0,000251
weak 1,660731 0,000594
wearabl 2,407946 0,001033
web 0,342490 0,000539
webb 3,506558 0,000251
weber 2,813411 0,000402
webopedia 3,506558 0,000251
websit 0,527633 0,000075
websocket 2,207275 0,000158
week 1,171183 0,000084
weekend 3,218876 0,000230
wehrl 3,912023 0,000280
wei 1,832581 0,000393
weight 1,108663 0,000079
weightless 3,912023 0,000280
weim 3,912023 0,000280
weiser 3,912023 0,000839
well 0,051293 0,000051
weslei 1,078810 0,000077
western 1,108663 0,000159
what -0,009950 -0,000009
whenev 2,040221 0,000146
wherea 1,049822 0,000075
whether 0,400478 0,000057
which 0,000000 0,000000
while 0,051293 0,000037
white 1,108663 0,000159
who 0,301105 0,000129
whole 0,916291 0,000131
wick 3,912023 0,000280
wide 0,210721 0,000105
wider 1,714798 0,000123
widespread 0,994252 0,000071
wieland 3,218876 0,000230
wii 3,912023 0,000280
wikidata 0,562119 0,000040
wikidataus 1,108663 0,000079
wikimedia -0,009950 -0,000002
wikipedia -0,009950 -0,000006
wikipediacontact -0,009950 -0,000001
wikiproject 1,832581 0,000131
wildlif 3,506558 0,000502
wilei 0,562119 0,000121
william 0,616186 0,000088
wima 3,912023 0,000280
win 1,469676 0,000315
wind 1,966113 0,000281
window 0,891598 0,000064
windson 3,912023 0,000280
winter 2,040221 0,000146
wiomax 3,912023 0,000280
wire 0,941609 0,000875
wireko 3,912023 0,000280
wireless 1,078810 0,002932
wirelessli 3,218876 0,000460
wish 1,609438 0,000115
within 0,116534 0,000092
without 0,094311 0,000054
witkovski 3,912023 0,000280
wollerton 3,912023 0,000280
won 1,469676 0,000315
wood 1,897120 0,000136
woolf 3,506558 0,000251
woollei 3,912023 0,000280
work 0,030459 0,000035
workdai 2,995732 0,000214
workflow 2,120264 0,000152
workshop 1,347074 0,000193
workstat 1,771957 0,000253
world 0,139262 0,000259
worldwid 1,108663 0,000079
worn 3,912023 0,000280
wors 2,040221 0,000146
wot 3,218876 0,000230
wowmom 3,912023 0,000560
wristband 3,912023 0,000280
write 0,527633 0,000113
writer 1,514128 0,000108
written 0,287682 0,000041
wrong 1,560648 0,000223
wrote 1,078810 0,000231
wsn 3,912023 0,000280
wwu 3,912023 0,000280
www 0,356675 0,000204
wyman 3,912023 0,000280
xaver 3,912023 0,000839
xbee 3,912023 0,000280
xianbin 3,912023 0,000280
xiao 3,218876 0,000230
xie 2,813411 0,000201
ximeng 3,912023 0,000280
xing 3,912023 0,000280
xinxin 3,912023 0,000280
xiong 3,218876 0,000230
xive 3,912023 0,000280
xmpp 2,813411 0,000402
xpoct 3,912023 0,000280
xsf 3,912023 0,000280
yacht 3,912023 0,000560
yaghmae 3,912023 0,000280
yale 2,407946 0,000172
yan 2,525729 0,000181
yang 1,966113 0,000703
yao 3,506558 0,000251
yasir 3,912023 0,000560
yasmin 3,506558 0,000251
year 0,162519 0,000023
yearbook 2,813411 0,000201
yeon 3,912023 0,000280
yet 0,891598 0,000128
yocto 3,912023 0,000280
yogurt 3,506558 0,000251
york 0,371064 0,000186
youakim 3,912023 0,000280
yousef 3,912023 0,000280
yuce 3,912023 0,000280
yuqe 3,912023 0,000280
zai 3,912023 0,000280
zakir 3,912023 0,000280
zbekcha 0,462035 0,000033
zdnet 1,560648 0,000223
zee 3,912023 0,000280
zehui 3,912023 0,000280
zerina 3,912023 0,000280
zeroconf 3,912023 0,000280
zeromq 3,506558 0,000251
zhang 1,427116 0,000510
zhaoquan 3,912023 0,000280
zhi 3,506558 0,000251
zhiyun 3,912023 0,000280
zhong 2,813411 0,000201
zhou 2,407946 0,000344
zibouda 3,912023 0,000280
ziegeldorf 3,912023 0,000280
zigbe 3,506558 0,002257
ziteng 3,912023 0,000280
zoo 3,912023 0,000560
zte 3,506558 0,000251
zun 3,912023 0,000280
zurich 3,218876 0,000230
zyxel 3,912023 0,000280
