account -0,009950 -0,000035
action -0,009950 -0,000017
add -0,009950 -0,000017
addit -0,009950 -0,000017
aerial 2,659260 0,013996
against 0,462035 0,000811
agre -0,009950 -0,000017
ai 0,673345 0,001181
album 3,218876 0,033883
alic 2,525729 0,004431
alp 3,912023 0,006863
american 0,415515 0,002916
amp -0,009950 -0,000052
ani 0,083382 0,000146
ant 2,302585 0,004040
appear -0,009950 -0,000035
appli -0,009950 -0,000017
archetyp 3,506558 0,006152
art 0,673345 0,003544
articl 0,000000 0,000000
articleabout -0,009950 -0,000017
articletalk -0,009950 -0,000017
artist 1,771957 0,006217
assimil 3,218876 0,005647
associ 0,127833 0,000224
attribut -0,009950 -0,000017
australian 2,525729 0,008862
avail -0,009950 -0,000017
bagpip 3,912023 0,006863
bala 3,912023 0,006863
band 2,040221 0,010738
bank 0,941609 0,001652
beavi 3,912023 0,006863
bee 2,813411 0,009872
begin 0,385662 0,000677
belt 2,525729 0,004431
biologi 1,347074 0,004727
bladder 3,912023 0,006863
boat 2,659260 0,009331
bokm 0,127833 0,000224
borg 3,506558 0,006152
born 1,966113 0,010348
bot 1,832581 0,003215
box 0,843970 0,002961
butt 3,912023 0,006863
call 0,030459 0,000053
canadian 1,714798 0,003008
categori -0,009950 -0,000035
chain 0,843970 0,001481
chang 0,051293 0,000090
changesupload -0,009950 -0,000035
charact 0,843970 0,002961
chastiti 3,912023 0,006863
chord 3,912023 0,006863
class 0,446287 0,000783
club 2,659260 0,004665
code -0,009950 -0,000035
combat 1,897120 0,003328
comedi 3,218876 0,005647
common -0,009950 -0,000017
commun 0,139262 0,000244
conduct -0,009950 -0,000017
contact -0,009950 -0,000035
contain 0,162519 0,000570
content -0,009950 -0,000070
continu 0,174353 0,000306
contribut -0,009950 -0,000017
cooki -0,009950 -0,000017
coven 3,506558 0,006152
creat -0,009950 -0,000035
creativ -0,009950 -0,000017
cultur 1,049822 0,001842
descript -0,009950 -0,000017
develop -0,009950 -0,000017
dictionari 0,616186 0,001081
didgeridoo 3,912023 0,006863
differ 0,010050 0,000018
direct 0,261365 0,000459
directli 0,415515 0,000729
disambigu 1,049822 0,012893
disclaim -0,009950 -0,000017
documentari 2,813411 0,004936
donat -0,009950 -0,000035
download -0,009950 -0,000017
drone 2,659260 0,331241
dronepip 3,912023 0,006863
droner 3,912023 0,013726
dronn 3,912023 0,013726
edit -0,009950 -0,000314
editcommun -0,009950 -0,000017
encyclopedia -0,009950 -0,000017
england 1,469676 0,002578
english -0,009950 -0,000035
englishsloven 0,510826 0,000896
entertain 2,120264 0,011159
episod 2,659260 0,009331
eponym 3,912023 0,013726
eventsrandom -0,009950 -0,000017
export -0,009950 -0,000017
factori 1,514128 0,002656
fear 1,966113 0,003449
fertil 2,407946 0,004224
fiction 2,120264 0,011159
fiddl 3,506558 0,006152
fileperman -0,009950 -0,000017
filespeci -0,009950 -0,000017
film 1,386294 0,019457
fog 2,813411 0,004936
footbal 2,995732 0,010511
foundat -0,009950 -0,000017
franc 1,427116 0,002504
free -0,009950 -0,000035
game 0,478036 0,000839
gener -0,009950 -0,000017
georgia 2,207275 0,003872
grandson 3,912023 0,006863
ground 1,560648 0,005476
halo 3,506558 0,006152
head 0,867501 0,001522
helplearn -0,009950 -0,000017
hererel -0,009950 -0,000017
hide -0,009950 -0,000070
hiroshima 3,912023 0,006863
histori -0,009950 -0,000035
hombr 3,912023 0,006863
home 0,616186 0,001081
http -0,009950 -0,000017
humanoid 3,218876 0,005647
iain 3,506558 0,006152
inasuom 3,912023 0,006863
inc -0,009950 -0,000017
incorrectli 2,302585 0,004040
index -0,009950 -0,000017
indian 1,771957 0,003109
informationcit -0,009950 -0,000017
instrument 1,049822 0,003684
intellig 0,510826 0,000896
intend 0,478036 0,000839
intern 0,040822 0,000072
isizuluitalianomagyar 3,912023 0,006863
itali 2,302585 0,004040
item -0,009950 -0,000017
januari 0,083382 0,000146
jump -0,009950 -0,000017
kyron 3,912023 0,006863
languag -0,009950 -0,000035
last -0,009950 -0,000017
led 0,446287 0,000783
legal -0,009950 -0,000017
licens -0,009950 -0,000017
link -0,009950 -0,000070
linkpag -0,009950 -0,000017
list 0,051293 0,000090
log -0,009950 -0,000035
look 0,478036 0,000839
love 2,302585 0,004040
lportugu 3,506558 0,006152
luchador 3,912023 0,006863
luke 2,813411 0,004936
machin 0,040822 0,000072
main -0,009950 -0,000052
male 2,995732 0,010511
manag 0,105361 0,000185
member 0,562119 0,000986
menu -0,009950 -0,000035
metal 1,469676 0,002578
mexican 3,218876 0,005647
mobil -0,009950 -0,000017
mountain 2,525729 0,004431
move -0,009950 -0,000070
muse 3,506558 0,018456
music 1,309333 0,011485
navig -0,009950 -0,000017
nederland 0,415515 0,000729
non -0,009950 -0,000017
norsk 0,342490 0,000601
norwegian 2,407946 0,004224
note 0,150823 0,000265
novel 1,771957 0,003109
offic 0,733969 0,001288
oldid -0,009950 -0,000017
olfran 3,912023 0,006863
oper 0,010050 0,000018
org -0,009950 -0,000017
organ -0,009950 -0,000017
origin -0,009950 -0,000017
page -0,009950 -0,000122
pagecontentscurr -0,009950 -0,000017
pageget -0,009950 -0,000017
pagesal 3,506558 0,006152
pageshidden 3,912023 0,006863
pakistan 2,207275 0,003872
pdfprintabl -0,009950 -0,000017
pennin 3,912023 0,006863
peopl 0,356675 0,001251
person -0,009950 -0,000017
php -0,009950 -0,000017
place 0,356675 0,001251
player 1,469676 0,005157
point 0,186330 0,000654
polici -0,009950 -0,000035
portalrec -0,009950 -0,000017
print -0,009950 -0,000017
privaci -0,009950 -0,000035
profession 0,673345 0,001181
profit -0,009950 -0,000017
project -0,009950 -0,000017
race 1,427116 0,002504
rainier 3,912023 0,006863
readeditview 0,287682 0,001009
refer -0,009950 -0,000035
regist -0,009950 -0,000017
remot 0,776529 0,001362
retriev -0,009950 -0,000017
rich 1,309333 0,002297
rick 2,407946 0,004224
ringnam 3,912023 0,006863
rise 0,916291 0,001608
river 1,309333 0,004594
robert 0,527633 0,000926
robot 1,347074 0,014180
rosenth 3,218876 0,005647
run 0,248461 0,000436
safeti -0,009950 -0,000017
scienc 0,274437 0,001444
search -0,009950 -0,000087
see -0,009950 -0,000035
servic 0,210721 0,000370
sharealik -0,009950 -0,000017
sheffield 3,506558 0,006152
ship 1,272966 0,004467
short -0,009950 -0,000017
shorten -0,009950 -0,000017
shruti 3,506558 0,006152
sidebar -0,009950 -0,000070
silenc 3,218876 0,005647
silent 2,659260 0,004665
simpl 0,150823 0,000265
site -0,009950 -0,000017
societi 0,653926 0,001147
sometim 0,301105 0,000528
song 1,897120 0,009985
sound 1,237874 0,002172
south 1,108663 0,003890
speci 2,407946 0,004224
spell 1,897120 0,003328
star 1,609438 0,005647
statement -0,009950 -0,000017
statist -0,009950 -0,000017
strike 2,302585 0,004040
style 0,941609 0,003304
sub 1,021651 0,003585
subcontin 3,912023 0,006863
subsect 0,020203 0,000071
suffer 1,832581 0,003215
support 0,150823 0,000265
surfac 1,469676 0,005157
switzerland 1,897120 0,003328
tabl -0,009950 -0,000035
technolog 0,116534 0,000613
televis 1,514128 0,005313
term -0,009950 -0,000052
text -0,009950 -0,000017
thriller 3,912023 0,013726
time 0,000000 0,000000
tinadanskdeutschespa 3,912023 0,006863
titl -0,009950 -0,000105
toggl -0,009950 -0,000070
tool -0,009950 -0,000052
top -0,009950 -0,000017
topic -0,009950 -0,000035
tour 2,302585 0,004040
track 0,713350 0,001251
trademark -0,009950 -0,000017
trek 2,813411 0,009872
try 0,994252 0,001744
type 0,051293 0,000180
uncrew 2,995732 0,005256
under -0,009950 -0,000017
underwat 2,995732 0,015767
unincorpor 3,912023 0,006863
unman 2,813411 0,024679
urldownload -0,009950 -0,000017
utc -0,009950 -0,000017
utopian 3,912023 0,006863
vehicl 1,309333 0,020674
version -0,009950 -0,000017
vessel 2,659260 0,004665
video 0,597837 0,001049
view -0,009950 -0,000017
voyag 3,218876 0,005647
war 1,078810 0,001893
warfar 2,207275 0,007745
western 1,108663 0,001945
what -0,009950 -0,000017
wikidata 0,562119 0,000986
wikidataal 2,207275 0,003872
wikimedia -0,009950 -0,000017
wikipedia -0,009950 -0,000122
wikipediacontact -0,009950 -0,000017
wiktionari 1,832581 0,003215
wildfir 2,995732 0,005256
wish 1,609438 0,002824
wit 2,659260 0,004665
wodehous 3,912023 0,006863
world 0,139262 0,000244
wrestler 3,912023 0,006863
yanm 3,912023 0,006863
yearn 3,912023 0,006863
yorkshir 3,218876 0,005647
zither 3,912023 0,006863
