abd 2,995732 0,000711
absolute 1,832581 0,000435
abstractions 2,207275 0,000524
academic 0,755023 0,000179
accelerators 2,995732 0,000711
access 0,287682 0,000273
accessing 1,386294 0,000658
account -0,009950 -0,000007
accuracy 1,469676 0,000349
accurate 1,560648 0,000740
achieve 0,843970 0,000400
achieved 1,049822 0,000249
achraf 3,912023 0,000928
across 0,415515 0,000099
actions -0,009950 -0,000002
active 0,843970 0,001001
activity 0,867501 0,000206
actors 1,966113 0,000466
adapt 1,771957 0,000420
adapted 1,966113 0,000466
add -0,009950 -0,000002
added 0,415515 0,000197
additional -0,009950 -0,000005
addressed 1,272966 0,000302
adequate 1,832581 0,000435
adoption 0,820981 0,000195
advanced 0,430783 0,000102
advances 1,078810 0,000512
advantages 1,309333 0,000311
affected 1,660731 0,000788
affine 2,659260 0,007569
agent 0,994252 0,000236
agree -0,009950 -0,000002
agriculture 1,660731 0,000394
ahmed 2,040221 0,001452
aided 1,771957 0,000420
alan 1,049822 0,000249
algorithm 0,776529 0,000553
algorithmic 1,514128 0,000718
algorithms 0,693147 0,001151
ali 1,609438 0,000382
aliasing 2,813411 0,001335
aligned 2,207275 0,002094
allow 0,287682 0,000068
allowing 0,462035 0,000110
allows 0,248461 0,000295
along 0,462035 0,000110
altering 2,525729 0,000599
always 0,597837 0,000142
american 0,446287 0,000106
amount 0,616186 0,000292
amounts 1,309333 0,000311
amp -0,009950 -0,000448
analog 2,040221 0,001452
analogue 3,218876 0,000763
analogy 2,659260 0,000631
analysis 0,186330 0,000398
analyzes 2,659260 0,000631
andrew 0,820981 0,000195
android 1,272966 0,000302
animation 1,609438 0,000382
anisotropic 3,912023 0,000928
annotation 1,966113 0,000933
another 0,127833 0,000030
anti 1,560648 0,000370
any 0,083382 0,000040
appearance -0,009950 -0,000005
appears 1,427116 0,000339
application 0,127833 0,000091
applications 0,094311 0,000201
applied 0,356675 0,000423
apply -0,009950 -0,000005
applying 1,469676 0,002092
approach 0,261365 0,000124
april 0,072571 0,000052
aps 3,912023 0,001856
architectural 1,609438 0,000382
architecture 0,462035 0,000110
archived 0,040822 0,000136
area 0,776529 0,000553
areas 0,755023 0,000358
around 0,356675 0,000169
array 1,021651 0,000242
article 0,040822 0,000039
articleabout -0,009950 -0,000002
articles 0,020203 0,000010
articletalk -0,009950 -0,000002
artificial 1,078810 0,001024
artistic 2,407946 0,001142
asari 3,912023 0,000928
associative 2,040221 0,000484
astola 3,912023 0,000928
atlantic 2,120264 0,000503
attention 1,203973 0,000286
attribution -0,009950 -0,000002
audio 0,891598 0,000634
augmented 1,560648 0,000370
august 0,162519 0,000347
authority 0,083382 0,000020
automated 0,776529 0,000184
automatic 1,078810 0,000512
autonomous 1,609438 0,000382
available -0,009950 -0,000007
averaging 2,659260 0,000631
avoid 0,941609 0,000447
azriel 3,506558 0,000832
back 0,527633 0,000375
background 1,237874 0,000294
bahasa 0,186330 0,000044
bandwidths 3,506558 0,001663
baraniuk 3,506558 0,000832
based 0,010050 0,000026
basic 0,235722 0,000056
basis 0,820981 0,000584
batch 1,897120 0,000450
bbc 1,514128 0,000359
became 0,579818 0,000413
because 0,127833 0,000091
become 0,510826 0,000242
becomes 0,916291 0,000435
begin 1,309333 0,006832
behavior 0,462035 0,000110
bell 1,714798 0,002034
benchoff 3,912023 0,000928
bergerman 3,506558 0,001663
berlin 1,469676 0,000697
beyond 0,713350 0,000169
bias 1,660731 0,000394
bibcode 0,693147 0,001480
big 0,673345 0,000160
bigl 3,506558 0,003327
bigr 3,506558 0,003327
bilinear 2,995732 0,000711
billion 1,139434 0,000270
bio 2,995732 0,000711
bioimage 3,506558 0,000832
biology 1,347074 0,000639
biomimetic 3,506558 0,000832
bit 1,272966 0,000604
blackwell 2,302585 0,000546
blob 2,659260 0,000631
blouke 3,912023 0,000928
blur 3,218876 0,000763
blurry 3,912023 0,000928
bmatrix 3,506558 0,033269
book 0,478036 0,000227
boundaries 1,660731 0,000788
boundary 2,407946 0,000571
bounded 2,659260 0,000631
boyle 3,218876 0,002290
brain 2,207275 0,002094
breaking 1,469676 0,000349
breaks 1,966113 0,000466
breckon 3,506558 0,000832
brian 1,108663 0,000263
brief 1,309333 0,000311
bright 2,995732 0,000711
broadcasting 2,659260 0,000631
broken 1,660731 0,000394
bstj 3,218876 0,000763
bubble 1,609438 0,000382
build 0,673345 0,000319
building 0,415515 0,000099
burge 3,218876 0,000763
burger 2,995732 0,000711
business 0,301105 0,000071
calculated 1,966113 0,000933
call 0,733969 0,000174
called 0,040822 0,000029
came 1,078810 0,000256
camera 2,407946 0,002856
cameras 1,966113 0,000933
capacitor 3,506558 0,000832
capacitors 3,912023 0,000928
caplan 3,912023 0,000928
capture 1,272966 0,000604
carl 1,771957 0,000420
carmack 3,506558 0,000832
carmen 3,506558 0,000832
catal 0,094311 0,000022
categories -0,009950 -0,000005
categorization 2,407946 0,000571
category 0,116534 0,000028
ccd 3,506558 0,003327
ccds 3,912023 0,000928
ccitt 3,912023 0,000928
cellular 1,714798 0,000407
centralized 1,771957 0,000841
chakravorty 3,506558 0,000832
challenge 1,139434 0,000270
challenges 0,941609 0,000447
challenging 1,771957 0,000420
change 0,261365 0,000062
changed 0,941609 0,000223
changesupload -0,009950 -0,000005
changing 0,820981 0,000195
channel 1,309333 0,000311
chaotic 2,813411 0,000667
character 1,108663 0,000526
characteristics 1,139434 0,000270
charge 1,609438 0,002672
che 3,218876 0,000763
cheaper 2,040221 0,000484
cheapest 3,912023 0,000928
checkerboard 3,912023 0,002784
chemistry 1,427116 0,000339
child 1,832581 0,000435
chip 1,469676 0,001394
chips 2,525729 0,004194
chris 0,994252 0,000236
chroma 3,912023 0,000928
cid 0,356675 0,000761
circuit 1,203973 0,000857
circuitry 3,506558 0,000832
circuits 1,897120 0,000900
cite 0,843970 0,000601
citeseerx 1,347074 0,000320
citra 3,912023 0,000928
class 0,616186 0,000585
classification 1,049822 0,000249
clear 1,139434 0,000270
closing 1,514128 0,005746
cmos 3,912023 0,006495
code -0,009950 -0,000014
coding 1,347074 0,000959
coefficients 2,813411 0,000667
cognitive 1,427116 0,000677
cohesive 3,912023 0,000928
col 3,506558 0,013308
color 2,207275 0,006283
column 1,966113 0,000466
combined 0,798508 0,000568
commercial 0,653926 0,000310
committee 1,347074 0,000320
common 0,072571 0,000034
commonly 0,342490 0,000162
commons -0,009950 -0,000002
commonswikidata 1,171183 0,000278
communication 0,616186 0,000146
communications 0,733969 0,000348
companies 0,597837 0,000142
compare 1,609438 0,000382
compared 0,634878 0,000151
compensation 2,207275 0,000524
complex 0,261365 0,000248
complicated 1,609438 0,000382
component 0,713350 0,000338
components 0,415515 0,000197
composite 2,120264 0,000503
compressed 2,207275 0,000524
compresses 3,506558 0,000832
compression 1,347074 0,005751
computation 0,994252 0,000472
computational 0,755023 0,001254
computations 1,832581 0,000435
computed 1,609438 0,000382
computer 0,139262 0,000727
computers 0,562119 0,000933
computing 0,301105 0,000429
conceptsin 3,912023 0,000928
concrete 1,832581 0,000435
condition 1,609438 0,000382
conduct -0,009950 -0,000002
confused 1,108663 0,000263
connect 1,427116 0,000339
connected 1,108663 0,000263
connecting 1,714798 0,000407
connects 2,120264 0,000503
consequences 1,966113 0,000466
consolidates 3,912023 0,000928
constant 1,660731 0,001182
constraints 1,309333 0,000311
contact -0,009950 -0,000002
contacts -0,009950 -0,000002
containing 0,579818 0,000275
content -0,009950 -0,000007
contents -0,009950 -0,000007
context 0,494296 0,000117
continuous 1,049822 0,000498
contribute -0,009950 -0,000002
control 0,020203 0,000014
controlled 1,021651 0,000242
conv 3,912023 0,000928
conversion 1,469676 0,001743
convert 1,966113 0,000933
converted 1,897120 0,000450
convolution 2,813411 0,003337
convolve 3,912023 0,000928
cookie -0,009950 -0,000002
coordinate 1,897120 0,001350
coordinates 2,407946 0,002856
copied 2,120264 0,000503
corrected 2,995732 0,000711
correction 2,120264 0,000503
corresponds 2,995732 0,000711
cos 2,813411 0,002669
cosine 2,813411 0,003337
cost 0,478036 0,000227
costly 2,207275 0,000524
coupled 1,832581 0,002173
crc 1,171183 0,000556
create -0,009950 -0,000009
creation 0,693147 0,000164
creative -0,009950 -0,000002
crucial 1,386294 0,000329
current 0,385662 0,000091
cviptools 3,912023 0,000928
cyclops 3,912023 0,000928
czech 2,120264 0,000503
dalam 3,912023 0,000928
dan 0,967584 0,000230
daoui 3,912023 0,000928
dasar 3,912023 0,000928
data 0,030459 0,000087
database 0,579818 0,000138
databases 0,127833 0,000030
datasets 1,966113 0,000933
date 0,579818 0,000138
datecs 3,912023 0,000928
dated 0,967584 0,000459
dates 0,430783 0,000102
dawson 2,813411 0,000667
day 0,843970 0,000400
days 1,049822 0,000249
dct 2,813411 0,006673
dcts 3,912023 0,002784
december 0,061875 0,000015
decision 0,494296 0,000234
decoder 3,912023 0,000928
decoding 2,407946 0,001713
dedicated 1,347074 0,001278
defined 0,248461 0,000177
defines 0,776529 0,000184
definition 0,342490 0,000162
demand 1,049822 0,000249
denoising 3,218876 0,006108
denoisy 3,912023 0,000928
depth 1,427116 0,000339
derick 3,506558 0,001663
described 0,430783 0,000102
description -0,009950 -0,000002
descriptionshort 0,000000 0,000000
designed 0,261365 0,000062
destructive 3,218876 0,000763
detailed 1,272966 0,000302
details 0,916291 0,000652
detect 1,386294 0,000329
detection 1,108663 0,004470
detector 2,813411 0,000667
developed 0,127833 0,000061
developers -0,009950 -0,000002
developing 0,673345 0,000160
development 0,083382 0,000099
device 0,891598 0,001057
devices 0,867501 0,001235
dft 3,218876 0,000763
dhouib 3,912023 0,000928
diagnosis 2,659260 0,000631
diana 2,995732 0,000711
dicom 3,912023 0,001856
dictionary 0,673345 0,000160
differences 0,967584 0,000230
different 0,020203 0,000014
differential 1,609438 0,000382
diffusion 2,040221 0,001452
digital 0,400478 0,006079
digitally 2,302585 0,000546
digitizing 3,506558 0,000832
dil 3,912023 0,006495
dilation 3,912023 0,012991
dimension 1,832581 0,000869
dimensional 1,560648 0,001111
dimensions 1,897120 0,000450
dinosaurs 3,912023 0,000928
dioxide 3,506558 0,000832
disclaimers -0,009950 -0,000002
disconnected 3,506558 0,000832
discrete 1,171183 0,003334
display 1,171183 0,000278
displaystyle 1,386294 0,015454
dissatisfied 3,912023 0,001856
distortion 3,912023 0,000928
distortions 3,912023 0,000928
distribution 0,634878 0,000904
diverse 1,771957 0,000420
dmy 0,994252 0,000236
dneighbor 3,912023 0,005567
doi 0,162519 0,000732
domain 0,562119 0,000800
donate -0,009950 -0,000005
done 0,653926 0,000155
down 0,597837 0,000142
download -0,009950 -0,000002
downsampling 3,218876 0,000763
dpointd 3,912023 0,005567
dpointl 3,912023 0,005567
dpointr 3,912023 0,005567
dpointu 3,912023 0,005567
drawing 1,469676 0,000349
dsp 3,218876 0,006108
dtft 3,218876 0,000763
due 0,261365 0,000062
duncan 3,218876 0,000763
dynamical 2,813411 0,000667
early 0,301105 0,000429
eddins 3,912023 0,000928
edge 0,941609 0,001563
edges 2,040221 0,000484
edit -0,009950 -0,000057
editcommunity -0,009950 -0,000002
edited -0,009950 -0,000002
editing 1,771957 0,000841
edn 3,912023 0,000928
eds 0,798508 0,000189
education 0,579818 0,000138
effect 0,843970 0,000400
effective 0,994252 0,000236
efficient 0,494296 0,000352
either 0,248461 0,000059
electric 1,771957 0,000420
electrical 1,021651 0,000242
electrochemical 2,525729 0,000599
electron 2,659260 0,000631
electronic 0,634878 0,000452
electronics 1,171183 0,000556
element 1,021651 0,000969
elements 0,415515 0,000099
embedded 0,867501 0,000412
enable 0,798508 0,000379
enabled 0,994252 0,000236
enabling 0,941609 0,000223
encoder 3,218876 0,000763
encoding 1,609438 0,001909
encyclopedia -0,009950 -0,000002
end 0,261365 0,002108
engine 0,693147 0,000164
engineering 0,198451 0,000094
engineers 1,171183 0,000278
english -0,009950 -0,000002
enhancement 2,207275 0,001047
ensures 1,832581 0,000435
ensuring 1,609438 0,000382
entropy 2,995732 0,000711
entry 1,309333 0,000311
environment 0,478036 0,000227
equalization 3,218876 0,003054
equation 1,832581 0,000435
equations 1,714798 0,000407
equipment 1,203973 0,000286
era 1,427116 0,000339
eric 1,078810 0,001279
ero 3,912023 0,006495
erosion 3,218876 0,009925
errors 0,733969 0,000348
especially 0,415515 0,000493
essential 0,941609 0,000223
estimation 1,771957 0,001261
etc 0,562119 0,000400
eugene 2,120264 0,000503
event 0,843970 0,000200
eventsrandom -0,009950 -0,000002
example 0,030459 0,000072
examples 0,328504 0,000390
expanding 2,207275 0,000524
experts 1,660731 0,000394
explained 1,386294 0,000329
explanation 1,897120 0,000450
export -0,009950 -0,000002
exposure 1,714798 0,000407
external 0,030459 0,000014
extra 1,609438 0,000382
extract 1,609438 0,000382
extractclose 3,912023 0,002784
extracting 2,207275 0,000524
extraction 1,660731 0,000394
extractmax 3,912023 0,003712
extractmin 3,912023 0,003712
extractopen 3,912023 0,002784
extraordinary 3,912023 0,000928
eye 2,040221 0,000484
eyes 2,302585 0,001092
fabricate 3,912023 0,000928
fabricated 3,218876 0,000763
fabrication 2,995732 0,000711
face 1,309333 0,004658
faces 2,302585 0,000546
facilities 1,171183 0,000278
factors 1,021651 0,000242
fairly 2,120264 0,001006
fan 1,897120 0,000450
fast 0,673345 0,000160
faster 0,994252 0,000236
feasibility 2,525729 0,000599
feature 0,616186 0,001023
features 0,371064 0,000440
february 0,061875 0,000029
field 0,527633 0,000375
fields 0,713350 0,000169
figure 1,832581 0,002173
file 0,616186 0,000585
filepermanent -0,009950 -0,000002
filespecial -0,009950 -0,000002
fill 2,407946 0,001713
filling 2,813411 0,000667
film 1,771957 0,001681
filter 1,514128 0,005746
filtered 2,995732 0,001421
filtering 1,771957 0,004623
filters 1,832581 0,000869
finding 1,021651 0,000485
first 0,020203 0,000086
fisher 2,040221 0,000484
fitzgibbon 3,218876 0,000763
floor 2,207275 0,003141
focus 0,755023 0,000179
followed 0,733969 0,000348
following 0,210721 0,000100
foreground 3,506558 0,002495
form 0,162519 0,000116
format 0,941609 0,000670
formats 1,609438 0,000763
formatting 2,302585 0,000546
formula 1,660731 0,000394
fossum 3,912023 0,004639
foundation -0,009950 -0,000005
foundations 0,967584 0,000230
fourier 2,040221 0,005323
fpga 2,813411 0,000667
frac 2,302585 0,000546
frame 1,897120 0,000450
framework 0,342490 0,000081
francis 1,347074 0,000320
free -0,009950 -0,000007
frequency 1,078810 0,001024
frosch 3,912023 0,001856
function 0,210721 0,000200
fundamentals 1,309333 0,000311
further 0,139262 0,000198
future 0,274437 0,000065
gangtao 3,912023 0,000928
gaps 2,525729 0,001198
gaussian 2,040221 0,000484
general -0,009950 -0,000007
generally 0,287682 0,000205
generate 0,798508 0,000189
generation 0,867501 0,000206
genetic 2,040221 0,000484
geometric 1,771957 0,000420
geometry 1,347074 0,000639
george 0,916291 0,000435
gesture 2,995732 0,000711
get 0,733969 0,000348
given 0,261365 0,000124
gives 1,171183 0,000556
gonzalez 2,995732 0,003553
gowar 3,912023 0,000928
gpgpu 2,995732 0,000711
gradation 3,912023 0,000928
grant 1,660731 0,000394
graphics 0,941609 0,000447
gray 2,120264 0,004023
grayscale 3,912023 0,005567
group 0,301105 0,000143
guidelines 1,272966 0,000302
guy 1,966113 0,000466
hackaday 3,912023 0,000928
hair 3,218876 0,000763
halfh 3,912023 0,015774
halfw 3,912023 0,015774
hall 0,653926 0,000465
hardware 0,579818 0,000413
hdtv 3,912023 0,000928
heidelberg 2,207275 0,001047
help 0,248461 0,000118
helplearn -0,009950 -0,000002
helps 1,347074 0,000320
hence 1,347074 0,000320
hererelated -0,009950 -0,000002
hidden 0,843970 0,000200
hide -0,009950 -0,000009
high 0,223144 0,000265
higher 0,430783 0,000204
highly 0,867501 0,000206
highpass 3,912023 0,004639
hinder 2,995732 0,000711
hindering 3,218876 0,000763
histogram 2,995732 0,007106
history -0,009950 -0,000026
hlavac 3,506558 0,000832
holes 2,407946 0,001142
homogeneous 2,995732 0,001421
homomorphic 3,506558 0,000832
hondongwa 3,912023 0,000928
horizontal 2,040221 0,000484
house 0,916291 0,000217
howe 3,218876 0,000763
however 0,094311 0,000045
howstuffworks 2,813411 0,000667
hsv 3,912023 0,001856
https -0,009950 -0,000002
hull 2,659260 0,000631
human 0,579818 0,000688
humans 1,714798 0,000407
hung 2,659260 0,000631
identification 1,139434 0,000541
identifying 1,139434 0,000270
identity 1,309333 0,000311
ieee 0,634878 0,000904
ieeea 2,302585 0,001092
ignored 1,832581 0,000435
ignoredwebarchive 3,506558 0,000832
iii 1,560648 0,000370
ijeds 3,912023 0,000928
illustrate 2,659260 0,000631
image 0,544727 0,022223
imagery 2,995732 0,001421
images 1,237874 0,009689
imaging 1,966113 0,004197
imaginghidden 3,912023 0,000928
img 2,659260 0,001892
impact 0,597837 0,000284
imperfections 3,218876 0,000763
implementation 0,328504 0,000156
implemented 0,544727 0,000388
important 0,287682 0,000068
impossible 1,347074 0,000320
improve 0,274437 0,000065
improved 0,776529 0,000553
improvement 1,203973 0,001713
improvements 1,203973 0,000286
improving 1,171183 0,000278
impulse 3,218876 0,000763
imread 3,912023 0,004639
imshow 3,912023 0,000928
imwrite 3,912023 0,007423
ina 0,356675 0,000085
inc -0,009950 -0,000002
include 0,061875 0,000029
includes 0,274437 0,000065
including 0,040822 0,000029
incompatibility 2,207275 0,000524
incomplete 2,040221 0,000484
incorrect 2,207275 0,000524
increase 0,544727 0,000258
increased 0,820981 0,000195
increasingly 0,776529 0,000184
independent 0,713350 0,000169
index -0,009950 -0,000005
indicating 1,897120 0,000450
individual 0,415515 0,000197
indonesiaisizuluitalianomagyarbahasa 3,912023 0,000928
industry 0,527633 0,000125
influence 1,078810 0,000256
influenced 1,203973 0,000286
inforg 3,912023 0,000928
informatics 1,966113 0,001865
information 0,072571 0,000258
informationcite -0,009950 -0,000002
infosphere 3,912023 0,000928
infrastructure 0,713350 0,000169
initially 0,693147 0,000164
input 0,733969 0,000348
insights 1,427116 0,000339
inspired 1,347074 0,000320
instance 0,510826 0,000242
institute 0,579818 0,000275
int 1,560648 0,000740
integral 1,714798 0,000407
integrated 0,634878 0,000452
integration 0,673345 0,000160
intelligence 0,693147 0,000493
intelligent 1,203973 0,000286
intellimouse 3,912023 0,000928
intensity 2,995732 0,001421
intensive 1,897120 0,000450
inter 1,966113 0,000466
interaction 0,967584 0,000230
interdisciplinary 2,302585 0,000546
interface 0,616186 0,000146
international 0,139262 0,000033
internet 0,462035 0,000110
interview 1,560648 0,000370
introduced 0,371064 0,000264
introductions 2,302585 0,000546
invariance 2,995732 0,000711
invented 1,427116 0,001354
inventing 2,659260 0,000631
inverse 2,302585 0,000546
inversion 2,659260 0,000631
invisible 2,040221 0,000484
irbm 3,912023 0,001856
isbn 0,051293 0,000280
isolated 2,207275 0,000524
ispm 2,995732 0,000711
issn 0,478036 0,000340
issue 0,820981 0,000195
issued 1,514128 0,000359
item -0,009950 -0,000002
jaakko 3,912023 0,000928
jajap 3,912023 0,000928
james 0,634878 0,000151
janesick 3,912023 0,000928
january 0,083382 0,000079
japan 1,309333 0,000311
japanese 1,771957 0,000420
java 0,891598 0,000211
jeds 3,912023 0,000928
jet 2,813411 0,002002
jjap 3,912023 0,000928
joe 1,771957 0,000420
john 0,210721 0,000100
joint 1,171183 0,000278
journal 0,198451 0,000282
jpcs 3,912023 0,000928
jpeg 3,506558 0,006654
jpg 2,995732 0,009237
jpip 3,912023 0,000928
jpl 3,506558 0,000832
july 0,127833 0,000121
jump -0,009950 -0,000002
june 0,094311 0,000089
kahng 3,218876 0,000763
kalita 3,912023 0,000928
kazuya 3,912023 0,000928
ken 1,966113 0,000466
kernel 1,171183 0,000833
kernels 2,659260 0,001262
key 0,356675 0,000085
keyser 3,912023 0,000928
klaplace 3,912023 0,001856
kovalevsky 3,912023 0,000928
kung 3,912023 0,000928
labelling 2,995732 0,002132
laboratories 1,966113 0,000933
laboratory 1,609438 0,001145
labs 1,386294 0,000658
laid 2,302585 0,000546
landing 2,813411 0,000667
landmark 2,659260 0,000631
languages -0,009950 -0,000005
laplace 2,813411 0,000667
laplacian 3,218876 0,003054
large 0,127833 0,000121
largely 1,272966 0,000302
larger 0,941609 0,000447
larry 1,514128 0,000359
last -0,009950 -0,000005
lastly 3,506558 0,000832
late 0,755023 0,000179
later 0,223144 0,000212
latif 3,912023 0,000928
latvia 3,506558 0,000832
lead 0,673345 0,000160
learning 0,494296 0,000234
least 0,527633 0,000125
lecture 1,427116 0,000339
lectures 2,407946 0,000571
led 0,446287 0,000212
legal -0,009950 -0,000002
level 0,116534 0,000193
levels 0,755023 0,000179
license -0,009950 -0,000002
ligenza 3,912023 0,000928
lighting 2,659260 0,000631
like 0,072571 0,000086
limitation 2,207275 0,000524
limited 0,510826 0,000121
lincoln 2,995732 0,000711
linear 0,916291 0,000217
lines 1,078810 0,000256
link 0,162519 0,000039
linkpage -0,009950 -0,000002
links -0,009950 -0,000009
linksarticles 1,021651 0,000242
lip 3,506558 0,000832
livingston 3,506558 0,000832
local 0,415515 0,000197
localization 2,525729 0,000599
location 0,994252 0,000943
lockdown 3,506558 0,000832
log -0,009950 -0,000007
logical 1,514128 0,000359
lojek 3,912023 0,001856
looking 1,203973 0,000286
lossless 3,506558 0,000832
lossy 3,912023 0,000928
lotus 2,120264 0,000503
low 0,478036 0,000227
lowpass 3,912023 0,001856
luminance 3,912023 0,000928
lun 3,912023 0,000928
lunar 3,218876 0,000763
lyakhov 2,995732 0,001421
lyon 3,912023 0,002784
machine 0,083382 0,000079
macmillan 1,660731 0,000394
magazine 0,776529 0,000184
magnetic 2,302585 0,000546
main -0,009950 -0,000017
mainly 1,021651 0,000242
maint 0,798508 0,000379
making 0,328504 0,000078
many 0,061875 0,000044
map 1,171183 0,000833
mapping 1,237874 0,000881
maps 1,469676 0,000349
march 0,116534 0,000055
maria 2,407946 0,000571
mark 0,462035 0,000110
markov 1,771957 0,000420
marshall 2,120264 0,000503
maryland 2,659260 0,000631
mask 2,659260 0,004415
masking 2,659260 0,001262
massachusetts 1,514128 0,000359
matched 1,966113 0,000466
matching 1,171183 0,000278
matcom 3,506558 0,000832
mathbb 2,659260 0,001262
mathcal 3,506558 0,004159
mathematical 0,733969 0,000870
mathematics 0,916291 0,000652
matlab 1,660731 0,003545
matrices 2,659260 0,000631
matrix 1,609438 0,004199
matsumoto 3,218876 0,000763
max 1,660731 0,002363
maxim 2,995732 0,001421
means 0,198451 0,000047
measure 0,994252 0,000236
mechanisms 1,171183 0,000278
media 0,139262 0,000033
medical 1,139434 0,003243
melayunederlands 2,040221 0,000484
memorandum 2,995732 0,000711
menu -0,009950 -0,000005
metal 1,714798 0,000813
method 0,210721 0,001000
methodology 1,108663 0,000263
methods 0,274437 0,000130
mice 3,218876 0,000763
microcontrollers 2,659260 0,000631
micron 3,912023 0,001856
microprocessors 2,813411 0,001335
mid 0,994252 0,000236
milan 3,218876 0,000763
military 1,469676 0,000349
min 2,120264 0,003017
mind 1,560648 0,001111
mining 1,021651 0,000242
mirror 2,407946 0,000571
missing 0,891598 0,000846
mixed 1,309333 0,000621
mobile -0,009950 -0,000002
modalities 3,218876 0,000763
mode 0,891598 0,000423
modeled 1,897120 0,000450
modeling 0,867501 0,000206
models 0,527633 0,000125
modern 0,314711 0,000224
modify 1,237874 0,000294
mohamed 2,207275 0,000524
moment 1,609438 0,000382
moon 2,040221 0,001936
moreover 1,560648 0,000370
morley 3,912023 0,000928
morphology 2,995732 0,004263
morris 1,832581 0,000435
mos 2,525729 0,005392
mosaic 2,207275 0,000524
mosfet 3,218876 0,001527
mosfets 3,912023 0,000928
motion 1,771957 0,002942
mouse 2,207275 0,003141
mouth 3,218876 0,001527
move -0,009950 -0,000009
moving 0,776529 0,000184
mri 3,218876 0,001527
msp 2,813411 0,000667
mspec 3,912023 0,000928
much 0,400478 0,000285
multi 0,342490 0,000162
multidimensional 2,302585 0,001092
multiple 0,116534 0,000111
multiplexing 2,813411 0,000667
multiplication 2,040221 0,000484
multiplied 2,813411 0,001335
multiplying 2,659260 0,000631
museum 1,714798 0,000407
naceur 3,912023 0,000928
nagornov 3,506558 0,001663
nakamura 3,912023 0,000928
name 0,342490 0,000081
nasa 1,897120 0,000450
nasir 2,813411 0,001335
national 0,562119 0,000133
natural 0,733969 0,000174
naturally 2,525729 0,000599
nature 0,597837 0,000142
navigation -0,009950 -0,000002
nearly 1,139434 0,000270
needed 0,210721 0,000050
needs 0,415515 0,000099
neighbor 3,218876 0,001527
neighborhood 3,218876 0,000763
neighborhoods 2,995732 0,000711
networks 0,446287 0,000106
neural 1,609438 0,001145
neurocomputing 3,506558 0,000832
neuroinformatics 3,506558 0,000832
neuroscience 2,659260 0,000631
new 0,010050 0,000029
news 0,446287 0,000106
next 0,400478 0,000095
nikolay 3,912023 0,001856
nmos 3,912023 0,002784
noise 1,427116 0,004062
noisy 2,995732 0,000711
non -0,009950 -0,000007
none 1,609438 0,000382
nonlinear 1,966113 0,000466
normally 1,514128 0,000359
notes 0,415515 0,000099
notice 1,966113 0,000466
number 0,051293 0,000012
nyquist 3,218876 0,001527
object 0,544727 0,001163
objects 0,544727 0,001163
observing 2,207275 0,000524
obtained 1,171183 0,000278
occlusions 3,912023 0,000928
oclc 0,891598 0,000846
october 0,139262 0,000462
offer 0,820981 0,000195
often 0,127833 0,000030
oldid -0,009950 -0,000002
oleuskara 1,514128 0,000359
olivier 2,995732 0,000711
olympus 3,912023 0,001856
omega 2,813411 0,001335
ominus 3,912023 0,001856
one 0,010050 0,000002
opening 1,966113 0,006529
operating 0,462035 0,000219
operation 0,713350 0,000508
operations 0,301105 0,000429
operator 1,139434 0,000270
operators 1,237874 0,000587
oplus 3,506558 0,001663
opposite 1,897120 0,000450
optical 1,560648 0,002961
options 1,108663 0,000263
order 0,094311 0,000067
org -0,009950 -0,000002
organization -0,009950 -0,000002
organizing 1,771957 0,000420
origin 1,108663 0,000526
original 0,030459 0,000159
orthogonal 2,659260 0,000631
output 0,713350 0,000338
over 0,094311 0,000134
overall 0,967584 0,000230
overload 2,659260 0,000631
oversampling 3,218876 0,000763
oxidation 3,912023 0,001856
oxide 3,912023 0,001856
oxygen 3,218876 0,000763
pace 2,659260 0,000631
padded 3,506558 0,003327
padding 2,813411 0,002669
page -0,009950 -0,000002
pagecontentscurrent -0,009950 -0,000002
pageget -0,009950 -0,000002
pages -0,009950 -0,000002
palgrave 1,897120 0,000450
panoramic 3,506558 0,000832
parameter 1,108663 0,000263
partial 1,237874 0,000294
particular 0,301105 0,000071
particularly 0,597837 0,000142
parts 0,544727 0,000129
pattern 0,891598 0,000211
paul 0,544727 0,000129
pavel 3,506558 0,001663
pdf 0,139262 0,000330
pdfprintable -0,009950 -0,000002
peak 3,218876 0,000763
pearson 1,347074 0,000959
pemahaman 3,912023 0,000928
penerapannya 3,912023 0,000928
pengertian 3,912023 0,000928
pepper 3,218876 0,000763
perception 1,966113 0,000466
perceptual 2,995732 0,000711
perform 0,562119 0,000133
performance 0,261365 0,000124
performed 0,867501 0,001029
perhaps 1,660731 0,000394
periodical 2,813411 0,000667
permit 1,771957 0,000420
personal -0,009950 -0,000002
pet 2,659260 0,000631
peters 2,407946 0,001142
philosophy 0,994252 0,000707
photo 2,302585 0,000546
photodiode 3,912023 0,000928
photograph 2,040221 0,000484
photographic 3,912023 0,000928
photography 2,659260 0,000631
photos 2,120264 0,001509
phototransistor 3,912023 0,000928
php -0,009950 -0,000002
physical 0,616186 0,000146
physically 2,302585 0,000546
physics 0,994252 0,000472
picture 2,302585 0,002185
pingyi 3,912023 0,000928
pinned 3,912023 0,000928
pixel 2,813411 0,008008
pixelation 3,912023 0,000928
pixellate 3,912023 0,000928
pixels 3,218876 0,000763
plate 2,813411 0,000667
pmc 1,272966 0,000302
pmid 0,994252 0,000472
point 0,301105 0,000429
pointdown 3,912023 0,001856
pointleft 3,912023 0,001856
pointright 3,912023 0,001856
pointup 3,912023 0,001856
policy -0,009950 -0,000005
polskiportugu 0,916291 0,000217
poor 1,714798 0,000407
portalrecent -0,009950 -0,000002
pose 1,966113 0,000933
poses 2,207275 0,000524
position 1,171183 0,001667
post 0,579818 0,000275
potentially 0,755023 0,000358
power 0,400478 0,000095
practical 0,634878 0,000301
pragnan 3,912023 0,000928
predefined 2,525729 0,000599
prediction 1,832581 0,000435
prentice 0,994252 0,000472
preserving 2,525729 0,000599
press 0,210721 0,000250
primitive 1,832581 0,000435
principal 1,272966 0,000302
print -0,009950 -0,000002
privacy -0,009950 -0,000005
probability 1,078810 0,000256
probing 3,506558 0,000832
problem 0,385662 0,000183
problems 0,430783 0,000204
proceedings 0,597837 0,000142
process 0,116534 0,000138
processed 1,609438 0,000763
processes 0,634878 0,000452
processesinformation 3,912023 0,000928
processesing 3,912023 0,000928
processing 0,356675 0,006599
processingdigital 3,506558 0,000832
processinginformation 3,912023 0,000928
processingtheory 3,218876 0,000763
processor 1,272966 0,001510
processors 1,427116 0,000677
processorsnatural 3,912023 0,000928
produce 0,916291 0,000652
produced 0,820981 0,000195
profit -0,009950 -0,000002
progress 1,560648 0,000370
prohibitive 3,218876 0,000763
projecting 3,912023 0,000928
projection 2,659260 0,003154
projects -0,009950 -0,000002
proliferated 3,506558 0,000832
proliferation 1,832581 0,000435
proposed 0,713350 0,000169
propulsion 2,995732 0,002132
protection 0,994252 0,000236
pseudo 2,302585 0,000546
psychology 1,514128 0,000359
publisher 2,207275 0,001047
publishing 0,446287 0,000106
purpose 0,356675 0,000254
purposes 0,798508 0,000189
pws 2,659260 0,000631
quad 2,659260 0,002523
quadrant 3,506558 0,000832
quality 0,673345 0,001597
quantization 3,218876 0,001527
quot 1,560648 0,005182
radiance 2,813411 0,000667
radiomics 3,912023 0,000928
radomir 3,912023 0,000928
rafael 2,813411 0,003337
range 0,446287 0,000529
ranger 3,506558 0,000832
rao 2,407946 0,000571
rate 0,755023 0,000358
raw 1,272966 0,000302
reaching 2,040221 0,000484
read 0,843970 0,000400
readeditview 0,287682 0,000136
reading 0,342490 0,000162
readout 3,912023 0,000928
real 0,210721 0,000050
reality 1,272966 0,000906
realized 2,040221 0,000484
reasoning 1,171183 0,000278
recognising 3,506558 0,000832
recognition 1,078810 0,003327
reconstruction 2,207275 0,001571
record 0,916291 0,000217
redirected 2,207275 0,000524
redirects 1,078810 0,000256
reduce 0,673345 0,000160
reduced 1,078810 0,000256
reduction 1,237874 0,000587
refer 0,867501 0,000206
references 0,020203 0,000010
refining 2,813411 0,001335
reflection 2,040221 0,000484
regions 1,832581 0,000435
registered -0,009950 -0,000002
related 0,051293 0,000024
relative 1,108663 0,000263
relaxation 3,218876 0,000763
reminiscences 3,912023 0,000928
remote 0,843970 0,000601
removal 1,609438 0,000763
remove 0,527633 0,000250
removed 0,693147 0,000164
removes 1,966113 0,000466
repeated 2,120264 0,001006
replaces 2,207275 0,000524
reports 1,049822 0,000249
representation 0,776529 0,000184
represented 0,967584 0,000459
reprints 3,912023 0,000928
republic 1,714798 0,000407
require 0,462035 0,000110
requirements 0,597837 0,000142
research 0,261365 0,000124
researchers 0,820981 0,000195
researching 3,218876 0,000763
resolution 1,560648 0,000370
resolutions 3,506558 0,000832
resource 0,733969 0,000174
resources 0,314711 0,000149
respectively 0,967584 0,000230
responsible 1,078810 0,000256
restoration 3,218876 0,002290
restore 2,207275 0,000524
restriction 2,302585 0,000546
result 0,371064 0,000352
results 0,446287 0,000529
retrieval 1,347074 0,000320
retrieved -0,009950 -0,000035
reverse 1,427116 0,000339
review 0,385662 0,000091
revolution 1,272966 0,000302
revolutionized 2,995732 0,001421
rgb 3,506558 0,002495
richard 0,733969 0,001219
rightarrow 2,813411 0,001335
river 1,309333 0,000621
rns 3,912023 0,000928
robert 0,579818 0,000138
robertson 2,525729 0,000599
robotic 2,302585 0,000546
roger 1,309333 0,000311
roi 3,506558 0,000832
role 0,634878 0,000151
rosenfeld 3,506558 0,000832
rotate 3,506558 0,001663
rotation 2,659260 0,001892
row 2,207275 0,009424
saddle 2,120264 0,001006
safety -0,009950 -0,000002
sales 1,171183 0,000556
salt 2,525729 0,000599
sampling 1,966113 0,001865
satellite 2,120264 0,000503
satisfies 2,302585 0,000546
saturation 3,912023 0,000928
scale 0,494296 0,000469
scaled 1,832581 0,000435
scaling 1,609438 0,000382
scenarios 1,514128 0,000359
scene 2,407946 0,007425
scenery 3,506558 0,000832
science 0,287682 0,000273
sciences 0,867501 0,000206
scientific 0,693147 0,000329
scomputer 3,912023 0,000928
search -0,009950 -0,000012
second 0,342490 0,000081
see -0,009950 -0,000019
segmentation 2,207275 0,000524
selective 2,302585 0,000546
self 0,478036 0,000113
semiconductive 3,912023 0,000928
semiconductor 2,659260 0,005046
sensing 2,659260 0,001892
sensor 1,514128 0,003232
sensors 1,897120 0,006300
sent 1,171183 0,000556
separation 1,560648 0,000370
september 0,150823 0,000143
sequence 0,994252 0,000472
series 0,328504 0,000078
set 0,083382 0,000020
sets 0,776529 0,000184
several 0,094311 0,000022
shannon 1,771957 0,000420
shape 1,514128 0,001796
shapes 2,525729 0,001198
sharealike -0,009950 -0,000002
sharpen 3,912023 0,000928
sharpness 3,912023 0,000928
shear 3,506558 0,001663
shifts 2,659260 0,000631
shirriff 3,912023 0,000928
short -0,009950 -0,000002
shortened -0,009950 -0,000002
show 0,867501 0,000617
shown 1,237874 0,000294
shows 1,139434 0,000270
sidebar -0,009950 -0,000009
sign 1,469676 0,000349
signal 1,347074 0,005751
signaling 2,995732 0,000711
signals 1,203973 0,000286
significant 0,328504 0,000078
significantly 1,171183 0,000556
silicon 2,120264 0,002515
similarity 2,207275 0,000524
simple 0,150823 0,000036
simplifies 2,120264 0,000503
simulate 2,659260 0,000631
simulation 1,309333 0,000311
simultaneous 1,609438 0,000382
sin 3,218876 0,003054
since 0,139262 0,000132
single 0,127833 0,000212
site -0,009950 -0,000002
situations 1,237874 0,000294
size 0,462035 0,000877
sizes 1,514128 0,000359
skin 2,302585 0,006554
sloven 1,514128 0,000359
small 0,314711 0,000746
smaller 0,994252 0,000472
smart 1,078810 0,000256
smith 1,203973 0,000571
smoothing 2,525729 0,004194
sobel 3,912023 0,000928
society 0,673345 0,000639
software 0,127833 0,000061
solid 1,347074 0,000639
solids 3,912023 0,000928
solomon 2,995732 0,000711
solved 1,609438 0,000382
sonka 3,506558 0,000832
sophisticated 1,237874 0,000294
sought 1,966113 0,000466
space 0,478036 0,000227
spacecraft 2,659260 0,000631
spaces 1,771957 0,000420
spatial 1,660731 0,002363
specialized 0,843970 0,000400
species 2,407946 0,000571
specific 0,094311 0,000022
specifically 0,843970 0,000200
spectral 1,966113 0,000466
spectrum 1,386294 0,000329
speech 1,469676 0,000697
spie 2,995732 0,002132
spitzer 3,912023 0,000928
splatting 3,506558 0,000832
springer 0,527633 0,000626
sproull 3,912023 0,000928
squares 1,966113 0,000466
ssim 3,912023 0,000928
standard 0,198451 0,000188
standards 0,462035 0,000219
stankovi 3,912023 0,000928
starred 3,218876 0,000763
started 0,634878 0,000151
state 0,235722 0,000112
statement -0,009950 -0,000002
statements 0,314711 0,000075
statementscs 3,912023 0,000928
statistical 0,776529 0,000184
statistics -0,009950 -0,000002
stay 1,966113 0,000466
steam 2,407946 0,000571
steele 3,506558 0,000832
steganography 2,995732 0,000711
step 0,967584 0,000230
stepped 3,218876 0,000763
stereo 2,995732 0,000711
steve 1,078810 0,000256
steven 0,916291 0,000217
still 0,342490 0,000081
storage 0,430783 0,000204
stored 0,733969 0,000348
storing 1,171183 0,000278
story 1,514128 0,000359
straightforward 3,218876 0,000763
strategy 0,891598 0,000211
stream 1,139434 0,000270
streaming 1,714798 0,000407
streams 1,714798 0,000407
structural 1,386294 0,000329
structure 0,314711 0,000299
structures 0,673345 0,000319
structuring 3,506558 0,003327
sub 1,021651 0,000485
subcategory 3,506558 0,000832
subsection 0,020203 0,000014
success 1,171183 0,000278
successful 0,843970 0,000400
sufficient 1,309333 0,000311
suitable 1,347074 0,000639
sum 1,347074 0,001278
sun 1,237874 0,000294
superresolution 3,912023 0,000928
suppose 2,302585 0,000546
surface 1,771957 0,001261
surfaces 2,120264 0,000503
surpassed 2,302585 0,000546
surprising 2,659260 0,000631
surrounding 1,832581 0,000435
surveillance 1,560648 0,000370
svetlik 3,912023 0,000928
symmetric 2,120264 0,000503
synthesis 1,714798 0,000407
syst 3,218876 0,000763
system 0,030459 0,000014
systems 0,061875 0,000161
table -0,009950 -0,000005
take 0,527633 0,000250
taking 0,967584 0,000459
taranovich 3,912023 0,000928
tasks 0,798508 0,000758
taylor 1,203973 0,000286
team 0,776529 0,000368
tech 0,967584 0,000230
technical 0,478036 0,000227
technique 0,994252 0,000236
techniques 0,544727 0,001034
technologies 0,562119 0,000133
technology 0,186330 0,000442
teknologi 3,912023 0,000928
telemedicine 3,912023 0,000928
television 1,609438 0,001527
template 0,328504 0,000078
terms -0,009950 -0,000007
test 0,673345 0,000319
text -0,009950 -0,000002
texture 3,218876 0,000763
tfrac 3,506558 0,005822
theorem 1,171183 0,000278
theories 1,469676 0,000349
theory 0,400478 0,000950
theta 3,218876 0,003054
thin 2,207275 0,000524
third 0,356675 0,000254
thousands 1,469676 0,000349
three 0,287682 0,000136
thus 0,328504 0,000312
tim 0,867501 0,000206
time 0,010050 0,000021
times 0,314711 0,000149
tinaeestiespa 3,912023 0,000928
tiny 2,407946 0,000571
title -0,009950 -0,000005
toggle -0,009950 -0,000012
tone 3,218876 0,006871
tools -0,009950 -0,000007
top -0,009950 -0,000002
topic -0,009950 -0,000002
topographic 3,506558 0,000832
total 0,673345 0,000160
toy 2,659260 0,000631
tracking 1,237874 0,000587
trackingmain 3,506558 0,000832
trademark -0,009950 -0,000002
transform 1,237874 0,005285
transformation 1,272966 0,002114
transformations 1,966113 0,006529
transformed 2,120264 0,000503
transforms 2,302585 0,000546
transistor 2,525729 0,000599
translate 2,040221 0,001452
translation 1,609438 0,001527
transmission 1,347074 0,000639
transmitted 1,514128 0,000359
transportation 1,832581 0,000435
trends 1,021651 0,000242
trucco 3,506558 0,000832
tsutomu 3,218876 0,000763
two 0,083382 0,000020
tyagi 3,506558 0,000832
type 0,150823 0,000036
typically 0,223144 0,000106
ubiquitous 1,469676 0,000349
unclear 2,207275 0,000524
under -0,009950 -0,000002
undersampling 3,218876 0,000763
understanding 0,562119 0,000133
unfit 1,609438 0,000382
uniform 1,347074 0,001278
unique 0,916291 0,000217
universe 2,207275 0,000524
university 0,186330 0,000088
unnecessary 2,302585 0,000546
unrealistic 2,813411 0,000667
unwanted 2,407946 0,000571
update 0,527633 0,000250
updated 0,867501 0,000206
uploading 2,813411 0,000667
upper 1,660731 0,000788
upsampling 3,218876 0,000763
urlcs 2,120264 0,000503
urldownload -0,009950 -0,000002
use -0,009950 -0,000028
used -0,009950 -0,000045
useful 0,634878 0,000301
uses 0,094311 0,000022
using -0,009950 -0,000019
usually 0,223144 0,000212
utc -0,009950 -0,000002
utilize 1,832581 0,000435
vaclav 3,506558 0,000832
value 0,301105 0,000143
values 0,597837 0,000142
valueva 3,506558 0,000832
vanderbilt 3,506558 0,000832
variability 2,525729 0,000599
variable 0,843970 0,000200
variation 1,714798 0,000813
variations 1,514128 0,000359
various 0,223144 0,000053
vastly 2,525729 0,000599
vector 1,309333 0,001242
vectors 2,407946 0,000571
vehicles 1,660731 0,000394
verlag 1,832581 0,000435
versatile 2,525729 0,000599
version -0,009950 -0,000002
vibration 2,659260 0,000631
video 0,616186 0,000877
videophone 3,912023 0,000928
view -0,009950 -0,000007
viewpoint 2,040221 0,000484
vipin 3,218876 0,000763
virtual 0,527633 0,000250
vision 0,891598 0,001903
visioncategories 3,506558 0,000832
visionimage 3,506558 0,000832
visual 0,843970 0,000400
visualized 2,995732 0,000711
vladimir 2,813411 0,000667
vlsi 3,218876 0,001527
vol 0,616186 0,000146
voltage 2,813411 0,000667
volumetric 3,218876 0,000763
vtecomputer 2,040221 0,000484
vtedigital 3,218876 0,000763
vteinformation 2,813411 0,000667
wavelet 2,813411 0,000667
wavelets 3,218876 0,000763
wayback 0,478036 0,000227
ways 0,446287 0,000106
website 0,634878 0,000151
weighting 3,218876 0,000763
westworld 3,912023 0,000928
what -0,009950 -0,000009
which 0,000000 0,000000
while 0,051293 0,000085
wide 0,597837 0,000425
widely 0,342490 0,000406
wider 1,714798 0,000407
wikidatause 1,108663 0,000263
wikimedia -0,009950 -0,000005
wikipedia -0,009950 -0,000014
wikipediacontact -0,009950 -0,000002
wiley 0,562119 0,000400
wilhelm 2,302585 0,000546
willard 3,218876 0,000763
william 0,713350 0,000169
williams 1,514128 0,000359
wire 1,966113 0,000466
wireless 1,078810 0,000256
within 0,116534 0,000111
without 0,094311 0,000067
woods 2,659260 0,001892
work 0,127833 0,000061
works 0,693147 0,000164
world 0,139262 0,000033
xerox 2,995732 0,000711
xin 2,659260 0,000631
yaeger 3,912023 0,000928
yamni 3,912023 0,000928
years 0,274437 0,000065
yiq 3,912023 0,000928
york 0,371064 0,000352
yuv 3,912023 0,002784
zak 3,218876 0,000763
zero 0,733969 0,000522
zeros 2,995732 0,002842
zhang 1,427116 0,000339
