ability 0,616186 0,000338
abstract 1,108663 0,004255
accelerator 2,207275 0,001210
access 0,287682 0,000789
accessed 0,916291 0,000502
account -0,009950 -0,000011
actions -0,009950 -0,000005
acyclic 2,525729 0,004154
add -0,009950 -0,000005
addison 1,203973 0,001320
addition 0,371064 0,000203
additional -0,009950 -0,000005
address 0,713350 0,000782
addresses 1,203973 0,001320
addressing 1,469676 0,000806
adds 1,203973 0,001320
adt 3,218876 0,003529
advanced 0,430783 0,000472
advantage 0,941609 0,000516
afrikaans 1,108663 0,000608
aggregate 2,207275 0,001210
agree -0,009950 -0,000005
aho 3,506558 0,001922
aisgalego 1,309333 0,000718
algebraic 1,897120 0,002080
algorithm 0,776529 0,006812
algorithms 0,693147 0,004180
alignment 1,966113 0,001078
allocate 2,302585 0,001262
allocation 1,347074 0,000739
allow 0,287682 0,000473
allowing 0,462035 0,000253
allows 0,248461 0,000136
almost 0,798508 0,000438
always 0,597837 0,000656
among 0,356675 0,000391
amounts 1,309333 0,000718
amp -0,009950 -0,000016
amsterdam 1,966113 0,001078
analysis 0,186330 0,000102
analyzed 1,714798 0,000940
any 0,083382 0,000183
apostolico 3,912023 0,002145
appearance -0,009950 -0,000011
applications 0,094311 0,000207
applied 0,356675 0,000196
apply -0,009950 -0,000005
approach 0,261365 0,000143
approximate 1,966113 0,001078
april 0,072571 0,000040
arbitrary 1,049822 0,000576
architecture 0,462035 0,000507
archived 0,040822 0,000157
arithmetic 1,347074 0,000739
array 1,021651 0,007842
arrays 1,427116 0,007042
art 0,713350 0,000391
article 0,040822 0,000022
articleabout -0,009950 -0,000005
articletalk -0,009950 -0,000005
assembly 1,139434 0,001249
association 0,634878 0,000348
associative 2,040221 0,002237
asturianu 2,995732 0,001642
attribution -0,009950 -0,000005
authority 0,083382 0,000046
autocomplete 3,506558 0,001922
automaton 3,218876 0,005294
available -0,009950 -0,000005
average 1,139434 0,000625
avl 2,995732 0,003285
baeza 2,995732 0,001642
bahasa 0,186330 0,000102
balancing 1,832581 0,001005
based 0,010050 0,000028
basic 0,235722 0,000129
basis 0,820981 0,000450
bcpl 3,506558 0,003845
beginning 0,776529 0,000426
bfloat 3,912023 0,002145
bibliography 1,966113 0,002156
big 0,673345 0,000369
bignum 3,506558 0,001922
binary 0,916291 0,002009
binomial 2,302585 0,001262
biological 1,427116 0,000782
biotechnology 2,995732 0,003285
bit 1,272966 0,002792
bitap 3,912023 0,002145
black 1,203973 0,001980
blast 3,506558 0,001922
block 0,798508 0,000438
bloomington 3,506558 0,001922
bokm 0,127833 0,000070
boolean 1,609438 0,000882
bosanski 1,347074 0,000739
bottom 2,040221 0,001119
boxing 3,506558 0,001922
boyer 3,506558 0,003845
brass 3,506558 0,001922
breadth 2,659260 0,001458
britannica 1,897120 0,001040
brown 1,309333 0,000718
buffer 2,207275 0,001210
building 0,415515 0,000228
built 0,462035 0,000760
business 0,301105 0,000165
byte 1,771957 0,000971
caches 2,813411 0,001542
called 0,040822 0,000090
cambridge 0,755023 0,000414
canneyt 3,912023 0,002145
cannot 0,314711 0,000173
case 0,139262 0,000076
catal 0,094311 0,000052
categories -0,009950 -0,000005
category 0,116534 0,000064
certain 0,274437 0,000451
chaining 2,813411 0,001542
chand 3,912023 0,002145
changesupload -0,009950 -0,000011
chapman 2,120264 0,001162
chapter 0,941609 0,001032
character 1,108663 0,001216
characters 1,272966 0,000698
charles 0,941609 0,000516
checking 1,272966 0,000698
chichester 2,813411 0,001542
choices 1,966113 0,001078
chosen 1,469676 0,000806
circular 2,120264 0,001162
citation 0,415515 0,000228
class 0,616186 0,000676
classes 0,967584 0,000530
clients 1,139434 0,000625
clifford 2,207275 0,001210
code -0,009950 -0,000011
collection 0,527633 0,001157
collections 1,771957 0,001943
collisions 2,659260 0,002916
combined 0,798508 0,000438
come 0,867501 0,000476
commentz 3,912023 0,002145
common 0,072571 0,000199
commonly 0,342490 0,000376
commons -0,009950 -0,000005
commonsquotations 2,302585 0,001262
commonswikibookswikidata 2,407946 0,001320
comparison 0,446287 0,000245
compiler 1,078810 0,000591
complex 0,261365 0,000143
composite 2,120264 0,001162
compressed 2,207275 0,002420
computational 0,755023 0,000414
computer 0,139262 0,000611
computing 0,301105 0,000330
concept 0,415515 0,000228
concepts 0,400478 0,000220
conceptual 2,040221 0,001119
concrete 1,832581 0,001005
concurrent 1,272966 0,002094
conduct -0,009950 -0,000005
confused 1,108663 0,000608
connect 1,427116 0,000782
connected 1,108663 0,001216
connections 1,272966 0,000698
consist 1,560648 0,000856
consists 1,078810 0,000591
constant 1,660731 0,000910
construction 1,049822 0,000576
constructor 2,813411 0,001542
contact -0,009950 -0,000005
contacts -0,009950 -0,000005
container 1,660731 0,000910
contains 0,634878 0,000348
content -0,009950 -0,000005
contents -0,009950 -0,000016
context 0,494296 0,000271
contiguous 3,218876 0,003529
contribute -0,009950 -0,000005
control 0,020203 0,000011
conversion 1,469676 0,000806
cookie -0,009950 -0,000005
corasick 3,912023 0,002145
core 0,597837 0,000328
cormen 2,995732 0,001642
cost 0,478036 0,000262
course 1,139434 0,000625
crc 1,171183 0,000642
create -0,009950 -0,000016
creating 0,562119 0,000308
creative -0,009950 -0,000005
cycles 1,771957 0,000971
dafsa 3,912023 0,002145
damerau 3,912023 0,002145
data 0,030459 0,001720
database 0,579818 0,001589
databases 0,127833 0,000210
datajapanczech 1,469676 0,000806
december 0,061875 0,000068
decimal 1,897120 0,001040
decision 0,494296 0,000271
default 0,693147 0,000380
defined 0,248461 0,000272
defines 0,776529 0,000426
definitions 0,891598 0,000489
delhi 2,995732 0,003285
dependent 1,021651 0,000560
depending 0,673345 0,000369
depth 1,427116 0,000782
dequeue 3,912023 0,002145
descendant 3,218876 0,001765
description -0,009950 -0,000011
descriptions 1,771957 0,000971
descriptionshort 0,000000 0,000000
design 0,127833 0,000350
designing 1,309333 0,000718
details 0,916291 0,000502
developers -0,009950 -0,000005
diagram 1,832581 0,003014
dictionaries 2,040221 0,002237
dictionary 0,673345 0,000738
different 0,020203 0,000022
dimensional 1,560648 0,001711
dinesh 3,218876 0,001765
direct 0,597837 0,000328
directed 1,514128 0,002490
disclaimers -0,009950 -0,000005
disjoint 3,506558 0,001922
distance 1,560648 0,005134
distinguish 1,347074 0,000739
doi 0,162519 0,000089
donald 1,347074 0,000739
donate -0,009950 -0,000011
double 0,916291 0,002009
download -0,009950 -0,000005
dubey 3,218876 0,001765
dynamic 0,562119 0,000308
dynamization 3,912023 0,002145
edges 2,040221 0,004474
edit -0,009950 -0,000060
editcommunity -0,009950 -0,000005
edited -0,009950 -0,000005
edition 0,579818 0,000954
eds 0,798508 0,000876
education 0,579818 0,000318
edwin 2,407946 0,001320
efficiency 0,673345 0,000738
efficient 0,494296 0,001084
efficiently 1,237874 0,002715
either 0,248461 0,000136
element 1,021651 0,003361
elements 0,415515 0,001595
ellis 2,525729 0,001385
emphasize 2,207275 0,001210
employed 1,272966 0,000698
empty 1,427116 0,000782
enable 0,798508 0,000438
encyclopaedia 2,813411 0,001542
encyclopedia -0,009950 -0,000011
ended 1,771957 0,001943
engines 1,237874 0,000679
english -0,009950 -0,000005
englishsloven 0,510826 0,000280
enhanced 1,386294 0,000760
enqueue 3,912023 0,002145
enterprise 0,510826 0,000280
entities 1,139434 0,000625
entity 1,309333 0,000718
enumerated 2,525729 0,001385
equality 2,040221 0,001119
espa 0,210721 0,000116
especially 0,415515 0,000228
eventsrandom -0,009950 -0,000005
examination 1,832581 0,001005
example 0,030459 0,000033
examples 0,328504 0,000720
exception 1,386294 0,000760
export -0,009950 -0,000005
expression 1,021651 0,001680
extended 0,755023 0,000414
external 0,030459 0,000033
facial 2,120264 0,001162
facilitates 1,771957 0,000971
factor 0,867501 0,000476
fast 0,673345 0,000738
feature 0,616186 0,000338
february 0,061875 0,000034
fermi 3,506558 0,001922
fetch 2,302585 0,001262
fibonacci 3,218876 0,001765
fields 0,713350 0,000391
fifo 3,506558 0,001922
filepermanent -0,009950 -0,000005
filespecial -0,009950 -0,000005
fine 1,609438 0,000882
finite 1,660731 0,000910
first 0,020203 0,000066
fischer 2,995732 0,001642
fit 1,560648 0,000856
fixed 0,494296 0,000813
floating 1,660731 0,001821
flow 0,510826 0,000280
follow 1,078810 0,001183
forced 2,120264 0,001162
form 0,162519 0,000178
formal 0,673345 0,000369
format 0,941609 0,001032
forming 1,966113 0,001078
foundation -0,009950 -0,000011
framework 0,342490 0,000376
fran 0,223144 0,000122
free -0,009950 -0,000022
front 1,108663 0,000608
function 0,210721 0,000347
functions 0,356675 0,000196
fundamentals 1,309333 0,000718
further 0,139262 0,000153
gavane 3,912023 0,002145
gavin 2,302585 0,001262
general -0,009950 -0,000005
generalized 1,560648 0,001711
generally 0,287682 0,000473
generic 1,203973 0,001320
geographic 1,203973 0,000660
geometry 1,347074 0,000739
gestalt 3,912023 0,002145
giancarlo 3,912023 0,002145
gnu 1,272966 0,000698
goal 0,713350 0,000391
gonnet 3,912023 0,002145
grained 2,207275 0,001210
grammar 1,966113 0,001078
graph 0,994252 0,001635
graphs 1,660731 0,003642
guide 0,356675 0,000196
gunjal 3,506558 0,001922
half 1,108663 0,000608
hall 0,653926 0,000717
hamming 3,506558 0,001922
hand 0,733969 0,000402
handbook 0,941609 0,001549
handle 0,994252 0,000545
hash 1,771957 0,009715
hashed 2,813411 0,001542
hashing 2,302585 0,001262
heap 2,040221 0,004474
heaps 3,218876 0,001765
helplearn -0,009950 -0,000005
hererelated -0,009950 -0,000005
hidden 0,843970 0,000463
hide -0,009950 -0,000027
hierarchical 1,897120 0,002080
hierarchy 1,660731 0,000910
high 0,223144 0,000122
higher 0,430783 0,000236
highly 0,867501 0,000476
hilbert 2,302585 0,001262
hill 0,867501 0,000476
hirschberg 3,912023 0,002145
history -0,009950 -0,000011
holland 2,120264 0,001162
horowitz 2,813411 0,001542
horspool 3,912023 0,002145
however 0,094311 0,000103
hrvatskiidobahasa 1,203973 0,000660
https -0,009950 -0,000005
identifier 1,560648 0,000856
identifiers 1,897120 0,001040
ijca 3,912023 0,002145
impact 0,597837 0,000328
implement 0,755023 0,000414
implementation 0,328504 0,000901
implementations 0,733969 0,001207
implemented 0,544727 0,000597
implements 1,347074 0,000739
implications 1,347074 0,000739
ina 0,356675 0,000196
inasloven 0,616186 0,000338
inc -0,009950 -0,000005
include 0,061875 0,000034
including 0,040822 0,000022
index -0,009950 -0,000022
indexed 1,966113 0,001078
indexes 2,040221 0,001119
indexing 1,771957 0,001943
india 1,171183 0,000642
indiana 2,525729 0,001385
indice 3,912023 0,002145
indirectly 1,771957 0,000971
individual 0,415515 0,000228
indonesiainterlingua 1,660731 0,000910
inductive 2,302585 0,001262
information 0,072571 0,000040
informationcite -0,009950 -0,000005
inserted 2,407946 0,001320
instance 0,510826 0,000560
instances 1,514128 0,000830
institute 0,579818 0,000318
integer 1,272966 0,001396
interface 0,616186 0,000676
international 0,139262 0,000076
internationalgndnationalunited 1,108663 0,000608
internet 0,462035 0,000253
intersection 2,120264 0,001162
interval 1,514128 0,000830
introduction 0,261365 0,000143
isbn 0,051293 0,000366
isbnarticles 2,525729 0,001385
ispolskiportugu 1,771957 0,000971
item -0,009950 -0,000005
items 1,108663 0,001216
itself 0,342490 0,000563
jaro 3,912023 0,002145
java 0,891598 0,000978
john 0,210721 0,000116
joshi 2,813411 0,001542
journal 0,198451 0,000109
jump -0,009950 -0,000005
karp 2,995732 0,001642
key 0,356675 0,000391
keys 1,514128 0,001660
kind 1,021651 0,000560
kinds 1,171183 0,000642
kiswahili 1,771957 0,000971
known 0,127833 0,000350
knuth 2,525729 0,002769
lab 2,120264 0,001162
laboratory 1,609438 0,000882
lack 0,843970 0,000463
language 0,186330 0,000817
languages -0,009950 -0,000071
large 0,127833 0,000140
last -0,009950 -0,000011
latinalatvie 1,203973 0,000660
lcp 3,912023 0,002145
leading 0,798508 0,000438
learning 0,494296 0,000271
lee 0,994252 0,000545
legal -0,009950 -0,000005
leiserson 3,218876 0,001765
length 1,237874 0,000679
level 0,116534 0,000192
levenshtein 3,912023 0,006434
libraries 0,713350 0,000391
library 0,478036 0,000786
license -0,009950 -0,000005
lifo 3,506558 0,001922
like 0,072571 0,000080
linear 0,916291 0,000502
link 0,162519 0,000089
linked 0,941609 0,005162
linkpage -0,009950 -0,000005
links -0,009950 -0,000033
lipschutz 3,506558 0,001922
list 0,083382 0,000686
lists 0,597837 0,000656
log -0,009950 -0,000011
logical 1,514128 0,001660
long 0,287682 0,000158
longest 2,525729 0,002769
look 0,967584 0,000530
low 0,478036 0,000262
lux 0,371064 0,000203
machine 0,083382 0,000046
main -0,009950 -0,000038
maint 0,798508 0,000876
manage 0,967584 0,000530
manipulate 1,469676 0,000806
manipulated 2,659260 0,001458
manual 1,237874 0,000679
many 0,061875 0,000068
map 1,171183 0,000642
maps 1,469676 0,000806
mark 0,462035 0,000253
masm 3,912023 0,002145
matches 1,021651 0,000560
matching 1,171183 0,003853
mathematical 0,733969 0,000402
matrix 1,609438 0,000882
mcgraw 1,108663 0,000608
means 0,198451 0,000109
mechanism 0,733969 0,000402
mehta 2,995732 0,001642
melayu 0,820981 0,000450
members 0,755023 0,000414
memory 0,579818 0,002543
menu -0,009950 -0,000011
metaclass 3,506558 0,001922
metaobject 3,912023 0,002145
methods 0,274437 0,000150
metric 1,966113 0,001078
micha 2,659260 0,001458
microsoft 0,579818 0,000318
minifloat 3,912023 0,002145
mining 1,021651 0,000560
mit 0,776529 0,000426
mobile -0,009950 -0,000005
model 0,162519 0,000713
modeling 0,867501 0,002378
modelling 1,832581 0,001005
modelmain 3,912023 0,002145
models 0,527633 0,000579
modern 0,314711 0,000345
modification 1,560648 0,000856
modular 1,560648 0,000856
module 1,049822 0,000576
moir 3,912023 0,002145
moore 1,771957 0,001943
morin 3,218876 0,001765
morris 1,832581 0,001005
motivates 2,995732 0,001642
move -0,009950 -0,000022
multi 0,342490 0,000188
multimap 3,506558 0,001922
multiple 0,116534 0,000128
multiset 3,218876 0,001765
names 0,673345 0,000369
national 0,562119 0,000616
navigation -0,009950 -0,000005
necessity 2,995732 0,001642
nederlands 0,415515 0,000228
needleman 3,912023 0,002145
net 0,415515 0,000456
networks 0,446287 0,000734
new 0,010050 0,000011
next 0,400478 0,000220
nievergelt 3,912023 0,002145
niklaus 3,506558 0,001922
nir 3,218876 0,001765
node 1,203973 0,002640
nodes 1,108663 0,004255
non -0,009950 -0,000005
nondeterministic 3,912023 0,002145
norsk 0,342490 0,000188
north 1,309333 0,000718
note 0,776529 0,000426
null 1,347074 0,000739
number 0,051293 0,000056
numeric 1,427116 0,000782
numerous 1,203973 0,000660
object 0,544727 0,001493
objects 0,544727 0,000299
observation 2,040221 0,001119
occur 0,916291 0,000502
oclc 0,891598 0,000978
octuple 3,912023 0,002145
old 0,994252 0,001090
oldid -0,009950 -0,000005
olesperantoeuskara 0,510826 0,000280
one 0,010050 0,000011
online 0,415515 0,000228
opaque 2,407946 0,002640
open 0,235722 0,000258
operations 0,301105 0,001816
optimal 1,386294 0,000760
optimized 1,714798 0,000940
option 1,108663 0,000608
order 0,094311 0,000052
org -0,009950 -0,000005
organization -0,009950 -0,000016
organize 2,207275 0,001210
organizing 1,771957 0,002914
oriented 0,798508 0,000876
original 0,030459 0,000117
out 0,261365 0,000287
over 0,094311 0,000052
page -0,009950 -0,000005
pagecontentscurrent -0,009950 -0,000005
pageget -0,009950 -0,000005
pages -0,009950 -0,000005
paper 0,713350 0,000391
parameter 1,108663 0,001216
parametric 1,832581 0,001005
parsing 1,714798 0,000940
particular 0,301105 0,000165
particularly 0,597837 0,000328
pascal 1,386294 0,003800
pat 2,813411 0,001542
pattern 0,891598 0,001955
paul 0,544727 0,000597
pdf 0,139262 0,000229
pdfprintable -0,009950 -0,000005
performance 0,261365 0,000287
performed 0,867501 0,000476
performing 1,272966 0,000698
persistent 1,660731 0,000910
personal -0,009950 -0,000005
perspective 0,820981 0,000450
peter 0,494296 0,000813
php -0,009950 -0,000005
physical 0,616186 0,001013
piemont 1,427116 0,000782
pieterse 3,912023 0,002145
place 0,597837 0,000328
plain 1,514128 0,001660
pod 3,218876 0,001765
point 0,301105 0,000495
pointer 1,897120 0,002080
points 0,867501 0,000476
policy -0,009950 -0,000011
polymorphism 2,659260 0,001458
pop 1,771957 0,000971
popular 0,579818 0,000318
portalrecent -0,009950 -0,000005
powell 2,525729 0,001385
pratt 3,218876 0,001765
precisely 1,609438 0,000882
precision 1,469676 0,006446
prefix 2,407946 0,001320
prefixes 3,218876 0,001765
prentice 0,994252 0,000545
press 0,210721 0,000462
primary 0,527633 0,000289
primitive 1,832581 0,002009
principal 1,272966 0,000698
principle 1,078810 0,001183
print -0,009950 -0,000005
priority 1,897120 0,002080
privacy -0,009950 -0,000011
procedures 1,660731 0,000910
process 0,116534 0,000128
processing 0,356675 0,000196
product 0,579818 0,000318
profit -0,009950 -0,000005
profound 2,207275 0,001210
program 0,328504 0,000180
programming 0,446287 0,002447
programs 0,494296 0,000271
project 0,314711 0,000345
projects -0,009950 -0,000011
properties 0,693147 0,000380
provide 0,174353 0,000287
publishing 0,446287 0,000245
purpose 0,356675 0,000196
push 1,609438 0,000882
python 0,916291 0,000502
quadruple 3,912023 0,002145
queap 3,912023 0,002145
queue 1,771957 0,005829
queues 2,813411 0,003085
quick 1,609438 0,000882
rabin 3,218876 0,001765
raita 3,912023 0,002145
random 0,843970 0,000463
rapid 1,237874 0,000679
rather 0,287682 0,000158
rational 1,966113 0,001078
readeditview 0,287682 0,000315
reading 0,342490 0,000376
rear 3,506558 0,001922
recognition 1,078810 0,000591
record 0,916291 0,002009
records 0,994252 0,002180
recursive 1,771957 0,000971
red 1,237874 0,000679
reduced 1,078810 0,000591
reference 0,478036 0,000524
references 0,020203 0,000022
refinement 2,813411 0,001542
regina 3,506558 0,001922
registered -0,009950 -0,000005
regular 1,049822 0,001727
reilly 1,078810 0,000591
related 0,051293 0,000028
relatedtopics 3,912023 0,002145
relational 1,714798 0,000940
relationship 0,891598 0,000489
relationships 1,171183 0,001284
relocating 2,995732 0,001642
removed 0,693147 0,000380
removes 1,966113 0,002156
represent 0,733969 0,000805
representation 0,776529 0,000426
representing 1,108663 0,001216
represents 0,891598 0,000489
republicisraelotheryale 1,714798 0,000940
required 0,274437 0,000150
requires 0,430783 0,000236
resizable 3,506558 0,001922
respectively 0,967584 0,000530
rest 1,108663 0,000608
retrieval 1,347074 0,002954
retrieve 1,771957 0,000971
retrieved -0,009950 -0,000044
reused 2,302585 0,001262
revised 1,832581 0,001005
rewriting 2,040221 0,001119
rivest 2,813411 0,001542
role 0,634878 0,000348
rom 0,616186 0,000338
ronald 1,714798 0,000940
root 0,994252 0,000545
rope 2,813411 0,003085
sack 3,912023 0,002145
safety -0,009950 -0,000005
sahni 2,995732 0,003285
sartaj 3,218876 0,003529
scalability 1,469676 0,000806
scenarios 1,514128 0,001660
schaffer 3,912023 0,002145
schema 1,897120 0,001040
schemas 2,302585 0,001262
science 0,287682 0,000473
sciences 0,867501 0,000476
search -0,009950 -0,000055
searches 1,560648 0,000856
searching 1,832581 0,003014
searchpages 3,912023 0,002145
second 0,342490 0,000188
secondary 1,386294 0,000760
see -0,009950 -0,000016
self 0,478036 0,000262
semantic 1,272966 0,000698
semaphore 3,218876 0,001765
separately 1,660731 0,000910
separation 1,560648 0,000856
september 0,150823 0,000165
sequence 0,994252 0,001090
sequential 1,897120 0,002080
serve 1,139434 0,000625
services 0,400478 0,000220
set 0,083382 0,000183
seymour 2,407946 0,001320
share 0,616186 0,000338
sharealike -0,009950 -0,000005
shavit 3,506558 0,001922
short -0,009950 -0,000005
shortened -0,009950 -0,000005
shqip 1,966113 0,001078
shraddha 3,912023 0,002145
sidebar -0,009950 -0,000022
signedness 3,506558 0,001922
simple 0,150823 0,000083
simpler 1,832581 0,001005
simultaneously 1,309333 0,000718
single 0,127833 0,000140
sister 1,386294 0,002280
site -0,009950 -0,000005
skip 2,659260 0,001458
slenskaitaliano 0,562119 0,000308
slower 1,966113 0,001078
smalltalk 1,714798 0,000940
smith 1,203973 0,000660
social 0,527633 0,000289
software 0,127833 0,000140
sons 1,108663 0,000608
sort 1,609438 0,000882
sorting 2,407946 0,002640
space 0,478036 0,000262
sparse 2,525729 0,001385
spatial 1,660731 0,000910
special 0,494296 0,000542
specific 0,094311 0,000103
specified 0,733969 0,000402
specify 1,272966 0,000698
spell 2,659260 0,001458
splay 3,218876 0,001765
sqaraqalpaqsha 1,386294 0,000760
srpskisrpskohrvatski 0,510826 0,000280
stack 0,867501 0,001902
stacks 2,525729 0,001385
standard 0,198451 0,000326
standards 0,462035 0,000253
statement -0,009950 -0,000005
statesfrancebnf 0,510826 0,000280
statistics -0,009950 -0,000005
stein 2,525729 0,001385
storage 0,430783 0,000709
store 0,733969 0,000402
stored 0,733969 0,000805
storing 1,171183 0,001926
stream 1,139434 0,000625
string 1,171183 0,007705
strings 1,514128 0,000830
strongly 1,560648 0,000856
struct 2,813411 0,003085
structs 2,813411 0,001542
structure 0,314711 0,005521
structures 0,673345 0,013290
structureshidden 3,912023 0,002145
structurestypes 3,506558 0,001922
structuring 3,506558 0,001922
students 1,469676 0,000806
subsequence 3,218876 0,001765
substring 3,912023 0,004289
subtrees 3,506558 0,001922
subtyping 3,506558 0,001922
succinct 2,659260 0,001458
suffix 2,813411 0,007712
suited 1,514128 0,000830
suomisvenskatagalog 1,171183 0,000642
support 0,198451 0,000653
survey 0,579818 0,000318
syntax 1,171183 0,000642
system 0,030459 0,000017
systems 0,061875 0,000034
table -0,009950 -0,000033
tables 1,660731 0,002731
tagged 2,207275 0,001210
takaoka 3,912023 0,002145
tasks 0,798508 0,000876
tau 2,995732 0,001642
tech 0,967584 0,000530
techniques 0,544727 0,000597
technology 0,186330 0,000102
template 0,328504 0,000180
terminated 2,995732 0,001642
terms -0,009950 -0,000011
ternary 3,218876 0,001765
text -0,009950 -0,000011
theoretical 0,967584 0,000530
theory 0,400478 0,000220
things 0,843970 0,000463
third 0,356675 0,000196
thomas 0,527633 0,000289
thompson 1,714798 0,000940
threads 2,407946 0,001320
thus 0,328504 0,000180
time 0,010050 0,000011
tinadanskdeutscheesti 1,309333 0,000718
title -0,009950 -0,000005
toggle -0,009950 -0,000011
tools -0,009950 -0,000016
top -0,009950 -0,000011
topic -0,009950 -0,000005
topmost 3,912023 0,002145
trademark -0,009950 -0,000005
transportation 1,832581 0,001005
traversal 2,659260 0,001458
tree 0,843970 0,009717
trees 1,469676 0,005640
trie 2,659260 0,005832
tries 1,832581 0,001005
trigram 3,506558 0,001922
trit 3,912023 0,002145
tryte 3,912023 0,002145
tuple 2,525729 0,001385
two 0,083382 0,000137
type 0,150823 0,002315
typed 1,609438 0,000882
types 0,198451 0,001088
typesuninterpreted 3,912023 0,002145
typical 1,139434 0,000625
typically 0,223144 0,000489
ulombardmagyar 2,813411 0,001542
under -0,009950 -0,000005
undirected 3,218876 0,001765
unfit 1,609438 0,000882
unified 1,560648 0,000856
union 1,021651 0,000560
unit 0,798508 0,000438
university 0,186330 0,000306
unrolled 3,506558 0,001922
upon 0,673345 0,000369
urlcs 2,120264 0,001162
urldownload -0,009950 -0,000005
urrutia 3,912023 0,002145
usage 0,597837 0,000656
use -0,009950 -0,000027
used -0,009950 -0,000027
useful 0,634878 0,000348
uses 0,094311 0,000052
using -0,009950 -0,000038
usually 0,223144 0,000734
utc -0,009950 -0,000005
vaishnavi 3,506558 0,001922
value 0,301105 0,000495
values 0,597837 0,001311
van 0,891598 0,000489
variable 0,843970 0,000463
variety 0,653926 0,000359
various 0,223144 0,000245
vectors 2,407946 0,001320
version -0,009950 -0,000005
versions 0,579818 0,000318
vertices 2,995732 0,001642
view -0,009950 -0,000005
virginia 2,813411 0,001542
virtual 0,527633 0,000289
void 2,302585 0,001262
vol 0,616186 0,000338
vreda 3,912023 0,002145
vtedata 2,302585 0,003787
vtestringsstring 3,912023 0,002145
wagner 2,120264 0,001162
walter 1,609438 0,001765
waterman 3,912023 0,002145
way 0,198451 0,000218
wegner 2,995732 0,001642
well 0,051293 0,000028
wesley 1,078810 0,001183
what -0,009950 -0,000005
which 0,000000 0,000000
while 0,051293 0,000056
widely 0,342490 0,000188
widmayer 3,912023 0,002145
wikibooksresources 1,660731 0,000910
wikidata 0,562119 0,000308
wikidatapages 2,525729 0,001385
wikimedia -0,009950 -0,000011
wikipedia -0,009950 -0,000038
wikipediacontact -0,009950 -0,000005
wikiquotetexts 2,525729 0,001385
wikisourcetextbooks 2,525729 0,001385
wikiversity 1,609438 0,000882
wiktionarymedia 1,660731 0,000910
wiley 0,562119 0,000308
winkler 3,912023 0,002145
wirth 3,506558 0,001922
within 0,116534 0,000064
without 0,094311 0,000052
word 0,693147 0,000760
words 0,916291 0,000502
work 0,127833 0,000140
writing 0,891598 0,000489
wrox 3,506558 0,001922
wunsch 3,912023 0,002145
xml 1,203973 0,000660
xor 2,813411 0,001542
yates 2,659260 0,001458
yogeshwari 3,912023 0,002145
zbekcha 0,462035 0,000253
zhu 2,525729 0,001385
