aaron 1,714798 0,000407
ability 0,616186 0,000438
absolutely 2,659260 0,000631
abstract 1,108663 0,000789
acceptable 2,120264 0,000503
accepts 2,207275 0,000523
access 0,287682 0,000273
accommodated 3,912023 0,000928
accordance 2,207275 0,001047
according 0,301105 0,000071
account -0,009950 -0,000005
achieving 1,897120 0,000450
acm 0,776529 0,000184
across 0,415515 0,000099
acsc 3,912023 0,000928
actions -0,009950 -0,000002
acyclic 2,525729 0,001198
add -0,009950 -0,000005
added 0,415515 0,000099
adding 0,597837 0,000142
addison 1,203973 0,000857
additional -0,009950 -0,000007
address 0,713350 0,000169
addressed 1,272966 0,000302
addressing 1,469676 0,009410
advanced 0,430783 0,000102
advantage 0,941609 0,000223
affects 1,714798 0,000407
agree -0,009950 -0,000002
ahead 1,427116 0,000338
ais 1,272966 0,000302
akademia 3,912023 0,000928
alan 1,049822 0,000249
algorithm 0,776529 0,001841
algorithms 0,693147 0,003287
alistair 3,218876 0,000763
allocated 2,120264 0,001508
allocation 1,347074 0,000639
allow 0,287682 0,000068
allows 0,248461 0,000059
alongside 1,660731 0,000394
alpha 1,832581 0,006953
alternatives 1,609438 0,000763
although 0,287682 0,000341
always 0,597837 0,000142
amdahl 3,218876 0,001527
amortized 3,912023 0,006494
amp -0,009950 -0,000007
analysing 2,659260 0,000631
analysis 0,186330 0,000177
anand 2,813411 0,000667
andrew 0,820981 0,000389
andrey 2,995732 0,000710
annual 0,776529 0,000368
another 0,127833 0,000061
any 0,083382 0,000119
appearance -0,009950 -0,000005
application 0,127833 0,000061
applications 0,094311 0,000134
apply -0,009950 -0,000002
approach 0,261365 0,000124
approaches 0,733969 0,000696
april 0,072571 0,000103
arbitrary 1,049822 0,000747
architecture 0,462035 0,000110
archive 1,514128 0,000359
archived 0,040822 0,000203
arisen 3,218876 0,000763
arnold 2,407946 0,000571
arose 2,407946 0,000571
around 0,356675 0,000254
array 1,021651 0,006299
arrayinvented 3,912023 0,000928
arrays 1,427116 0,003046
art 0,713350 0,000169
arthur 1,427116 0,000338
article 0,040822 0,000106
articleabout -0,009950 -0,000002
articletalk -0,009950 -0,000002
artificial 1,078810 0,000256
arxiv 1,078810 0,000256
aside 2,207275 0,000523
askitis 3,912023 0,002783
assembler 2,995732 0,000710
associated 0,400478 0,000095
association 0,634878 0,000151
associative 2,040221 0,007257
assumption 1,660731 0,001575
assumptions 1,560648 0,000370
atallah 3,912023 0,000928
attempting 1,660731 0,000394
attempts 0,916291 0,000217
attribution -0,009950 -0,000002
augenstein 3,912023 0,000928
augmented 1,560648 0,000370
august 0,162519 0,000039
australasian 3,912023 0,000928
authentication 1,386294 0,000329
authority 0,083382 0,000020
auxiliary 3,506558 0,000832
available -0,009950 -0,000009
average 1,139434 0,001621
avl 2,995732 0,000710
avoid 0,941609 0,001340
bad 1,347074 0,000639
baeza 2,995732 0,000710
baker 2,302585 0,000546
balaji 3,912023 0,000928
balancing 1,832581 0,001738
banachowski 3,912023 0,000928
based 0,010050 0,000021
because 0,127833 0,000030
becomes 0,916291 0,000435
behavior 0,462035 0,000110
belazzougui 3,912023 0,000928
bell 1,714798 0,000407
berlin 1,469676 0,000349
best 0,462035 0,000219
better 0,494296 0,000469
beyond 0,713350 0,000338
bibcode 0,693147 0,000493
big 0,673345 0,000160
bigl 3,506558 0,000832
bigr 3,506558 0,000832
binary 0,916291 0,001521
binomial 2,302585 0,000546
bit 1,272966 0,002113
bitmap 3,506558 0,001663
bits 1,966113 0,001399
bjarne 3,506558 0,000832
black 1,203973 0,000286
blip 3,912023 0,000928
block 0,798508 0,000189
blocks 1,272966 0,000302
bloom 2,813411 0,000667
bloomington 3,506558 0,000832
bmod 3,912023 0,001855
boas 3,218876 0,000763
bokm 0,127833 0,000030
bonomi 3,912023 0,000928
book 0,478036 0,000227
bosanski 1,347074 0,000319
bot 1,897120 0,001350
botelho 3,912023 0,000928
bottommley 3,912023 0,000928
bounds 1,966113 0,000932
brad 2,525729 0,000599
brought 1,832581 0,000435
bucket 2,995732 0,016339
buckets 3,912023 0,013915
buffer 2,207275 0,001047
building 0,415515 0,000197
built 0,462035 0,000548
byte 1,771957 0,000420
cache 1,714798 0,004066
caches 2,813411 0,002669
caching 2,120264 0,003017
called 0,040822 0,000048
canada 1,427116 0,000338
cannot 0,314711 0,000299
cao 3,218876 0,000763
carnegie 2,525729 0,000599
carter 2,995732 0,000710
case 0,139262 0,000462
cases 0,478036 0,000113
casesearch 3,912023 0,000928
catal 0,094311 0,000022
categories -0,009950 -0,000005
category 0,116534 0,000028
cause 0,916291 0,000435
caused 1,049822 0,000249
ccomm 3,912023 0,000928
celis 3,912023 0,001855
cellular 1,714798 0,000407
certain 0,274437 0,000130
chained 2,995732 0,002842
chaining 2,813411 0,016012
change 0,261365 0,000062
changesupload -0,009950 -0,000005
chapter 0,941609 0,001340
character 1,108663 0,000263
characteristic 1,560648 0,000370
charles 0,941609 0,001116
chen 1,309333 0,000310
chessprogramming 3,912023 0,001855
chi 2,207275 0,001047
chin 3,218876 0,000763
china 0,967584 0,000229
choice 0,967584 0,000229
choosing 1,832581 0,000869
chosen 1,469676 0,000349
cid 0,356675 0,000507
circular 2,120264 0,001006
cite 0,843970 0,000200
citeseerx 1,347074 0,000958
claimed 1,469676 0,000349
clarkson 3,506558 0,000832
class 0,616186 0,000292
clean 2,040221 0,000968
cleaning 2,525729 0,000599
clemson 3,912023 0,000928
clifford 2,207275 0,002094
close 0,941609 0,000223
cluster 1,514128 0,000359
clustering 2,040221 0,001935
clusters 2,040221 0,000484
cmu 2,659260 0,000631
coalesced 3,506558 0,004989
code -0,009950 -0,000009
codes 1,660731 0,000394
coerced 3,506558 0,000832
coined 1,514128 0,000359
collection 0,527633 0,000375
collections 1,771957 0,001681
collided 3,912023 0,003711
colliding 3,912023 0,003711
collision 2,207275 0,011515
collisions 2,659260 0,004414
colton 3,506558 0,000832
com 0,150823 0,000143
combinatorics 2,120264 0,000503
combines 1,714798 0,000407
command 1,021651 0,000969
common 0,072571 0,000103
commonly 0,342490 0,000325
commons -0,009950 -0,000007
commonswikidata 1,171183 0,000278
communications 0,733969 0,000348
compact 1,771957 0,000420
compaction 3,506558 0,000832
comparable 2,120264 0,000503
compared 0,634878 0,000301
comparison 0,446287 0,000106
completely 0,941609 0,000223
complex 0,261365 0,000062
complexities 2,525729 0,000599
complexity 0,616186 0,001169
complexityspace 3,912023 0,000928
compress 3,218876 0,000763
computation 0,994252 0,000472
computational 0,755023 0,000179
computationally 2,207275 0,000523
compute 1,309333 0,000621
computed 1,609438 0,000763
computer 0,139262 0,000760
computing 0,301105 0,000500
computinghidden 3,506558 0,000832
concepts 0,400478 0,000190
concurrent 1,272966 0,000604
condition 1,609438 0,000382
conduct -0,009950 -0,000002
conference 0,301105 0,000286
confined 2,995732 0,000710
confused 1,108663 0,000263
conscious 2,813411 0,002001
consecutive 2,659260 0,000631
consequently 1,514128 0,000359
consistent 1,108663 0,000263
consists 1,078810 0,000256
constant 1,660731 0,002757
constraint 2,040221 0,000484
construction 1,049822 0,000249
consumption 1,139434 0,000270
contact -0,009950 -0,000002
contacts -0,009950 -0,000002
container 1,660731 0,000394
contains 0,634878 0,000151
content -0,009950 -0,000002
contents -0,009950 -0,000007
contiguous 3,218876 0,000763
continue 1,139434 0,000270
continues 1,469676 0,000697
contribute -0,009950 -0,000002
control 0,020203 0,000005
conventional 1,237874 0,000294
cookie -0,009950 -0,000002
copenhagen 2,525729 0,000599
copied 2,120264 0,000503
cormen 2,995732 0,003552
cornell 2,120264 0,003017
correct 1,386294 0,000329
correlated 2,407946 0,000571
corresponding 1,171183 0,000278
cost 0,478036 0,000907
counter 1,714798 0,000407
course 1,139434 0,000270
cpu 1,560648 0,000740
crc 1,171183 0,000278
create -0,009950 -0,000005
created 0,430783 0,000102
creative -0,009950 -0,000002
credited 2,120264 0,001006
criterion 1,966113 0,000466
critical 0,653926 0,000465
cuckoo 3,218876 0,006106
culpepper 3,912023 0,000928
current 0,385662 0,000091
currently 0,755023 0,000179
dan 0,967584 0,000229
data 0,030459 0,000209
database 0,579818 0,000825
databases 0,127833 0,000061
dates 0,430783 0,000102
david 0,385662 0,000091
dbm 3,912023 0,000928
dealing 1,714798 0,000407
deallocation 3,218876 0,000763
dealt 2,659260 0,000631
december 0,061875 0,000088
decision 0,494296 0,000117
declining 2,995732 0,000710
dee 3,912023 0,000928
defined 0,248461 0,000118
definedarticles 3,912023 0,000928
delete 1,609438 0,001908
deleting 2,302585 0,000546
deletion 2,659260 0,001261
deletions 2,813411 0,001334
deliver 1,514128 0,000359
demaine 3,506558 0,001663
denmark 2,525729 0,000599
denotes 2,302585 0,000546
department 0,941609 0,001563
depend 1,171183 0,000278
dependent 1,021651 0,000242
depends 0,994252 0,000472
deployed 1,469676 0,000349
dept 2,995732 0,000710
describes 0,820981 0,000195
description -0,009950 -0,000002
descriptionshort 0,000000 0,000000
design 0,127833 0,000061
designed 0,261365 0,000062
designs 1,469676 0,000697
desired 1,347074 0,000639
deteriorates 3,912023 0,000928
dev 1,514128 0,000359
devadas 3,912023 0,000928
developer 0,820981 0,000389
developers -0,009950 -0,000002
deviations 2,302585 0,000546
device 0,891598 0,000423
diagram 1,832581 0,000435
dict 3,506558 0,000832
dictionaries 2,040221 0,000968
dictionary 0,673345 0,000479
dietzfelbinger 3,912023 0,000928
different 0,020203 0,000019
difficult 0,597837 0,000142
dijk 3,912023 0,000928
dimensioned 3,912023 0,000928
dinesh 3,218876 0,001527
directed 1,514128 0,000718
directly 0,415515 0,000197
discarding 2,995732 0,000710
disclaimers -0,009950 -0,000002
discrete 1,171183 0,000278
discussed 1,897120 0,000450
discusses 2,040221 0,000484
disjoint 3,506558 0,000832
disk 1,469676 0,000349
disperse 3,912023 0,000928
displace 3,912023 0,000928
displaced 2,659260 0,000631
displacement 3,912023 0,000928
displacing 3,506558 0,000832
displaystyle 1,386294 0,028272
distance 1,560648 0,000370
distinct 0,916291 0,000217
distribute 1,832581 0,000435
distributed 0,478036 0,000227
distributes 2,659260 0,000631
distribution 0,634878 0,000753
distributions 1,386294 0,000329
division 1,386294 0,001644
djamal 3,506558 0,000832
doc 2,120264 0,000503
docs 1,309333 0,000310
doesn 1,609438 0,000382
doi 0,162519 0,000886
donald 1,347074 0,000639
donate -0,009950 -0,000005
done 0,653926 0,000155
dot 1,966113 0,000466
dotnet 3,506558 0,000832
double 0,916291 0,001086
doubling 2,525729 0,001198
down 0,597837 0,000142
download -0,009950 -0,000002
drawn 2,120264 0,000503
drops 2,813411 0,000667
due 0,261365 0,000310
dumey 3,912023 0,000928
dynamic 0,562119 0,001333
dynamically 1,714798 0,000407
ecmascript 2,302585 0,000546
edit -0,009950 -0,000094
editcommunity -0,009950 -0,000002
edited -0,009950 -0,000002
edition 0,579818 0,000137
eds 0,798508 0,000189
edu 1,108663 0,001052
efficiency 0,673345 0,000160
efficient 0,494296 0,000352
eight 2,120264 0,000503
either 0,248461 0,000236
elaine 3,218876 0,000763
element 1,021651 0,002423
elements 0,415515 0,000985
embedded 0,867501 0,000206
emde 3,506558 0,000832
empirical 1,203973 0,000286
empirically 3,506558 0,000832
employ 1,347074 0,000319
empty 1,427116 0,002369
enables 0,693147 0,000164
encapsulating 3,506558 0,000832
encyclopedia -0,009950 -0,000002
ended 1,771957 0,000840
engineering 0,198451 0,000094
english -0,009950 -0,000002
englishsloven 0,510826 0,000121
enhanced 1,386294 0,000329
enlarging 3,912023 0,000928
ensure 0,994252 0,000236
ensures 1,832581 0,000869
entail 2,995732 0,000710
enters 2,813411 0,000667
entire 0,755023 0,000179
entries 2,302585 0,004368
entry 1,309333 0,001242
episode 2,995732 0,000710
equality 2,040221 0,000484
erasing 3,218876 0,000763
erik 1,832581 0,000869
ershov 3,912023 0,000928
esa 3,506558 0,002495
espa 0,210721 0,000050
european 0,755023 0,000179
evaluated 2,120264 0,000503
even 0,235722 0,000112
eventsrandom -0,009950 -0,000002
exact 1,427116 0,000338
exactly 1,171183 0,000278
examined 1,966113 0,000466
examining 1,832581 0,000435
example 0,030459 0,000029
excessive 1,897120 0,000450
executed 1,203973 0,000286
expectation 2,207275 0,000523
expected 0,693147 0,000493
expensive 1,560648 0,000370
experience 1,021651 0,000242
exploited 1,897120 0,000450
export -0,009950 -0,000002
extendible 3,912023 0,000928
extending 1,714798 0,000407
external 0,030459 0,000036
extra 1,609438 0,000382
fabiano 3,912023 0,000928
factor 0,867501 0,005143
factors 1,021651 0,000242
fall 1,139434 0,000270
farach 3,912023 0,000928
farthest 3,506558 0,000832
fast 0,673345 0,000319
faster 0,994252 0,000707
fastest 2,120264 0,000503
favouring 3,912023 0,000928
february 0,061875 0,000117
fibonacci 3,218876 0,000763
figures 1,832581 0,000435
file 0,616186 0,000146
filepermanent -0,009950 -0,000002
files 0,843970 0,000200
filespecial -0,009950 -0,000002
filled 2,525729 0,001198
filter 1,514128 0,000359
finding 1,021651 0,000969
first 0,020203 0,000024
fixed 0,494296 0,000352
flavio 3,912023 0,000928
flemming 3,912023 0,001855
focs 3,912023 0,001855
focus 0,755023 0,000179
followed 0,733969 0,000348
follows 0,891598 0,001269
form 0,162519 0,000116
formation 2,040221 0,000968
found 0,385662 0,000457
foundation -0,009950 -0,000002
foundations 0,967584 0,000229
frac 2,302585 0,002184
fragmentation 2,407946 0,000571
fran 0,223144 0,000053
free -0,009950 -0,000002
friche 3,912023 0,001855
friedman 1,771957 0,000420
friendly 1,386294 0,000329
function 0,210721 0,001899
functionality 0,843970 0,000200
functions 0,356675 0,000423
fundamental 0,867501 0,000206
further 0,139262 0,000066
fusion 1,514128 0,000718
gene 2,040221 0,000484
general -0,009950 -0,000002
generally 0,287682 0,000136
generate 0,798508 0,000189
generates 2,302585 0,001092
generating 1,427116 0,000338
generic 1,203973 0,000857
geometry 1,347074 0,000319
geq 2,813411 0,000667
get 0,733969 0,000348
gets 1,469676 0,002440
give 0,843970 0,000200
given 0,261365 0,000496
gives 1,171183 0,000278
gnd 2,659260 0,000631
goddard 2,995732 0,000710
goes 1,237874 0,000294
golden 2,525729 0,000599
goldwasser 2,813411 0,000667
good 0,733969 0,000174
goodrich 3,218876 0,001527
gradually 1,897120 0,000900
graph 0,994252 0,000472
graphs 1,660731 0,000394
greater 0,755023 0,000179
gries 3,506558 0,000832
grow 1,714798 0,000407
grows 2,040221 0,000968
growths 3,912023 0,000928
guarantee 1,560648 0,000370
guaranteed 1,966113 0,001399
guarantees 2,040221 0,000968
hall 0,653926 0,000155
halving 3,506558 0,000832
hand 0,733969 0,000348
handbook 0,941609 0,000447
handle 0,994252 0,000236
handled 1,609438 0,000382
hans 2,120264 0,000503
hardware 0,579818 0,000137
harries 3,912023 0,000928
hash 1,771957 0,068071
hashed 2,813411 0,004670
hashes 2,302585 0,000546
hashing 2,302585 0,042590
hashmap 3,218876 0,002290
hashset 3,912023 0,004638
hashtable 3,912023 0,000928
having 0,579818 0,000137
hdl 1,049822 0,000249
head 1,021651 0,000485
heap 2,040221 0,002419
heavy 1,609438 0,000382
helplearn -0,009950 -0,000002
helps 1,347074 0,000319
hence 1,347074 0,000319
hererelated -0,009950 -0,000002
herlihy 3,912023 0,000928
heroic 3,912023 0,000928
heroku 2,995732 0,000710
hide -0,009950 -0,000009
high 0,223144 0,000106
higher 0,430783 0,000102
hilbert 2,302585 0,000546
hill 0,867501 0,000617
history -0,009950 -0,000009
hit 2,120264 0,000503
hoboken 1,897120 0,000450
holds 1,660731 0,000394
home 0,653926 0,000155
hood 2,525729 0,005989
hop 2,995732 0,001421
hopscotch 3,912023 0,005566
however 0,094311 0,000067
hrvatskibahasa 1,427116 0,000338
https -0,009950 -0,000002
hybrid 1,171183 0,000278
ibm 0,693147 0,000493
idea 0,820981 0,000584
ideal 2,207275 0,000523
ideally 1,897120 0,000900
identified 0,994252 0,000236
identifying 1,139434 0,000270
ieee 0,634878 0,000301
imperfect 2,813411 0,000667
implement 0,755023 0,000716
implementation 0,328504 0,000389
implementations 0,733969 0,001044
implemented 0,544727 0,000388
implementing 0,994252 0,000472
implements 1,347074 0,000958
impossible 1,347074 0,000319
improving 1,171183 0,000278
ina 0,356675 0,000085
inc -0,009950 -0,000002
include 0,061875 0,000044
includes 0,274437 0,000325
increased 0,820981 0,000389
increases 1,171183 0,000833
incremental 1,897120 0,000450
incrementally 2,525729 0,000599
independence 1,897120 0,000900
independent 0,713350 0,000338
independently 1,347074 0,000639
index -0,009950 -0,000028
indexed 1,966113 0,000466
indexes 2,040221 0,000484
indexing 1,771957 0,001681
indiana 2,525729 0,001198
indicates 1,272966 0,000604
indicating 1,897120 0,000450
indices 2,120264 0,002011
indonesiaitaliano 1,237874 0,000294
inefficiencies 2,995732 0,000710
infeasible 2,525729 0,000599
infinite 1,771957 0,001681
info 1,832581 0,000435
information 0,072571 0,000103
informationcite -0,009950 -0,000002
infrequent 3,912023 0,000928
initially 0,693147 0,000164
injective 2,407946 0,000571
insert 2,207275 0,003664
inserted 2,407946 0,004568
insertion 2,525729 0,004193
insertions 3,506558 0,002495
institute 0,579818 0,000412
integer 1,272966 0,003019
integers 1,609438 0,000382
intelligence 0,693147 0,000164
internal 0,634878 0,000151
international 0,139262 0,000132
interrupt 2,525729 0,000599
interval 1,514128 0,001436
intro 2,813411 0,000667
introduces 1,832581 0,000435
introduction 0,261365 0,000496
invariant 2,659260 0,000631
involve 1,309333 0,000310
involved 0,916291 0,000435
involves 0,776529 0,000552
isbn 0,051293 0,000268
isit 3,912023 0,000928
item -0,009950 -0,000031
items 1,108663 0,001840
iteration 2,120264 0,000503
itself 0,342490 0,000162
james 0,634878 0,000301
january 0,083382 0,000138
japo 3,912023 0,000928
java 0,891598 0,001269
javahypertext 3,912023 0,000928
javascript 1,021651 0,001211
jcc 3,912023 0,000928
jcoss 3,912023 0,000928
jeff 1,560648 0,000370
jeffery 3,912023 0,000928
jia 2,659260 0,000631
jill 2,995732 0,000710
john 0,210721 0,000050
jonan 3,506558 0,000832
journal 0,198451 0,000235
jphcs 3,506558 0,000832
jstor 0,843970 0,000200
juan 2,207275 0,000523
july 0,127833 0,000182
jump -0,009950 -0,000002
june 0,094311 0,000134
justin 1,897120 0,000450
karl 1,966113 0,000932
karp 2,995732 0,000710
kevin 1,386294 0,000329
key 0,356675 0,002622
keys 1,514128 0,004309
keysets 3,912023 0,000928
kinds 1,171183 0,000278
known 0,127833 0,000091
knuth 2,525729 0,001198
komputerowych 3,912023 0,000928
konheim 3,912023 0,001855
korth 3,506558 0,000832
krapivin 3,912023 0,000928
krishnan 3,506558 0,000832
kurt 2,995732 0,000710
kuszmaul 3,912023 0,000928
laboratory 1,609438 0,000382
lambda 2,407946 0,000571
lang 1,966113 0,000466
langsam 3,912023 0,000928
language 0,186330 0,000221
languages -0,009950 -0,000012
large 0,127833 0,000121
largest 1,108663 0,000263
last -0,009950 -0,000002
latency 1,897120 0,000450
latvie 0,994252 0,000236
lawrence 1,386294 0,000329
lazy 2,813411 0,000667
lead 0,673345 0,000160
learn 0,494296 0,000234
learning 0,494296 0,000117
least 0,527633 0,000125
lech 3,912023 0,000928
lecture 1,427116 0,003723
left 0,916291 0,000869
leftmost 3,506558 0,000832
legal -0,009950 -0,000002
leidefrost 3,912023 0,000928
leiserson 3,218876 0,004580
length 1,237874 0,001468
leq 2,995732 0,000710
less 0,430783 0,000102
lesson 2,120264 0,000503
let 1,139434 0,001081
level 0,116534 0,000028
lewis 2,407946 0,000571
lexically 3,218876 0,000763
lfloor 3,506558 0,000832
liang 2,995732 0,000710
library 0,478036 0,000453
license -0,009950 -0,000002
limit 0,994252 0,000236
lind 3,506558 0,000832
linear 0,916291 0,003259
linh 3,912023 0,000928
link 0,162519 0,000116
linked 0,941609 0,003573
linkedhashmap 3,912023 0,000928
linkedhashset 3,912023 0,000928
linkpage -0,009950 -0,000002
links -0,009950 -0,000009
linux 0,916291 0,000217
list 0,083382 0,000415
lists 0,597837 0,000142
litwin 3,912023 0,000928
liu 1,427116 0,000338
lnorsk 0,653926 0,000155
load 1,347074 0,008625
locality 3,218876 0,005343
locally 1,609438 0,000382
locate 2,659260 0,000631
located 1,660731 0,000394
location 0,994252 0,000472
locations 1,078810 0,000256
log -0,009950 -0,000012
lombardmagyar 1,832581 0,000435
long 0,287682 0,000068
longest 2,525729 0,000599
look 0,967584 0,000229
lookaside 3,912023 0,000928
lookup 2,407946 0,005139
lookups 3,218876 0,000763
loop 1,609438 0,001145
louis 1,771957 0,000420
low 0,478036 0,000227
lower 0,776529 0,000184
luhn 3,506558 0,001663
machine 0,083382 0,000020
magazine 0,776529 0,000184
main -0,009950 -0,000028
maint 0,798508 0,000379
maintain 0,941609 0,000447
maintaining 1,171183 0,001111
manipulation 0,994252 0,000236
many 0,061875 0,000088
map 1,171183 0,002500
mapped 2,813411 0,000667
mapping 1,237874 0,000294
maps 1,469676 0,001394
march 0,116534 0,000193
mark 0,462035 0,000110
martin 0,891598 0,000423
massachusetts 1,514128 0,001436
mathrm 2,995732 0,008525
matrix 1,609438 0,000382
maurer 3,912023 0,000928
maurice 2,525729 0,000599
max 1,660731 0,004332
maximization 2,525729 0,000599
mayers 3,912023 0,000928
mcgraw 1,108663 0,001052
mckenzie 3,506558 0,000832
mdn 2,302585 0,001092
mdy 1,514128 0,000359
media 0,139262 0,000066
mehlhorn 3,912023 0,000928
mehta 2,995732 0,001421
mellon 2,407946 0,000571
membership 1,832581 0,000435
memorandum 2,995732 0,001421
memory 0,579818 0,001512
mengting 3,912023 0,000928
menu -0,009950 -0,000005
merely 2,207275 0,000523
method 0,210721 0,000150
methods 0,274437 0,000130
michael 0,400478 0,000190
microsoft 0,579818 0,000275
mit 0,776529 0,001841
mobile -0,009950 -0,000002
mod 2,120264 0,001006
model 0,162519 0,000077
modern 0,314711 0,000075
modules 1,347074 0,000319
modulo 3,506558 0,002495
moffat 3,912023 0,000928
moran 3,912023 0,000928
morin 3,218876 0,000763
morris 1,832581 0,000435
moshe 3,218876 0,000763
move -0,009950 -0,000009
moved 1,347074 0,000319
moving 0,776529 0,000368
mozilla 1,514128 0,000718
multimap 3,506558 0,000832
multiple 0,116534 0,000028
multiplication 2,040221 0,002419
multiplicative 3,218876 0,000763
multiset 3,218876 0,000763
mutable 2,207275 0,000523
mythical 3,506558 0,000832
named 0,820981 0,000195
nathaniel 2,207275 0,000523
navigation -0,009950 -0,000002
nederlands 0,415515 0,000099
needed 0,210721 0,000050
needs 0,415515 0,000197
neighbourhood 3,912023 0,006494
neq 3,912023 0,000928
net 0,415515 0,000394
netherlands 1,897120 0,000450
network 0,210721 0,000050
networks 0,446287 0,000106
nevertheless 1,660731 0,000394
new 0,010050 0,000031
newer 1,309333 0,000310
newly 1,560648 0,000370
next 0,400478 0,000285
nicholas 1,560648 0,000370
nikolas 3,912023 0,002783
nine 1,771957 0,000420
nir 3,218876 0,000763
nist 1,771957 0,000420
node 1,203973 0,000857
nodes 1,108663 0,000526
non -0,009950 -0,000007
norsk 0,342490 0,000081
northwestern 3,218876 0,000763
notably 1,309333 0,000310
notationoperation 3,912023 0,000928
note 0,776529 0,000184
notes 0,415515 0,000788
notion 1,237874 0,000294
november 0,150823 0,000358
number 0,051293 0,000122
numbers 0,544727 0,000129
numerically 2,813411 0,000667
nynorskpolskiportugu 2,302585 0,000546
object 0,544727 0,000258
obtained 1,171183 0,000278
occupied 2,525729 0,001198
occur 0,916291 0,000217
oclc 0,891598 0,000211
october 0,139262 0,000132
ocw 3,506558 0,001663
offers 0,755023 0,000179
often 0,127833 0,000030
old 0,994252 0,001650
oldid -0,009950 -0,000002
olesperantoeuskara 0,510826 0,000121
olumide 3,912023 0,000928
omitting 3,506558 0,000832
one 0,010050 0,000021
ontario 3,218876 0,000763
onwards 2,525729 0,000599
open 0,235722 0,001565
opencourseware 3,218876 0,000763
operation 0,713350 0,001015
operations 0,301105 0,000428
optimal 1,386294 0,000329
optimization 0,693147 0,000164
oracle 1,108663 0,000263
order 0,094311 0,000045
ordered 1,386294 0,000329
org -0,009950 -0,000014
organization -0,009950 -0,000005
organized 1,469676 0,000349
organizing 1,771957 0,000420
original 0,030459 0,000188
originally 0,820981 0,000389
out 0,261365 0,000062
outlaw 3,912023 0,000928
outputs 1,660731 0,000394
over 0,094311 0,000022
overlaying 3,912023 0,000928
overview 0,616186 0,000438
overwriting 2,995732 0,000710
owolabi 3,912023 0,000928
oxford 0,843970 0,000400
page -0,009950 -0,000002
pagecontentscurrent -0,009950 -0,000002
pageget -0,009950 -0,000002
pages -0,009950 -0,000002
pagh 3,506558 0,001663
pair 1,714798 0,000407
pairs 1,832581 0,001738
park 1,832581 0,000869
part 0,127833 0,000091
partially 1,714798 0,000407
particular 0,301105 0,000143
particularly 0,597837 0,000284
parts 0,544727 0,000129
pat 2,813411 0,000667
patricio 3,912023 0,000928
pattern 0,891598 0,000423
pay 1,272966 0,000302
pdf 0,139262 0,000793
pdfprintable -0,009950 -0,000002
pearson 1,347074 0,001278
pedro 2,120264 0,001006
per 0,616186 0,000146
perfect 1,897120 0,003149
perform 0,562119 0,000133
performance 0,261365 0,000992
performant 3,506558 0,000832
performed 0,867501 0,000617
perls 3,912023 0,000928
personal -0,009950 -0,000002
perspective 0,820981 0,000195
peter 0,494296 0,000234
peterson 2,525729 0,000599
philosophical 2,207275 0,000523
phone 1,714798 0,000407
photodna 3,912023 0,000928
php -0,009950 -0,000002
physics 0,994252 0,000236
place 0,597837 0,000142
places 1,514128 0,000359
plackett 3,912023 0,000928
plank 3,912023 0,000928
poblete 3,912023 0,001855
point 0,301105 0,000071
pointer 1,897120 0,000450
poisson 2,302585 0,000546
policy -0,009950 -0,000005
polsko 3,912023 0,000928
polynomial 1,832581 0,000869
poor 1,714798 0,000813
popular 0,579818 0,000275
portalrecent -0,009950 -0,000002
possible 0,287682 0,000136
potential 0,653926 0,000155
power 0,400478 0,000095
prabhakar 3,218876 0,000763
practically 2,525729 0,000599
practice 0,371064 0,000088
prefer 1,832581 0,000435
prefetchers 3,912023 0,000928
prefix 2,407946 0,000571
prentice 0,994252 0,000236
preoccupied 3,912023 0,000928
presence 1,139434 0,000270
present 0,597837 0,000142
press 0,210721 0,000300
presupposed 3,912023 0,000928
previously 0,843970 0,000200
price 1,021651 0,000242
primarily 0,653926 0,000155
prime 1,714798 0,001220
primitive 1,832581 0,000435
princeton 1,660731 0,000394
print -0,009950 -0,000002
prior 0,891598 0,000211
priority 1,897120 0,000900
privacy -0,009950 -0,000005
privately 2,207275 0,000523
probability 1,078810 0,000512
probable 2,659260 0,000631
probe 2,302585 0,003276
probes 3,506558 0,002495
probing 3,506558 0,011641
problem 0,385662 0,000091
proc 2,302585 0,000546
procedure 1,386294 0,001972
proceeding 3,506558 0,000832
proceedings 0,597837 0,000425
process 0,116534 0,000083
processing 0,356675 0,000169
produces 1,560648 0,000370
professional 0,843970 0,000400
profit -0,009950 -0,000002
programmer 1,386294 0,000329
programming 0,446287 0,000847
projects -0,009950 -0,000002
properties 0,693147 0,000493
property 0,776529 0,000368
proportional 2,302585 0,000546
proposed 0,713350 0,000169
prove 1,832581 0,000869
provide 0,174353 0,000083
provides 0,261365 0,000062
providing 0,673345 0,000160
psl 3,912023 0,012060
published 0,328504 0,000156
python 0,916291 0,000435
quadratic 2,407946 0,001142
quasi 1,966113 0,000466
queue 1,771957 0,001681
rabin 3,218876 0,000763
random 0,843970 0,001001
range 0,446287 0,000317
ranjan 3,912023 0,000928
rasmus 3,506558 0,001663
rather 0,287682 0,000068
ratio 1,469676 0,001046
reaches 2,659260 0,001261
readeditview 0,287682 0,000136
reading 0,342490 0,000244
real 0,210721 0,000150
reason 1,049822 0,000249
reasonable 1,609438 0,000382
reasonably 2,995732 0,000710
record 0,916291 0,000435
records 0,994252 0,000236
red 1,237874 0,000294
redirects 1,078810 0,000256
redis 3,506558 0,000832
reduce 0,673345 0,000160
reduced 1,078810 0,000512
reema 3,912023 0,000928
reference 0,478036 0,000567
references 0,020203 0,000014
regard 1,609438 0,000382
registered -0,009950 -0,000002
rehash 3,506558 0,003326
rehashed 3,912023 0,003711
rehashing 3,912023 0,006494
related 0,051293 0,000012
relation 1,347074 0,000319
relative 1,108663 0,000263
released 0,693147 0,000164
remain 1,078810 0,000256
remainder 2,995732 0,000710
remains 1,237874 0,000294
reordering 3,506558 0,000832
repeat 2,659260 0,000631
repeated 2,120264 0,000503
repeatedly 2,659260 0,000631
replaced 1,237874 0,000294
report 0,462035 0,000110
requirement 1,427116 0,000338
research 0,261365 0,000124
resizable 3,506558 0,000832
resize 3,912023 0,000928
resized 3,506558 0,002495
resizing 3,506558 0,009147
resolution 1,560648 0,005921
resolved 2,302585 0,002730
resolving 2,995732 0,000710
respectively 0,967584 0,000459
restricted 1,427116 0,000338
result 0,371064 0,000176
resulting 0,798508 0,000568
results 0,446287 0,000529
retrieval 1,347074 0,001278
retrieve 1,771957 0,000840
retrieved -0,009950 -0,000064
review 0,385662 0,000091
rfloor 3,506558 0,000832
ricardo 2,120264 0,000503
rich 1,347074 0,000319
right 0,478036 0,000227
rightarrow 2,813411 0,000667
rivest 2,813411 0,003336
robert 0,579818 0,000275
roberto 1,897120 0,000450
robin 1,714798 0,004473
rochester 2,659260 0,000631
rodler 3,912023 0,001855
rolling 2,120264 0,000503
ronald 1,714798 0,001627
rope 2,813411 0,000667
rounding 2,995732 0,000710
ruby 1,347074 0,000958
rust 1,427116 0,001015
safety -0,009950 -0,000002
sahni 2,995732 0,000710
said 0,755023 0,000179
sampling 1,966113 0,000466
samuel 1,714798 0,000407
sanders 2,207275 0,000523
sandra 2,525729 0,000599
sartaj 3,218876 0,000763
scalable 1,832581 0,000435
scanned 2,813411 0,000667
scattered 3,218876 0,000763
scheffler 3,506558 0,000832
scheme 1,469676 0,001046
schemes 1,660731 0,001181
science 0,287682 0,001296
sciences 0,867501 0,000206
scott 0,891598 0,000211
seaman 3,506558 0,000832
search -0,009950 -0,000068
searched 2,407946 0,000571
searches 1,560648 0,000740
searching 1,832581 0,001304
second 0,342490 0,000081
secondary 1,386294 0,000329
section 0,562119 0,000133
sedgewick 3,912023 0,000928
see -0,009950 -0,000009
selecting 2,302585 0,000546
self 0,478036 0,000567
separate 0,693147 0,002959
september 0,150823 0,000072
sequence 0,994252 0,001179
sequences 1,514128 0,000359
series 0,328504 0,000156
set 0,083382 0,000198
sets 0,776529 0,000737
settings 1,609438 0,000382
seven 1,469676 0,000349
several 0,094311 0,000022
shane 2,659260 0,000631
sharealike -0,009950 -0,000002
shavit 3,506558 0,000832
shift 1,347074 0,000319
shifted 2,302585 0,000546
short -0,009950 -0,000002
shortened -0,009950 -0,000002
shows 1,139434 0,000270
shrinks 3,218876 0,000763
siam 2,525729 0,000599
sidebar -0,009950 -0,000009
sigma 2,302585 0,001638
significantly 1,171183 0,000278
silberschatz 3,218876 0,000763
similarly 0,843970 0,000200
simple 0,150823 0,000107
simply 0,733969 0,000174
since 0,139262 0,000198
single 0,127833 0,000061
sinha 3,218876 0,000763
site -0,009950 -0,000002
situations 1,237874 0,000294
size 0,462035 0,001096
sizes 1,514128 0,000718
ska 3,912023 0,000928
skip 2,659260 0,000631
skyrocket 3,912023 0,000928
slot 3,218876 0,010686
slots 3,506558 0,004989
slower 1,966113 0,000932
small 0,314711 0,000075
smith 1,203973 0,000286
software 0,127833 0,000152
solution 0,776529 0,000184
sometimes 0,301105 0,000071
sorting 2,407946 0,001142
south 1,108663 0,000526
space 0,478036 0,000340
sparse 2,525729 0,000599
spatial 1,660731 0,000394
spe 3,218876 0,000763
specific 0,094311 0,000022
specification 0,941609 0,000447
speed 1,049822 0,000249
spire 3,912023 0,000928
splay 3,218876 0,000763
spot 1,771957 0,000420
spring 1,660731 0,000394
springer 0,527633 0,000250
squared 2,525729 0,001198
srini 3,912023 0,000928
srpskisuomisvenskatagalog 3,912023 0,000928
stable 0,867501 0,000206
stack 0,867501 0,000206
standard 0,198451 0,000235
standardization 1,309333 0,000310
starting 0,755023 0,000179
state 0,235722 0,000056
statement -0,009950 -0,000002
states 0,385662 0,000091
static 1,272966 0,000302
statistic 2,813411 0,000667
statistical 0,776529 0,000368
statistically 2,407946 0,000571
statistics -0,009950 -0,000002
status 0,693147 0,000329
stein 2,525729 0,002995
stem 2,659260 0,000631
stole 2,995732 0,000710
storage 0,430783 0,000102
store 0,733969 0,000348
stored 0,733969 0,001741
stores 1,272966 0,001207
storing 1,171183 0,000833
strategies 1,078810 0,000256
string 1,171183 0,003055
strings 1,514128 0,000359
stroustrup 3,912023 0,001855
structure 0,314711 0,000597
structures 0,673345 0,002555
structurestypes 3,506558 0,000832
studies 0,673345 0,000160
study 0,510826 0,000121
submitted 1,714798 0,000407
subsection 0,020203 0,000024
subsequent 1,469676 0,000697
successful 0,843970 0,000200
successive 2,302585 0,001092
succinct 2,659260 0,000631
sudarshan 2,813411 0,000667
suffer 2,659260 0,000631
suggests 1,771957 0,000420
suited 1,514128 0,000718
supposed 2,525729 0,000599
surveys 1,714798 0,000407
swap 2,407946 0,001142
symbol 1,469676 0,000349
symposium 1,309333 0,000931
system 0,030459 0,000043
systems 0,061875 0,000044
table -0,009950 -0,000208
tables 1,660731 0,013784
tabletypeunordered 3,912023 0,000928
taken 0,867501 0,000206
tamassia 2,995732 0,001421
target 0,673345 0,000160
tasks 0,798508 0,000189
technical 0,478036 0,000227
technik 3,912023 0,000928
technique 0,994252 0,000707
techniques 0,544727 0,000517
technology 0,186330 0,000177
ted 2,040221 0,000484
tenenbaum 3,218876 0,000763
term 0,223144 0,000053
termed 2,120264 0,000503
termination 2,207275 0,000523
terms -0,009950 -0,000005
test 0,673345 0,000319
testing 0,616186 0,000146
tests 1,309333 0,000310
texas 1,966113 0,000466
text -0,009950 -0,000028
textstyle 2,659260 0,001261
thareja 3,912023 0,000928
theoretical 0,967584 0,000688
theory 0,400478 0,000190
therefore 0,478036 0,000453
theta 3,218876 0,001527
third 0,356675 0,000085
thomas 0,527633 0,000626
threshold 2,302585 0,000546
throughout 1,078810 0,000256
throughput 2,120264 0,000503
thus 0,328504 0,000234
time 0,010050 0,000050
tinadanskdeutscheesti 1,309333 0,000310
title -0,009950 -0,000002
together 0,579818 0,000137
toggle -0,009950 -0,000017
tom 1,203973 0,000286
tool 0,653926 0,000155
tools -0,009950 -0,000007
top -0,009950 -0,000002
topic -0,009950 -0,000005
total 0,673345 0,000160
tracking 1,237874 0,000294
trademark -0,009950 -0,000002
tradeoff 2,407946 0,000571
transforms 2,302585 0,000546
translation 1,609438 0,000382
transposition 3,506558 0,004158
traversal 2,659260 0,000631
traversed 3,912023 0,000928
tree 0,843970 0,003402
trees 1,469676 0,002091
trie 2,659260 0,001261
tries 1,832581 0,000435
triggers 2,525729 0,000599
turn 1,108663 0,000263
tutorials 1,966113 0,000466
twente 2,995732 0,000710
two 0,083382 0,000178
type 0,150823 0,000179
types 0,198451 0,000188
typically 0,223144 0,000265
tzafrir 3,912023 0,000928
ulietuvi 1,049822 0,000249
unaltered 3,912023 0,000928
under -0,009950 -0,000009
understanding 0,562119 0,000133
unified 1,560648 0,000370
uniform 1,347074 0,001597
uniformaly 3,912023 0,000928
uniformity 3,912023 0,000928
uniformly 2,525729 0,000599
unique 0,916291 0,001304
united 0,527633 0,000125
universal 0,994252 0,000236
universe 2,207275 0,004187
university 0,186330 0,000619
unknown 1,171183 0,000278
unknownarticles 3,218876 0,000763
unoccupied 3,912023 0,000928
unordered 2,813411 0,001334
unrolled 3,506558 0,000832
unseen 2,995732 0,000710
unsigned 2,525729 0,001198
unsuccessful 3,218876 0,002290
until 0,510826 0,000485
unused 2,407946 0,000571
updated 0,867501 0,000411
url 1,237874 0,000587
urldownload -0,009950 -0,000002
usage 0,597837 0,000142
use -0,009950 -0,000007
used -0,009950 -0,000050
uses 0,094311 0,000134
using -0,009950 -0,000024
usually 0,223144 0,000159
utc -0,009950 -0,000002
utilization 2,407946 0,000571
value 0,301105 0,001856
valuecs 3,218876 0,000763
valued 1,897120 0,000450
values 0,597837 0,000992
van 0,891598 0,000423
vander 3,912023 0,000928
variables 0,891598 0,000211
variance 1,714798 0,000407
variants 1,427116 0,000338
variety 0,653926 0,000155
varying 1,309333 0,000310
verify 1,660731 0,000394
version -0,009950 -0,000002
via 0,186330 0,000353
video 0,616186 0,000292
view -0,009950 -0,000002
viola 3,506558 0,000832
virtual 0,527633 0,000250
vitter 3,912023 0,000928
vldb 2,659260 0,000631
vol 0,616186 0,001169
volume 0,616186 0,000292
vowed 3,506558 0,000832
vtedata 2,302585 0,000546
wang 1,427116 0,000677
washington 1,049822 0,000249
waterloo 3,218876 0,000763
way 0,198451 0,000141
wayne 2,995732 0,001421
ways 0,446287 0,000106
web 0,342490 0,000081
wegman 3,912023 0,000928
weiss 2,995732 0,000710
well 0,051293 0,000036
wen 3,912023 0,000928
wesley 1,078810 0,001023
what -0,009950 -0,000002
whenever 2,040221 0,000484
whether 0,400478 0,000095
which 0,000000 0,000000
who 0,301105 0,000143
widely 0,342490 0,000162
wiki 1,427116 0,000338
wikibooks 1,427116 0,000338
wikidatause 1,108663 0,000263
wikimedia -0,009950 -0,000007
wikipedia -0,009950 -0,000014
wikipediacontact -0,009950 -0,000002
wiley 0,562119 0,000267
willard 3,218876 0,000763
william 0,713350 0,000169
within 0,116534 0,000221
without 0,094311 0,000112
witold 3,912023 0,000928
word 0,693147 0,000493
work 0,127833 0,000030
works 0,693147 0,000164
worst 2,120264 0,003017
wrapper 2,659260 0,000631
wrote 1,078810 0,000256
xor 2,813411 0,001334
xueqian 3,912023 0,000928
xxv 3,912023 0,000928
yang 1,966113 0,000466
yates 2,659260 0,000631
yedidyah 3,912023 0,000928
yielding 2,659260 0,000631
yong 2,995732 0,000710
york 0,371064 0,000088
yunwei 3,912023 0,000928
zanden 3,912023 0,000928
zero 0,733969 0,000174
zhang 1,427116 0,000338
zheng 2,302585 0,000546
zhong 2,813411 0,000667
zobel 3,912023 0,000928
