aalto 3,912023 0,001213
aaron 1,714798 0,000532
abil 0,562119 0,000174
absent 3,218876 0,000998
access 0,127833 0,000079
accomplish 1,771957 0,001099
account -0,009950 -0,000006
action -0,009950 -0,000003
ad 0,198451 0,000308
add -0,009950 -0,000006
addison 1,203973 0,000373
addit -0,009950 -0,000012
adt 3,218876 0,000998
advanc 0,235722 0,000073
advantag 0,693147 0,000215
agre -0,009950 -0,000003
ahnentafel 3,912023 0,002426
ai 0,673345 0,000209
aleph 3,506558 0,002175
algorithm 0,462035 0,000860
allow 0,061875 0,000058
almost 0,798508 0,000743
alreadi 0,776529 0,000722
altern 0,342490 0,000319
alwai 0,597837 0,001483
america 0,967584 0,000300
among 0,356675 0,000111
amp -0,009950 -0,000019
analog 1,021651 0,000317
analysi 0,186330 0,000058
anand 2,813411 0,000872
ancestri 3,218876 0,000998
ani 0,083382 0,000388
anoth 0,127833 0,000079
appear -0,009950 -0,000012
append 2,407946 0,002240
appli -0,009950 -0,000003
applic 0,030459 0,000066
approach 0,174353 0,000054
april 0,072571 0,000023
arboresc 3,912023 0,003639
archiv 0,040822 0,000063
argument 1,171183 0,000363
ari 2,040221 0,003796
around 0,356675 0,000221
arrai 0,994252 0,003700
arrang 1,560648 0,001936
art 0,673345 0,000418
articl 0,000000 0,000000
articleabout -0,009950 -0,000003
articletalk -0,009950 -0,000003
assign 0,798508 0,001486
associ 0,127833 0,000159
assum 0,891598 0,000553
assumpt 1,171183 0,000363
atom 1,309333 0,000406
attach 1,514128 0,000469
attempt 0,478036 0,000296
attribut -0,009950 -0,000003
author 0,040822 0,000089
avail -0,009950 -0,000006
avl 2,995732 0,001858
awai 1,139434 0,000353
back 0,462035 0,000143
balanc 1,139434 0,004240
ball 2,120264 0,000657
base 0,010050 0,000009
becaus 0,127833 0,000198
becom 0,274437 0,000085
behav 1,427116 0,000443
belong 1,347074 0,000835
benefit 0,776529 0,000241
better 0,494296 0,000153
bibliographi 1,966113 0,001219
bifurc 3,506558 0,002175
big 0,673345 0,000209
biject 3,218876 0,002994
binari 0,916291 0,044891
binomi 2,302585 0,001428
bit 1,078810 0,003345
bitstr 3,912023 0,002426
bitwis 2,995732 0,000929
black 1,203973 0,001493
blue 1,560648 0,000484
boa 3,218876 0,000998
book 0,210721 0,000196
bottom 2,040221 0,001265
bound 1,171183 0,000726
branch 1,021651 0,000634
breadth 2,659260 0,005772
brief 1,237874 0,000384
brodal 3,912023 0,001213
bsp 3,912023 0,001213
busi 0,287682 0,000357
calendar 2,659260 0,000825
call 0,030459 0,000038
cambridg 0,755023 0,000234
cannot 0,314711 0,000195
cardin 2,813411 0,002617
cartesian 3,218876 0,000998
case 0,083382 0,000207
catal 0,094311 0,000029
catalan 3,218876 0,002994
categori -0,009950 -0,000009
caveat 3,218876 0,000998
cdot 2,525729 0,000783
certain 0,274437 0,000170
challeng 0,400478 0,000124
chang 0,051293 0,000048
changesupload -0,009950 -0,000006
chapman 2,120264 0,000657
chapter 0,891598 0,000276
char 2,659260 0,000825
charact 0,843970 0,000262
character 1,203973 0,000373
chart 1,309333 0,000406
check 0,634878 0,000197
cheng 2,040221 0,000633
chengjiang 3,912023 0,001213
chiang 3,506558 0,001087
child 1,771957 0,022527
children 1,832581 0,015343
chr 3,912023 0,003639
circl 1,966113 0,000610
citat 0,248461 0,000231
cite 0,597837 0,000556
cladogram 3,912023 0,001213
classic 0,544727 0,000169
close 0,356675 0,000221
closest 2,813411 0,000872
code -0,009950 -0,000019
colour 3,218876 0,000998
combinator 2,120264 0,003287
combinatori 2,407946 0,001493
common -0,009950 -0,000022
commonli 0,342490 0,000106
commonswikidata 1,171183 0,000363
compact 1,609438 0,001497
complet 0,223144 0,001315
complex 0,186330 0,000231
compress 1,108663 0,000344
comput 0,020203 0,000069
concept 0,198451 0,000123
conceptu 1,469676 0,000456
conduct -0,009950 -0,000003
confus 0,693147 0,000430
connect 0,430783 0,000134
consecut 2,659260 0,000825
conserv 1,897120 0,000588
consid 0,274437 0,000255
consist 0,301105 0,000373
construct 0,579818 0,000539
contact -0,009950 -0,000006
contain 0,162519 0,000353
content -0,009950 -0,000012
continu 0,174353 0,000054
continuum 3,218876 0,000998
contrast 0,891598 0,000276
contribut -0,009950 -0,000003
control 0,020203 0,000006
convert 1,049822 0,000651
cooki -0,009950 -0,000003
cormen 2,995732 0,001858
correspond 0,798508 0,002476
count 0,916291 0,000852
countabl 2,995732 0,000929
courier 3,218876 0,000998
cover 0,733969 0,000455
crc 1,171183 0,001089
creat -0,009950 -0,000012
creativ -0,009950 -0,000003
csail 3,506558 0,001087
ctrie 3,912023 0,001213
current 0,210721 0,000588
cut 1,386294 0,000430
cycl 0,867501 0,000269
danc 2,995732 0,000929
data 0,030459 0,000274
databas 0,072571 0,000045
datapartit 3,912023 0,001213
david 0,385662 0,000239
decemb 0,061875 0,000038
decodesuccinct 3,912023 0,003639
defin 0,116534 0,000470
definit 0,186330 0,001156
degener 3,218876 0,000998
degre 0,916291 0,000284
delet 1,139434 0,002827
delhi 2,995732 0,000929
demain 3,506558 0,001087
denot 1,386294 0,000430
depend 0,105361 0,000033
depth 1,427116 0,003098
describ 0,174353 0,000162
descript -0,009950 -0,000012
descriptionshort 0,000000 0,000000
design 0,040822 0,000038
desir 0,941609 0,000292
determin 0,342490 0,000319
develop -0,009950 -0,000003
dialect 2,995732 0,000929
dictionari 0,616186 0,000191
differ 0,010050 0,000034
dimension 1,560648 0,000484
dinesh 3,218876 0,000998
direct 0,261365 0,000081
directli 0,415515 0,000129
disallow 2,407946 0,000747
disclaim -0,009950 -0,000003
discret 1,049822 0,000977
displaystyl 1,386294 0,023642
distanc 1,514128 0,000939
distinct 0,544727 0,000507
distinguish 0,733969 0,000910
divis 1,237874 0,000384
document 0,328504 0,000102
don 0,916291 0,000568
donald 1,347074 0,000418
donat -0,009950 -0,000006
done 0,653926 0,000203
dot 1,609438 0,000499
dover 2,813411 0,000872
download -0,009950 -0,000003
draw 0,994252 0,000308
due 0,261365 0,000081
dung 3,506558 0,001087
dyck 3,912023 0,012130
dynam 0,342490 0,000106
earli 0,301105 0,000093
easili 0,843970 0,000262
edg 0,820981 0,002037
edit -0,009950 -0,000117
editcommun -0,009950 -0,000003
edu 1,108663 0,000344
educ 0,494296 0,000153
effici 0,287682 0,000178
either 0,248461 0,000308
element 0,301105 0,000280
els 1,469676 0,000911
em 1,560648 0,000484
emd 3,506558 0,001087
emphas 1,347074 0,000418
empti 1,386294 0,005588
enclos 2,525729 0,001566
encod 1,203973 0,002987
encodesuccinct 3,912023 0,003639
encyclopaedia 2,813411 0,000872
encyclopedia -0,009950 -0,000009
end 0,186330 0,000058
english -0,009950 -0,000003
englishsloven 0,510826 0,000158
entir 0,597837 0,000185
entri 1,203973 0,000747
enum 2,659260 0,000825
equal 0,843970 0,001047
equival 0,820981 0,000255
erik 1,832581 0,000568
espa 0,210721 0,000065
especi 0,415515 0,000129
essenti 0,634878 0,000197
establish 0,634878 0,000197
even 0,235722 0,000219
eventsrandom -0,009950 -0,000003
everydai 1,832581 0,000568
exactli 1,171183 0,000363
exampl 0,020203 0,000063
exce 1,897120 0,001177
except 0,733969 0,000455
exist 0,186330 0,000116
expect 0,494296 0,000153
exponenti 1,560648 0,000484
export -0,009950 -0,000003
express 0,544727 0,001182
extend 0,385662 0,000837
extern 0,030459 0,000019
extra 1,609438 0,000499
fact 0,579818 0,000360
factor 0,544727 0,000169
fair 1,427116 0,000443
far 0,867501 0,000269
farther 3,912023 0,002426
farthest 3,506558 0,003262
fast 0,673345 0,000418
fenwick 3,506558 0,001087
fewer 1,897120 0,000588
fibonacci 3,218876 0,000998
fileperman -0,009950 -0,000003
filespeci -0,009950 -0,000003
fill 1,660731 0,001545
final 0,494296 0,000153
findstat 3,912023 0,001213
finger 2,813411 0,000872
first 0,020203 0,000106
five 0,776529 0,000482
flore 3,218876 0,000998
flum 3,912023 0,001213
follow 0,072571 0,000158
form 0,072571 0,000045
formal 0,510826 0,000158
fould 3,506558 0,001087
found 0,274437 0,000340
foundat -0,009950 -0,000006
frac 2,302585 0,000714
fractal 2,659260 0,000825
fran 0,223144 0,000069
free -0,009950 -0,000006
full 0,371064 0,002646
fulli 0,616186 0,000573
function 0,030459 0,000038
fundament 0,478036 0,000148
fusion 1,514128 0,000469
garnier 3,912023 0,001213
gener -0,009950 -0,000006
geometr 1,771957 0,000549
geq 2,813411 0,001745
get 0,430783 0,000134
given 0,261365 0,000324
goodrich 3,218876 0,000998
graph 0,967584 0,002700
greater 0,755023 0,000234
grohe 3,912023 0,001213
gross 2,120264 0,000657
guid 0,287682 0,000089
half 1,108663 0,000344
hall 0,653926 0,000608
handbook 0,941609 0,000292
hash 1,560648 0,000968
hazewinkel 3,506558 0,001087
heap 1,966113 0,002439
height 1,771957 0,007143
help 0,174353 0,000054
helplearn -0,009950 -0,000003
hererel -0,009950 -0,000003
hide -0,009950 -0,000012
hilbert 2,302585 0,000714
hill 0,867501 0,000538
histori -0,009950 -0,000006
hold 0,579818 0,000360
howev 0,094311 0,000088
hrvatskibahasa 1,427116 0,000443
hsing 3,218876 0,000998
hsu 3,506558 0,001087
htree 3,912023 0,001213
http -0,009950 -0,000003
huffman 3,506558 0,002175
ident 0,820981 0,000509
idist 3,912023 0,001213
illustr 1,203973 0,000373
imag 0,494296 0,000153
imagin 2,525729 0,000783
impart 3,506558 0,001087
implement 0,105361 0,000131
impli 0,994252 0,000617
implicit 1,514128 0,000939
improv 0,150823 0,000047
ina 0,356675 0,000111
inasloven 0,616186 0,000191
inc -0,009950 -0,000003
includ 0,000000 0,000000
index -0,009950 -0,000028
india 1,171183 0,000363
indic 0,356675 0,000221
indonesia 1,272966 0,000395
induct 1,832581 0,001136
inequ 2,120264 0,000657
infinit 1,609438 0,000998
inform 0,061875 0,000192
informationcit -0,009950 -0,000003
initi 0,235722 0,000073
insert 1,560648 0,004355
instanc 0,478036 0,000296
instead 0,301105 0,000373
institut 0,446287 0,000138
instruct 1,108663 0,000344
integ 1,139434 0,000353
interchang 1,714798 0,000532
interconnect 1,966113 0,000610
interior 2,120264 0,000657
intern 0,040822 0,000215
internationalgndotheryal 3,912023 0,001213
internet 0,462035 0,000143
interpret 0,579818 0,000360
interv 1,386294 0,000430
introduct 0,210721 0,000065
isbn 0,051293 0,000318
item -0,009950 -0,000003
iter 1,272966 0,000395
itself 0,342490 0,000212
januari 0,083382 0,000026
javascript 1,021651 0,000317
john 0,198451 0,000062
jonathan 1,347074 0,000418
juli 0,127833 0,000079
jump -0,009950 -0,000003
kaufmann 1,897120 0,000588
kenneth 1,966113 0,001219
knuth 2,525729 0,001566
kraft 3,912023 0,001213
kuan 2,995732 0,000929
laakso 3,912023 0,001213
label 1,049822 0,001302
languag -0,009950 -0,000025
larg 0,127833 0,000040
last -0,009950 -0,000019
lastli 3,506558 0,001087
ldot 3,506558 0,001087
leaf 2,659260 0,018141
lean 2,207275 0,000684
learn 0,162519 0,000101
least 0,527633 0,000982
leav 1,078810 0,002342
lectur 1,139434 0,001060
left 0,916291 0,009660
leftist 3,912023 0,001213
legal -0,009950 -0,000003
length 1,237874 0,001919
leq 2,995732 0,001858
let 0,916291 0,000852
level 0,083382 0,000388
lfloor 3,506558 0,003262
licens -0,009950 -0,000003
lih 3,912023 0,001213
like 0,051293 0,000064
limit 0,186330 0,000116
lin 1,660731 0,000515
line 0,261365 0,000081
link -0,009950 -0,000046
linkpag -0,009950 -0,000003
lisp 1,386294 0,000430
list 0,051293 0,000143
listc 2,302585 0,000714
literatur 1,272966 0,000395
littl 0,820981 0,000255
local 0,314711 0,000098
log -0,009950 -0,000046
logic 0,616186 0,000191
lombard 3,218876 0,000998
long 0,287682 0,000089
lost 1,514128 0,000469
lower 0,673345 0,000209
ltd 1,203973 0,000373
lux 0,371064 0,000115
machin 0,040822 0,000013
made 0,186330 0,000058
magma 3,506558 0,001087
main -0,009950 -0,000012
maint 0,798508 0,000990
make 0,061875 0,000077
makinson 3,912023 0,001213
man 0,843970 0,000262
manual 0,994252 0,000308
map 0,616186 0,000191
mask 1,832581 0,000568
mass 1,309333 0,000406
match 0,400478 0,000248
materi 0,616186 0,000191
math 1,832581 0,000568
mathemat 0,616186 0,001529
mathrm 2,995732 0,000929
matter 1,049822 0,000326
maximum 1,386294 0,000430
mazur 2,995732 0,000929
mcgraw 1,108663 0,000688
mean 0,083382 0,000155
media 0,139262 0,000216
medium 1,171183 0,000363
meet 0,527633 0,000164
mehta 2,995732 0,000929
memori 0,562119 0,000174
mention 1,237874 0,000384
menu -0,009950 -0,000006
merg 1,514128 0,000469
merkl 2,659260 0,001649
messag 0,400478 0,000124
method 0,150823 0,000374
metric 1,309333 0,000406
michael 0,385662 0,000239
michiel 2,995732 0,000929
mikko 3,506558 0,001087
min 2,120264 0,001315
minimum 1,469676 0,000911
mit 0,776529 0,000482
mobil -0,009950 -0,000003
modern 0,314711 0,000098
morgan 1,309333 0,000406
move -0,009950 -0,000012
much 0,400478 0,000373
multipl 0,094311 0,000058
multipli 1,560648 0,000484
mutat 2,302585 0,000714
mvp 3,506558 0,001087
name 0,162519 0,000101
nation 0,527633 0,000164
natur 0,356675 0,000221
navig -0,009950 -0,000003
nearli 1,139434 0,000707
necessari 0,616186 0,000191
necessarili 1,049822 0,000326
need 0,030459 0,000038
neither 1,469676 0,000456
network 0,127833 0,000040
new 0,010050 0,000031
next 0,400478 0,000869
nguyen 2,525729 0,000783
nil 2,207275 0,002053
nist 1,771957 0,001648
node 0,867501 0,046805
non -0,009950 -0,000019
normal 0,673345 0,000418
notat 0,941609 0,000584
notion 1,171183 0,000726
novemb 0,150823 0,000047
null 1,309333 0,002030
number 0,040822 0,000494
obtain 0,733969 0,000455
obviou 2,120264 0,001315
ocaml 1,966113 0,000610
occupi 1,897120 0,001177
occur 0,510826 0,000317
oclc 0,891598 0,000276
octob 0,139262 0,000043
octre 3,912023 0,001213
off 0,673345 0,000209
often 0,127833 0,000079
oldid -0,009950 -0,000003
olesperanto 3,506558 0,001087
onlin 0,415515 0,000129
oper 0,010050 0,000031
optim 0,415515 0,000258
order 0,094311 0,001111
org -0,009950 -0,000003
organ -0,009950 -0,000003
origin -0,009950 -0,000019
othersarticl 3,912023 0,001213
output 0,597837 0,000371
page -0,009950 -0,000006
pagecontentscurr -0,009950 -0,000003
pageget -0,009950 -0,000003
pair 1,309333 0,002436
palindrom 3,506558 0,001087
paragraph 2,407946 0,000747
parameter 2,995732 0,000929
parent 1,714798 0,006912
parenthes 2,207275 0,006844
parenthesi 3,506558 0,001087
parmar 3,506558 0,001087
part 0,072571 0,000045
particular 0,301105 0,000280
particularli 0,597837 0,000185
partit 1,347074 0,000835
path 0,798508 0,000248
patholog 2,813411 0,000872
paul 0,544727 0,000169
pdf 0,139262 0,000302
pdfprintabl -0,009950 -0,000003
pearson 1,347074 0,000418
per 0,616186 0,000573
perfect 1,832581 0,009660
perform 0,040822 0,000013
person -0,009950 -0,000003
perspect 0,733969 0,000228
phi 2,407946 0,000747
php -0,009950 -0,000003
pictur 1,771957 0,000549
placement 2,040221 0,000633
plane 1,660731 0,001545
pleas 0,755023 0,000234
point 0,186330 0,000116
pointer 1,771957 0,002747
polici -0,009950 -0,000006
polskiportugu 0,916291 0,000284
portalrec -0,009950 -0,000003
posit 0,616186 0,000191
possibl 0,186330 0,000636
post 0,478036 0,000741
postfix 3,506558 0,001087
pragmat 2,302585 0,000714
pre 0,941609 0,001752
prentic 0,994252 0,000617
preorder 3,912023 0,003639
present 0,287682 0,000089
press 0,210721 0,000327
prevail 2,813411 0,000872
primit 1,514128 0,000939
print -0,009950 -0,000006
prioriti 1,609438 0,000998
privaci -0,009950 -0,000006
problem 0,186330 0,000058
process 0,051293 0,000080
produc 0,342490 0,000212
profit -0,009950 -0,000003
program 0,116534 0,000217
project -0,009950 -0,000003
proof 1,347074 0,001253
proper 1,171183 0,001089
properli 1,309333 0,000406
properti 0,314711 0,000293
public 0,127833 0,000040
put 0,755023 0,000468
pvt 2,659260 0,000825
pythagorean 3,912023 0,001213
qquad 3,218876 0,003992
quad 2,659260 0,000825
question 0,597837 0,000185
queue 1,660731 0,000515
quot 1,049822 0,000326
radix 3,506558 0,001087
random 0,693147 0,000215
rang 0,371064 0,000115
rather 0,287682 0,000178
rbaycancabosanski 2,995732 0,000929
read 0,162519 0,000050
readeditview 0,287682 0,000178
rearrang 3,506558 0,001087
record 0,400478 0,000124
recurs 1,514128 0,010329
red 1,237874 0,000768
reduc 0,274437 0,000085
redund 1,714798 0,000532
refer -0,009950 -0,000040
referencescommon 2,995732 0,000929
regist -0,009950 -0,000003
regular 0,867501 0,000269
relat 0,030459 0,000028
relev 0,798508 0,000248
reliabl 0,371064 0,000115
remain 0,400478 0,000124
rememb 2,207275 0,000684
remov 0,301105 0,001400
repres 0,235722 0,000731
represent 0,634878 0,001181
requir 0,051293 0,000032
resolv 1,309333 0,000406
respect 0,544727 0,000507
result 0,139262 0,000130
retriev -0,009950 -0,000022
return 0,510826 0,000475
rfloor 3,506558 0,003262
rice 2,120264 0,000657
richard 0,733969 0,000228
right 0,314711 0,003220
rightmost 3,218876 0,000998
roberto 1,897120 0,000588
root 0,733969 0,007283
rope 2,813411 0,000872
rosen 2,813411 0,001745
rotat 2,040221 0,000633
rowan 3,506558 0,001087
safeti -0,009950 -0,000003
sahni 2,995732 0,000929
sai 0,616186 0,000382
samanta 3,912023 0,001213
sartaj 3,218876 0,000998
satisfi 1,347074 0,000835
scapegoat 3,912023 0,001213
scheme 1,171183 0,000363
scienc 0,274437 0,000936
scott 0,891598 0,000276
search -0,009950 -0,000062
second 0,328504 0,000102
section 0,446287 0,000554
see -0,009950 -0,000012
segment 1,108663 0,000344
self 0,478036 0,000445
sentinel 3,506558 0,002175
separ 0,400478 0,000124
seri 0,328504 0,000102
set 0,051293 0,000286
sever 0,072571 0,000023
share 0,301105 0,000187
sharealik -0,009950 -0,000003
shing 3,218876 0,000998
short -0,009950 -0,000003
shorten -0,009950 -0,000003
show 0,400478 0,000124
shqipsimpl 1,203973 0,000373
sibl 3,912023 0,009704
sidebar -0,009950 -0,000012
signific 0,261365 0,000081
significantli 1,171183 0,000726
similarli 0,843970 0,000262
simpl 0,150823 0,000094
simpli 0,733969 0,000455
simplifi 0,820981 0,000255
simultan 0,891598 0,000276
singl 0,127833 0,000238
singleton 2,813411 0,001745
site -0,009950 -0,000003
size 0,342490 0,000956
skew 2,302585 0,002142
skiena 3,912023 0,001213
slenskaitaliano 0,562119 0,000174
slightli 1,771957 0,000549
small 0,314711 0,000098
sometim 0,301105 0,000187
sophist 1,203973 0,000373
sort 1,309333 0,001218
sourc 0,094311 0,000088
space 0,415515 0,000644
spatial 1,660731 0,000515
speak 1,139434 0,000353
special 0,235722 0,000219
specifi 0,446287 0,000277
splai 3,218876 0,001996
spqr 3,912023 0,001213
spring 1,609438 0,000499
springer 0,527633 0,000818
squar 1,203973 0,000373
srom 1,609438 0,000499
srpskisrpskohrvatski 0,510826 0,000158
standard 0,094311 0,000058
stanlei 2,407946 0,000747
start 0,261365 0,000162
statement -0,009950 -0,000003
statist -0,009950 -0,000006
step 0,713350 0,000664
steven 0,867501 0,000269
still 0,342490 0,000212
storag 0,430783 0,000267
store 0,356675 0,000995
strahler 3,912023 0,001213
strict 1,609438 0,000499
string 1,049822 0,002279
structur 0,139262 0,001339
structuressearch 3,912023 0,001213
subexpress 3,912023 0,001213
subsect 0,020203 0,000038
subtre 3,506558 0,014135
subword 3,506558 0,002175
success 0,494296 0,000153
succinct 2,659260 0,004947
suffix 2,525729 0,000783
sum 1,203973 0,000747
suomisvenska 2,040221 0,000633
supplement 2,302585 0,000714
suppos 1,771957 0,000549
symbol 1,078810 0,001004
system 0,010050 0,000003
tabl -0,009950 -0,000006
tag 1,309333 0,000812
tak 3,912023 0,001213
taken 0,867501 0,000269
tamassia 2,995732 0,000929
taylor 1,203973 0,000373
technolog 0,116534 0,000036
templat 0,301105 0,000093
tenenbaum 3,218876 0,000998
term -0,009950 -0,000019
terminolog 1,237874 0,001152
ternari 3,218876 0,000998
text -0,009950 -0,000003
textstyl 2,659260 0,000825
themselv 0,843970 0,000262
theoret 0,776529 0,000241
theori 0,400478 0,000869
therefor 0,478036 0,000741
third 0,342490 0,000212
thoma 0,527633 0,000327
though 0,544727 0,000169
thread 1,386294 0,000430
thu 0,314711 0,000488
time 0,000000 0,000000
tinadeutscheesti 2,659260 0,000825
titl -0,009950 -0,000003
todd 2,407946 0,000747
togeth 0,579818 0,000180
toggl -0,009950 -0,000022
tool -0,009950 -0,000009
top -0,009950 -0,000015
topic -0,009950 -0,000003
topolog 1,514128 0,000469
total 0,673345 0,000626
tour 2,302585 0,000714
trade 0,916291 0,000284
trademark -0,009950 -0,000003
travers 2,207275 0,012320
treap 3,912023 0,001213
tree 0,693147 0,052443
treeshidden 3,912023 0,001213
tri 1,427116 0,000443
trie 2,659260 0,000825
tripl 1,966113 0,002439
triplet 3,912023 0,001213
tupl 2,040221 0,000633
turn 0,776529 0,000241
two 0,083382 0,000595
type 0,051293 0,000111
typic 0,186330 0,000058
unambigu 2,659260 0,001649
unbalanc 3,506558 0,001087
uncount 3,506558 0,001087
under -0,009950 -0,000006
understand 0,342490 0,000106
undirect 3,218876 0,000998
union 0,994252 0,000617
uniqu 0,867501 0,000807
univers 0,139262 0,000043
unlik 0,653926 0,000203
unroot 3,912023 0,001213
unsourc 0,446287 0,000138
until 0,510826 0,000158
urldownload -0,009950 -0,000003
utc -0,009950 -0,000003
valu 0,162519 0,000302
van 0,867501 0,000269
vari 0,478036 0,000296
varieti 0,616186 0,000191
versa 2,302585 0,000714
version -0,009950 -0,000006
versu 1,347074 0,000418
vertex 2,995732 0,000929
vice 1,660731 0,000515
view -0,009950 -0,000019
visit 1,714798 0,005849
visual 0,562119 0,000174
vol 0,616186 0,000191
volum 0,616186 0,000382
vtetre 3,912023 0,001213
wai 0,105361 0,000359
wast 1,660731 0,001030
wayback 0,478036 0,000296
weak 1,660731 0,000515
weight 1,108663 0,000344
well 0,051293 0,000016
weslei 1,078810 0,000335
what -0,009950 -0,000006
wherebi 1,897120 0,000588
which 0,000000 0,000000
while 0,051293 0,000095
whose 0,776529 0,000963
wikidataarticl 1,171183 0,000363
wikidatawebarch 2,813411 0,000872
wikimedia -0,009950 -0,000009
wikipedia -0,009950 -0,000019
wikipediacontact -0,009950 -0,000003
wilei 0,562119 0,000174
without 0,094311 0,000058
wittman 3,912023 0,001213
word 0,446287 0,001245
work 0,030459 0,000009
written 0,287682 0,000178
zero 0,693147 0,000645
