abelian 3,912023 0,002939
abstract 0,713350 0,000670
academ 0,693147 0,000130
account -0,009950 -0,000004
action -0,009950 -0,000004
ad 0,198451 0,000037
adapt 0,798508 0,000150
add -0,009950 -0,000002
addison 1,203973 0,000226
addit -0,009950 -0,000043
adjug 3,912023 0,000735
advanc 0,235722 0,000266
affin 2,525729 0,003320
afrikaansalemannisch 2,040221 0,000383
ag 0,867501 0,000163
aggreg 1,514128 0,000284
agre -0,009950 -0,000002
ahmad 2,407946 0,000452
aisgalego 1,309333 0,000246
algebra 1,347074 0,037946
algebranumer 3,912023 0,000735
algorithm 0,462035 0,001041
align 1,272966 0,001434
alignedat 3,912023 0,002939
allow 0,061875 0,000105
almost 0,798508 0,000450
along 0,462035 0,000174
alongsid 1,660731 0,000312
although 0,287682 0,000108
alwai 0,597837 0,000112
ambient 2,995732 0,001688
american 0,415515 0,000390
among 0,356675 0,000067
amount 0,579818 0,000218
amp -0,009950 -0,000226
analys 1,309333 0,000246
analysi 0,186330 0,001085
analysishidden 3,506558 0,000659
analyt 0,798508 0,000300
analyz 0,843970 0,000317
ancient 1,660731 0,000312
angl 2,040221 0,000766
ani 0,083382 0,000188
anindya 3,912023 0,001469
ann 1,514128 0,000569
anoth 0,127833 0,000048
antihermitian 3,912023 0,000735
anton 2,207275 0,001244
anwendungen 3,912023 0,000735
appear -0,009950 -0,000009
appli -0,009950 -0,000019
applic 0,030459 0,000120
approach 0,174353 0,000065
approxim 0,891598 0,000670
april 0,072571 0,000027
aragon 1,171183 0,000220
arbitrari 1,049822 0,000591
arbor 2,995732 0,001125
architectur 0,400478 0,000075
archiv 0,040822 0,000015
area 0,478036 0,000269
argument 1,171183 0,000220
arithmet 1,272966 0,000717
armenia 2,659260 0,000499
arnold 2,407946 0,000452
aros 2,407946 0,000452
around 0,356675 0,000067
arrai 0,994252 0,002614
art 0,673345 0,000253
arthur 1,427116 0,000268
articl 0,000000 0,000000
articleabout -0,009950 -0,000002
articletalk -0,009950 -0,000002
artin 3,912023 0,000735
assert 1,514128 0,000284
assist 1,139434 0,000214
associ 0,127833 0,000240
asturianuaz 1,427116 0,000268
atlanta 2,995732 0,000563
atmospher 2,659260 0,000999
attribut -0,009950 -0,000002
auch 3,912023 0,000735
auf 3,218876 0,001209
augment 1,237874 0,000465
august 0,162519 0,000153
ausdehnungslehr 3,912023 0,000735
australia 1,309333 0,000246
author 0,040822 0,000008
automat 0,462035 0,000087
avail -0,009950 -0,000006
axiom 2,302585 0,003027
axler 3,912023 0,002939
ayisyenkrii 2,659260 0,000499
background 1,237874 0,000232
bahasa 0,186330 0,000035
baltimor 2,813411 0,000528
banach 3,912023 0,002204
banerje 2,995732 0,001125
barn 3,218876 0,000604
base 0,010050 0,000021
basi 0,820981 0,005704
basic 0,198451 0,000261
bau 3,912023 0,000735
beauregard 3,912023 0,001469
becam 0,579818 0,000218
becaus 0,127833 0,000072
becom 0,274437 0,000103
beezer 3,912023 0,000735
begin 0,385662 0,001304
behav 1,427116 0,000268
behavior 0,342490 0,000064
belong 1,347074 0,000253
benjamin 1,386294 0,000521
bernard 1,966113 0,000369
besid 1,832581 0,000344
best 0,462035 0,000174
bhatia 2,659260 0,000499
bibcod 0,693147 0,000130
bidual 3,912023 0,001469
biject 3,218876 0,001813
bilinear 2,995732 0,001125
binari 0,916291 0,000172
binet 3,912023 0,000735
biologi 1,347074 0,000253
biu 3,218876 0,000604
bivector 3,912023 0,000735
bla 3,506558 0,000659
block 0,597837 0,000112
blue 1,560648 0,000586
bmatrix 3,506558 0,009219
bodi 0,867501 0,000163
bokm 0,127833 0,000024
book 0,210721 0,000119
border 1,771957 0,000333
bosanski 1,347074 0,000253
boston 1,560648 0,000586
bra 3,912023 0,001469
branch 1,021651 0,000959
bretscher 3,912023 0,000735
brief 1,237874 0,000232
brigen 3,912023 0,000735
brisban 3,218876 0,000604
brook 1,660731 0,000624
brown 1,237874 0,000465
bullshit 3,506558 0,000659
burden 2,040221 0,000766
cach 1,386294 0,000260
calculu 1,560648 0,000586
call 0,030459 0,000177
cambridg 0,755023 0,000425
cannot 0,314711 0,000177
canon 1,714798 0,001288
cap 1,560648 0,000293
cardin 2,813411 0,000528
carl 1,771957 0,000333
cartesian 3,218876 0,003022
case 0,083382 0,000141
catal 0,094311 0,000018
categori -0,009950 -0,000015
cauchi 3,218876 0,001209
caylei 3,218876 0,001813
cdot 2,525729 0,005692
cell 1,469676 0,000552
cengag 2,207275 0,000415
central 0,478036 0,000180
centuri 0,843970 0,000634
cfd 3,218876 0,001209
challeng 0,400478 0,000075
chang 0,051293 0,000048
changesupload -0,009950 -0,000004
chapman 2,120264 0,000796
chapter 0,891598 0,000502
character 1,203973 0,000226
characterist 0,843970 0,000634
charl 0,941609 0,000884
charli 2,302585 0,000432
chemistri 1,427116 0,000268
chines 1,309333 0,000492
choic 0,755023 0,000142
choleski 3,912023 0,000735
chosen 1,469676 0,000276
cid 0,356675 0,000067
circul 1,966113 0,000369
citat 0,248461 0,000093
cite 0,597837 0,000225
class 0,446287 0,000084
classic 0,544727 0,000205
classif 1,021651 0,000192
cleanup 2,302585 0,001297
cleanupcleanup 3,506558 0,000659
clerk 3,218876 0,000604
cliff 2,407946 0,001357
clifford 2,207275 0,000415
close 0,356675 0,000067
code -0,009950 -0,000004
coeffici 2,040221 0,000383
cokernel 3,912023 0,000735
cole 2,120264 0,000796
column 1,660731 0,003742
combin 0,261365 0,000147
combinator 2,120264 0,000398
common -0,009950 -0,000013
commonli 0,342490 0,000064
commonswikibookswikiversitywikidata 2,302585 0,000432
commut 2,302585 0,001730
compani 0,342490 0,000064
comparison 0,371064 0,000070
compat 0,693147 0,000260
complement 1,966113 0,000738
complet 0,223144 0,000251
complex 0,186330 0,000490
compon 0,261365 0,000147
composit 1,386294 0,000521
comput 0,020203 0,000110
concept 0,198451 0,000186
conceptu 1,469676 0,000276
concern 0,597837 0,000449
condit 0,579818 0,000218
conduct -0,009950 -0,000002
configur 0,798508 0,000150
congruenc 3,506558 0,000659
conjug 2,813411 0,001585
connect 0,430783 0,000081
connel 3,912023 0,000735
consequ 0,891598 0,000335
consid 0,274437 0,000361
consimilar 3,912023 0,000735
consist 0,301105 0,000170
construct 0,579818 0,000327
contact -0,009950 -0,000004
contain 0,162519 0,000092
contemporari 1,347074 0,000253
content -0,009950 -0,000007
context 0,446287 0,000251
continu 0,174353 0,000065
contribut -0,009950 -0,000002
control 0,020203 0,000015
convent 0,891598 0,000335
cooki -0,009950 -0,000002
coordin 1,309333 0,001967
coral 3,218876 0,000604
core 0,579818 0,000109
corpor 0,562119 0,000106
correct 0,820981 0,000154
correspond 0,798508 0,000600
cosin 2,813411 0,000528
count 0,916291 0,000172
cours 0,967584 0,000545
crai 2,995732 0,001125
cramer 3,506558 0,003293
crc 1,171183 0,000660
creat -0,009950 -0,000004
creation 0,653926 0,000123
creativ -0,009950 -0,000002
critic 0,385662 0,000072
crucial 1,386294 0,000521
curriculum 2,302585 0,000432
custom 0,544727 0,000102
cyclic 2,407946 0,000452
cymraegdanskdeutscheesti 2,813411 0,000528
dan 0,916291 0,000172
daniel 0,776529 0,000292
dargestellt 3,912023 0,000735
data 0,030459 0,000011
databas 0,072571 0,000014
datajapanczech 1,469676 0,000276
date 0,210721 0,000040
david 0,385662 0,000435
ddot 3,912023 0,000735
deal 0,843970 0,000475
decemb 0,061875 0,000035
decompos 2,659260 0,000499
decomposit 2,120264 0,003584
decoupl 2,813411 0,000528
defin 0,116534 0,000350
definit 0,186330 0,000350
degre 0,916291 0,000172
demmel 3,912023 0,000735
demystifi 2,659260 0,000499
denot 1,386294 0,001302
depart 0,843970 0,000158
depend 0,105361 0,000020
der 1,609438 0,000604
deriv 0,494296 0,000093
descart 3,506558 0,001317
describ 0,174353 0,000229
descript -0,009950 -0,000006
descriptionshort 0,000000 0,000000
design 0,040822 0,000023
desmond 3,912023 0,000735
det 3,912023 0,002204
detail 0,510826 0,000096
determin 0,342490 0,001093
develop -0,009950 -0,000007
diagon 2,995732 0,004501
diagonaliz 3,912023 0,005877
diann 3,912023 0,000735
die 2,040221 0,001916
differ 0,010050 0,000015
differenti 0,916291 0,001549
digit 0,400478 0,000075
dim 3,912023 0,007347
dimens 1,347074 0,002530
dimension 1,560648 0,006741
diophantin 2,525729 0,000474
direct 0,261365 0,000049
disciplin 1,203973 0,000226
disclaim -0,009950 -0,000002
discov 1,108663 0,000208
discret 1,049822 0,000394
displaystyl 1,386294 0,013538
distanc 1,514128 0,000284
distinguish 0,733969 0,000138
distribut 0,198451 0,000112
divid 1,049822 0,000394
doc 1,139434 0,000214
doi 0,162519 0,000092
domain 0,544727 0,000511
donat -0,009950 -0,000004
done 0,653926 0,000368
dot 1,609438 0,000302
doubl 0,843970 0,000158
dougla 1,237874 0,000232
dover 2,813411 0,003170
download -0,009950 -0,000002
dual 1,609438 0,004534
dualiti 3,506558 0,002634
durch 3,912023 0,000735
dym 3,912023 0,000735
dynam 0,342490 0,000579
earliest 1,021651 0,000576
earth 1,272966 0,000478
easi 1,021651 0,000192
echelon 3,506558 0,001317
econom 0,653926 0,000246
edit -0,009950 -0,000071
editcommun -0,009950 -0,000002
edu 1,108663 0,000416
eduard 3,912023 0,000735
educ 0,494296 0,000186
edwin 2,407946 0,000452
effici 0,287682 0,000216
eigenspac 3,912023 0,000735
eigenvalu 3,506558 0,007244
eigenvector 3,506558 0,005268
eight 2,120264 0,000398
eighteen 3,506558 0,000659
ein 3,218876 0,000604
electr 0,891598 0,000502
electromagnet 2,040221 0,000383
element 0,301105 0,001527
elementari 1,771957 0,003660
elimin 0,867501 0,001629
em 1,560648 0,000293
emerg 0,527633 0,000099
emil 2,525729 0,000474
emphasi 1,771957 0,000333
emploi 0,673345 0,000126
encod 1,203973 0,000226
encyclopedia -0,009950 -0,000004
end 0,186330 0,000630
endomorph 3,912023 0,009550
energi 0,843970 0,001109
eng 3,218876 0,000604
engin 0,061875 0,000093
englewood 2,659260 0,000499
english -0,009950 -0,000002
englishsloven 0,510826 0,000096
enhanc 0,510826 0,000096
enterpris 0,446287 0,000084
entri 1,203973 0,000904
eprint 3,912023 0,001469
equal 0,843970 0,000951
equat 1,386294 0,008591
equip 1,078810 0,000608
equipol 3,912023 0,001469
equival 0,820981 0,000925
eric 1,078810 0,000203
erl 2,995732 0,000563
espa 0,210721 0,000040
especi 0,415515 0,000078
essenc 2,995732 0,000563
essenti 0,634878 0,000835
estim 0,820981 0,000154
euclidean 2,302585 0,002162
europ 0,941609 0,000177
even 0,235722 0,000044
eventsrandom -0,009950 -0,000002
exactli 1,171183 0,000660
exampl 0,020203 0,000042
except 0,733969 0,000414
exchang 0,579818 0,000109
exist 0,186330 0,000175
explanatori 2,659260 0,001498
explicit 1,171183 0,000660
export -0,009950 -0,000002
express 0,544727 0,000614
extend 0,385662 0,000507
extens 0,342490 0,000322
exterior 2,995732 0,000563
extern 0,030459 0,000017
extract 1,108663 0,000208
facilit 0,916291 0,000172
fact 0,579818 0,000327
fair 1,427116 0,000536
famu 3,912023 0,001469
farin 3,912023 0,000735
faster 0,994252 0,000187
fearnlei 3,912023 0,000735
featur 0,210721 0,000079
februari 0,061875 0,000023
felix 2,407946 0,001357
field 0,314711 0,001950
fiji 1,897120 0,000356
fileperman -0,009950 -0,000002
filespeci -0,009950 -0,000002
film 1,386294 0,000260
financ 0,843970 0,000158
find 0,371064 0,000209
finit 1,560648 0,008792
first 0,020203 0,000046
five 0,776529 0,000146
flat 2,207275 0,000829
float 1,347074 0,000253
florida 2,207275 0,001244
flow 0,430783 0,000324
fluid 1,660731 0,005926
follow 0,072571 0,000068
forc 0,597837 0,000112
forecast 1,078810 0,000203
form 0,072571 0,000341
formal 0,510826 0,000096
formula 1,427116 0,000536
found 0,274437 0,000052
foundat -0,009950 -0,000009
four 0,820981 0,000308
fourier 2,040221 0,000766
fourth 1,560648 0,000293
frac 2,302585 0,000432
fraleigh 3,912023 0,001469
framework 0,287682 0,000054
franca 1,609438 0,000302
free -0,009950 -0,000015
frequent 0,916291 0,000344
friedberg 3,912023 0,000735
frobeniu 3,912023 0,001469
fsu 3,912023 0,001469
function 0,030459 0,000132
fundament 0,478036 0,000628
further 0,139262 0,000105
furthermor 1,272966 0,000239
futur 0,235722 0,000044
fuzhen 3,912023 0,000735
gabl 3,506558 0,000659
gabriel 2,302585 0,000432
gainesvil 3,912023 0,000735
galilean 3,912023 0,000735
gama 3,912023 0,000735
game 0,478036 0,000090
gantmach 3,912023 0,002204
gauss 2,407946 0,000904
gaussian 2,040221 0,003065
gelfand 3,912023 0,000735
gene 2,040221 0,000383
gener -0,009950 -0,000050
geodesi 3,912023 0,001469
geometr 1,771957 0,003660
geometri 1,347074 0,007589
georg 0,843970 0,000158
georgi 3,506558 0,000659
georgia 2,207275 0,000829
geq 2,813411 0,000528
gerald 2,407946 0,000452
get 0,430783 0,000081
gilbert 2,302585 0,001297
give 0,446287 0,000335
given 0,261365 0,000196
glazman 3,912023 0,000735
glossari 0,867501 0,000326
golan 3,912023 0,001469
golub 3,912023 0,001469
googl 0,579818 0,000218
gpu 2,407946 0,000904
graduat 1,660731 0,001559
gram 3,218876 0,001209
graph 0,967584 0,000182
graphic 0,733969 0,000276
grassmann 3,912023 0,002204
greub 3,912023 0,000735
grew 1,386294 0,000260
grid 1,660731 0,000312
group 0,186330 0,000560
guid 0,287682 0,000270
gwiyannen 2,995732 0,000563
half 1,108663 0,000208
hall 0,653926 0,000860
halmo 3,912023 0,002204
hamel 3,506558 0,001317
hamilton 2,207275 0,001244
hand 0,494296 0,000093
hankel 3,912023 0,000735
hansford 3,912023 0,000735
hardwar 0,579818 0,000218
harmon 1,714798 0,000322
harper 2,302585 0,000865
harri 2,120264 0,000398
hart 2,813411 0,000528
haynsworth 3,912023 0,000735
heat 1,966113 0,000369
heavi 1,609438 0,000302
heavili 1,203973 0,000226
hefferon 3,912023 0,001469
height 1,771957 0,000333
help 0,174353 0,000033
helplearn -0,009950 -0,000002
henri 1,427116 0,000268
henryk 3,912023 0,000735
hererel -0,009950 -0,000002
hermann 2,995732 0,001688
hermitian 3,912023 0,001469
hessenberg 3,912023 0,000735
hessian 3,218876 0,000604
hide -0,009950 -0,000007
higher 0,430783 0,000243
highli 0,867501 0,000163
highlight 1,309333 0,000246
hilbert 2,302585 0,002594
hill 0,867501 0,000652
hindifran 2,525729 0,000474
histor 0,579818 0,000109
histori -0,009950 -0,000022
hoffman 2,525729 0,000474
homogen 2,813411 0,000528
homographi 3,912023 0,000735
homolog 2,525729 0,000474
homomorph 2,995732 0,001688
homotopi 2,525729 0,000474
hopkin 1,966113 0,001477
horn 2,407946 0,000904
houghton 3,506558 0,000659
household 2,120264 0,000398
howard 2,207275 0,000829
howev 0,094311 0,000035
hrvatskibahasa 1,427116 0,000268
http -0,009950 -0,000004
hypercomplex 2,525729 0,001423
ibm 0,693147 0,000781
idea 0,527633 0,000396
ideal 1,514128 0,000569
ident 0,820981 0,000925
identifi 0,356675 0,000201
ieee 0,634878 0,000119
illiac 3,912023 0,000735
illustr 1,203973 0,000226
imag 0,494296 0,000371
immedi 0,967584 0,000182
implement 0,105361 0,000020
impli 0,994252 0,000560
import 0,162519 0,000122
improp 2,659260 0,000499
improv 0,150823 0,000057
ina 0,356675 0,000067
inasloven 0,616186 0,000116
inc -0,009950 -0,000006
includ 0,000000 0,000000
inclus 1,514128 0,000284
increas 0,287682 0,000054
indefinit 1,237874 0,000232
independ 0,527633 0,001090
index -0,009950 -0,000002
indispens 3,218876 0,000604
indonesiainterlingua 1,660731 0,000312
induc 2,040221 0,001149
industri 0,356675 0,000134
inequ 2,120264 0,000796
inertia 2,995732 0,000563
infinit 1,609438 0,000302
inform 0,061875 0,000023
informationcit -0,009950 -0,000002
initi 0,235722 0,000044
inject 1,386294 0,000260
inner 2,302585 0,004324
inou 3,218876 0,000604
inquiri 2,659260 0,000499
insel 3,912023 0,000735
instanc 0,478036 0,000449
institut 0,446287 0,000168
instruct 1,108663 0,000416
integ 1,139434 0,000428
integr 0,174353 0,000065
interact 0,356675 0,000268
interconnect 1,966113 0,000369
interest 0,478036 0,000090
intern 0,040822 0,000023
internationalgndfastnationalunit 1,237874 0,000232
interpret 0,579818 0,000218
intersci 2,813411 0,000528
intersect 1,897120 0,001425
introduc 0,210721 0,000237
introduct 0,210721 0,000356
introductori 2,302585 0,000865
invers 1,897120 0,003206
invert 2,302585 0,001730
involv 0,415515 0,000546
iroha 3,912023 0,000735
isbn 0,051293 0,000578
isometri 3,912023 0,000735
isomorph 2,995732 0,006188
isplattd 2,120264 0,000398
israel 1,897120 0,000356
issn 0,478036 0,000090
itcmp 3,506558 0,000659
item -0,009950 -0,000002
itself 0,342490 0,000129
ivan 2,995732 0,000563
jain 2,813411 0,000528
jame 0,634878 0,000358
januari 0,083382 0,000047
jersei 1,714798 0,000322
jhu 3,218876 0,000604
jim 1,514128 0,000569
john 0,198451 0,000186
johnathan 3,912023 0,001469
johnson 1,714798 0,000644
jordan 1,714798 0,000966
joseph 0,820981 0,000308
journal 0,186330 0,000035
juli 0,127833 0,000024
jump -0,009950 -0,000002
june 0,094311 0,000035
kadazandusun 3,506558 0,000659
kato 3,912023 0,000735
katta 3,912023 0,000735
katznelson 3,912023 0,004408
keith 2,207275 0,000415
kenneth 1,966113 0,000369
kernel 1,171183 0,000880
ket 3,912023 0,001469
khalil 3,218876 0,000604
kiswahilikrei 2,659260 0,000499
kluwer 2,302585 0,000432
knot 2,407946 0,000452
know 0,653926 0,000123
known 0,127833 0,000120
koecher 3,912023 0,000735
kolman 3,912023 0,000735
krystallonomi 3,912023 0,000735
kuck 3,912023 0,000735
kunz 3,912023 0,000735
lai 1,966113 0,000369
lang 1,660731 0,000312
langl 3,912023 0,013958
languag -0,009950 -0,000006
lapack 3,912023 0,000735
larg 0,127833 0,000048
larri 1,514128 0,000284
last -0,009950 -0,000002
later 0,223144 0,000084
latin 1,660731 0,000312
latinalatvi 1,203973 0,000226
lawrenc 1,386294 0,000260
ldot 3,506558 0,001317
lead 0,287682 0,000108
learn 0,162519 0,000061
least 0,527633 0,000198
lectur 1,139434 0,000642
led 0,446287 0,000084
leduc 3,912023 0,000735
left 0,916291 0,000860
legal -0,009950 -0,000002
lehr 3,506558 0,000659
leibniz 2,525729 0,000474
leipzig 3,912023 0,000735
length 1,237874 0,000930
leon 2,525729 0,000474
leq 2,995732 0,001125
let 0,916291 0,000860
letter 0,843970 0,000158
level 0,083382 0,000016
li 1,049822 0,000197
librari 0,356675 0,000067
licens -0,009950 -0,000002
lietuvi 2,302585 0,000432
like 0,051293 0,000010
limit 0,186330 0,000070
line 0,261365 0,000491
lineal 3,912023 0,000735
linear 0,916291 0,041298
linearli 2,659260 0,003995
lingua 2,040221 0,000383
link -0,009950 -0,000011
linkpag -0,009950 -0,000002
lipschutz 3,506558 0,001317
lipson 3,912023 0,000735
list 0,051293 0,000058
lithograph 3,912023 0,000735
ljubic 3,912023 0,000735
lloyd 3,218876 0,000604
lnorsk 0,653926 0,000123
loan 1,966113 0,000738
log -0,009950 -0,000004
logic 0,616186 0,000116
lorentz 3,506558 0,001317
lorenzo 2,995732 0,000563
ltd 1,203973 0,000226
lux 0,371064 0,000070
magnet 1,966113 0,000369
magnetismu 3,912023 0,000735
magyar 1,049822 0,000197
main -0,009950 -0,000037
make 0,061875 0,000070
manag 0,105361 0,000020
manga 3,506558 0,000659
mani 0,061875 0,000128
manifold 2,525729 0,000474
manipul 0,673345 0,000253
manual 0,994252 0,000373
map 0,616186 0,005902
mapsto 3,912023 0,001469
marc 1,771957 0,000333
march 0,116534 0,000044
marcu 2,659260 0,000499
margalit 3,912023 0,000735
mari 1,347074 0,000253
marvin 2,525729 0,000474
maso 3,912023 0,000735
mathbb 2,659260 0,001498
mathbf 2,995732 0,037130
mathemat 0,616186 0,006712
mathematician 1,966113 0,000738
mathematik 3,506558 0,001317
mathsf 3,912023 0,002204
mathworld 2,995732 0,001125
matric 2,659260 0,015981
matrix 1,609438 0,029015
matthew 1,560648 0,000293
maxim 1,469676 0,000276
maxwel 3,218876 0,000604
mcgraw 1,108663 0,000625
mcmahon 3,912023 0,000735
mean 0,083382 0,000047
measur 0,371064 0,000209
mechan 0,356675 0,000737
mechanik 3,912023 0,000735
media 0,139262 0,000026
meet 0,527633 0,000099
melayu 0,820981 0,000154
member 0,562119 0,000211
menu -0,009950 -0,000004
messag 0,400478 0,000075
method 0,150823 0,000227
metric 1,309333 0,000738
meyer 2,525729 0,000474
miami 3,218876 0,000604
michigan 2,302585 0,000865
mid 0,994252 0,000373
mifflin 3,506558 0,000659
mikaelian 3,912023 0,000735
minc 3,912023 0,000735
minim 0,579818 0,000109
minireferenceco 3,912023 0,000735
minor 1,309333 0,000246
mirski 3,912023 0,000735
mit 0,776529 0,000292
mobil -0,009950 -0,000002
model 0,116534 0,000328
modern 0,314711 0,000473
modul 0,820981 0,003238
monic 3,912023 0,000735
monthli 1,609438 0,000302
moreov 1,560648 0,000293
motion 1,771957 0,000666
motiv 1,272966 0,000478
move -0,009950 -0,000007
much 0,400478 0,000150
multidimension 2,302585 0,000432
multifacet 3,506558 0,000659
multilinear 2,120264 0,002787
multipl 0,094311 0,000354
multivari 1,966113 0,000738
multivector 3,912023 0,000735
murti 3,218876 0,000604
mutual 1,386294 0,000260
natur 0,356675 0,000201
navier 3,506558 0,000659
navig -0,009950 -0,000002
near 1,171183 0,000220
nearli 1,139434 0,000214
necessari 0,616186 0,000116
nederland 0,415515 0,000078
need 0,030459 0,000023
neuer 3,912023 0,000735
never 1,021651 0,000192
new 0,010050 0,000017
nine 1,771957 0,000333
nobl 2,813411 0,000528
non -0,009950 -0,000006
none 1,609438 0,000302
nonlinear 1,966113 0,001108
nonzero 3,912023 0,002939
nordfriisknorsk 1,714798 0,000322
norm 1,966113 0,002215
normal 0,673345 0,000632
nostrand 3,506558 0,000659
notat 0,941609 0,000354
note 0,150823 0,000170
novalombardmadhur 2,813411 0,000528
novemb 0,150823 0,000057
null 1,309333 0,000738
nulliti 3,912023 0,001469
number 0,040822 0,000084
numer 0,430783 0,000728
nvidia 2,813411 0,000528
nynorskoccitano 2,659260 0,000499
object 0,174353 0,000164
obtain 0,733969 0,000138
oclc 0,891598 0,000502
octob 0,139262 0,000183
often 0,127833 0,000192
oldid -0,009950 -0,000002
olesperantoeuskara 0,510826 0,000096
omit 1,714798 0,000322
oneself 3,506558 0,000659
onlin 0,415515 0,000312
onto 1,660731 0,000312
opencoursewar 3,218876 0,000604
oper 0,010050 0,000040
optim 0,415515 0,000390
option 0,527633 0,000198
order 0,094311 0,000106
oregon 2,813411 0,000528
org -0,009950 -0,000004
organ -0,009950 -0,000002
orient 0,653926 0,000123
origin -0,009950 -0,000004
orthogon 2,302585 0,004757
orthonorm 3,912023 0,002939
otto 3,218876 0,000604
ought 2,659260 0,000499
out 0,261365 0,000049
outer 2,302585 0,000432
outlin 0,562119 0,000528
output 0,597837 0,000225
over 0,094311 0,000390
overal 0,967584 0,000182
overcomplet 3,506558 0,000659
overlin 3,218876 0,000604
page -0,009950 -0,000007
pagecontentscurr -0,009950 -0,000002
pageget -0,009950 -0,000002
paper 0,527633 0,000099
parametr 1,771957 0,000666
pariti 2,659260 0,000499
part 0,072571 0,000123
partial 0,916291 0,000344
particular 0,301105 0,000226
particularli 0,597837 0,000337
patoispiemont 3,506558 0,000659
paul 0,544727 0,000205
pdf 0,139262 0,000105
pdfprintabl -0,009950 -0,000002
peano 3,912023 0,000735
pearson 1,347074 0,000759
peirc 3,218876 0,003022
perform 0,040822 0,000023
permut 2,407946 0,001357
perron 3,912023 0,000735
person -0,009950 -0,000002
perspect 0,733969 0,000138
peter 0,446287 0,000084
pfaffian 3,912023 0,000735
phenomena 1,966113 0,000738
philosophi 0,994252 0,000187
php -0,009950 -0,000002
physic 0,446287 0,000335
plai 0,713350 0,000268
plane 1,660731 0,002495
pleas 0,755023 0,000142
plu 1,203973 0,000226
poincar 3,506558 0,000659
point 0,186330 0,000315
pointwis 3,912023 0,000735
polar 2,813411 0,000528
polici -0,009950 -0,000004
polynomi 1,832581 0,002753
pool 1,660731 0,000312
portal 0,494296 0,000093
portalrec -0,009950 -0,000002
posit 0,616186 0,000231
possibl 0,186330 0,000105
power 0,261365 0,000245
practic 0,186330 0,000035
preced 1,427116 0,000268
precis 0,967584 0,000727
prefer 0,798508 0,000150
preimag 3,506558 0,000659
prentic 0,994252 0,000934
present 0,287682 0,000378
preserv 1,309333 0,000492
press 0,210721 0,000396
previou 0,843970 0,000158
princip 1,237874 0,000697
principl 0,385662 0,000072
prindl 3,912023 0,000735
print -0,009950 -0,000002
privaci -0,009950 -0,000004
pro 1,237874 0,000232
probabl 0,843970 0,000158
problem 0,186330 0,000385
procedur 0,867501 0,000326
process 0,051293 0,000039
processor 1,021651 0,001151
produc 0,342490 0,000064
product 0,174353 0,000589
profession 0,673345 0,000126
professor 1,660731 0,000312
profit -0,009950 -0,000002
profound 2,207275 0,000415
program 0,116534 0,000022
project -0,009950 -0,000021
properti 0,314711 0,000236
prove 1,171183 0,000660
provid 0,061875 0,000035
prugovec 3,912023 0,000735
pseudo 2,302585 0,000432
pseudoinvers 3,506558 0,000659
psycholog 1,469676 0,000276
public 0,127833 0,000168
publish 0,105361 0,000257
put 0,755023 0,000284
quad 2,659260 0,000499
quadrat 2,407946 0,000452
quadric 3,912023 0,000735
qualit 2,813411 0,000528
qualiti 0,634878 0,000119
quantiti 1,049822 0,000394
quantum 1,171183 0,000660
quaternion 3,506558 0,001976
queensland 3,912023 0,000735
question 0,597837 0,000337
quick 1,609438 0,000302
rabinoff 3,912023 0,000735
rai 1,832581 0,000344
rajendra 3,912023 0,000735
rang 0,371064 0,000070
rangl 3,912023 0,013958
rank 1,272966 0,000717
rare 1,108663 0,000208
raymond 1,966113 0,000369
rbaycanca 0,248461 0,000047
read 0,162519 0,000092
readabl 1,309333 0,000246
readeditview 0,287682 0,000108
real 0,210721 0,000237
realiz 1,309333 0,000246
reason 0,328504 0,000123
record 0,400478 0,000075
recreat 1,832581 0,000344
rectangular 3,506558 0,000659
reduc 0,274437 0,000155
refer -0,009950 -0,000004
reflect 0,562119 0,000106
regist -0,009950 -0,000004
regress 1,771957 0,000333
relat 0,030459 0,000046
relationship 0,653926 0,000614
relev 0,798508 0,000150
reli 0,562119 0,000106
reliabl 0,371064 0,000070
remain 0,400478 0,000150
remizov 3,912023 0,000735
remmert 3,912023 0,000735
remov 0,301105 0,000170
ren 2,407946 0,000904
renew 1,966113 0,000369
repeat 1,469676 0,000276
replac 0,494296 0,000093
repres 0,235722 0,000841
represent 0,634878 0,000358
republicspainlatviaisraelotheryal 3,506558 0,000659
requir 0,051293 0,000058
research 0,223144 0,000126
researchg 2,813411 0,000528
resourc 0,248461 0,000140
respect 0,544727 0,000409
restrict 0,755023 0,000142
result 0,139262 0,000052
retriev -0,009950 -0,000015
rev 2,995732 0,000563
review 0,314711 0,000059
revis 1,021651 0,000192
rewritten 1,966113 0,000738
ricardo 2,120264 0,000398
richard 0,733969 0,000551
right 0,314711 0,000473
rigid 2,120264 0,000796
ring 1,966113 0,003323
robert 0,527633 0,000099
robot 1,347074 0,000253
rod 3,218876 0,000604
roger 1,139434 0,000642
roi 1,832581 0,000688
role 0,527633 0,000198
rom 0,616186 0,000116
roman 1,660731 0,000624
root 0,733969 0,000276
rotat 2,040221 0,001149
row 1,714798 0,003542
rpq 3,912023 0,002204
rrr 3,912023 0,002204
rule 0,510826 0,000384
run 0,248461 0,000047
ruslan 3,912023 0,000735
sadun 3,506558 0,000659
safeti -0,009950 -0,000002
sai 0,616186 0,000231
said 0,755023 0,000284
sander 2,040221 0,001149
satisfi 1,347074 0,001012
savov 3,218876 0,000604
scalar 2,525729 0,012332
scene 2,207275 0,000415
schaum 3,506558 0,000659
schmidt 2,207275 0,001244
schur 3,912023 0,001469
schwarz 3,912023 0,000735
scienc 0,274437 0,000361
scientif 0,673345 0,000759
scotsshqipsicilianusimpl 3,506558 0,000659
search -0,009950 -0,000009
second 0,328504 0,000123
section 0,446287 0,000335
see -0,009950 -0,000011
seem 1,560648 0,000293
segment 1,108663 0,000625
self 0,478036 0,000359
semi 0,843970 0,000158
sens 1,049822 0,000789
septemb 0,150823 0,000142
sequenc 0,820981 0,000463
serg 3,218876 0,000604
sergei 1,966113 0,000369
seri 0,328504 0,000062
serv 0,713350 0,000134
sesquilinear 3,912023 0,000735
set 0,051293 0,000222
sever 0,072571 0,000041
seymour 2,407946 0,000904
shafarevich 3,912023 0,000735
shape 1,078810 0,000203
sharealik -0,009950 -0,000002
sharipov 3,912023 0,000735
shear 3,506558 0,000659
sheldon 2,995732 0,000563
shilov 3,506558 0,000659
shin 2,659260 0,000499
shore 3,218876 0,000604
short -0,009950 -0,000002
shorten -0,009950 -0,000002
show 0,400478 0,000075
shown 1,237874 0,000232
siam 2,525729 0,001423
side 0,579818 0,000109
sidebar -0,009950 -0,000007
sigma 2,302585 0,001730
signal 0,755023 0,000142
signif 3,912023 0,000735
similar 0,150823 0,000170
similarli 0,843970 0,000317
simpl 0,150823 0,000085
simpler 1,832581 0,000688
simplest 2,040221 0,000383
simpli 0,733969 0,000138
simul 1,021651 0,000384
simultan 0,891598 0,000502
sinc 0,139262 0,000209
singl 0,127833 0,000024
singular 2,207275 0,001244
site -0,009950 -0,000002
situat 0,776529 0,000146
size 0,342490 0,000193
skew 2,302585 0,000432
slenskaitaliano 0,562119 0,000106
slotnick 3,912023 0,000735
small 0,314711 0,000059
smallest 2,659260 0,000499
smart 1,049822 0,000197
smith 1,139434 0,000214
societi 0,653926 0,000614
sociolog 1,660731 0,000312
solut 0,478036 0,001347
solv 0,820981 0,002467
sometim 0,301105 0,000057
son 1,049822 0,000394
sourc 0,094311 0,000053
space 0,415515 0,009754
spacetim 2,302585 0,000432
span 1,771957 0,006322
spars 2,525729 0,000949
special 0,235722 0,000133
specif 0,051293 0,000048
specifi 0,446287 0,000084
spectral 1,966113 0,000738
spectrum 1,386294 0,000260
spenc 3,218876 0,000604
spring 1,609438 0,000302
springer 0,527633 0,001189
squar 1,203973 0,003618
squeez 2,995732 0,000563
srpskisrpskohrvatski 0,510826 0,000096
stabil 1,469676 0,000276
standard 0,094311 0,000035
star 1,609438 0,000302
start 0,261365 0,000049
statement -0,009950 -0,000002
statesfrancebnf 0,510826 0,000096
statik 3,912023 0,000735
statist -0,009950 -0,000015
stephen 0,843970 0,000158
steven 0,867501 0,000489
stochast 1,347074 0,000253
stoke 3,218876 0,001209
straightforwardli 3,912023 0,000735
strang 2,813411 0,001585
strassen 3,912023 0,000735
strong 0,776529 0,000146
structur 0,139262 0,000392
student 1,049822 0,000394
studi 0,314711 0,000768
subfield 1,832581 0,000344
subject 0,478036 0,000090
submodul 3,912023 0,000735
subprogram 3,506558 0,000659
subsect 0,020203 0,000027
subset 1,108663 0,000625
subspac 2,813411 0,007925
sudipto 3,912023 0,001469
suffic 2,995732 0,000563
sum 1,203973 0,000678
summari 1,469676 0,000276
suomisvenskatagalog 1,171183 0,000220
supercomput 1,897120 0,000356
suppos 1,771957 0,000333
surject 3,912023 0,000735
survei 0,462035 0,000087
sylvest 3,218876 0,000604
symbol 1,078810 0,000405
symmetr 1,897120 0,002138
symmetri 2,995732 0,002250
symplect 3,912023 0,000735
synthet 1,771957 0,000998
system 0,010050 0,000109
systemat 1,078810 0,000203
tabl -0,009950 -0,000004
tag 1,309333 0,000246
takahashi 3,506558 0,000659
take 0,210721 0,000119
tangent 2,995732 0,000563
taqbaylit 1,897120 0,000356
techniqu 0,385662 0,000145
technolog 0,116534 0,000044
telegraph 2,040221 0,000383
templat 0,301105 0,000057
tensor 2,525729 0,003320
term -0,009950 -0,000021
ters 3,506558 0,000659
test 0,248461 0,000047
text -0,009950 -0,000026
textbook 1,714798 0,001932
themselv 0,843970 0,000158
theorem 1,171183 0,002199
theoret 0,776529 0,000146
theori 0,400478 0,002632
therefor 0,478036 0,000090
thermal 2,407946 0,002261
thing 0,798508 0,000150
third 0,342490 0,000064
thoma 0,527633 0,000099
three 0,287682 0,000270
thu 0,314711 0,000650
time 0,000000 0,000000
timelin 0,733969 0,000138
tina 1,771957 0,000333
titl -0,009950 -0,000002
todai 0,693147 0,000130
toeplitz 3,912023 0,000735
toggl -0,009950 -0,000017
took 1,237874 0,000232
tool -0,009950 -0,000011
toolbox 2,407946 0,000452
top -0,009950 -0,000002
topic -0,009950 -0,000013
topolog 1,514128 0,001706
trace 1,427116 0,000268
tractabl 3,506558 0,000659
trademark -0,009950 -0,000002
transact 0,673345 0,000126
transfer 0,544727 0,000102
transform 0,544727 0,002251
translat 0,798508 0,000150
transmiss 1,347074 0,000253
transpos 3,506558 0,002634
treat 0,967584 0,000182
treatis 3,506558 0,000659
treatment 1,660731 0,000312
trefethen 3,912023 0,000735
treil 3,912023 0,000735
trend 0,733969 0,000138
triangular 3,506558 0,000659
tridiagon 3,912023 0,000735
tschpolskiportugu 1,832581 0,000344
tupl 2,040221 0,000383
turn 0,776529 0,000146
twentieth 2,525729 0,000474
twinarai 2,302585 0,000432
two 0,083382 0,000298
type 0,051293 0,000010
typic 0,186330 0,000070
ucdenv 3,912023 0,000735
und 2,813411 0,001057
under -0,009950 -0,000009
undergradu 2,302585 0,003027
underli 0,693147 0,000130
understand 0,342490 0,000129
uniqu 0,867501 0,000489
unit 0,248461 0,000047
unitari 3,506558 0,000659
univers 0,139262 0,000262
unknown 1,108663 0,000208
until 0,510826 0,000288
urldownload -0,009950 -0,000002
usag 0,579818 0,000327
user 0,274437 0,000052
usual 0,198451 0,000112
utc -0,009950 -0,000002
utert 3,912023 0,000735
vahagn 3,912023 0,000735
valu 0,162519 0,000092
van 0,867501 0,000489
vandermond 3,506558 0,000659
variabl 0,494296 0,000278
variant 1,139434 0,000214
variat 0,994252 0,000187
variou 0,223144 0,000210
vdot 3,912023 0,003673
vector 1,237874 0,026269
version -0,009950 -0,000004
via 0,186330 0,000070
video 0,597837 0,000225
view -0,009950 -0,000009
vision 0,867501 0,000326
vital 2,120264 0,000398
vitulli 3,912023 0,000735
vol 0,616186 0,000347
vom 3,912023 0,000735
vtelinear 3,912023 0,000735
vtemajor 2,302585 0,000432
wai 0,105361 0,000059
wave 1,560648 0,000293
weather 1,897120 0,000356
weber 2,813411 0,000528
weisstein 2,995732 0,000563
well 0,051293 0,000029
welleslei 3,912023 0,000735
werner 2,813411 0,000528
weslei 1,078810 0,000203
weyr 3,912023 0,000735
what -0,009950 -0,000004
whether 0,400478 0,000075
which 0,000000 0,000000
whole 0,916291 0,000172
whose 0,776529 0,000146
wide 0,210721 0,000079
width 2,207275 0,000415
wie 3,912023 0,000735
wigand 3,912023 0,000735
wikibook 1,386294 0,000260
wikidata 0,562119 0,000106
wikidataarticl 1,171183 0,000220
wikimedia -0,009950 -0,000006
wikipedia -0,009950 -0,000015
wikipediacontact -0,009950 -0,000002
wikiproject 1,832581 0,000344
wikivers 1,609438 0,000302
wilei 0,562119 0,000211
wolfram 3,218876 0,000604
womb 3,912023 0,000735
woodburi 3,912023 0,000735
word 0,446287 0,000168
work 0,030459 0,000006
world 0,139262 0,000078
written 0,287682 0,000108
wrong 1,560648 0,000293
wrote 1,078810 0,000203
yerevan 3,912023 0,000735
yitzhak 3,912023 0,000735
yonatan 3,912023 0,000735
yor 2,040221 0,000383
york 0,371064 0,000139
zbekcha 0,462035 0,000087
zero 0,693147 0,001822
zhang 1,427116 0,000268
zweig 3,912023 0,001469
