aalen 3,218876 0,000476
absolute 1,832581 0,000543
abstract 1,108663 0,000164
abundance 3,912023 0,000579
academia 2,120264 0,000628
academic 0,755023 0,000447
accelerated 1,966113 0,000291
accept 1,427116 0,000211
acceptable 2,120264 0,000314
accepted 1,171183 0,000173
according 0,301105 0,000045
account -0,009950 -0,000007
accounting 1,386294 0,000205
accounts 1,171183 0,000520
accurate 1,560648 0,000462
accurately 1,771957 0,000262
acf 3,218876 0,000476
achenwall 3,912023 0,001158
actions -0,009950 -0,000001
active 0,843970 0,000125
activity 0,867501 0,000128
actual 0,941609 0,000139
actually 1,108663 0,000328
actuarial 2,302585 0,000682
actuaries 3,506558 0,000519
adaptive 1,897120 0,000842
add -0,009950 -0,000001
adding 0,597837 0,000088
addison 1,203973 0,000356
addition 0,371064 0,000055
additional -0,009950 -0,000009
address 0,713350 0,000211
addressed 1,272966 0,000188
adequate 1,832581 0,000271
adjustment 2,120264 0,000314
adlan 3,912023 0,000579
adolphe 3,506558 0,000519
adopted 0,867501 0,000128
adrien 3,218876 0,000476
aerospace 1,771957 0,000262
affected 1,660731 0,000246
affluent 3,912023 0,000579
afrikaansalemannisch 2,040221 0,000302
aft 2,995732 0,000443
against 0,462035 0,000068
age 1,108663 0,000328
agree -0,009950 -0,000003
agresti 3,912023 0,000579
agriculture 1,660731 0,000246
aic 3,218876 0,000476
aided 1,771957 0,000262
aids 2,407946 0,000356
aims 1,171183 0,000347
aisfryskfurlangaeilgegaelgg 3,506558 0,000519
aka 2,525729 0,000374
akademie 3,912023 0,000579
alan 1,049822 0,000155
algebra 1,560648 0,000924
algebraic 1,897120 0,000842
algorithms 0,693147 0,000205
allan 2,407946 0,000356
allow 0,287682 0,000213
allows 0,248461 0,000037
almost 0,798508 0,000118
already 0,776529 0,000230
alternative 0,527633 0,000937
although 0,287682 0,000298
always 0,597837 0,000088
america 0,994252 0,000441
american 0,446287 0,000462
among 0,356675 0,000370
amount 0,616186 0,000182
amounts 1,309333 0,000194
amp -0,009950 -0,000025
analyses 1,714798 0,000508
analysis 0,186330 0,001765
analysiscategorical 3,218876 0,000476
analysiscorrelation 3,218876 0,000476
analyst 1,832581 0,000543
analytic 2,120264 0,000628
analytics 1,049822 0,000155
analyze 1,469676 0,000218
analyzing 1,347074 0,000598
anat 3,912023 0,000579
ancient 1,660731 0,000246
ancillary 3,912023 0,000579
anderson 1,609438 0,000476
andersson 2,995732 0,000887
anecdotal 3,218876 0,000476
annual 0,776529 0,000115
another 0,127833 0,000095
anova 2,995732 0,002661
answer 1,660731 0,000737
answers 1,897120 0,000281
any 0,083382 0,000099
anything 2,207275 0,000327
appearance -0,009950 -0,000003
applicable 1,714798 0,000254
application 0,127833 0,000095
applications 0,094311 0,000126
applicationsbiostatistics 3,218876 0,000476
applied 0,356675 0,000897
applies 1,832581 0,000271
apply -0,009950 -0,000003
applying 1,469676 0,000435
approach 0,261365 0,000271
approaches 0,733969 0,000109
appropriate 0,891598 0,000132
approximate 1,966113 0,000582
approximation 1,832581 0,000543
arab 1,966113 0,000291
arabic 1,897120 0,000562
aragon 1,171183 0,000173
arbitrarily 2,407946 0,000356
arbitrary 1,049822 0,000155
arch 1,966113 0,000291
archaeology 2,120264 0,000942
architecture 0,462035 0,000068
archived 0,040822 0,000103
area 0,776529 0,000460
areas 0,755023 0,000335
arguably 3,218876 0,000476
argument 1,347074 0,000399
arguments 1,714798 0,000254
arima 2,813411 0,000416
arise 2,207275 0,000327
arisen 3,218876 0,000476
arises 2,813411 0,000416
arithmetic 1,347074 0,000997
arma 2,813411 0,000416
arno 3,218876 0,000476
arnold 2,407946 0,000356
arose 2,407946 0,000356
around 0,356675 0,000158
arrangements 2,525729 0,000374
ars 1,309333 0,000388
art 0,713350 0,000211
article 0,040822 0,000085
articleabout -0,009950 -0,000001
articles 0,020203 0,000021
articletalk -0,009950 -0,000001
artificial 1,078810 0,000319
asia 1,560648 0,000231
asked 1,469676 0,000218
aspect 1,386294 0,000205
aspects 0,776529 0,000230
assembly 1,139434 0,000169
asserts 2,813411 0,000833
assesses 2,995732 0,000443
assigned 1,237874 0,000183
assignment 1,660731 0,000492
assist 1,966113 0,000291
associated 0,400478 0,000178
association 0,634878 0,000376
associations 2,302585 0,000341
assumed 1,714798 0,000254
assumes 2,040221 0,000302
assuming 1,966113 0,000291
assumption 1,660731 0,000246
assumptions 1,560648 0,000231
assures 3,506558 0,001038
astronomical 2,525729 0,000374
astronomy 2,120264 0,000314
astrostatistics 3,912023 0,000579
asturianuava 2,525729 0,000374
asymmetrical 3,912023 0,001737
asymptotically 2,995732 0,000887
asymptotics 3,218876 0,000476
atom 1,897120 0,000281
attempt 1,049822 0,000155
attempts 0,916291 0,000271
attribution -0,009950 -0,000001
auditing 2,659260 0,000787
august 0,162519 0,000024
authority 0,083382 0,000012
autocorrelation 3,218876 0,000476
automatically 0,653926 0,000097
autoregression 2,659260 0,000394
autoregressive 2,813411 0,000833
available -0,009950 -0,000007
average 1,139434 0,000506
avoid 0,941609 0,000139
avoiding 1,714798 0,000254
away 1,139434 0,000169
axe 2,995732 0,000443
axis 2,302585 0,000682
ayisyenkriy 2,659260 0,000394
back 0,527633 0,000156
bahasa 0,186330 0,000028
balances 2,302585 0,000341
baltimore 2,813411 0,000416
bar 1,609438 0,000476
barbara 2,120264 0,000314
barr 2,659260 0,000394
base 0,755023 0,000112
baseball 3,506558 0,000519
based 0,010050 0,000010
basic 0,235722 0,000140
basis 0,820981 0,000122
bayes 2,120264 0,000628
bayesian 1,966113 0,004074
became 0,579818 0,000086
because 0,127833 0,000170
begin 1,309333 0,000194
behavior 0,462035 0,000137
belgian 3,912023 0,000579
believable 3,912023 0,000579
believe 2,040221 0,000302
belong 2,207275 0,000327
belongs 2,407946 0,000356
beneficial 2,207275 0,000327
bera 3,218876 0,000476
berg 2,659260 0,000787
berlin 1,469676 0,000218
bernoulli 2,659260 0,001574
best 0,462035 0,000137
betawibikol 3,912023 0,000579
beth 2,995732 0,000443
better 0,494296 0,000146
beyond 0,713350 0,000317
bias 1,660731 0,001967
biased 2,995732 0,000887
bibcode 0,693147 0,000410
bic 2,995732 0,000443
big 0,673345 0,000299
bills 2,659260 0,000394
binomial 2,302585 0,001022
bioinformatics 1,660731 0,000246
biolog 3,912023 0,000579
biological 1,427116 0,000211
biologies 3,912023 0,000579
biologists 3,912023 0,000579
biology 1,347074 0,002193
biometrics 2,995732 0,000443
biometrika 3,506558 0,000519
biometry 3,912023 0,000579
biostatistics 3,218876 0,001429
biplot 3,218876 0,000476
black 1,203973 0,000178
blackwellization 3,218876 0,000476
blaise 3,506558 0,000519
blindness 3,506558 0,000519
blocking 1,714798 0,000508
blue 1,560648 0,000462
blunder 3,506558 0,001038
bmc 3,218876 0,000476
body 1,139434 0,000337
bokm 0,127833 0,000019
book 0,478036 0,000283
boolean 1,609438 0,000238
bootstrap 2,659260 0,001574
boston 1,560648 0,000231
botany 2,659260 0,000394
bound 1,660731 0,000246
bounds 1,966113 0,000582
box 1,171183 0,000693
branch 1,309333 0,000581
brandenburgischen 3,912023 0,000579
break 1,272966 0,000188
breusch 3,218876 0,000476
brian 1,108663 0,000164
bridge 2,302585 0,000341
bridges 2,120264 0,000314
britannica 1,897120 0,000562
british 1,203973 0,000178
broad 1,203973 0,000178
broadened 2,995732 0,000443
broemeling 3,506558 0,000519
bruneau 3,912023 0,000579
brussels 3,218876 0,000476
bruxelles 3,912023 0,000579
built 0,462035 0,000068
burnett 3,912023 0,000579
business 0,301105 0,000981
calculated 1,966113 0,000291
calculations 2,040221 0,000302
calculus 1,560648 0,000693
called 0,040822 0,000079
cambridge 0,755023 0,000671
cancer 2,659260 0,001181
cannot 0,314711 0,000140
canonical 1,714798 0,000254
capability 1,309333 0,000194
capable 1,309333 0,000194
capital 1,237874 0,000183
capture 1,272966 0,000188
caramuel 3,912023 0,000579
cardano 2,525729 0,000374
carl 1,771957 0,000525
carlo 2,207275 0,000327
carry 1,469676 0,000218
cartography 3,218876 0,001429
case 0,139262 0,000144
cases 0,478036 0,000142
catal 0,094311 0,000014
categorical 1,771957 0,001574
categories -0,009950 -0,000004
categorization 2,407946 0,000356
categorizations 3,912023 0,000579
category 0,116534 0,000069
causal 2,120264 0,000942
causality 2,525729 0,000748
causation 3,218876 0,000476
cause 0,916291 0,000271
caused 1,049822 0,000466
celebrated 2,995732 0,000443
cell 1,609438 0,000238
cellular 1,714798 0,000254
celsius 3,218876 0,000476
censoring 3,912023 0,001158
census 2,407946 0,001069
center 0,562119 0,000083
centers 1,427116 0,000211
central 0,510826 0,000302
centralbislamabosanskibrezhoneg 3,912023 0,000579
centuries 2,302585 0,000341
century 0,891598 0,001320
certain 0,274437 0,000041
certainty 2,995732 0,000443
certification 1,660731 0,000246
cetinkaya 3,912023 0,000579
cfa 2,659260 0,000394
cgisy 3,912023 0,000579
chain 1,049822 0,000155
challenged 1,309333 0,000194
chance 1,771957 0,000787
change 0,261365 0,000116
changed 0,941609 0,000279
changes 0,356675 0,000158
changesupload -0,009950 -0,000003
changing 0,820981 0,000122
channel 1,309333 0,000775
chapter 0,941609 0,000139
characteristics 1,139434 0,000337
characterize 2,813411 0,000416
characterizes 3,218876 0,000476
chart 1,771957 0,001574
charts 1,897120 0,000281
checked 1,514128 0,000224
chemistry 1,427116 0,000845
chemometrics 3,218876 0,000953
chi 2,207275 0,001307
child 1,832581 0,000543
choice 0,967584 0,000143
choosing 1,832581 0,000271
chosen 1,469676 0,000218
chrisman 3,912023 0,001158
christiaan 3,506558 0,000519
cid 0,356675 0,000317
citations 0,916291 0,000271
civil 1,427116 0,000211
claim 1,347074 0,000199
claimed 1,469676 0,000218
clarification 1,832581 0,000543
class 0,616186 0,000182
classic 0,967584 0,000286
classification 1,049822 0,000777
classified 1,272966 0,000377
clear 1,139434 0,000169
clinical 1,832581 0,000814
close 0,941609 0,000139
closely 1,237874 0,000183
cluster 1,514128 0,000672
cnx 3,218876 0,000476
cochran 2,995732 0,000443
code -0,009950 -0,000003
coefficient 2,302585 0,002386
cohen 2,207275 0,001307
cohort 3,218876 0,000953
coined 1,514128 0,000448
cointegration 2,995732 0,000443
collaborative 1,714798 0,000254
collated 3,506558 0,000519
collect 1,714798 0,001015
collected 1,469676 0,000870
collection 0,527633 0,000937
collectionstudy 3,218876 0,000476
college 1,560648 0,000462
columbia 2,302585 0,000341
column 1,966113 0,000291
com 0,150823 0,000067
combinations 1,897120 0,000281
combinatorics 2,120264 0,000314
combined 0,798508 0,000118
come 0,867501 0,000257
comes 0,867501 0,000385
coming 1,203973 0,000356
commentaries 3,506558 0,000519
committing 2,813411 0,000416
common 0,072571 0,000032
commonly 0,342490 0,000051
commons -0,009950 -0,000004
commonsnews 2,659260 0,000394
commonswikibookswikiquotewikiversitywikidata 2,302585 0,000341
commutative 2,407946 0,000356
companies 0,597837 0,000088
company 0,462035 0,000137
compare 1,609438 0,000238
comparisons 1,832581 0,000271
complete 0,713350 0,000106
completeness 2,120264 0,000314
complex 0,261365 0,000193
complexity 0,616186 0,000091
complicated 1,609438 0,000238
component 0,713350 0,000211
components 0,415515 0,000062
composing 2,813411 0,000416
comprises 2,207275 0,000327
comprising 2,813411 0,000416
compte 3,912023 0,000579
comptes 3,506558 0,000519
computation 0,994252 0,000589
computational 0,755023 0,000894
computationally 2,207275 0,000327
computations 1,832581 0,000271
compute 1,309333 0,000194
computed 1,609438 0,000238
computer 0,139262 0,000165
computerise 3,912023 0,000579
computers 0,562119 0,000166
computing 0,301105 0,000312
concept 0,415515 0,000185
concepts 0,400478 0,000474
conceptually 2,407946 0,000356
concerned 1,237874 0,000733
concerning 1,897120 0,000562
concerns 1,021651 0,000454
concise 2,040221 0,000302
conclusion 2,407946 0,000713
conclusions 2,120264 0,001255
condition 1,609438 0,000238
conditional 1,660731 0,000492
conditions 0,843970 0,000250
conduct -0,009950 -0,000001
conducted 1,560648 0,000462
confidence 1,832581 0,003798
conforming 2,302585 0,000341
confounding 3,218876 0,002382
confusion 1,609438 0,000238
congr 3,912023 0,000579
congress 1,771957 0,000525
conjectandi 3,506558 0,001038
conjecture 2,995732 0,000443
conjecturing 3,912023 0,000579
conjoint 3,912023 0,000579
connected 1,108663 0,000164
connections 1,272966 0,000188
consecutive 2,659260 0,000394
consider 1,078810 0,000479
consideration 1,514128 0,000896
considerations 1,560648 0,000231
considered 0,400478 0,000059
consistent 1,108663 0,000492
construct 1,609438 0,000238
consultants 2,659260 0,000394
consulting 1,660731 0,000246
contact -0,009950 -0,000001
contacts -0,009950 -0,000004
containing 0,579818 0,000257
contains 0,634878 0,000094
contemplate 3,506558 0,000519
content -0,009950 -0,000003
contents -0,009950 -0,000004
context 0,494296 0,000073
contingency 2,525729 0,000748
continues 1,469676 0,000218
continuous 1,049822 0,000622
contradicts 3,218876 0,000476
contraharmonic 3,218876 0,000476
contrast 0,994252 0,000441
contrasted 2,995732 0,000443
contribute -0,009950 -0,000001
contributed 1,771957 0,000262
contribution 2,120264 0,000314
contributions 1,714798 0,000508
control 0,020203 0,000030
controlled 1,021651 0,000454
conventional 1,237874 0,000183
converges 2,813411 0,000833
convict 3,912023 0,000579
cook 2,207275 0,000327
cookie -0,009950 -0,000001
cope 2,995732 0,000443
correct 1,386294 0,000410
correctly 1,832581 0,000543
correlated 2,407946 0,001426
correlation 1,897120 0,006178
correlationregression 3,218876 0,000476
correlations 2,995732 0,000443
correlogram 3,218876 0,000476
corsucymraegdanskdeutsch 3,912023 0,000579
count 1,660731 0,000737
counted 2,407946 0,000356
countries 0,994252 0,000147
country 1,171183 0,000347
counts 2,302585 0,001022
coupled 1,832581 0,000271
course 1,139434 0,001012
courses 2,120264 0,000628
court 1,469676 0,000218
covariance 2,659260 0,000787
cover 1,203973 0,000178
covered 1,560648 0,000231
covers 1,660731 0,000492
create -0,009950 -0,000003
creation 0,693147 0,000103
creative -0,009950 -0,000001
credible 2,813411 0,000833
credo 3,912023 0,000579
cricket 3,912023 0,000579
crime 1,514128 0,000448
criminal 2,207275 0,000327
crises 2,995732 0,000443
criterion 1,966113 0,000291
critical 0,653926 0,000484
criticism 1,171183 0,000173
criticisms 2,120264 0,000314
criticized 1,469676 0,000218
cross 0,562119 0,000250
cryptographers 3,218876 0,000476
cryptographic 1,897120 0,000562
cryptology 2,525729 0,000374
crystal 2,995732 0,000443
cubic 3,218876 0,000476
culmination 3,912023 0,000579
currently 0,755023 0,000112
curve 1,347074 0,000199
damned 3,912023 0,000579
darling 2,659260 0,000394
darrell 3,218876 0,001429
darwinian 3,506558 0,000519
data 0,030459 0,000478
databases 0,127833 0,000019
datacenter 2,525729 0,000374
datajapanczech 1,469676 0,000218
dataset 2,207275 0,000327
date 0,579818 0,000086
dates 0,430783 0,000064
david 0,385662 0,000285
day 0,843970 0,000125
days 1,049822 0,000155
deal 1,171183 0,000173
dealing 1,714798 0,000254
deals 1,660731 0,000737
dealt 2,659260 0,000394
dean 2,525729 0,000748
death 1,966113 0,000291
debate 1,560648 0,000231
deborah 2,995732 0,000443
decade 1,832581 0,000271
december 0,061875 0,000037
decipher 3,912023 0,000579
deciphering 2,995732 0,000443
decision 0,494296 0,000512
decisions 1,078810 0,000319
decoding 2,407946 0,000356
decomposition 2,120264 0,000314
deduce 2,659260 0,000787
deducing 3,912023 0,000579
default 0,693147 0,000103
defendant 2,813411 0,000833
define 0,798508 0,000118
defined 0,248461 0,000147
defines 0,776529 0,000115
defining 1,021651 0,000151
definition 0,342490 0,000051
definitions 0,891598 0,000132
degree 1,171183 0,000347
degrees 1,560648 0,000231
deliberately 2,120264 0,000314
demographic 2,040221 0,000302
demography 2,995732 0,000887
den 2,995732 0,000887
density 1,660731 0,000737
denworth 3,912023 0,000579
depart 3,506558 0,000519
department 0,941609 0,000279
depend 1,171183 0,000347
dependability 2,040221 0,000604
dependence 2,659260 0,000394
dependent 1,021651 0,000605
depends 0,994252 0,000441
der 1,609438 0,000715
derived 0,891598 0,000264
deriving 2,813411 0,000833
des 2,040221 0,000302
describe 0,820981 0,000365
described 0,430783 0,000191
describes 0,820981 0,000243
description -0,009950 -0,000007
descriptionshort 0,000000 0,000000
descriptive 2,120264 0,005963
design 0,127833 0,000246
designs 1,469676 0,000870
desirable 1,897120 0,000281
destroyed 2,995732 0,000887
detailed 1,272966 0,000188
determination 2,302585 0,001022
determine 0,733969 0,000326
determining 1,272966 0,000377
deterministic 1,897120 0,000281
deutschen 3,506558 0,000519
devastating 2,995732 0,000443
developed 0,127833 0,000151
developer 0,820981 0,000122
developers -0,009950 -0,000001
developing 0,673345 0,000199
development 0,083382 0,000012
developmental 2,525729 0,000374
developments 1,347074 0,000199
deviation 2,302585 0,002045
deviations 2,302585 0,001022
diagnostic 2,995732 0,000443
diagrams 2,407946 0,000713
dichotomous 3,912023 0,000579
dickey 3,218876 0,000476
dictionary 0,673345 0,000698
diez 3,912023 0,000579
differ 1,660731 0,000246
difference 0,820981 0,000851
differences 0,967584 0,000573
different 0,020203 0,000030
differentiable 1,832581 0,000271
differential 1,609438 0,000953
differs 1,560648 0,000462
difficult 0,597837 0,000088
digital 0,400478 0,000059
digitales 3,912023 0,000579
diophantine 2,525729 0,000374
direction 1,771957 0,000262
disambiguation 1,049822 0,000155
discern 3,912023 0,000579
discipline 1,427116 0,001901
disciplines 1,660731 0,000983
disclaimers -0,009950 -0,000001
discover 1,966113 0,000291
discrete 1,171183 0,000693
discriminant 2,995732 0,000443
discriminator 3,912023 0,000579
discussions 1,897120 0,000562
disease 2,040221 0,000302
dispersion 2,995732 0,001774
display 1,171183 0,000173
displaystyle 1,386294 0,000205
disproved 3,912023 0,001158
disproving 3,912023 0,000579
distance 1,560648 0,000462
distances 2,659260 0,000787
distinct 0,916291 0,000271
distinctions 3,218876 0,000476
distinguished 1,897120 0,000562
distributed 0,478036 0,000142
distribution 0,634878 0,001785
distributions 1,386294 0,001436
disturbance 3,218876 0,000476
disturbances 3,506558 0,000519
divergence 2,659260 0,000394
diverse 1,771957 0,000262
diversity 2,302585 0,000341
documenting 2,813411 0,000416
dodge 2,813411 0,000416
doi 0,162519 0,000505
doing 1,272966 0,000188
domain 0,562119 0,000166
donald 1,347074 0,000199
donate -0,009950 -0,000003
done 0,653926 0,000097
doubt 2,995732 0,000443
down 0,597837 0,000177
download -0,009950 -0,000001
draw 2,302585 0,000682
drawn 2,120264 0,000314
drennan 3,912023 0,000579
driven 0,867501 0,000128
drug 1,714798 0,000761
dswo 3,912023 0,000579
due 0,261365 0,000077
durbin 2,813411 0,000416
duxbury 3,506558 0,000519
earlier 1,139434 0,000506
earliest 1,021651 0,000151
early 0,301105 0,000312
earth 1,272966 0,000188
easier 1,049822 0,000155
easiest 3,912023 0,000579
ecology 2,040221 0,000604
econometrics 2,207275 0,001307
economic 0,843970 0,001249
economics 0,867501 0,000770
eda 3,506558 0,001038
edit -0,009950 -0,000053
editcommunity -0,009950 -0,000001
edited -0,009950 -0,000001
edition 0,579818 0,000086
eds 0,798508 0,000236
edu 1,108663 0,000164
education 0,579818 0,000429
educational 1,514128 0,000448
edward 1,309333 0,000194
edwards 2,302585 0,001022
eesti 3,506558 0,000519
effect 0,843970 0,001124
effective 0,994252 0,000147
effects 0,820981 0,000486
efficiency 0,673345 0,000199
efficient 0,494296 0,000146
egon 3,912023 0,000579
either 0,248461 0,000147
electric 1,771957 0,000262
electrical 1,021651 0,000151
electronic 0,634878 0,000094
electronics 1,171183 0,000173
elementary 1,771957 0,000787
elio 3,912023 0,000579
elliptical 3,218876 0,000476
elsevier 1,203973 0,000356
emait 1,560648 0,000231
emerged 1,139434 0,000337
emergence 1,714798 0,000254
emphasis 1,771957 0,000262
empirical 1,203973 0,000535
employ 1,347074 0,000199
employed 1,272966 0,000188
encompassing 2,525729 0,000374
encountered 2,302585 0,000341
encrypted 1,714798 0,000254
encyclopedia -0,009950 -0,000013
end 0,261365 0,000039
energy 0,891598 0,000132
engineering 0,198451 0,000352
english -0,009950 -0,000007
entered 1,771957 0,000262
entire 0,755023 0,000112
entomology 2,659260 0,000394
environment 0,478036 0,000071
environmental 1,049822 0,000311
epidemiology 2,659260 0,001181
equal 1,347074 0,000399
equation 1,832581 0,000543
equations 1,714798 0,001523
equivalent 1,021651 0,000151
erol 3,912023 0,001158
error 0,713350 0,002112
errors 0,733969 0,002064
esculapio 3,912023 0,000579
espa 0,210721 0,000031
established 0,916291 0,000271
establishing 1,660731 0,000246
estimate 1,609438 0,001429
estimated 1,309333 0,000775
estimates 1,560648 0,001386
estimating 1,966113 0,000582
estimation 1,771957 0,003410
estimator 2,995732 0,005321
estimators 2,995732 0,005321
ethics 1,560648 0,000231
etymology 2,040221 0,000604
euclidean 2,302585 0,000341
eugenics 3,506558 0,000519
europe 0,941609 0,000279
evaluated 2,120264 0,000314
evaluation 0,843970 0,000125
even 0,235722 0,000140
events 0,634878 0,000094
eventsrandom -0,009950 -0,000001
everitt 3,912023 0,000579
everyday 1,897120 0,000281
everything 1,309333 0,000194
evidence 1,309333 0,000775
evolution 0,820981 0,000365
evolutionary 1,832581 0,000543
exaggerate 3,912023 0,000579
examined 1,966113 0,000873
examining 1,832581 0,000271
example 0,030459 0,000045
examples 0,328504 0,000194
excel 2,813411 0,000416
existence 1,469676 0,000218
exists 1,049822 0,000155
expansion 1,386294 0,000205
expected 0,693147 0,000410
expedited 3,218876 0,000476
experienced 2,207275 0,000327
experiment 1,469676 0,002393
experimental 1,021651 0,002873
experimentation 2,813411 0,001249
experimenters 2,995732 0,000443
experiments 1,469676 0,003263
expert 1,347074 0,000199
expertise 1,897120 0,000562
explain 1,897120 0,000281
explanations 2,995732 0,000443
exploratory 1,966113 0,001164
explores 3,218876 0,000476
exponential 2,040221 0,000906
export -0,009950 -0,000001
exposure 1,714798 0,000254
express 1,427116 0,000211
expressed 1,203973 0,000178
extend 1,427116 0,000422
extensively 2,407946 0,000713
extent 1,386294 0,000821
external 0,030459 0,000009
extracting 2,207275 0,000327
extreme 1,514128 0,000224
eyelash 3,912023 0,000579
face 1,309333 0,000388
fact 0,755023 0,000335
factor 0,867501 0,000514
factorial 2,659260 0,000394
facts 1,660731 0,000983
fahrenheit 3,912023 0,000579
fails 2,302585 0,001022
failure 1,139434 0,000337
fallacy 3,912023 0,001158
false 1,272966 0,001696
falsely 3,218876 0,000476
families 1,966113 0,000291
family 1,078810 0,000479
famous 1,771957 0,000262
fan 1,897120 0,000281
far 0,867501 0,000128
fat 1,966113 0,000291
favorable 3,218876 0,000476
favored 2,813411 0,000416
feasible 2,120264 0,000314
featured 2,407946 0,000356
features 0,371064 0,000055
february 0,061875 0,000009
feedback 1,309333 0,000194
fermat 2,995732 0,000443
field 0,527633 0,000078
fields 0,713350 0,000634
figures 1,832581 0,000271
fiji 1,897120 0,000281
file 0,616186 0,000091
filepermanent -0,009950 -0,000001
filespecial -0,009950 -0,000001
films 2,302585 0,000341
final 0,916291 0,000136
finance 0,843970 0,000250
financial 0,776529 0,000115
find 0,544727 0,000081
finding 1,021651 0,000454
findings 2,040221 0,000604
finite 1,660731 0,000246
fire 1,660731 0,000246
first 0,020203 0,000036
fisher 2,040221 0,004228
fisherian 3,506558 0,000519
fit 1,560648 0,000462
fitted 2,995732 0,001330
fitting 2,407946 0,000356
floating 1,660731 0,000246
flower 2,995732 0,000443
focus 0,755023 0,000112
follow 1,078810 0,000160
following 0,210721 0,000094
forces 1,560648 0,000231
forecasting 1,469676 0,000435
forest 1,966113 0,000291
form 0,162519 0,000072
formal 0,673345 0,000199
formalizes 3,912023 0,000579
formally 1,897120 0,000281
former 1,049822 0,000311
forms 0,562119 0,000083
formulate 3,912023 0,000579
found 0,385662 0,000114
foundation -0,009950 -0,000003
foundations 0,967584 0,000573
founded 1,347074 0,000598
founder 1,897120 0,000562
founders 2,525729 0,000374
fourier 2,040221 0,000302
fractions 2,813411 0,000416
framework 0,342490 0,000152
franca 1,609438 0,000238
francis 1,347074 0,001196
franklin 2,407946 0,000356
free -0,009950 -0,000003
freedman 3,506558 0,000519
freedom 1,609438 0,000238
frequency 1,078810 0,000639
frequent 2,659260 0,000394
frequentist 2,813411 0,001249
frequently 0,967584 0,000143
freund 2,995732 0,000443
friedman 1,771957 0,000262
friedrich 2,407946 0,000713
friend 2,525729 0,000374
full 0,371064 0,000055
fuller 2,525729 0,000374
fully 0,616186 0,000091
function 0,210721 0,000312
functional 0,733969 0,000217
fundamental 0,867501 0,000257
further 0,139262 0,000062
furthermore 1,272966 0,000188
future 0,274437 0,000122
gained 1,237874 0,000183
galton 3,218876 0,002382
game 0,713350 0,000106
games 1,078810 0,000319
gap 1,609438 0,000238
gathered 2,407946 0,001069
gauss 2,407946 0,001069
gave 1,660731 0,000246
gayon 3,912023 0,000579
geis 3,912023 0,000579
general -0,009950 -0,000013
generalized 1,560648 0,000693
generally 0,287682 0,000128
generate 0,798508 0,000236
genetical 3,912023 0,001158
genetics 2,407946 0,001069
geographic 1,203973 0,000535
geography 2,207275 0,000653
geology 2,525729 0,000374
geometric 1,771957 0,000787
geometry 1,347074 0,000598
geosciences 2,995732 0,000443
geostatistics 3,218876 0,000476
german 1,427116 0,001690
gerolamo 3,506558 0,000519
ghilini 3,912023 0,000579
gibbs 2,995732 0,000443
gifted 3,506558 0,001038
gigerenzer 3,912023 0,000579
girolamo 3,912023 0,000579
give 0,843970 0,000375
given 0,261365 0,000580
gives 1,171183 0,000347
giving 1,714798 0,001015
glossary 0,891598 0,000396
goal 0,713350 0,000106
godfrey 3,218876 0,000476
going 1,272966 0,000188
golden 2,525729 0,000374
gonz 2,995732 0,000443
goodness 3,218876 0,000476
gordon 1,966113 0,000582
gosset 3,912023 0,000579
gottfried 2,813411 0,000833
government 0,755023 0,000224
grades 3,506558 0,000519
granger 2,813411 0,000416
graph 0,994252 0,000294
graphical 1,386294 0,000205
graphics 0,941609 0,000139
graphs 1,660731 0,000246
grattan 3,506558 0,000519
graunt 3,912023 0,000579
green 0,994252 0,000147
greenland 3,506558 0,000519
gretl 3,506558 0,000519
griffin 2,995732 0,000443
grind 3,506558 0,000519
group 0,301105 0,000178
grouped 2,120264 0,000942
groups 0,891598 0,000132
growing 0,891598 0,000264
guide 0,356675 0,000158
guilt 3,912023 0,000579
guilty 2,995732 0,000443
guinness 3,218876 0,000476
gwiyannenkurd 2,659260 0,000394
haenszel 3,218876 0,000476
hague 3,912023 0,001158
half 1,108663 0,000164
hand 0,733969 0,000326
handbook 0,941609 0,000139
handy 3,912023 0,000579
hardware 0,579818 0,000086
harmonic 2,120264 0,000628
haselen 3,912023 0,000579
having 0,579818 0,000172
hawai 3,506558 0,000519
hawthorne 3,912023 0,002895
hayes 2,813411 0,000416
hays 3,912023 0,000579
hazard 2,525729 0,000374
hazards 2,302585 0,000341
hdl 1,049822 0,000155
heavily 1,203973 0,000356
hebrew 2,120264 0,000314
height 1,966113 0,000291
heinz 2,659260 0,000394
helen 2,659260 0,000394
help 0,248461 0,000110
helplearn -0,009950 -0,000001
hence 1,347074 0,000199
heredity 3,506558 0,000519
hererelated -0,009950 -0,000001
heronian 3,218876 0,000476
heteroscedasticity 3,218876 0,000476
heteroskedasticity 3,218876 0,000476
hichcock 3,912023 0,000579
hide -0,009950 -0,000006
hierarchical 1,897120 0,000281
higham 3,912023 0,000579
highly 0,867501 0,000128
hindif 2,659260 0,000394
histogram 2,995732 0,000443
historical 1,021651 0,000151
histories 2,407946 0,000356
history -0,009950 -0,000016
hitting 2,525729 0,000374
hoad 3,912023 0,000579
hodges 2,659260 0,000394
holmes 3,506558 0,000519
holt 3,218876 0,000476
homme 3,912023 0,000579
homological 2,525729 0,000374
homoscedasticity 3,218876 0,000476
homotopy 2,525729 0,000374
hopkins 1,966113 0,000291
house 0,916291 0,000136
houston 2,813411 0,000416
however 0,094311 0,000084
hrvatskijaku 2,659260 0,000394
https -0,009950 -0,000001
huff 3,912023 0,002895
human 0,579818 0,000172
huygens 3,506558 0,000519
hypercomplex 2,525729 0,000374
hypotheses 2,207275 0,002287
hypothesis 1,897120 0,013198
ibanidobahasa 2,813411 0,000416
ibn 2,813411 0,000416
ichthyology 2,659260 0,000394
idea 0,820981 0,000243
idealized 3,912023 0,001158
identically 3,506558 0,000519
identification 1,139434 0,000169
idhliggalego 2,525729 0,000374
iid 3,506558 0,001038
iliffe 3,912023 0,000579
illowsky 3,912023 0,001158
illumination 3,506558 0,001557
illusion 2,407946 0,000356
illustrated 2,407946 0,000356
illustration 2,207275 0,000327
image 0,544727 0,000081
immediately 1,309333 0,000194
impact 0,597837 0,000088
implemented 0,544727 0,000081
implications 1,347074 0,000199
imply 2,040221 0,000906
importance 1,171183 0,000520
important 0,287682 0,000213
impractical 2,813411 0,000416
imprecise 2,995732 0,000443
improve 0,274437 0,000041
improved 0,776529 0,000115
improvement 1,203973 0,000178
ina 0,356675 0,000053
inadvertent 3,506558 0,000519
inasloven 0,616186 0,000091
inc -0,009950 -0,000006
include 0,061875 0,000110
included 0,400478 0,000059
includes 0,274437 0,000041
including 0,040822 0,000030
income 1,609438 0,000238
incorrect 2,207275 0,000653
increase 0,544727 0,000161
increased 0,820981 0,000365
increases 1,171183 0,000173
increasingly 0,776529 0,000115
indeed 1,714798 0,000254
independent 0,713350 0,000422
index -0,009950 -0,000007
indexed 1,966113 0,000291
indexes 2,040221 0,000302
indicate 1,272966 0,000188
indictment 3,912023 0,000579
individual 0,415515 0,000062
indonesiainterlingua 1,660731 0,000246
induce 3,506558 0,000519
induces 3,218876 0,000476
inductive 2,302585 0,000341
inductively 3,218876 0,000476
industrial 0,843970 0,000250
industries 1,560648 0,000231
industry 0,527633 0,000078
infer 1,832581 0,000271
inference 1,560648 0,002772
inferencepoint 3,218876 0,000476
inferences 2,302585 0,001363
inferencestatistical 3,218876 0,000476
inferential 3,506558 0,007266
inferred 2,525729 0,000374
inferring 3,218876 0,000476
infers 3,506558 0,000519
influence 1,078810 0,000319
informal 1,469676 0,000435
information 0,072571 0,000172
informationcite -0,009950 -0,000001
inheritance 1,966113 0,000291
initiated 1,897120 0,000281
injective 2,407946 0,000356
innocence 3,912023 0,000579
innocent 3,218876 0,000476
inquiry 2,659260 0,000394
insights 1,427116 0,000211
instance 0,510826 0,000076
instead 0,301105 0,000045
institute 0,579818 0,000515
institution 1,660731 0,000246
instrumental 2,525729 0,000374
insufficient 1,966113 0,000291
insurance 1,427116 0,000211
integers 1,609438 0,000238
integral 1,714798 0,000254
intelligence 0,693147 0,000205
intended 0,494296 0,000073
intensive 1,897120 0,000281
intentional 2,525729 0,000374
intentionally 2,302585 0,000341
interaction 0,967584 0,000143
interactive 0,891598 0,000132
interest 0,693147 0,000308
interested 1,832581 0,000271
international 0,139262 0,000227
internationalgndnationalunited 1,108663 0,000164
interpret 1,832581 0,000543
interpretation 1,660731 0,001721
interpretations 2,659260 0,000394
interpreted 1,514128 0,000224
interpreting 2,207275 0,000327
interprets 2,995732 0,000443
interquartile 3,218876 0,000476
interval 1,514128 0,005827
intervals 2,207275 0,002940
introduced 0,371064 0,000165
introducing 1,021651 0,000151
introduction 0,261365 0,000116
introductory 2,302585 0,001363
intuitive 2,525729 0,000374
inuktitutisizulu 3,506558 0,000519
invariant 2,659260 0,000394
invention 1,660731 0,000246
inventionsdataformal 3,912023 0,000579
investigate 2,302585 0,000341
investigated 2,120264 0,000314
investigating 2,525729 0,000374
investigations 2,659260 0,000394
invited 2,995732 0,000443
involve 1,309333 0,000775
involves 0,776529 0,000460
involving 1,309333 0,000194
ioannidis 3,506558 0,001038
iris 2,302585 0,000341
irving 3,506558 0,000519
isabel 3,218876 0,000476
isbn 0,051293 0,000258
islamic 2,659260 0,000394
isotonic 3,218876 0,000476
isplattd 2,120264 0,000314
issn 0,478036 0,000142
issue 0,820981 0,000122
issues 0,527633 0,000156
italian 2,040221 0,000302
item -0,009950 -0,000001
itself 0,342490 0,000101
jackknife 3,218876 0,000953
jacob 2,120264 0,000628
james 0,634878 0,000188
jan 1,386294 0,000205
january 0,083382 0,000012
jarque 3,218876 0,000476
jawakab 3,506558 0,000519
jenkins 2,813411 0,000416
jera 3,912023 0,000579
jerome 2,659260 0,000394
jerzy 3,506558 0,001038
johansen 3,218876 0,000476
john 0,210721 0,000094
johns 2,302585 0,000341
jonckheere 3,218876 0,000476
jones 1,386294 0,000205
journal 0,198451 0,000382
journals 1,609438 0,000715
jrssd 3,912023 0,000579
jstor 0,843970 0,000874
juan 2,207275 0,000327
juli 3,506558 0,000519
julian 2,813411 0,000416
july 0,127833 0,000057
jump -0,009950 -0,000001
june 0,094311 0,000028
jurimetrics 3,218876 0,000953
jury 2,995732 0,000443
justification 2,525729 0,000374
juta 3,912023 0,000579
kaplan 2,407946 0,000356
kappa 3,218876 0,000476
karl 1,966113 0,000873
kel 2,813411 0,000416
kendall 2,813411 0,000416
kenneth 1,966113 0,000291
kernowekkiswahilikrey 3,506558 0,000519
key 0,356675 0,000053
khalil 3,218876 0,000476
kindi 2,995732 0,000443
kinds 1,171183 0,000867
knot 2,525729 0,000374
know 0,776529 0,000345
knowledge 0,616186 0,000274
known 0,127833 0,000038
kolmogorov 2,659260 0,000394
kriging 3,218876 0,000476
kruskal 2,813411 0,000833
kurtosis 2,995732 0,000443
label 1,714798 0,000254
lack 0,843970 0,000125
lacking 1,514128 0,000224
ladino 3,912023 0,000579
lady 3,506558 0,000519
laerd 3,912023 0,000579
lagrange 2,813411 0,000416
lake 2,813411 0,000416
landmark 2,659260 0,000394
language 0,186330 0,000083
languages -0,009950 -0,000003
large 0,127833 0,000114
larger 0,941609 0,000418
largest 1,108663 0,000164
lash 3,912023 0,000579
last -0,009950 -0,000001
late 0,755023 0,000224
later 0,223144 0,000066
latin 1,660731 0,000737
latinalatvie 1,203973 0,000178
latter 0,916291 0,000407
law 0,755023 0,000224
laws 1,108663 0,000164
lazo 3,912023 0,001158
lead 0,673345 0,000199
leading 0,798508 0,000236
leads 1,237874 0,000183
leaf 2,659260 0,000394
learn 0,494296 0,000219
learned 1,386294 0,000205
learning 0,494296 0,000219
least 0,527633 0,001328
leaves 2,120264 0,000314
led 0,446287 0,000132
lee 0,994252 0,000147
left 0,916291 0,000136
legal -0,009950 -0,000001
legendre 2,995732 0,000443
lehmann 3,218876 0,000953
lehmer 3,218876 0,000476
leiden 3,912023 0,000579
lending 2,207275 0,000327
length 1,237874 0,000183
lessen 3,506558 0,000519
letter 1,237874 0,000183
level 0,116534 0,000103
levels 0,755023 0,000447
lez 2,995732 0,000443
library 0,478036 0,000283
license -0,009950 -0,000001
lie 2,120264 0,000942
lies 1,897120 0,001404
light 1,078810 0,000160
lighting 2,659260 0,000394
ligurelimburgslingua 3,912023 0,000579
like 0,072571 0,000032
likelihood 1,897120 0,002527
lilliefors 3,218876 0,000476
lim 2,659260 0,000394
limit 0,994252 0,000441
limits 1,272966 0,000188
lincoln 2,995732 0,000443
line 0,356675 0,000264
linear 0,916291 0,002713
lines 1,078810 0,000160
linguistics 2,040221 0,000302
linkpage -0,009950 -0,000001
links -0,009950 -0,000007
linksarticles 1,021651 0,000151
lippincott 3,912023 0,000579
list 0,083382 0,000123
lists 0,597837 0,000265
literacy 2,813411 0,000416
little 0,820981 0,000122
lives 1,832581 0,000543
living 1,897120 0,000281
ljung 3,218876 0,000476
lnorsk 0,653926 0,000097
loaiza 3,912023 0,000579
location 0,994252 0,000441
log -0,009950 -0,000006
logic 0,755023 0,000224
logical 1,514128 0,000448
logically 2,995732 0,000443
logistic 2,659260 0,000394
london 0,941609 0,000557
longitude 3,912023 0,000579
look 0,967584 0,000286
looks 1,832581 0,000271
loosely 1,897120 0,000281
loss 0,967584 0,000143
lovric 3,912023 0,001737
lower 0,776529 0,000345
lowest 1,897120 0,000281
ltd 1,203973 0,000178
lund 3,218876 0,000476
lung 3,218876 0,001429
lurking 3,912023 0,000579
lutz 3,218876 0,000476
lux 0,371064 0,000055
lydia 3,912023 0,000579
lyle 3,218876 0,000476
machine 0,083382 0,000086
macmillan 1,660731 0,000246
made 0,186330 0,000221
magazine 0,776529 0,000115
magyar 1,049822 0,000155
main -0,009950 -0,000028
mainly 1,021651 0,000302
maintained 1,078810 0,000160
major 0,314711 0,000186
majors 3,218876 0,000476
make 0,235722 0,000244
making 0,328504 0,000194
malagasy 2,040221 0,000302
malte 3,218876 0,000476
man 1,139434 0,000337
management 0,139262 0,000124
manager 0,994252 0,000147
manipulating 2,302585 0,000682
manipulation 0,994252 0,000736
mann 2,302585 0,001363
manova 3,218876 0,000476
mantel 2,995732 0,000443
manually 1,714798 0,000254
manufacturing 1,469676 0,000218
manuscript 2,659260 0,000394
many 0,061875 0,000064
mapping 1,237874 0,000183
mar 2,813411 0,000416
march 0,116534 0,000069
marie 2,813411 0,000416
marketing 0,916291 0,000271
markov 1,771957 0,000262
marriage 3,218876 0,000476
mars 2,525729 0,000374
mary 1,514128 0,000224
mass 1,427116 0,000211
masters 2,120264 0,000314
matches 1,021651 0,000151
mate 3,218876 0,000476
material 0,867501 0,000128
mathcal 3,506558 0,000519
mathematica 2,407946 0,000356
mathematical 0,733969 0,003802
mathematicians 2,120264 0,001255
mathematics 0,916291 0,003526
matters 1,771957 0,000262
maximum 1,386294 0,000616
mccarney 3,912023 0,000579
mcnemar 3,218876 0,000476
mdp 2,995732 0,000443
mean 0,755023 0,001788
meaning 0,544727 0,000242
meaningful 1,966113 0,001455
means 0,198451 0,000059
meant 1,514128 0,000224
meanwhile 2,207275 0,000327
measure 0,994252 0,000441
measured 1,021651 0,000302
measurement 1,514128 0,002241
measurements 2,120264 0,004708
measures 0,941609 0,000139
mechanical 1,771957 0,000262
mechanics 1,560648 0,000231
med 2,659260 0,000394
median 2,407946 0,001069
medical 1,139434 0,000675
medicine 1,427116 0,000634
medieval 2,302585 0,000341
meier 2,813411 0,000416
melayumirand 2,995732 0,000443
member 1,237874 0,000183
members 0,755023 0,000112
membership 1,832581 0,000271
mendelian 3,912023 0,000579
menu -0,009950 -0,000003
merely 2,207275 0,000653
message 0,478036 0,000071
messages 1,078810 0,000479
meteorology 2,120264 0,000314
method 0,210721 0,000530
methodol 3,912023 0,000579
methodology 1,108663 0,000656
methods 0,274437 0,001219
methodshidden 3,912023 0,000579
mid 0,994252 0,000147
mindless 3,912023 0,000579
minimize 1,514128 0,000224
minimum 1,469676 0,000435
mining 1,021651 0,000454
minor 1,469676 0,000218
miodrag 3,912023 0,001737
mis 2,659260 0,000394
misinterpretation 3,912023 0,001158
missed 2,659260 0,000394
missing 0,891598 0,000792
missouri 3,506558 0,000519
mistrust 3,912023 0,000579
misunderstanding 3,912023 0,000579
misuse 2,207275 0,003267
misused 2,995732 0,000443
mixed 1,309333 0,000194
mobile -0,009950 -0,000001
mode 0,891598 0,000132
model 0,162519 0,000433
modeling 0,867501 0,000257
modelling 1,832581 0,000814
models 0,527633 0,001250
modern 0,314711 0,000373
modes 1,714798 0,000254
modified 1,203973 0,000713
molecular 2,120264 0,000314
moment 1,609438 0,001191
moments 2,813411 0,002082
monge 3,912023 0,000579
monotone 2,813411 0,000416
monte 2,407946 0,000356
monthly 1,609438 0,000238
moore 1,771957 0,000262
mortality 3,218876 0,000476
moses 3,506558 0,000519
mosteller 3,912023 0,001158
move -0,009950 -0,000006
moves 1,427116 0,000211
moyen 3,912023 0,000579
mswd 3,912023 0,000579
multilevel 2,659260 0,000394
multilinear 2,120264 0,000314
multimedia 1,386294 0,000205
multiple 0,116534 0,000052
multiplier 2,302585 0,000341
multivariate 2,207275 0,002287
mycology 2,659260 0,000394
name 0,342490 0,000152
naming 1,386294 0,000205
nanotechnology 2,407946 0,000356
natalia 2,995732 0,000443
national 0,562119 0,000582
natur 1,966113 0,000291
natural 0,733969 0,000869
naturalist 3,912023 0,000579
nature 0,597837 0,000177
navigation -0,009950 -0,000001
nearly 1,139434 0,000169
necessarily 1,049822 0,000466
necessary 0,616186 0,000182
nederlands 0,415515 0,000062
need 0,248461 0,000074
needed 0,210721 0,000062
needing 0,597837 0,000265
needs 0,415515 0,000123
negative 1,078810 0,000319
nelder 3,506558 0,001557
nelson 2,040221 0,000302
netoveps 2,813411 0,000416
network 0,210721 0,000031
networks 0,446287 0,000066
neural 1,609438 0,000238
never 1,021651 0,000302
new 0,010050 0,000015
neyman 3,912023 0,001737
nica 3,506558 0,000519
nicholas 1,560648 0,000462
nikoletseas 3,912023 0,000579
nixon 2,813411 0,000833
noise 1,427116 0,000845
nominal 2,813411 0,001249
non -0,009950 -0,000009
nonlinear 1,966113 0,000873
nonparametric 3,218876 0,000953
nordfriisknorsk 1,714798 0,000254
normal 1,139434 0,001181
normality 2,995732 0,000443
norton 2,302585 0,000682
notation 1,203973 0,000356
note 0,776529 0,000115
noteworthy 3,218876 0,000476
noticeably 3,506558 0,000519
noticed 2,659260 0,000394
notion 1,237874 0,000183
noun 2,813411 0,000833
novalombardmadhur 2,813411 0,000416
november 0,150823 0,000022
novice 2,525729 0,000374
null 1,347074 0,006380
number 0,051293 0,000046
numbers 0,544727 0,000081
numerical 1,021651 0,000756
numerically 2,813411 0,000416
numerous 1,203973 0,000178
nynorskoccitan 1,897120 0,000281
objects 0,544727 0,000081
observation 2,040221 0,000906
observational 2,659260 0,004723
observations 2,120264 0,001255
observed 1,469676 0,002393
observing 2,207275 0,000327
obtain 1,347074 0,000399
obtained 1,171183 0,000347
obtaining 2,120264 0,000628
occur 0,916291 0,000271
occurred 1,469676 0,000435
october 0,139262 0,000041
odds 2,995732 0,000443
oed 3,506558 0,000519
offer 0,820981 0,000122
offered 1,139434 0,000169
offers 0,755023 0,000112
offices 2,813411 0,000416
official 0,733969 0,000217
often 0,127833 0,000227
old 0,994252 0,000147
oldid -0,009950 -0,000001
olesperantoestreme 2,525729 0,000374
one 0,010050 0,000024
online 0,415515 0,000123
onmathematics 2,995732 0,000443
open 0,235722 0,000105
openintro 3,912023 0,000579
openstax 2,995732 0,000443
operations 0,301105 0,000134
opinion 1,560648 0,000462
opportunity 1,832581 0,000271
opposite 1,897120 0,000281
opposition 2,995732 0,000443
optimal 1,386294 0,000410
optimization 0,693147 0,000103
order 0,094311 0,000098
ordered 1,386294 0,000205
ordinal 2,813411 0,001249
ordinary 1,272966 0,000377
org -0,009950 -0,000004
organised 3,506558 0,000519
organization -0,009950 -0,000003
organizations 0,798508 0,000118
organized 1,469676 0,000218
orig 3,912023 0,000579
original 0,030459 0,000059
originated 1,771957 0,000262
ornithology 2,659260 0,000394
oromooo 2,659260 0,000394
oscar 3,218876 0,000476
ostasiewicz 3,912023 0,000579
others 0,314711 0,000140
oup 2,813411 0,000416
out 0,261365 0,000039
outcome 2,120264 0,000628
outline 0,653926 0,000484
outlines 2,407946 0,000356
outset 3,218876 0,000476
over 0,094311 0,000014
overall 0,967584 0,000286
overgeneralized 3,912023 0,000579
overlooking 3,912023 0,000579
overview 0,616186 0,000091
owl 2,525729 0,000748
oxford 0,843970 0,001249
pacf 3,218876 0,000476
package 1,078810 0,000160
page -0,009950 -0,000001
pagecontentscurrent -0,009950 -0,000001
pageget -0,009950 -0,000001
pages -0,009950 -0,000001
paired 3,218876 0,000476
palgrave 1,897120 0,000281
paper 0,713350 0,000106
paradigm 1,021651 0,000302
parameter 1,108663 0,001641
parameterarticles 3,218876 0,000476
parameters 1,021651 0,000756
parametric 1,832581 0,000543
part 0,127833 0,000076
partial 1,237874 0,000550
participate 2,040221 0,000302
participating 2,040221 0,000302
particular 0,301105 0,000178
particularly 0,597837 0,000354
partition 1,660731 0,000246
pascal 1,386294 0,000205
patient 2,302585 0,000341
patois 3,218876 0,000476
pattern 0,891598 0,000132
patterns 0,776529 0,000115
pdf 0,139262 0,000165
pdfprintable -0,009950 -0,000001
pearsall 3,912023 0,000579
pearson 1,347074 0,002791
pekoz 3,912023 0,001158
people 0,356675 0,000422
per 0,616186 0,000091
percentile 3,218876 0,000476
perception 1,966113 0,000291
perform 0,562119 0,000083
performance 0,261365 0,000039
performing 1,272966 0,000188
performs 1,609438 0,000238
perhaps 1,660731 0,000246
permit 1,771957 0,001049
permutation 2,813411 0,000833
permutations 2,813411 0,000416
personal -0,009950 -0,000001
perspective 0,820981 0,000122
perspectives 1,832581 0,000271
pertain 3,506558 0,000519
petty 3,506558 0,000519
phenomena 1,966113 0,000873
phenomenon 2,040221 0,000302
philosophical 2,207275 0,000327
philosophy 0,994252 0,001177
php -0,009950 -0,000001
physical 0,616186 0,000091
physics 0,994252 0,000441
piazza 3,912023 0,000579
picture 2,302585 0,000341
pie 2,813411 0,000416
piemont 1,427116 0,000211
pierre 1,966113 0,000291
pivot 2,995732 0,000887
pivotal 2,813411 0,001249
pivots 3,506558 0,000519
plan 0,916291 0,000136
planet 2,120264 0,000314
planning 0,941609 0,000279
plant 1,897120 0,000842
please 0,776529 0,000115
plos 2,813411 0,000833
plot 2,525729 0,002243
plots 3,218876 0,000476
plug 2,302585 0,000341
pmc 1,272966 0,000565
pmed 3,506558 0,001038
pmid 0,994252 0,000736
point 0,301105 0,000178
points 0,867501 0,000128
poisson 2,302585 0,000341
policy -0,009950 -0,000006
political 1,272966 0,000754
politics 1,771957 0,000262
poll 2,525729 0,000374
polynomial 1,832581 0,000271
polytomous 3,912023 0,000579
poor 1,714798 0,000254
popular 0,579818 0,000172
popularity 1,171183 0,000173
population 1,560648 0,006930
populations 2,302585 0,001022
portal 0,597837 0,000354
portalrecent -0,009950 -0,000001
portalvte 2,040221 0,000302
positive 1,272966 0,000565
possible 0,287682 0,000213
possibly 1,386294 0,000410
posterior 2,659260 0,001574
posthumous 3,506558 0,000519
potential 0,653926 0,000097
power 0,400478 0,000533
powerful 1,108663 0,000328
practical 0,634878 0,000094
practice 0,371064 0,000220
precise 2,407946 0,000356
predicament 3,912023 0,000579
prediction 1,832581 0,001085
predictions 2,207275 0,000327
predictors 2,813411 0,001249
preface 2,525729 0,000748
preference 2,659260 0,000394
preliminary 2,302585 0,000341
prem 3,218876 0,000476
presence 1,139434 0,000337
presentation 1,660731 0,000246
presented 1,139434 0,000169
presenter 3,912023 0,000579
presenting 2,525729 0,000374
preserving 2,525729 0,000374
press 0,210721 0,000405
presumably 3,218876 0,000476
previously 0,843970 0,000125
primarily 0,653926 0,000097
primary 0,527633 0,000078
princeton 1,660731 0,000246
principal 1,272966 0,000377
principle 1,078810 0,000479
principles 0,597837 0,000177
print -0,009950 -0,000001
prior 0,891598 0,000396
privacy -0,009950 -0,000003
probabilistic 1,897120 0,000842
probabilit 3,506558 0,000519
probabilities 2,407946 0,000356
probability 1,078810 0,008623
probable 2,659260 0,000787
probably 1,897120 0,000281
problem 0,385662 0,000343
problems 0,430783 0,000255
procedure 1,386294 0,000616
procedures 1,660731 0,001229
process 0,116534 0,000086
processes 0,634878 0,000376
processing 0,356675 0,000053
produce 0,916291 0,000407
produced 0,820981 0,000122
product 0,579818 0,000515
production 0,798508 0,000236
productive 2,302585 0,000341
productivity 1,660731 0,001229
professional 0,843970 0,000125
professionals 1,427116 0,000211
profit -0,009950 -0,000001
programs 0,494296 0,000219
project 0,314711 0,000093
projects -0,009950 -0,000003
prominently 2,659260 0,000394
prone 2,120264 0,000314
proper 1,171183 0,000347
properly 1,309333 0,000388
properties 0,693147 0,000718
property 0,776529 0,000230
proportional 2,302585 0,000341
proposed 0,713350 0,000422
prosecutor 3,912023 0,000579
protocol 0,713350 0,000317
prove 1,832581 0,000543
proved 1,832581 0,000543
proven 1,771957 0,000262
provides 0,261365 0,000077
providing 0,673345 0,000100
przegl 3,912023 0,000579
psychiatry 2,525729 0,000374
psycho 3,912023 0,000579
psychological 2,813411 0,000416
psychologist 3,506558 0,000519
psychology 1,514128 0,000448
psychometrics 2,995732 0,000443
psychophysicist 3,912023 0,000579
publication 1,203973 0,000178
publications 0,941609 0,000279
published 0,328504 0,000097
purdue 2,813411 0,001249
purpose 0,356675 0,000053
purposes 0,798508 0,000118
purposive 3,912023 0,001158
qualitative 2,813411 0,000416
quality 0,673345 0,000100
quantification 2,525729 0,000374
quantify 2,995732 0,000443
quantitative 1,514128 0,000896
quantitatively 3,506558 0,000519
quantities 1,771957 0,000525
quantity 1,469676 0,000218
quantum 1,171183 0,000173
quarterly 1,832581 0,000271
quasi 1,966113 0,000291
quentin 3,506558 0,000519
question 0,941609 0,000418
questionnaire 2,995732 0,000443
questions 1,171183 0,000520
quetelet 3,506558 0,001557
quo 3,218876 0,000476
quota 3,506558 0,000519
quotation 2,207275 0,000327
quote 2,659260 0,000394
radar 1,897120 0,000281
ral 3,506558 0,000519
ramos 3,912023 0,001158
random 0,843970 0,002374
randomised 3,912023 0,000579
randomization 2,659260 0,000394
randomized 1,832581 0,001085
range 0,446287 0,000462
ranging 1,897120 0,000281
rank 1,832581 0,002170
ranks 2,813411 0,000416
rao 2,407946 0,000356
rapid 1,237874 0,000183
rarely 1,514128 0,000224
rates 1,272966 0,000565
rather 0,287682 0,000085
ratio 1,469676 0,001523
ratios 2,659260 0,000787
rbaycanca 0,248461 0,000037
reach 1,347074 0,000199
reached 1,309333 0,000388
readeditview 0,287682 0,000085
reading 0,342490 0,000101
real 0,210721 0,000094
realizations 2,995732 0,000443
really 1,660731 0,000246
realm 2,207275 0,000653
reason 1,049822 0,000155
reasonable 1,609438 0,000238
reasonably 2,995732 0,001330
recent 0,693147 0,000103
recognition 1,078810 0,000160
recognized 1,469676 0,000435
recommend 2,207275 0,000327
recreational 2,302585 0,000341
red 1,237874 0,000366
reduce 0,673345 0,000100
reference 0,478036 0,000212
references 0,020203 0,000009
referenceswikipedia 2,813411 0,000416
referred 0,446287 0,000330
referring 2,120264 0,000314
refers 0,755023 0,000447
refinement 2,813411 0,000416
reflecting 2,813411 0,000416
reflects 1,832581 0,000271
reform 2,302585 0,000341
refuting 3,912023 0,000579
regarded 1,966113 0,000582
regarding 1,386294 0,000205
regards 2,659260 0,000394
region 1,832581 0,001085
registered -0,009950 -0,000001
regression 1,832581 0,005968
regressions 2,659260 0,000394
reject 2,525729 0,001122
rejected 1,966113 0,001455
rejecting 3,506558 0,001557
rejects 3,218876 0,000476
related 0,051293 0,000015
relationship 0,891598 0,001056
relationships 1,171183 0,000347
relative 1,108663 0,000164
relatives 3,218876 0,000476
relevant 0,916291 0,000136
reliability 1,021651 0,000454
reliable 0,616186 0,000091
relies 1,272966 0,000188
rely 1,139434 0,000169
remove 0,527633 0,000078
removed 0,693147 0,000103
rendu 3,912023 0,000579
rendus 3,506558 0,000519
repeated 2,120264 0,000314
replicates 3,506558 0,000519
replication 2,040221 0,000302
report 0,462035 0,000137
reporting 1,427116 0,000422
reports 1,049822 0,000311
represent 0,733969 0,000326
representative 2,120264 0,001883
represented 0,967584 0,000430
representing 1,108663 0,000164
represents 0,891598 0,000132
reproducibility 3,218876 0,000476
reproductive 2,525729 0,000374
republiclatviakoreaisraelotherhistorical 3,912023 0,000579
required 0,274437 0,000041
requires 0,430783 0,000064
res 2,813411 0,000416
resampling 3,218876 0,001429
rescaling 3,912023 0,000579
research 0,261365 0,000774
researchconnections 3,912023 0,000579
researchers 0,820981 0,000486
residual 2,207275 0,000980
residuals 2,995732 0,000443
resources 0,314711 0,000233
respectable 3,912023 0,000579
response 0,755023 0,000224
rest 1,108663 0,000164
result 0,371064 0,000384
results 0,446287 0,000462
rethinking 2,813411 0,000416
retrieved -0,009950 -0,000025
returns 1,560648 0,000231
reveals 2,040221 0,000302
review 0,385662 0,000114
reviews 1,560648 0,000231
revista 3,218876 0,000476
revolution 1,272966 0,000188
revolved 3,912023 0,000579
rice 2,120264 0,000314
right 0,478036 0,000212
rigorous 2,302585 0,000682
rinehart 3,506558 0,000519
risk 0,597837 0,000088
ritter 3,506558 0,001038
rkmen 1,966113 0,000291
robert 0,579818 0,000086
robotics 1,897120 0,000281
robust 1,272966 0,000377
robustness 1,832581 0,000271
roderick 3,506558 0,000519
rom 0,616186 0,000091
romijn 3,912023 0,000579
ronald 1,714798 0,000508
root 0,994252 0,000294
rossman 3,912023 0,000579
rothman 2,995732 0,000443
roughly 1,660731 0,000246
round 1,714798 0,000254
rowinaray 3,506558 0,000519
royal 1,714798 0,000508
roysktfran 2,040221 0,000302
rterbuch 3,912023 0,000579
rubin 2,995732 0,000443
rudas 3,912023 0,000579
run 0,446287 0,000066
runa 0,916291 0,000136
runaway 3,218876 0,000953
rundel 3,912023 0,000579
sabermetrics 3,912023 0,000579
safely 2,525729 0,000374
safety -0,009950 -0,000001
said 0,755023 0,000335
sample 1,469676 0,007614
sampled 2,995732 0,000887
samples 2,302585 0,001704
sampling 1,966113 0,005238
sander 3,218876 0,000476
santa 2,659260 0,000394
sas 1,771957 0,000262
satisfies 2,302585 0,000341
saw 1,832581 0,000271
saying 1,897120 0,000281
says 1,309333 0,000194
scale 0,494296 0,000219
scales 2,120264 0,000314
scan 2,525729 0,000374
scatter 2,995732 0,001330
scheff 3,218876 0,000476
scholar 1,309333 0,000194
science 0,287682 0,001576
sciences 0,867501 0,000642
sciencesinformationmathematical 3,912023 0,000579
scientific 0,693147 0,000821
scientist 1,609438 0,000476
scope 0,941609 0,000418
score 2,207275 0,000653
scotsseelterskshqipsicilianu 3,912023 0,000579
sealy 3,912023 0,000579
search -0,009950 -0,000009
seasonal 2,995732 0,000443
second 0,342490 0,000101
secondary 1,386294 0,000205
section 0,562119 0,000250
sectional 2,995732 0,000443
see -0,009950 -0,000012
seeing 2,525729 0,000374
seek 1,660731 0,000246
seeks 1,966113 0,000291
seem 2,407946 0,000356
seen 0,776529 0,000115
selection 1,021651 0,001663
seminal 2,407946 0,000356
semiparametric 3,218876 0,000476
sense 1,078810 0,001277
sensible 2,813411 0,000416
series 0,328504 0,000340
seriesgeneral 3,218876 0,000476
serious 1,832581 0,000543
seriously 2,813411 0,000416
serves 1,609438 0,000238
services 0,400478 0,000178
set 0,083382 0,000123
sets 0,776529 0,000690
several 0,094311 0,000014
sex 2,659260 0,000394
sexual 2,995732 0,002217
shannon 1,771957 0,000262
shape 1,514128 0,000672
shapiro 2,407946 0,000356
sharealike -0,009950 -0,000001
sharpe 2,995732 0,000443
shed 3,218876 0,000476
sheynin 3,912023 0,000579
short -0,009950 -0,000001
shortened -0,009950 -0,000001
shorter 1,714798 0,000254
show 0,867501 0,000128
showed 1,514128 0,000224
shown 1,237874 0,000183
sidebar -0,009950 -0,000007
sided 2,813411 0,001249
sigma 2,302585 0,000341
sign 1,469676 0,000218
signed 1,309333 0,000194
significance 1,771957 0,003672
significant 0,328504 0,000243
simi 0,755023 0,000112
simmons 3,912023 0,000579
simple 0,150823 0,000089
simply 0,733969 0,000217
simultaneous 1,609438 0,000238
since 0,139262 0,000041
sinclair 3,218876 0,000476
single 0,127833 0,000019
singular 2,813411 0,000416
singularly 3,912023 0,000579
sir 2,525729 0,000374
sister 1,386294 0,000410
site -0,009950 -0,000001
situation 1,272966 0,000377
situations 1,237874 0,000183
size 0,462035 0,000547
skepticism 2,995732 0,001330
skewness 2,995732 0,000443
ski 3,218876 0,000476
skills 1,660731 0,000246
slenskaitaliano 0,562119 0,000083
sloven 1,514128 0,000224
small 0,314711 0,000093
smaller 0,994252 0,000147
smirnov 3,218876 0,000476
smith 1,203973 0,000178
smokers 3,912023 0,001158
smoking 3,506558 0,000519
smoothing 2,525729 0,000374
socec 3,912023 0,000579
social 0,527633 0,000859
societies 2,040221 0,000302
society 0,673345 0,000498
socio 2,813411 0,000416
sociology 1,832581 0,000814
software 0,127833 0,000095
solely 2,207275 0,000327
someone 1,832581 0,000271
something 1,347074 0,000199
sometimes 0,301105 0,000178
source 0,186330 0,000028
sources 0,446287 0,000198
south 1,108663 0,000164
sovereign 2,525729 0,000374
space 0,478036 0,000071
spatial 1,660731 0,000492
spc 3,506558 0,000519
speak 2,525729 0,000374
spearman 2,995732 0,001330
special 0,494296 0,000146
specialised 2,813411 0,000416
specialized 0,843970 0,000375
specific 0,094311 0,000098
specifically 0,843970 0,000250
specification 0,941609 0,000139
specifies 1,714798 0,000254
specifying 1,897120 0,000281
spectral 1,966113 0,000582
spektrum 3,506558 0,000519
splines 3,218876 0,000476
sports 2,207275 0,000327
sprache 3,912023 0,000579
springer 0,527633 0,000234
sps 3,912023 0,000579
spss 2,659260 0,000394
square 1,609438 0,000953
squared 2,525729 0,002243
squares 1,966113 0,004365
squez 3,912023 0,000579
srpskisrpskohrvatski 0,510826 0,000076
stage 1,386294 0,000205
stages 2,207275 0,000327
stand 1,714798 0,000254
standard 0,198451 0,000352
stands 2,525729 0,000374
stanford 1,309333 0,000388
stanley 2,407946 0,000713
started 0,634878 0,000094
starting 0,755023 0,000112
starts 1,609438 0,000238
stat 2,659260 0,000394
state 0,235722 0,000174
statement -0,009950 -0,000001
statements 0,314711 0,000140
states 0,385662 0,000114
statesfrancebnf 0,510826 0,000076
stationarity 3,218876 0,000476
statistic 2,813411 0,007079
statistica 2,659260 0,000394
statistical 0,776529 0,013793
statistically 2,407946 0,001069
statistician 2,659260 0,001574
statisticians 2,995732 0,003991
statistics -0,009950 -0,000311
statisticsarab 3,912023 0,000579
statisticscontinuous 3,218876 0,000476
statistik 3,912023 0,002895
statistique 3,912023 0,000579
statists 3,912023 0,000579
status 0,693147 0,000205
statystyczny 3,912023 0,000579
stem 2,659260 0,000394
stephen 0,867501 0,000128
steps 1,309333 0,000194
stevens 2,813411 0,000416
stigler 3,912023 0,000579
still 0,342490 0,000101
stochastic 1,347074 0,000598
stockburger 3,912023 0,000579
stratified 3,218876 0,001429
strengthening 3,218876 0,000476
structural 1,386294 0,000821
structured 0,653926 0,000194
structures 0,673345 0,000100
student 1,609438 0,000953
students 1,469676 0,000218
studied 1,560648 0,000231
studies 0,673345 0,001395
study 0,510826 0,002495
subclass 2,995732 0,000887
subject 0,527633 0,000547
subjects 2,813411 0,000833
submitted 1,714798 0,000254
subscription 2,120264 0,000314
subsection 0,020203 0,000012
substantial 1,427116 0,000211
subtle 3,506558 0,001038
sufficiency 2,995732 0,000887
sufficient 1,309333 0,000194
suggest 1,771957 0,000525
suicide 3,506558 0,000519
suitable 1,347074 0,000199
sum 1,347074 0,000598
summaries 3,218876 0,000476
summarised 3,912023 0,000579
summarize 2,995732 0,001330
summarizes 3,506558 0,000519
summarizing 3,218876 0,000476
summary 1,469676 0,000870
sundasuomisvenskatagalog 1,897120 0,000281
support 0,198451 0,000029
supported 0,634878 0,000094
supposed 2,525729 0,000374
supposition 3,912023 0,000579
surrounding 1,832581 0,000271
survey 0,579818 0,000429
surveys 1,714798 0,000254
survival 2,120264 0,000628
survivalsurvival 3,218876 0,000476
susan 2,120264 0,000314
suspicion 3,218876 0,000476
sustained 2,813411 0,000416
sweeney 3,912023 0,000579
switzerlandnara 3,912023 0,000579
sylla 3,506558 0,000519
symmetrical 3,506558 0,000519
symmetry 3,218876 0,000476
synonymous 2,995732 0,000443
synthetic 1,771957 0,000262
system 0,030459 0,000045
systematic 1,427116 0,000422
systems 0,061875 0,000037
table -0,009950 -0,000006
tables 1,660731 0,000246
tails 2,659260 0,000787
taken 0,867501 0,000128
taking 0,967584 0,000573
tamas 3,506558 0,000519
tanton 3,912023 0,000579
taqbaylit 1,897120 0,000281
target 0,673345 0,000100
tas 3,506558 0,000519
task 0,776529 0,000115
tasting 3,912023 0,000579
tatar 1,272966 0,000188
taxonomy 2,525729 0,000374
taylor 1,203973 0,000713
tea 2,659260 0,000394
teaching 1,897120 0,000281
techniques 0,544727 0,000645
technology 0,186330 0,000028
tell 1,966113 0,000291
temperature 2,659260 0,000394
template 0,328504 0,000097
tend 1,386294 0,000616
tendency 2,207275 0,000327
tennis 3,506558 0,000519
term 0,223144 0,000297
terminology 1,309333 0,000775
terms -0,009950 -0,000007
terpstra 3,218876 0,000476
test 0,673345 0,003389
testing 0,616186 0,000547
tests 1,309333 0,001938
tetun 2,813411 0,000416
text -0,009950 -0,000001
textbook 2,302585 0,000341
textbooks 2,207275 0,000653
textpages 3,912023 0,000579
texts 1,832581 0,000271
themselves 0,843970 0,000125
theorem 1,171183 0,000520
theoretic 2,525729 0,000374
theoretical 0,967584 0,000430
theory 0,400478 0,002193
therefore 0,478036 0,000283
things 0,843970 0,000375
think 1,309333 0,000194
thinking 1,832581 0,000271
third 0,356675 0,000106
thirty 3,506558 0,000519
though 0,544727 0,000161
thought 1,139434 0,000169
threat 1,514128 0,000224
three 0,287682 0,000085
threshold 2,302585 0,000341
thus 0,328504 0,000049
tibco 3,218876 0,000476
time 0,010050 0,000012
timeline 0,776529 0,000115
timothy 1,714798 0,000254
tinachavacano 2,995732 0,000443
title -0,009950 -0,000001
today 0,693147 0,000308
together 0,579818 0,000429
toggle -0,009950 -0,000009
tolerance 1,514128 0,000224
took 1,237874 0,000183
tool 0,653926 0,000194
tools -0,009950 -0,000007
top -0,009950 -0,000001
topic -0,009950 -0,000001
topics 0,653926 0,000387
topology 1,897120 0,000281
toponyms 2,659260 0,000787
total 0,673345 0,000199
trademark -0,009950 -0,000001
transformation 1,272966 0,001131
transformations 1,966113 0,000291
transformed 2,120264 0,000314
translated 1,609438 0,000238
transposed 3,912023 0,000579
travaux 3,912023 0,000579
treatment 1,897120 0,001404
treatments 2,302585 0,000341
trees 1,469676 0,000218
trend 1,237874 0,000550
trends 1,021651 0,000151
trial 1,660731 0,000983
trials 2,659260 0,000394
tropical 2,995732 0,001330
true 0,776529 0,002184
truly 1,897120 0,000281
truth 1,771957 0,000262
truths 3,506558 0,000519
trying 1,609438 0,000238
tschpolskiportugu 1,832581 0,000271
tufts 3,506558 0,000519
tukey 3,912023 0,001737
turn 1,108663 0,000164
turned 1,832581 0,000271
twenty 1,897120 0,000281
two 0,083382 0,000234
tylor 3,912023 0,000579
type 0,150823 0,000402
types 0,198451 0,000382
typical 1,139434 0,000675
typically 0,223144 0,000066
tzebuergeschlietuvi 1,514128 0,000224
ucla 2,525729 0,000374
ueuskara 2,525729 0,000374
ultimately 1,427116 0,000211
umvue 3,912023 0,000579
unbiased 2,525729 0,002991
uncertainty 1,237874 0,001099
uncertanties 3,912023 0,000579
unconsciously 3,912023 0,000579
unconsidered 3,912023 0,000579
under -0,009950 -0,000016
undergraduate 2,302585 0,000341
underlying 0,755023 0,000224
understand 1,139434 0,000337
understanding 0,562119 0,000166
understood 1,469676 0,000218
uniform 1,347074 0,000199
uniformly 2,525729 0,000374
unify 3,218876 0,000476
units 1,309333 0,000388
universal 0,994252 0,000147
universities 1,469676 0,000218
university 0,186330 0,000579
unknown 1,171183 0,001213
unless 1,237874 0,000183
unlikely 2,040221 0,000302
unsourced 0,446287 0,000066
update 0,527633 0,000078
upon 0,673345 0,000100
upper 1,660731 0,000246
upton 3,506558 0,000519
urldownload -0,009950 -0,000001
use -0,009950 -0,000037
used -0,009950 -0,000031
uses 0,094311 0,000042
using -0,009950 -0,000025
usually 0,223144 0,000099
utc -0,009950 -0,000001
valid 1,272966 0,000188
validation 1,237874 0,000366
value 0,301105 0,001515
values 0,597837 0,001150
van 0,891598 0,000528
var 1,966113 0,000291
variability 2,525729 0,001122
variable 0,843970 0,001499
variables 0,891598 0,002771
variance 1,714798 0,003046
variances 3,506558 0,000519
variation 1,714798 0,001015
variety 0,653926 0,000194
various 0,223144 0,000132
vary 1,049822 0,000155
vector 1,309333 0,000581
vel 3,912023 0,000579
verification 0,733969 0,000109
verify 1,660731 0,000246
version -0,009950 -0,000003
via 0,186330 0,000028
video 0,616186 0,000182
view -0,009950 -0,000004
views 1,609438 0,000238
violating 2,407946 0,000356
violin 3,218876 0,000476
virology 2,407946 0,000356
vision 0,891598 0,000132
visual 0,843970 0,000125
vol 0,616186 0,000182
vowels 3,218876 0,000476
vte 0,967584 0,000143
vteglossaries 2,659260 0,000394
vtemajor 2,302585 0,000341
vtestatistics 3,218876 0,000476
waerden 3,218876 0,000476
wald 3,218876 0,000476
walenty 3,912023 0,000579
walker 2,659260 0,000394
wallis 2,995732 0,000887
walter 1,609438 0,000238
warne 3,912023 0,001158
warner 3,218876 0,000476
washington 1,049822 0,000155
watson 2,040221 0,000302
wave 1,897120 0,000842
wavelet 2,813411 0,000416
way 0,198451 0,000117
wayback 0,478036 0,000283
ways 0,446287 0,000198
web 0,342490 0,000051
webarchive 1,021651 0,000151
wegner 2,995732 0,000443
weighing 3,506558 0,000519
weight 1,386294 0,000616
weighted 1,897120 0,000281
well 0,051293 0,000053
wesley 1,078810 0,000319
west 1,560648 0,000231
western 1,108663 0,000492
what -0,009950 -0,000010
whereas 1,049822 0,000622
whether 0,400478 0,000237
which 0,000000 0,000000
while 0,051293 0,000068
whitney 2,525729 0,001122
whittle 3,218876 0,000476
who 0,301105 0,000178
whole 0,916291 0,000678
whose 0,776529 0,000115
wide 0,597837 0,000177
widely 0,342490 0,000203
wikibooksresources 1,660731 0,000246
wikidatapages 2,525729 0,000374
wikimedia -0,009950 -0,000003
wikinewsquotations 2,659260 0,000394
wikipedia -0,009950 -0,000010
wikipediacontact -0,009950 -0,000001
wikiproject 1,832581 0,000543
wikiquotetexts 2,525729 0,000374
wikisource 2,525729 0,000374
wikisourcetextbooks 2,525729 0,000374
wikiversity 1,609438 0,000238
wiktionarymedia 1,660731 0,000246
wilcoxon 3,218876 0,000476
wiley 0,562119 0,000166
wilk 3,218876 0,000476
wilkins 3,506558 0,000519
willcox 3,912023 0,000579
willem 3,912023 0,000579
william 0,713350 0,000317
williams 1,514128 0,000672
winston 2,813411 0,000416
wissenschaften 3,912023 0,000579
within 0,116534 0,000034
without 0,094311 0,000042
word 0,693147 0,000308
words 0,916291 0,000136
work 0,127833 0,000132
worker 1,714798 0,000254
workers 1,832581 0,000543
working 0,478036 0,000212
works 0,693147 0,000205
world 0,139262 0,000144
write 0,941609 0,000139
writing 0,891598 0,000396
writings 2,813411 0,000416
wrong 1,660731 0,000246
wrote 1,078810 0,000319
www 0,356675 0,000158
xcf 3,218876 0,000476
xii 2,995732 0,000443
xvii 3,506558 0,000519
yadolah 3,912023 0,000579
yale 2,407946 0,000356
yates 2,659260 0,000394
years 0,274437 0,000041
yes 2,120264 0,000314
yet 0,891598 0,000264
yield 1,660731 0,000246
yielding 2,659260 0,000394
yor 2,040221 0,000302
york 0,371064 0,000220
yourself 2,659260 0,000787
yourstatsguru 3,912023 0,000579
youtube 1,272966 0,000188
zamboanga 3,506558 0,000519
zazaki 1,966113 0,000291
zbekcha 0,462035 0,000068
zbmath 3,912023 0,001158
zero 0,733969 0,000217
