abduct 3,218876 0,000965
abil 0,562119 0,000169
abraham 2,525729 0,000757
abram 3,218876 0,000965
accord 0,287682 0,000172
accordingli 2,120264 0,000636
account -0,009950 -0,000009
across 0,415515 0,000125
acta 3,218876 0,000965
action -0,009950 -0,000009
actual 0,597837 0,000179
actuari 2,302585 0,000690
add -0,009950 -0,000003
addit -0,009950 -0,000006
adher 1,660731 0,000498
adolph 3,218876 0,000965
adrain 3,912023 0,002345
adrien 3,218876 0,001930
advanc 0,235722 0,000071
aerospac 1,771957 0,000531
affair 1,966113 0,000589
afrikaansalemannisch 2,040221 0,000612
again 1,078810 0,000323
agent 0,733969 0,000440
agre -0,009950 -0,000006
agreement 1,078810 0,000323
agricultur 1,347074 0,000404
aisgaeilgegalego 1,427116 0,000428
ala 2,995732 0,000898
alan 1,049822 0,000629
albert 2,659260 0,000797
algebra 1,347074 0,001615
align 1,272966 0,002290
allen 1,714798 0,000514
almost 0,798508 0,000718
alt 2,407946 0,000722
although 0,287682 0,000172
america 0,967584 0,000290
american 0,415515 0,000249
among 0,356675 0,000107
amp -0,009950 -0,000033
analys 1,309333 0,000392
analysi 0,186330 0,000112
analyst 1,272966 0,000382
analyt 0,798508 0,000239
analyz 0,843970 0,000759
andrei 2,525729 0,002271
ani 0,083382 0,000125
anoth 0,127833 0,000077
anteced 2,995732 0,000898
anthoni 1,714798 0,000514
anticip 1,897120 0,000569
antinomi 3,912023 0,001173
appear -0,009950 -0,000012
appli -0,009950 -0,000021
applic 0,030459 0,000073
approv 1,272966 0,000763
approxim 0,891598 0,000267
april 0,072571 0,000044
ar 1,049822 0,000315
arab 1,560648 0,000468
aragon 1,171183 0,000351
arbitrarili 2,407946 0,000722
archaeolog 2,040221 0,000612
architectur 0,400478 0,000120
archiv 0,040822 0,000049
area 0,478036 0,000430
argument 1,171183 0,000702
aris 1,469676 0,000441
arithmet 1,272966 0,000382
aros 2,407946 0,000722
arrang 1,560648 0,000468
arriv 1,469676 0,000441
art 0,673345 0,000202
artema 3,912023 0,001173
arthur 1,427116 0,000428
articl 0,000000 0,000000
articleabout -0,009950 -0,000003
articletalk -0,009950 -0,000003
artifici 0,994252 0,000596
aruaz 3,912023 0,001173
arxiv 1,078810 0,000323
asia 1,560648 0,000468
asid 2,207275 0,000662
assess 1,021651 0,001531
assign 0,798508 0,001676
assist 1,139434 0,000342
associ 0,127833 0,000038
assum 0,891598 0,000267
astronomi 2,120264 0,000636
asturianuaymar 3,912023 0,001173
atom 1,309333 0,000392
attempt 0,478036 0,000143
attribut -0,009950 -0,000006
augustu 3,506558 0,001051
aumann 3,912023 0,001173
author 0,040822 0,000037
automobil 2,407946 0,000722
avail -0,009950 -0,000003
avogadro 3,912023 0,001173
avoid 0,579818 0,000174
axiom 2,302585 0,002071
axiomat 3,218876 0,000965
ayisyenkrii 2,659260 0,000797
back 0,462035 0,000415
bag 2,525729 0,000757
balfour 3,912023 0,001173
ball 2,120264 0,009534
base 0,010050 0,000006
basic 0,198451 0,000059
bass 3,218876 0,000965
bateson 3,506558 0,003153
bay 2,120264 0,001907
bayesian 1,966113 0,001179
bbc 1,514128 0,000454
begin 0,385662 0,000347
behavior 0,342490 0,000205
behind 0,867501 0,000260
belief 1,714798 0,002056
believ 1,272966 0,000382
bernoulli 2,659260 0,003986
bertsch 3,912023 0,001173
berzeugt 3,912023 0,001173
bessel 3,912023 0,001173
bet 2,120264 0,000636
bibliographi 1,966113 0,001179
bin 2,525729 0,000757
binomi 2,302585 0,000690
biolog 1,427116 0,000428
biologi 1,347074 0,002827
blais 3,506558 0,001051
blue 1,560648 0,001871
boarischbosanski 3,218876 0,000965
bodi 0,867501 0,000260
bokm 0,127833 0,000038
bologna 3,912023 0,001173
book 0,210721 0,000189
bool 2,407946 0,001444
boolean 1,560648 0,000468
born 1,966113 0,001768
botani 2,659260 0,000797
bradlei 2,407946 0,000722
branch 1,021651 0,000919
bretthorst 3,912023 0,002345
brief 1,237874 0,000371
briefwechsel 3,912023 0,001173
britannica 1,897120 0,000569
bruno 2,525729 0,001514
bui 1,237874 0,000371
burgin 3,506558 0,001051
cach 1,386294 0,000416
caiu 3,912023 0,001173
calcul 0,916291 0,000549
calculu 1,560648 0,000936
call 0,030459 0,000055
cambridg 0,755023 0,002037
cap 1,560648 0,012631
card 0,994252 0,001788
cardano 2,525729 0,003028
carl 1,771957 0,000531
case 0,083382 0,000150
casino 3,506558 0,003153
catal 0,094311 0,000028
catalog 2,302585 0,000690
categori -0,009950 -0,000018
cell 1,469676 0,000441
cellular 1,714798 0,000514
centuri 0,843970 0,001518
certain 0,274437 0,000165
certainli 3,218876 0,000965
certainti 2,995732 0,000898
chain 0,843970 0,000759
chanc 1,660731 0,004978
chang 0,051293 0,000015
changesupload -0,009950 -0,000006
chapter 0,891598 0,000267
charact 0,843970 0,000253
charl 0,941609 0,000282
chemistri 1,427116 0,000856
chessboard 3,506558 0,001051
child 1,771957 0,000531
chitumbukacymraegdanskdeutscheesti 3,912023 0,001173
christiaan 3,506558 0,002102
cid 0,356675 0,000107
circumst 1,897120 0,001137
citat 0,248461 0,000149
cite 0,597837 0,000179
civil 1,309333 0,000392
claim 0,634878 0,000190
clarif 1,832581 0,001099
class 0,446287 0,000134
classic 0,544727 0,000490
clinic 1,832581 0,000549
closur 1,771957 0,000531
clueb 3,912023 0,001173
code -0,009950 -0,000006
coin 0,941609 0,001411
collaps 2,207275 0,000662
collect 0,274437 0,000494
colleg 1,514128 0,000454
com 0,150823 0,000136
come 0,356675 0,000107
comet 2,407946 0,000722
committe 1,309333 0,000392
commod 1,469676 0,000881
common -0,009950 -0,000012
commonswikibookswikiquotewikidata 3,218876 0,000965
compar 0,342490 0,000103
compat 0,693147 0,000208
compet 1,139434 0,000342
complement 1,966113 0,001768
complementari 1,832581 0,001099
complex 0,186330 0,000112
comprehens 0,867501 0,000260
comput 0,020203 0,000036
concept 0,198451 0,000297
concern 0,597837 0,000358
conclus 1,660731 0,000498
concurr 0,994252 0,000298
condit 0,579818 0,001912
conduct -0,009950 -0,000003
conflict 1,309333 0,000785
confus 0,693147 0,000208
conjectandi 3,506558 0,001051
conjectur 2,813411 0,002530
consequ 0,891598 0,000267
consid 0,274437 0,000329
consist 0,301105 0,000090
constant 1,660731 0,001493
construct 0,579818 0,000348
consum 0,653926 0,000392
contact -0,009950 -0,000006
contain 0,162519 0,000097
content -0,009950 -0,000012
context 0,446287 0,000401
conting 2,120264 0,000636
continu 0,174353 0,000261
contradict 2,407946 0,000722
contrast 0,891598 0,000535
contribut -0,009950 -0,000006
contributor 1,832581 0,001099
control 0,020203 0,000006
converg 1,832581 0,000549
convinc 2,302585 0,000690
cooki -0,009950 -0,000003
copenhagen 2,525729 0,000757
correl 1,347074 0,000404
correspond 0,798508 0,000239
cote 3,218876 0,000965
count 0,916291 0,000275
cournot 2,813411 0,000843
cours 0,967584 0,000290
cox 2,302585 0,001380
craig 2,040221 0,000612
creat -0,009950 -0,000006
creativ -0,009950 -0,000003
critic 0,385662 0,000116
crofton 3,912023 0,002345
crundal 3,912023 0,001173
cup 2,995732 0,013470
curv 1,309333 0,000785
cwi 3,506558 0,001051
daniel 0,776529 0,000233
data 0,030459 0,000027
databas 0,072571 0,000022
date 0,210721 0,000253
de 0,430783 0,000258
deal 0,843970 0,000759
decemb 0,061875 0,000019
decis 0,400478 0,000360
deck 3,218876 0,001930
decoher 3,912023 0,001173
dedekind 3,912023 0,001173
deduc 2,407946 0,000722
deduct 2,525729 0,001514
defin 0,116534 0,000175
definit 0,186330 0,000112
degre 0,916291 0,000549
demon 3,912023 0,001173
demonstr 0,994252 0,000298
dempster 3,506558 0,001051
denot 1,386294 0,002493
depend 0,105361 0,000063
depict 2,302585 0,000690
der 1,609438 0,000482
deriv 0,494296 0,000148
describ 0,174353 0,000314
descript -0,009950 -0,000021
descriptionshort 0,000000 0,000000
design 0,040822 0,000024
desir 0,941609 0,000565
detail 0,510826 0,000153
determin 0,342490 0,000411
determinist 1,771957 0,002125
develop -0,009950 -0,000021
development 2,525729 0,000757
devis 2,525729 0,000757
diagram 1,560648 0,001403
dice 3,506558 0,003153
dichotomi 3,506558 0,001051
dickenson 3,912023 0,001173
didion 3,912023 0,001173
die 2,040221 0,003058
differ 0,010050 0,000024
difficult 0,597837 0,000358
digit 0,400478 0,000120
dinger 3,506558 0,002102
dirac 3,506558 0,001051
disambigu 1,049822 0,000315
disclaim -0,009950 -0,000003
discov 1,108663 0,000332
discoveri 1,139434 0,000683
discret 1,049822 0,000629
discuss 0,494296 0,000296
diseas 1,966113 0,000589
displaystyl 1,386294 0,019116
disregard 3,506558 0,001051
distinct 0,544727 0,000163
distribut 0,198451 0,000714
diverg 1,966113 0,000589
divid 1,049822 0,000315
dmy 0,994252 0,000298
doctrin 2,407946 0,001444
document 0,328504 0,000098
doi 0,162519 0,000292
domain 0,544727 0,000163
donat -0,009950 -0,000006
donkin 3,912023 0,001173
dowden 3,506558 0,001051
down 0,597837 0,000358
download -0,009950 -0,000003
draw 0,994252 0,000596
earli 0,301105 0,000271
earliest 1,021651 0,001531
east 1,714798 0,000514
ebook 3,506558 0,002102
ecolog 1,560648 0,000936
econom 0,653926 0,000392
economi 1,309333 0,000392
ed 0,210721 0,000063
eddi 3,218876 0,000965
edit -0,009950 -0,000069
editcommun -0,009950 -0,000003
editor 1,347074 0,000404
educ 0,494296 0,000296
edward 1,139434 0,001025
edwin 2,407946 0,000722
effect 0,274437 0,000247
efficaci 3,506558 0,001051
effici 0,287682 0,000172
einstein 3,506558 0,003153
either 0,248461 0,000298
electr 0,891598 0,000267
electron 0,430783 0,000258
element 0,301105 0,000090
elementari 1,771957 0,001062
elli 2,302585 0,000690
emait 1,560648 0,000468
emerg 0,527633 0,000474
emphasi 1,771957 0,000531
empir 1,108663 0,000665
encount 1,966113 0,000589
encourag 1,203973 0,000361
encyclopedia -0,009950 -0,000015
end 0,186330 0,000223
engin 0,061875 0,000130
english -0,009950 -0,000006
englishsloven 0,510826 0,000153
enough 0,843970 0,000253
ensur 0,713350 0,000214
entail 2,120264 0,000636
entitl 2,525729 0,000757
entomolog 2,659260 0,000797
environment 1,049822 0,000629
equal 0,843970 0,001265
equiprob 3,912023 0,001173
equiti 1,771957 0,000531
eric 1,078810 0,000323
error 0,430783 0,002066
erwin 3,506558 0,001051
espa 0,210721 0,000063
especi 0,415515 0,000125
essenti 0,634878 0,000381
etymolog 1,966113 0,001768
eugen 1,966113 0,000589
europ 0,941609 0,000565
even 0,235722 0,000141
event 0,356675 0,006522
eventsrandom -0,009950 -0,000003
everydai 1,832581 0,001099
evid 1,272966 0,001908
evolut 0,820981 0,000246
evolutionari 1,832581 0,000549
evolv 1,078810 0,000323
exact 1,427116 0,000428
exactli 1,171183 0,001755
exampl 0,020203 0,000091
exce 1,897120 0,000569
except 0,733969 0,000220
exclus 1,272966 0,006105
exhaust 1,897120 0,000569
expand 0,776529 0,000233
expect 0,494296 0,000296
experi 0,510826 0,001531
experiment 0,916291 0,000549
expert 1,078810 0,000647
explain 0,798508 0,000239
exponenti 1,560648 0,001403
export -0,009950 -0,000003
exposit 3,218876 0,000965
express 0,544727 0,000490
extend 0,385662 0,000116
extern 0,030459 0,000018
face 1,021651 0,001225
facil 0,891598 0,000267
factor 0,544727 0,000163
failur 1,021651 0,000613
fair 1,427116 0,000856
fairbank 3,912023 0,001173
fall 0,867501 0,000520
fallaci 3,218876 0,000965
famous 3,218876 0,000965
favour 2,407946 0,001444
feasibl 1,771957 0,000531
februari 0,061875 0,000037
feller 3,506558 0,001051
fermat 2,995732 0,000898
feynman 2,813411 0,001687
field 0,314711 0,000094
fienberg 3,912023 0,001173
fieser 3,506558 0,001051
fiji 1,897120 0,000569
file 0,446287 0,000134
fileperman -0,009950 -0,000003
filespeci -0,009950 -0,000003
financ 0,843970 0,001265
financi 0,776529 0,000466
finetti 3,912023 0,003518
first 0,020203 0,000079
fix 0,385662 0,000116
flip 2,995732 0,000898
fluctuat 2,120264 0,000636
follow 0,072571 0,000022
fong 3,506558 0,001051
forc 0,597837 0,000358
form 0,072571 0,000065
formal 0,510826 0,000919
format 0,634878 0,000190
formul 1,714798 0,001542
formula 1,427116 0,000428
forth 1,560648 0,000468
foundat -0,009950 -0,000012
frac 2,302585 0,002071
franci 1,347074 0,000404
franklin 2,407946 0,002165
free -0,009950 -0,000006
frequenc 1,078810 0,001617
frequent 0,916291 0,000275
frequentist 2,813411 0,000843
freund 2,995732 0,000898
friction 2,813411 0,000843
friedrich 2,407946 0,001444
function 0,030459 0,000055
fundament 0,478036 0,000287
further 0,139262 0,000209
fuzzi 1,966113 0,000589
galton 3,218876 0,000965
gambl 2,120264 0,002542
game 0,478036 0,000716
gao 2,995732 0,000898
gase 2,659260 0,001594
gauss 2,407946 0,003609
gave 1,660731 0,001493
gener -0,009950 -0,000006
genet 1,714798 0,002570
geographi 2,207275 0,000662
geologi 2,525729 0,000757
geometr 1,771957 0,000531
geometri 1,347074 0,000808
georg 0,843970 0,000253
geoscienc 2,995732 0,000898
gerolamo 3,506558 0,002102
get 0,430783 0,000387
giovanni 2,407946 0,000722
give 0,446287 0,000134
given 0,261365 0,000862
glaisher 3,912023 0,001173
glossari 0,867501 0,000520
gnu 1,272966 0,000382
god 2,995732 0,001796
goe 1,237874 0,000371
gonvil 3,912023 0,001173
good 0,616186 0,000185
gorman 3,506558 0,001051
gorrochum 3,912023 0,001173
govern 0,544727 0,000490
graph 0,967584 0,000290
graphic 0,733969 0,000220
greatli 1,427116 0,000428
grinstead 3,912023 0,001173
groupthink 3,506558 0,001051
guarante 1,078810 0,000323
gwiyannen 2,995732 0,000898
hack 1,203973 0,001083
hackensack 3,912023 0,001173
hagen 3,506558 0,001051
hall 0,653926 0,000196
hand 0,494296 0,000593
hardwar 0,579818 0,000174
hausa 1,609438 0,000482
hbox 3,912023 0,001173
head 0,867501 0,002860
heart 2,207275 0,001985
hebrew 2,120264 0,000636
helmert 3,912023 0,001173
help 0,174353 0,000052
helplearn -0,009950 -0,000003
hererel -0,009950 -0,000003
hermann 2,995732 0,000898
herschel 3,912023 0,001173
heurist 1,966113 0,000589
hide -0,009950 -0,000012
hindifran 2,525729 0,000757
histor 0,579818 0,000174
histori -0,009950 -0,000039
historia 3,506558 0,001051
hoboken 1,897120 0,000569
hogg 3,506558 0,001051
hold 0,579818 0,000348
hopkin 1,966113 0,001179
howev 0,094311 0,000198
hrvatskiidoilokanobahasa 2,995732 0,000898
html 1,078810 0,000323
http -0,009950 -0,000006
human 0,527633 0,000158
huntsvil 3,912023 0,001173
huygen 3,506558 0,002102
ian 1,347074 0,000808
ich 3,912023 0,001173
ichthyolog 2,659260 0,000797
idea 0,527633 0,000316
ignor 1,078810 0,000323
iii 1,560648 0,000468
impetu 3,506558 0,001051
implement 0,105361 0,000032
impli 0,994252 0,000298
import 0,162519 0,000097
imposs 1,309333 0,000392
improv 0,150823 0,000045
inasloven 0,616186 0,000185
inasoomaaliga 2,525729 0,000757
inc -0,009950 -0,000003
includ 0,000000 0,000000
incorpor 0,755023 0,000453
indebt 3,506558 0,001051
indefinit 1,237874 0,000371
independ 0,527633 0,001423
indetermin 3,506558 0,001051
index -0,009950 -0,000009
indic 0,356675 0,000214
individu 0,314711 0,000094
indonesiainterlingua 1,660731 0,000498
induct 1,832581 0,002197
industri 0,356675 0,000107
induzion 3,912023 0,001173
inequ 2,120264 0,000636
inertia 2,995732 0,000898
infer 1,139434 0,002049
infinit 1,609438 0,001447
influenc 0,579818 0,000174
inform 0,061875 0,000111
informationcit -0,009950 -0,000003
initi 0,235722 0,000071
insight 1,309333 0,000392
instanc 0,478036 0,000143
instrument 1,049822 0,000315
insur 1,427116 0,000428
integr 0,174353 0,000052
intellig 0,510826 0,000306
interest 0,478036 0,000287
intern 0,040822 0,000012
internationalgndnationalunit 1,108663 0,000332
internet 0,462035 0,000277
interpret 0,579818 0,002607
intersci 2,813411 0,000843
intersect 1,897120 0,000569
interv 1,386294 0,000416
introduc 0,210721 0,000189
introduct 0,210721 0,000316
invari 2,120264 0,000636
invers 1,897120 0,001706
invok 1,714798 0,000514
irish 2,995732 0,000898
isbn 0,051293 0,000277
ispolskiportugu 1,771957 0,000531
issn 0,478036 0,000143
issu 0,314711 0,000094
italian 2,040221 0,001835
item -0,009950 -0,000003
ivancev 3,912023 0,002345
ivori 3,218876 0,000965
jakob 2,813411 0,000843
jame 0,634878 0,000761
januari 0,083382 0,000050
jayn 3,912023 0,003518
jedenfal 3,912023 0,001173
jeffrei 1,514128 0,000908
jek 3,912023 0,001173
jersei 1,714798 0,000514
john 0,198451 0,000238
joint 1,171183 0,001053
joseph 0,820981 0,000246
journal 0,186330 0,000112
judgment 2,040221 0,000612
juli 0,127833 0,000115
jump -0,009950 -0,000003
june 0,094311 0,000085
kab 3,506558 0,001051
kallenberg 3,912023 0,002345
karl 1,966113 0,000589
keith 2,207275 0,000662
kel 2,813411 0,000843
kendal 2,813411 0,000843
kinet 3,218876 0,001930
kiswahilikrei 2,659260 0,000797
know 0,653926 0,000196
knowledg 0,597837 0,000538
known 0,127833 0,000268
kolmogorov 2,659260 0,003189
laboratori 1,309333 0,000785
lacroix 3,506558 0,001051
lai 1,966113 0,000589
languag -0,009950 -0,000024
laplac 2,813411 0,005060
larg 0,127833 0,000038
larger 0,941609 0,000565
larri 1,514128 0,000908
last -0,009950 -0,000003
late 0,733969 0,000220
later 0,223144 0,000067
latin 1,660731 0,001493
latinalatvi 1,203973 0,000361
laurent 2,525729 0,000757
lauri 2,659260 0,001594
law 0,653926 0,002744
lead 0,287682 0,000086
leap 2,659260 0,000797
learn 0,162519 0,000049
least 0,527633 0,000633
lectur 1,139434 0,000342
lee 0,994252 0,000298
left 0,916291 0,011261
legal -0,009950 -0,000009
legendr 2,995732 0,002694
letter 0,843970 0,000759
level 0,083382 0,000025
liagr 3,912023 0,001173
librari 0,356675 0,000214
licens -0,009950 -0,000006
life 0,653926 0,000588
like 0,051293 0,000154
likelihood 1,897120 0,002843
limit 0,186330 0,000056
linguist 2,040221 0,001223
link -0,009950 -0,000021
linkpag -0,009950 -0,000003
linksarticl 1,021651 0,000306
linkswebarch 3,506558 0,001051
liststop 3,912023 0,001173
littrow 3,912023 0,001173
liu 1,427116 0,000428
lnorsk 0,653926 0,000196
locat 0,527633 0,000316
log -0,009950 -0,000006
logic 0,616186 0,002771
logician 3,506558 0,001051
london 0,941609 0,000282
long 0,287682 0,000086
loss 0,891598 0,000267
luck 3,218876 0,001930
lux 0,371064 0,000111
machin 0,040822 0,000049
made 0,186330 0,000168
magazin 0,755023 0,000226
magnitud 1,897120 0,001137
main -0,009950 -0,000030
maint 0,798508 0,000479
major 0,223144 0,000134
make 0,061875 0,000037
maltibahasa 3,506558 0,001051
manag 0,105361 0,000063
mani 0,061875 0,000037
manipul 0,673345 0,000202
manufactur 1,171183 0,000351
march 0,116534 0,000105
margin 1,560648 0,000468
mari 1,347074 0,000808
mark 0,261365 0,000078
market 0,446287 0,000401
markov 1,771957 0,002125
martin 0,843970 0,000253
mathemat 0,616186 0,004802
mathematica 2,407946 0,000722
mathworld 2,995732 0,000898
matter 1,049822 0,000315
max 1,660731 0,000996
maximum 1,386294 0,000416
mbox 3,506558 0,007358
mccoll 3,912023 0,001173
mcgrayn 3,912023 0,001173
mckean 3,912023 0,001173
mean 0,083382 0,000175
meant 1,514128 0,000454
measur 0,371064 0,001001
mechan 0,356675 0,000855
media 0,139262 0,000042
medicin 1,427116 0,000428
meet 0,527633 0,000158
melayu 0,820981 0,000246
memoir 3,912023 0,002345
mendel 3,912023 0,002345
mention 1,237874 0,000371
menu -0,009950 -0,000006
metalog 3,912023 0,001173
metamathemat 3,506558 0,001051
meteorolog 2,120264 0,000636
method 0,150823 0,000316
michael 0,385662 0,000116
mid 0,994252 0,001192
middl 1,203973 0,000722
miller 1,469676 0,000441
mind 1,347074 0,000404
miscellanea 3,506558 0,001051
miss 0,867501 0,000520
mnsc 3,506558 0,001051
mobil -0,009950 -0,000003
model 0,116534 0,000105
modern 0,314711 0,000472
modif 1,386294 0,000416
moivr 3,506558 0,001051
molecul 2,995732 0,000898
molecular 2,120264 0,000636
moment 1,560648 0,000468
moor 1,714798 0,000514
morgan 1,309333 0,001177
move -0,009950 -0,000012
much 0,400478 0,000480
multipl 0,094311 0,000057
mutual 1,386294 0,006649
mycolog 2,659260 0,000797
mytholog 3,506558 0,001051
name 0,162519 0,000146
nanotechnolog 2,407946 0,000722
natur 0,356675 0,000321
navig -0,009950 -0,000003
necess 2,407946 0,000722
necessarili 1,049822 0,001573
nederland 0,415515 0,000125
need 0,030459 0,000064
neg 0,967584 0,000870
neither 1,469676 0,000441
netovep 2,813411 0,000843
never 1,021651 0,000613
new 0,010050 0,000009
newtonian 3,506558 0,003153
nicht 3,506558 0,001051
nikolaevich 3,912023 0,001173
nineteenth 2,659260 0,000797
nobil 3,912023 0,001173
non -0,009950 -0,000009
nordfriisknorsk 1,714798 0,000514
normal 0,673345 0,000606
notat 0,941609 0,000282
note 0,150823 0,000181
notion 1,171183 0,000351
nouvel 2,995732 0,000898
novemb 0,150823 0,000045
number 0,040822 0,000232
numer 0,430783 0,000517
nynorskoccitanoromooo 3,506558 0,001051
object 0,174353 0,000157
objectivist 3,912023 0,001173
obscur 2,813411 0,000843
observ 0,820981 0,002215
occur 0,510826 0,002144
occurr 2,120264 0,001271
oclc 0,891598 0,000535
octob 0,139262 0,000083
odd 2,659260 0,004783
often 0,127833 0,000115
oil 2,040221 0,000612
old 0,994252 0,000298
oldid -0,009950 -0,000003
olesperantoeuskara 0,510826 0,000153
olofsson 3,912023 0,005863
omega 2,813411 0,000843
onmathemat 2,995732 0,000898
opera 2,302585 0,000690
opinion 1,347074 0,001211
opposit 1,714798 0,000514
orbit 2,207275 0,001323
ord 3,912023 0,001173
order 0,094311 0,000028
org -0,009950 -0,000006
organ -0,009950 -0,000003
origin -0,009950 -0,000012
ornitholog 2,659260 0,000797
out 0,261365 0,000157
outcom 1,660731 0,011450
outlin 0,562119 0,000506
overlin 3,218876 0,000965
oxford 0,843970 0,000253
page -0,009950 -0,000027
pagecontentscurr -0,009950 -0,000003
pageget -0,009950 -0,000003
pai 1,021651 0,000306
palgrav 1,897120 0,000569
paradox 2,659260 0,001594
parameterarticl 3,218876 0,000965
pareto 2,407946 0,000722
part 0,072571 0,000044
pascal 1,347074 0,001211
patoi 3,218876 0,000965
pattern 0,494296 0,000296
paul 0,544727 0,000163
payout 3,506558 0,001051
pdf 0,139262 0,000125
pdfprintabl -0,009950 -0,000003
peac 2,813411 0,000843
pearson 1,347074 0,001211
peopl 0,356675 0,000214
per 0,616186 0,000185
perceiv 1,771957 0,000531
percentag 1,427116 0,000428
perform 0,040822 0,000024
period 0,713350 0,000214
person -0,009950 -0,000003
perspect 0,733969 0,000220
peter 0,446287 0,000268
phenomena 1,966113 0,001179
phi 2,407946 0,000722
philosoph 2,040221 0,001223
philosophi 0,994252 0,001788
php -0,009950 -0,000003
physic 0,446287 0,000936
physicist 2,525729 0,000757
picardpiemont 2,813411 0,000843
pick 1,609438 0,000482
pierr 1,966113 0,001179
place 0,356675 0,000214
plai 0,713350 0,000642
player 1,469676 0,000441
pmc 1,272966 0,000382
pmid 0,994252 0,000298
poisson 2,302585 0,000690
polici -0,009950 -0,000009
polymath 2,995732 0,000898
ponat 2,120264 0,000636
popular 0,400478 0,000240
portal 0,494296 0,000593
portalphilosophi 3,912023 0,001173
portalrec -0,009950 -0,000003
portalvt 2,040221 0,000612
posit 0,616186 0,000185
possibl 0,186330 0,000670
post 0,478036 0,000143
posterior 2,659260 0,003189
posthum 3,506558 0,002102
postscript 2,813411 0,000843
pour 2,995732 0,000898
power 0,261365 0,000157
practic 0,186330 0,000112
precis 0,967584 0,000290
precoc 3,912023 0,001173
predict 0,733969 0,000220
premis 2,407946 0,000722
prentic 0,994252 0,000298
prepar 1,139434 0,000342
preprint 3,218876 0,000965
press 0,210721 0,000505
previous 0,843970 0,000506
price 0,798508 0,001197
primit 1,514128 0,000454
principl 0,385662 0,000347
print -0,009950 -0,000006
prior 0,891598 0,001604
privaci -0,009950 -0,000006
probabili 3,912023 0,001173
probabilist 1,832581 0,002747
probabilit 3,506558 0,001051
probabilita 3,912023 0,001173
probabilityhidden 3,912023 0,001173
probabl 0,843970 0,044526
probiti 3,912023 0,001173
problem 0,186330 0,000112
proce 1,771957 0,000531
process 0,051293 0,000092
produc 0,342490 0,000308
product 0,174353 0,000261
profession 0,673345 0,000202
professor 1,660731 0,000498
profit -0,009950 -0,000006
project -0,009950 -0,000003
proof 1,347074 0,001615
propens 3,912023 0,001173
properti 0,314711 0,000094
proport 1,771957 0,001062
proportion 2,995732 0,000898
propos 0,510826 0,000306
proposit 2,120264 0,002542
propto 3,912023 0,001173
protocol 0,527633 0,000158
provid 0,061875 0,000037
psychiatri 2,525729 0,000757
psycholog 1,469676 0,000441
psychologica 3,912023 0,001173
publish 0,105361 0,000158
publisherarticl 3,506558 0,001051
punnett 3,912023 0,008209
pure 1,203973 0,000722
qquad 3,218876 0,001930
qualifi 2,120264 0,000636
quantifi 1,560648 0,000936
quantum 1,171183 0,003160
quarterli 1,832581 0,000549
quetelet 3,506558 0,001051
quot 1,049822 0,000315
quotat 1,469676 0,000441
rand 2,525729 0,000757
random 0,693147 0,002286
rang 0,371064 0,000222
rash 3,912023 0,001173
ratio 1,386294 0,001247
ration 1,660731 0,000498
rbaycanca 0,248461 0,000074
read 0,162519 0,000049
readeditview 0,287682 0,000172
real 0,210721 0,000126
realiti 1,237874 0,000371
reason 0,328504 0,000295
rebat 3,912023 0,001173
receiv 0,400478 0,000120
red 1,237874 0,002597
reduc 0,274437 0,000082
refer -0,009950 -0,000012
regardless 1,272966 0,000382
reginald 2,995732 0,000898
regist -0,009950 -0,000003
regul 0,916291 0,000549
regular 0,867501 0,000260
rel 0,634878 0,000381
relat 0,030459 0,000046
relationship 0,653926 0,000196
reli 0,562119 0,000169
reliabl 0,371064 0,000222
remain 0,400478 0,000120
remark 2,525729 0,000757
repeat 1,469676 0,001322
rephras 3,506558 0,001051
report 0,261365 0,000078
repres 0,235722 0,000071
represent 0,634878 0,000190
reprint 2,207275 0,000662
reproduct 2,120264 0,000636
republicisraelotheryal 1,714798 0,000514
requir 0,051293 0,000046
research 0,223144 0,000067
resourc 0,248461 0,000149
respect 0,544727 0,000163
result 0,139262 0,000417
retriev -0,009950 -0,000021
reveal 1,203973 0,000361
revert 2,525729 0,000757
revolutionari 2,659260 0,000797
rewritten 1,966113 0,000589
rfelt 3,912023 0,001173
richard 0,733969 0,000880
riedi 3,912023 0,001173
right 0,314711 0,003868
rippl 3,506558 0,001051
risk 0,579818 0,000521
river 1,309333 0,000392
robert 0,527633 0,000316
robot 1,347074 0,000404
roger 1,139434 0,000342
role 0,527633 0,000158
roll 1,560648 0,003275
rom 0,616186 0,000185
ross 1,560648 0,000468
roulett 3,506558 0,003153
round 1,469676 0,000441
royal 1,714798 0,000514
rule 0,510826 0,000613
run 0,248461 0,000074
saddl 2,120264 0,000636
safeti -0,009950 -0,000003
said 0,755023 0,000226
sake 3,506558 0,001051
sampl 1,171183 0,002458
satisfi 1,347074 0,000404
scale 0,371064 0,000222
schiaparelli 3,912023 0,001173
schr 3,218876 0,001930
scienc 0,274437 0,001234
scientif 0,673345 0,000807
scotsshqipsicilianusimpl 3,506558 0,001051
search -0,009950 -0,000012
second 0,328504 0,000689
section 0,446287 0,000268
see -0,009950 -0,000033
seem 1,560648 0,000936
seen 0,776529 0,000233
sell 1,139434 0,000342
semant 0,891598 0,000535
send 1,108663 0,000332
seneta 3,912023 0,001173
sens 1,049822 0,000629
sensibl 2,813411 0,000843
sensit 1,078810 0,000323
separ 0,400478 0,000120
septemb 0,150823 0,000090
seri 0,328504 0,000295
set 0,051293 0,000108
seventeenth 2,813411 0,000843
sever 0,072571 0,000022
shafer 3,506558 0,001051
share 0,301105 0,000090
sharealik -0,009950 -0,000003
sheldon 2,995732 0,000898
shoesmith 3,912023 0,001173
short -0,009950 -0,000003
shorten -0,009950 -0,000003
show 0,400478 0,000120
side 0,579818 0,000869
sidebar -0,009950 -0,000015
sigma 2,302585 0,000690
sign 0,916291 0,000275
signal 0,755023 0,000226
signific 0,261365 0,000078
sim 2,659260 0,000797
similar 0,150823 0,000090
simon 1,021651 0,000306
simpl 0,150823 0,000045
simpli 0,733969 0,000220
simplifi 0,820981 0,000246
simpson 2,995732 0,002694
simultan 0,891598 0,000267
sinc 0,139262 0,000209
singapor 1,897120 0,000569
singh 1,714798 0,000514
singl 0,127833 0,000077
singleton 2,813411 0,000843
site -0,009950 -0,000003
situat 0,776529 0,000466
six 1,309333 0,001962
sixteenth 3,912023 0,001173
slenskaitaliano 0,562119 0,000169
slightli 1,771957 0,000531
slow 1,237874 0,000371
smooth 1,966113 0,000589
snell 2,995732 0,000898
societi 0,653926 0,000588
sometim 0,301105 0,000090
sourc 0,094311 0,000057
south 1,108663 0,000332
southampton 3,912023 0,002345
space 0,415515 0,001246
speak 1,139434 0,000342
specif 0,051293 0,000031
speed 0,941609 0,000282
spite 3,218876 0,000965
sponsor 1,714798 0,000514
spread 1,171183 0,000351
springer 0,527633 0,000316
squar 1,203973 0,001444
srpskisrpskohrvatski 0,510826 0,000153
stanford 1,309333 0,000392
state 0,083382 0,000075
statement -0,009950 -0,000009
statementsarticl 0,544727 0,000163
statesczech 2,525729 0,000757
statist -0,009950 -0,000089
statisticsprob 3,912023 0,001173
statlect 3,912023 0,001173
statprob 3,912023 0,001173
still 0,342490 0,000103
stochast 1,347074 0,001211
stop 0,967584 0,000290
strictli 1,966113 0,000589
structur 0,139262 0,000042
stuart 1,832581 0,000549
student 1,049822 0,000315
studi 0,314711 0,000472
sub 1,021651 0,000306
subject 0,478036 0,001003
subjectivist 3,912023 0,001173
subsect 0,020203 0,000006
subset 1,108663 0,000332
substitut 1,560648 0,000468
success 0,494296 0,000148
suffici 1,078810 0,000647
sum 1,203973 0,000361
summari 1,469676 0,001322
sundasuomisvenskatagalog 1,897120 0,000569
superstit 3,912023 0,001173
sure 1,966113 0,000589
sylvestr 3,912023 0,001173
symbol 1,078810 0,001294
symmetri 2,995732 0,000898
syntax 1,171183 0,000351
synthet 1,771957 0,000531
system 0,010050 0,000021
tabl -0,009950 -0,000009
tail 1,966113 0,004126
take 0,210721 0,000316
taken 0,867501 0,001040
tatar 1,272966 0,000382
te 2,813411 0,000843
technic 0,478036 0,000143
templat 0,301105 0,000090
tendenc 2,120264 0,000636
term -0,009950 -0,000021
termin 0,941609 0,000282
testimoni 3,218876 0,000965
text -0,009950 -0,000006
textal 3,506558 0,001051
tfrac 3,506558 0,010511
theorem 1,171183 0,001404
theoret 0,776529 0,000466
theori 0,400478 0,005282
thermal 2,407946 0,000722
thing 0,798508 0,000239
think 1,049822 0,000315
third 0,342490 0,000205
thode 3,506558 0,001051
thoma 0,527633 0,000474
thompson 1,714798 0,000514
though 0,544727 0,000163
thought 1,108663 0,000332
three 0,287682 0,000172
throughout 1,078810 0,000323
thu 0,314711 0,000189
tijana 3,912023 0,001173
time 0,000000 0,000000
tinachavacano 2,995732 0,000898
titl -0,009950 -0,000003
toggl -0,009950 -0,000009
toki 2,120264 0,000636
tool -0,009950 -0,000012
top -0,009950 -0,000003
topic -0,009950 -0,000009
toponym 2,659260 0,001594
toss 3,506558 0,003153
total 0,673345 0,000807
trace 1,427116 0,000428
trade 0,916291 0,000549
trademark -0,009950 -0,000003
trader 2,207275 0,001323
translat 0,798508 0,000239
treat 0,967584 0,000290
treatment 1,660731 0,002489
tree 0,693147 0,000208
trend 0,733969 0,000220
trial 1,609438 0,000482
true 0,776529 0,000233
truth 1,714798 0,001542
turn 0,776529 0,000233
tutori 1,347074 0,000404
twice 1,714798 0,000514
two 0,083382 0,000350
typic 0,186330 0,000056
tzebuergeschlietuvi 1,514128 0,000454
ultim 1,139434 0,000342
unbias 2,525729 0,000757
uncertainti 1,237874 0,000742
uncount 3,506558 0,001051
undefin 2,207275 0,000662
under -0,009950 -0,000006
underli 0,693147 0,000416
understand 0,342490 0,000103
understood 1,469676 0,000441
undertak 2,659260 0,000797
undesir 2,207275 0,000662
unfavour 3,506558 0,001051
uniform 1,347074 0,000404
unit 0,248461 0,000074
univ 3,218876 0,002895
univers 0,139262 0,000626
univoc 3,506558 0,001051
unsourc 0,446287 0,000268
upon 0,673345 0,000202
upper 1,660731 0,000498
urldownload -0,009950 -0,000003
usual 0,198451 0,000059
utc -0,009950 -0,000003
util 0,597837 0,000179
valid 0,616186 0,000185
valu 0,162519 0,000292
vari 0,478036 0,000143
variabl 0,494296 0,000296
varianc 1,660731 0,000498
variat 0,994252 0,000298
variou 0,223144 0,000067
venn 3,506558 0,001051
verlag 1,832581 0,000549
version -0,009950 -0,000015
view -0,009950 -0,000009
vii 2,659260 0,000797
vip 3,912023 0,001173
virolog 2,407946 0,000722
virtual 0,462035 0,000138
vision 0,867501 0,000260
vitanyi 3,912023 0,001173
vladimir 2,813411 0,000843
vol 0,616186 0,000185
volum 0,616186 0,000185
vte 0,967584 0,000580
vteglossari 2,659260 0,000797
vtelog 3,912023 0,001173
wai 0,105361 0,000032
walk 2,120264 0,000636
war 1,078810 0,000323
warranti 2,525729 0,000757
washington 1,049822 0,000315
watson 2,040221 0,000612
wave 1,560648 0,001403
wayback 0,478036 0,000430
weber 2,813411 0,000843
websit 0,527633 0,000158
weight 1,108663 0,000665
weisstein 2,995732 0,000898
well 0,051293 0,000077
western 1,108663 0,000332
what -0,009950 -0,000006
wheel 2,120264 0,002542
wherea 1,049822 0,000629
which 0,000000 0,000000
while 0,051293 0,000015
whither 3,506558 0,001051
who 0,301105 0,000181
whole 0,916291 0,000275
whose 0,776529 0,000466
wide 0,210721 0,000063
widespread 0,994252 0,000298
wikibook 1,386294 0,000416
wikidataarticl 1,171183 0,000351
wikidataus 1,108663 0,000332
wikimedia -0,009950 -0,000009
wikipedia -0,009950 -0,000024
wikipediacontact -0,009950 -0,000003
wikiproject 1,832581 0,000549
wikiquot 1,966113 0,000589
wikisourc 2,525729 0,000757
wilcox 3,506558 0,001051
wilei 0,562119 0,000337
william 0,616186 0,000739
wilson 1,469676 0,000441
winarai 2,407946 0,000722
winner 2,407946 0,000722
winter 2,040221 0,000612
wit 2,659260 0,001594
wolfram 3,218876 0,000965
wolstenholm 3,912023 0,001173
word 0,446287 0,000134
work 0,030459 0,000018
world 0,139262 0,000042
writer 1,514128 0,000454
written 0,287682 0,000259
year 0,162519 0,000097
yet 0,891598 0,000267
yield 1,139434 0,000683
york 0,371064 0,000111
zalta 3,506558 0,001051
zamboanga 3,506558 0,001051
zbekcha 0,462035 0,000138
zero 0,693147 0,000416
