abil 0,562119 0,000311
absolut 1,660731 0,002299
academ 0,693147 0,000384
acceler 1,021651 0,000283
access 0,127833 0,000106
accomplish 1,771957 0,000491
account -0,009950 -0,000019
accur 1,203973 0,001667
accuraci 1,469676 0,009358
achiev 0,510826 0,000141
across 0,415515 0,000115
action -0,009950 -0,000017
activ 0,356675 0,000494
actual 0,597837 0,001159
adapt 0,798508 0,000442
add -0,009950 -0,000003
addit -0,009950 -0,000011
address 0,342490 0,000095
adhocraci 3,218876 0,000891
adjud 3,506558 0,001942
adjust 1,078810 0,000896
administr 0,867501 0,000961
advic 2,040221 0,001130
advis 1,771957 0,000491
affect 0,693147 0,000384
afrikaan 1,108663 0,000307
again 1,078810 0,000299
against 0,462035 0,000640
aggreg 1,514128 0,000838
agre -0,009950 -0,000003
ahead 1,427116 0,001185
ai 0,673345 0,000186
albeit 2,995732 0,000829
algorithm 0,462035 0,000256
align 1,272966 0,001410
allen 1,714798 0,000475
alloc 0,941609 0,000261
allow 0,061875 0,000034
alpha 1,832581 0,001015
altern 0,342490 0,000190
although 0,287682 0,000239
alwai 0,597837 0,000166
amit 2,407946 0,000667
amount 0,579818 0,000482
amp -0,009950 -0,000030
analog 1,021651 0,000566
analysi 0,186330 0,000774
analyst 1,272966 0,000352
analyt 0,798508 0,000221
analyticssuppli 3,912023 0,001083
andersson 2,995732 0,000829
andrea 1,386294 0,000384
angela 2,813411 0,000779
ani 0,083382 0,000069
anirban 3,912023 0,001083
ann 1,514128 0,000419
annual 0,776529 0,000215
anorganizationon 3,218876 0,000891
anoth 0,127833 0,000106
answer 1,171183 0,000324
appar 2,207275 0,000611
apparel 3,506558 0,000971
appear -0,009950 -0,000006
appli -0,009950 -0,000008
applic 0,030459 0,000051
approach 0,174353 0,001062
approachassoci 3,506558 0,000971
appropri 0,867501 0,000961
approxim 0,891598 0,000247
april 0,072571 0,000060
archiv 0,040822 0,000090
area 0,478036 0,000265
argu 0,994252 0,000275
arima 2,813411 0,003116
arimarch 3,912023 0,001083
arma 2,813411 0,001558
armax 3,912023 0,001083
armstrong 2,040221 0,003389
arrai 0,994252 0,000551
art 0,673345 0,000186
articl 0,000000 0,000000
articleabout -0,009950 -0,000003
articletalk -0,009950 -0,000003
artifici 0,994252 0,000826
ask 0,867501 0,000240
aspect 0,616186 0,000512
assess 1,021651 0,000283
assimil 3,218876 0,000891
associ 0,127833 0,000035
assum 0,891598 0,000247
assumpt 1,171183 0,000648
athanasopoulo 3,912023 0,002166
atmospher 2,659260 0,000736
attach 1,514128 0,000419
attempt 0,478036 0,000265
attribut -0,009950 -0,000003
aug 2,659260 0,000736
august 0,162519 0,000135
author 0,040822 0,000011
automat 0,462035 0,000128
autoregress 2,525729 0,002098
avail -0,009950 -0,000019
averag 0,967584 0,005090
avoid 0,579818 0,000161
bachelor 2,525729 0,001399
back 0,462035 0,000128
bahasa 0,186330 0,000052
bank 0,941609 0,000521
bar 1,386294 0,000768
barrier 1,660731 0,000460
base 0,010050 0,000036
basi 0,820981 0,000227
basic 0,198451 0,000055
becaus 0,127833 0,000142
becom 0,274437 0,000228
begin 0,385662 0,000320
behavior 0,342490 0,000569
behaviour 1,832581 0,004566
behind 0,867501 0,000240
behnam 3,912023 0,001083
believ 1,272966 0,000352
benchmark 1,427116 0,000395
benefit 0,776529 0,000215
berglund 3,912023 0,001083
best 0,462035 0,000256
bet 2,120264 0,002348
beta 1,386294 0,000768
better 0,494296 0,000274
bettor 3,912023 0,001083
beyond 0,713350 0,000395
bia 1,660731 0,000920
bias 2,407946 0,000667
bibcod 0,693147 0,000768
big 0,673345 0,000186
bjorn 3,506558 0,000971
bokm 0,127833 0,000035
book 0,210721 0,000058
boss 2,995732 0,000829
box 0,843970 0,000234
brainstorm 2,995732 0,000829
brand 1,386294 0,000384
broad 1,203973 0,000333
budget 1,832581 0,002029
bufalo 3,912023 0,002166
build 0,274437 0,000684
burst 2,302585 0,000637
busi 0,287682 0,000637
calcul 0,916291 0,001015
calendar 2,659260 0,000736
calibr 2,659260 0,000736
call 0,030459 0,000008
cannot 0,314711 0,000523
capabl 0,562119 0,000156
capit 0,994252 0,000551
capm 2,995732 0,000829
cari 3,218876 0,000891
case 0,083382 0,000115
cash 1,386294 0,000384
categori -0,009950 -0,000017
caus 0,430783 0,000239
causal 2,120264 0,002348
center 0,415515 0,000115
central 0,478036 0,000132
certain 0,274437 0,000152
certifi 1,714798 0,000475
chadefaux 3,912023 0,001083
chain 0,843970 0,001869
chakraborti 3,912023 0,001083
chang 0,051293 0,000156
changesupload -0,009950 -0,000006
chaotic 2,813411 0,000779
chapman 2,120264 0,000587
characterist 0,843970 0,000234
chart 1,309333 0,001087
charter 1,897120 0,000525
chartist 3,912023 0,002166
chief 1,609438 0,000446
chong 3,218876 0,001782
choos 0,916291 0,000254
chowdhuri 3,506558 0,000971
christma 2,659260 0,001472
cid 0,356675 0,000395
circumst 1,897120 0,000525
citat 0,248461 0,000619
citeseerx 1,347074 0,000746
claim 0,634878 0,000176
clarif 1,832581 0,001015
class 0,446287 0,000124
classic 0,544727 0,000151
climat 1,386294 0,001535
cliodynam 3,912023 0,001083
close 0,356675 0,000197
code -0,009950 -0,000011
collabor 0,941609 0,000782
collat 3,218876 0,000891
colleg 1,514128 0,000419
collopi 3,912023 0,001083
com 0,150823 0,000084
combin 0,261365 0,000072
come 0,356675 0,000099
comfort 3,218876 0,000891
commit 1,108663 0,000307
common -0,009950 -0,000017
commonswikidata 1,171183 0,000324
commun 0,139262 0,000039
compani 0,342490 0,000379
compar 0,342490 0,000664
comparison 0,371064 0,000205
compens 1,966113 0,000544
complet 0,223144 0,000062
complex 0,186330 0,000052
compon 0,261365 0,000072
composit 1,386294 0,000384
comput 0,020203 0,000050
concept 0,198451 0,000055
concern 0,597837 0,000166
conclus 1,660731 0,000460
condit 0,579818 0,000482
conduct -0,009950 -0,000003
confer 0,274437 0,000076
confid 1,771957 0,000981
conflict 1,309333 0,001812
confus 0,693147 0,000384
consensu 1,832581 0,001015
consid 0,274437 0,000152
consist 0,301105 0,000083
constant 1,660731 0,000460
construct 0,579818 0,000321
consult 1,386294 0,000384
consum 0,653926 0,000543
contact -0,009950 -0,000006
content -0,009950 -0,000011
context 0,446287 0,000371
continu 0,174353 0,000145
contribut -0,009950 -0,000006
control 0,020203 0,000039
cook 1,771957 0,000491
cooki -0,009950 -0,000003
corpor 0,562119 0,000156
correct 0,820981 0,000227
correctli 1,832581 0,000507
correl 1,347074 0,000373
correspond 0,798508 0,000442
cost 0,385662 0,000214
court 1,427116 0,000395
cox 2,302585 0,000637
crc 1,171183 0,000648
creat -0,009950 -0,000011
creativ -0,009950 -0,000003
credenc 3,912023 0,001083
credit 0,867501 0,000480
crisi 1,347074 0,000373
critic 0,385662 0,000107
cross 0,562119 0,001089
currenc 1,660731 0,000460
current 0,210721 0,000117
curv 1,309333 0,000362
custom 0,544727 0,000603
cybernet 2,040221 0,000565
cybersecur 1,966113 0,001089
cycl 0,867501 0,000480
cyclic 2,407946 0,006667
dai 0,562119 0,000467
data 0,030459 0,000413
databas 0,072571 0,000040
date 0,210721 0,000058
debunk 2,995732 0,000829
decemb 0,061875 0,000069
decid 0,867501 0,000240
decis 0,400478 0,001109
decomposit 2,120264 0,000587
decreas 1,660731 0,001379
default 0,693147 0,000192
definit 0,186330 0,000052
degre 0,916291 0,000507
della 3,218876 0,000891
delphi 2,407946 0,002000
delta 2,302585 0,000637
demand 0,820981 0,003409
depart 0,843970 0,000467
depend 0,105361 0,000204
describ 0,174353 0,000048
descript -0,009950 -0,000003
descriptionshort 0,000000 0,000000
desir 0,941609 0,000261
destruct 1,714798 0,000475
determin 0,342490 0,000095
determinist 1,771957 0,003434
develop -0,009950 -0,000014
deviat 1,771957 0,000981
dfrac 3,912023 0,001083
dictionari 0,616186 0,000341
die 2,040221 0,000565
differ 0,010050 0,000039
difficult 0,597837 0,000166
dimension 1,560648 0,000432
disadvantag 1,966113 0,000544
disciplin 1,203973 0,000333
disclaim -0,009950 -0,000003
discuss 0,494296 0,000274
displaystyl 1,386294 0,009595
disput 1,309333 0,000362
distribut 0,198451 0,000110
doctor 1,832581 0,000507
doi 0,162519 0,000585
donat -0,009950 -0,000006
done 0,653926 0,000362
doubl 0,843970 0,000467
download -0,009950 -0,000003
draw 0,994252 0,000275
drift 2,995732 0,002488
drucker 3,218876 0,000891
due 0,261365 0,000072
dynam 0,342490 0,000569
earli 0,301105 0,000083
earlier 1,139434 0,000315
earn 1,660731 0,001379
earthquak 2,302585 0,001912
econom 0,653926 0,001991
econometr 1,966113 0,000544
economist 1,514128 0,000419
ecosystem 1,108663 0,000307
edit -0,009950 -0,000096
editcommun -0,009950 -0,000003
educ 0,494296 0,000137
edward 1,139434 0,000315
effect 0,274437 0,000152
effici 0,287682 0,000159
egain 3,912023 0,002166
either 0,248461 0,000069
electromagnet 2,040221 0,000565
eliyahu 2,813411 0,000779
elli 2,302585 0,001275
embrac 2,040221 0,000565
emerg 0,527633 0,000146
emiss 2,120264 0,000587
empir 1,108663 0,000614
emploi 0,673345 0,000186
encompass 1,660731 0,000460
encyclopedia -0,009950 -0,000003
end 0,186330 0,000155
enebu 3,912023 0,001083
energi 0,843970 0,002570
engin 0,061875 0,000051
english -0,009950 -0,000003
englishsloven 0,510826 0,000141
enough 0,843970 0,000234
ensembl 2,525729 0,000699
ensur 0,713350 0,000197
enterpris 0,446287 0,000124
entrepreneurship 2,659260 0,000736
environment 1,049822 0,000291
equal 0,843970 0,001636
equat 1,386294 0,001535
equival 0,820981 0,000227
erhun 3,912023 0,001083
error 0,430783 0,003936
erss 3,506558 0,001942
essenti 0,634878 0,000176
estim 0,820981 0,002046
eta 3,912023 0,002166
etc 0,562119 0,000311
euro 2,525729 0,000699
evalu 0,562119 0,000311
even 0,235722 0,000065
event 0,356675 0,000296
eventsrandom -0,009950 -0,000003
everydai 1,832581 0,000507
everyth 1,309333 0,000362
evid 1,272966 0,001057
examin 0,867501 0,000480
exampl 0,020203 0,000101
excess 1,386294 0,000384
exchang 0,579818 0,000803
execut 0,356675 0,000197
exhibit 2,207275 0,000611
exist 0,186330 0,000052
exogen 3,506558 0,000971
expect 0,494296 0,000547
expens 1,108663 0,000307
experi 0,510826 0,000141
expert 1,078810 0,000896
expertis 1,897120 0,000525
exploit 1,078810 0,000597
exponenti 1,560648 0,002592
export -0,009950 -0,000003
extern 0,030459 0,000017
extrapol 2,813411 0,007010
extrem 0,941609 0,000521
fabio 2,813411 0,000779
facil 0,891598 0,000247
factor 0,544727 0,000452
fad 2,407946 0,000667
fall 0,867501 0,000240
faq 1,386294 0,000384
farseer 3,912023 0,002166
fazio 3,912023 0,001083
featur 0,210721 0,000058
februari 0,061875 0,000017
field 0,314711 0,000261
fileperman -0,009950 -0,000003
filespeci -0,009950 -0,000003
final 0,494296 0,000411
financ 0,843970 0,000234
financi 0,776529 0,001935
find 0,371064 0,000103
first 0,020203 0,000011
fit 1,203973 0,001000
five 0,776529 0,000215
fix 0,385662 0,000214
flexibl 1,139434 0,000631
flood 2,525729 0,001399
flow 0,430783 0,000119
fluctuat 2,120264 0,001174
fluid 1,660731 0,001379
focu 0,755023 0,000209
follow 0,072571 0,000060
fong 3,506558 0,001942
food 1,469676 0,000814
footbal 2,995732 0,001659
forc 0,597837 0,000166
forecast 1,078810 0,063916
forecastingprincipl 3,912023 0,002166
forecastingstatist 3,912023 0,001083
forecastingsuppli 3,912023 0,001083
foreign 1,139434 0,001262
foresight 2,813411 0,001558
form 0,072571 0,000060
formal 0,510826 0,000283
forum 1,203973 0,000333
forward 0,941609 0,000261
found 0,274437 0,000228
foundat -0,009950 -0,000003
four 0,820981 0,000227
frac 2,302585 0,008287
fran 0,223144 0,000062
franci 1,347074 0,000373
fred 1,966113 0,000544
free -0,009950 -0,000008
french 1,347074 0,000373
frequenc 1,078810 0,000299
frequent 0,916291 0,000507
full 0,371064 0,000103
function 0,030459 0,000051
fund 0,941609 0,000261
fundament 0,478036 0,000662
fundamentalist 3,912023 0,001083
further 0,139262 0,000077
futarchi 3,912023 0,004332
futur 0,235722 0,001175
futurolog 3,912023 0,001083
gamma 2,995732 0,001659
gase 2,659260 0,000736
gaug 2,407946 0,000667
geisser 3,912023 0,001083
gener -0,009950 -0,000022
geometr 1,771957 0,001472
geopolit 2,995732 0,000829
georg 0,843970 0,000701
gilchrist 3,912023 0,001083
giusepp 2,525729 0,001399
give 0,446287 0,000124
given 0,261365 0,000145
global 0,446287 0,000247
gmdh 3,912023 0,002166
goldratt 2,995732 0,000829
good 0,616186 0,000853
govern 0,544727 0,000452
graef 3,912023 0,001083
granger 2,813411 0,000779
green 0,916291 0,000761
greenhous 2,813411 0,000779
groceri 3,218876 0,004456
group 0,186330 0,000258
growth 0,733969 0,000203
guid 0,287682 0,000080
hackag 3,912023 0,001083
hair 2,659260 0,000736
hall 0,653926 0,000181
handbook 0,941609 0,000521
handl 0,415515 0,000345
happen 1,021651 0,000283
hasan 2,302585 0,000637
haskel 1,514128 0,000419
hat 1,966113 0,002177
hdl 1,049822 0,000872
health 0,994252 0,000275
healthcar 1,347074 0,000373
heat 1,966113 0,001089
helen 2,659260 0,000736
help 0,174353 0,000145
helplearn -0,009950 -0,000003
henri 1,427116 0,000395
hererel -0,009950 -0,000003
hfip 3,912023 0,001083
hidden 0,843970 0,000234
hide -0,009950 -0,000011
high 0,223144 0,000062
higher 0,430783 0,000477
hill 0,867501 0,000480
histor 0,579818 0,001445
histori -0,009950 -0,000011
hiv 3,912023 0,002166
hold 0,579818 0,000161
holidai 3,506558 0,000971
howev 0,094311 0,000052
http -0,009950 -0,000003
human 0,527633 0,000146
hurrican 3,218876 0,001782
hydrolog 2,995732 0,000829
hyndman 3,506558 0,004854
hypothesi 1,897120 0,000525
ibn 2,813411 0,000779
icip 3,506558 0,001942
identifi 0,356675 0,000099
ieee 0,634878 0,000352
ignor 1,078810 0,000299
ijforecast 3,506558 0,000971
imag 0,494296 0,000137
imf 2,525729 0,000699
immedi 0,967584 0,000268
impact 0,544727 0,000151
implement 0,105361 0,000029
import 0,162519 0,000045
imposs 1,309333 0,000362
improv 0,150823 0,000418
inaccur 2,525729 0,000699
inasuomitagalog 3,912023 0,001083
inc -0,009950 -0,000008
includ 0,000000 0,000000
incorpor 0,755023 0,000418
increas 0,287682 0,000558
independ 0,527633 0,000146
index -0,009950 -0,000019
indic 0,356675 0,000592
individu 0,314711 0,000087
indonesia 1,272966 0,000352
indra 3,506558 0,000971
industri 0,356675 0,000099
infect 2,407946 0,001333
infer 1,139434 0,000315
influenc 0,579818 0,000482
inform 0,061875 0,000137
informationcit -0,009950 -0,000003
ingredi 3,218876 0,000891
initi 0,235722 0,000065
innov 0,820981 0,000227
input 0,634878 0,000352
instead 0,301105 0,000083
institut 0,446287 0,000618
integ 1,139434 0,000631
integr 0,174353 0,000097
intellig 0,510826 0,000424
interest 0,478036 0,000132
interfac 0,494296 0,000137
interim 2,525729 0,000699
intermedi 1,309333 0,000725
intern 0,040822 0,000068
internationalfastnationalczech 3,912023 0,001083
interrupt 1,609438 0,000446
interv 1,386294 0,001151
introduct 0,210721 0,000233
intuit 2,207275 0,000611
invalid 1,714798 0,000950
inventori 1,832581 0,003044
invest 0,967584 0,000268
involv 0,415515 0,000345
isbn 0,051293 0,000185
issn 0,478036 0,000397
issu 0,314711 0,000261
item -0,009950 -0,000003
itself 0,342490 0,000095
januari 0,083382 0,000115
jenkin 2,813411 0,000779
john 0,198451 0,000330
jordan 1,714798 0,000475
journal 0,186330 0,000516
jstor 0,843970 0,000234
judg 1,897120 0,000525
judgement 3,218876 0,000891
judgment 2,040221 0,005648
juli 0,127833 0,000035
jump -0,009950 -0,000003
june 0,094311 0,000078
kaligasidi 3,912023 0,001083
kesten 3,912023 0,003249
khaldun 3,912023 0,001083
kimberli 2,995732 0,001659
kingdom 1,469676 0,000407
kluwer 2,302585 0,000637
knew 2,813411 0,000779
knowledg 0,597837 0,000331
known 0,127833 0,000283
koehler 3,912023 0,002166
komkniga 3,912023 0,001083
kondratiev 3,912023 0,001083
kress 3,912023 0,001083
kyle 2,407946 0,000667
label 1,049822 0,000291
lack 0,544727 0,000151
land 1,309333 0,001087
languag -0,009950 -0,000006
larg 0,127833 0,000106
last -0,009950 -0,000019
later 0,223144 0,000062
latvi 0,994252 0,000275
lead 0,287682 0,000159
leadership 2,207275 0,001222
learn 0,162519 0,000045
least 0,527633 0,000584
led 0,446287 0,000124
left 0,916291 0,000761
legal -0,009950 -0,000006
length 1,237874 0,000343
lennon 3,506558 0,000971
less 0,430783 0,000596
level 0,083382 0,000092
licens -0,009950 -0,000003
life 0,653926 0,000181
lifecycl 2,120264 0,000587
like 0,051293 0,000043
limit 0,186330 0,000361
lindner 3,218876 0,000891
line 0,261365 0,000072
linear 0,916291 0,001268
linearli 2,659260 0,000736
link -0,009950 -0,000017
linkpag -0,009950 -0,000003
list 0,051293 0,000014
littl 0,820981 0,000227
live 0,733969 0,000203
log -0,009950 -0,000006
logil 3,912023 0,001083
logist 1,609438 0,000446
london 0,941609 0,000521
long 0,287682 0,000398
longitudin 3,218876 0,000891
look 0,478036 0,000926
loos 1,609438 0,000446
lorenz 2,995732 0,000829
lotteri 3,218876 0,000891
low 0,478036 0,000265
lower 0,673345 0,000186
lowest 1,897120 0,000525
lportugu 3,506558 0,000971
lundberg 3,912023 0,001083
machin 0,040822 0,000034
macromanag 3,218876 0,000891
mad 2,407946 0,001333
made 0,186330 0,000103
mae 2,995732 0,001659
magyarnederlandsnorsk 3,912023 0,001083
mahmud 3,218876 0,000891
mahmudul 3,912023 0,001083
main -0,009950 -0,000014
major 0,223144 0,000062
make 0,061875 0,000154
makridaki 3,912023 0,001083
malakooti 3,506558 0,000971
man 0,843970 0,000467
manag 0,105361 0,000875
managementtim 3,912023 0,001083
manageri 2,407946 0,002000
mani 0,061875 0,000051
manufactur 1,171183 0,000324
mapd 3,912023 0,002166
mape 3,506558 0,003883
march 0,116534 0,000065
margin 1,560648 0,000432
margitta 3,912023 0,001083
mark 0,261365 0,000072
market 0,446287 0,001606
mase 3,912023 0,002166
massachusett 1,514128 0,000419
master 0,941609 0,000521
materi 0,616186 0,000171
mathbb 2,659260 0,001472
mathemat 0,616186 0,000341
mcgraw 1,108663 0,000614
mean 0,083382 0,000300
measur 0,371064 0,000925
media 0,139262 0,000039
medic 1,108663 0,000614
medium 1,171183 0,000324
meet 0,527633 0,000292
menu -0,009950 -0,000006
meteorolog 2,120264 0,000587
method 0,150823 0,002505
methodshistor 3,506558 0,000971
michel 1,560648 0,000864
micromanag 3,218876 0,000891
middl 1,203973 0,000333
militari 1,469676 0,000407
mine 0,916291 0,000254
mobil -0,009950 -0,000003
model 0,116534 0,000645
moment 1,560648 0,000432
monetari 1,609438 0,000446
month 0,776529 0,000215
monthli 1,609438 0,000446
moscow 2,525729 0,000699
motiv 1,272966 0,000352
move -0,009950 -0,000036
movement 1,108663 0,000307
mse 2,302585 0,002550
mspe 3,912023 0,002166
much 0,400478 0,000111
multipl 0,094311 0,000052
myth 2,040221 0,000565
nahmia 3,912023 0,001083
nation 0,527633 0,000146
natsr 2,995732 0,001659
natur 0,356675 0,000296
navig -0,009950 -0,000003
necessarili 1,049822 0,000291
need 0,030459 0,000118
network 0,127833 0,000212
neural 1,609438 0,002673
new 0,010050 0,000011
next 0,400478 0,000111
nichola 1,560648 0,000432
nois 1,427116 0,000790
non -0,009950 -0,000014
nord 3,912023 0,001083
norwel 3,912023 0,001083
notat 0,941609 0,000782
note 0,150823 0,000042
noteworthi 3,218876 0,000891
novemb 0,150823 0,000042
number 0,040822 0,000045
numer 0,430783 0,000239
object 0,174353 0,000145
observ 0,820981 0,003864
obtain 0,733969 0,000203
occur 0,510826 0,000141
octob 0,139262 0,000077
oecd 2,407946 0,001333
oei 3,912023 0,001083
off 0,673345 0,000186
offic 0,733969 0,000610
often 0,127833 0,000212
oldid -0,009950 -0,000003
oliv 1,514128 0,000419
olsen 3,218876 0,000891
omalu 3,912023 0,001083
ombudsman 3,912023 0,001083
omit 1,714798 0,000475
oper 0,010050 0,000022
opinion 1,347074 0,001492
opr 3,912023 0,001083
optim 0,415515 0,000230
ordepartmentmanagedlin 3,218876 0,000891
order 0,094311 0,000052
ordinari 1,272966 0,000352
org -0,009950 -0,000003
organ -0,009950 -0,000011
organiz 1,609438 0,000446
origin -0,009950 -0,000025
orlando 3,218876 0,001782
orrelationship 3,218876 0,000891
otext 3,912023 0,003249
out 0,261365 0,000072
outcom 1,660731 0,002299
outlin 0,562119 0,000156
outlook 2,207275 0,001833
output 0,597837 0,000166
over 0,094311 0,000131
overland 3,506558 0,000971
ow 2,525729 0,000699
pacif 2,120264 0,001174
page -0,009950 -0,000006
pagecontentscurr -0,009950 -0,000003
pageget -0,009950 -0,000003
paid 1,560648 0,000432
paramet 0,755023 0,000418
parametr 1,771957 0,000981
part 0,072571 0,000040
particular 0,301105 0,000083
particularli 0,597837 0,000166
partnership 2,040221 0,000565
past 0,994252 0,003303
patent 1,203973 0,000333
pattern 0,494296 0,000821
paul 0,544727 0,000151
pdf 0,139262 0,000347
pdfprintabl -0,009950 -0,000003
peac 2,813411 0,000779
peopl 0,356675 0,000296
percentag 1,427116 0,002766
percept 1,832581 0,000507
perform 0,040822 0,000102
period 0,713350 0,003752
person -0,009950 -0,000006
peter 0,446287 0,000247
phd 2,040221 0,000565
philip 1,469676 0,000407
php -0,009950 -0,000003
physic 0,446287 0,000124
pioneer 1,272966 0,000352
place 0,356675 0,000197
plan 0,430783 0,001550
player 1,469676 0,000407
pmad 3,912023 0,001083
pmc 1,272966 0,000705
pmid 0,994252 0,000551
point 0,186330 0,000052
pointi 3,218876 0,000891
poisson 2,302585 0,001275
polici -0,009950 -0,000006
polit 1,078810 0,000597
poll 2,040221 0,000565
polynomi 1,832581 0,000507
pont 3,912023 0,001083
popul 1,309333 0,001812
portal 0,494296 0,000137
portalrec -0,009950 -0,000003
portion 1,560648 0,000432
pose 1,560648 0,000432
posit 0,616186 0,000171
possibl 0,186330 0,000052
pound 2,659260 0,000736
power 0,261365 0,000145
practic 0,186330 0,000464
practition 1,514128 0,000838
precursor 1,832581 0,000507
predetermin 2,525729 0,000699
predict 0,733969 0,010160
predictor 2,525729 0,000699
prefer 0,798508 0,000221
prepar 1,139434 0,000315
presenc 1,108663 0,000307
present 0,287682 0,000080
press 0,210721 0,000233
previou 0,843970 0,000467
price 0,798508 0,000442
principl 0,385662 0,000534
print -0,009950 -0,000003
prior 0,891598 0,000247
privaci -0,009950 -0,000006
privat 0,634878 0,000352
probabilist 1,832581 0,000507
probabl 0,843970 0,000234
problem 0,186330 0,000052
probnet 3,912023 0,001083
procedur 0,867501 0,000480
process 0,051293 0,000128
produc 0,342490 0,000190
product 0,174353 0,000434
profit -0,009950 -0,000011
program 0,116534 0,000065
project -0,009950 -0,000019
promot 0,891598 0,000494
propag 2,207275 0,000611
properti 0,314711 0,000174
propos 0,510826 0,000424
prospect 2,120264 0,000587
provid 0,061875 0,000103
psycholog 1,469676 0,000407
public 0,127833 0,000071
publicli 1,309333 0,000362
publish 0,105361 0,000088
qquad 3,218876 0,000891
qualit 2,813411 0,003116
qualiti 0,634878 0,000352
quantit 1,469676 0,002034
question 0,597837 0,000331
quieter 3,506558 0,000971
quit 1,347074 0,000373
quorum 2,813411 0,000779
random 0,693147 0,000192
rang 0,371064 0,000616
rate 0,673345 0,000559
rather 0,287682 0,000159
ratio 1,386294 0,000384
rbaycanca 0,248461 0,000069
readeditview 0,287682 0,000159
reason 0,328504 0,000273
recognit 1,078810 0,000299
record 0,400478 0,000111
recov 2,040221 0,000565
recur 2,995732 0,001659
recurr 2,302585 0,000637
reduc 0,274437 0,000380
reduct 1,203973 0,000333
ref 2,407946 0,000667
refer -0,009950 -0,000019
regim 2,120264 0,000587
regist -0,009950 -0,000003
regress 1,771957 0,001472
regul 0,916291 0,000507
regular 0,867501 0,000721
reit 3,506558 0,001942
rel 0,634878 0,000176
relat 0,030459 0,000059
relationship 0,653926 0,001086
reli 0,562119 0,000156
reliabl 0,371064 0,000719
remain 0,400478 0,000222
renew 1,966113 0,001089
repeat 1,469676 0,001221
replenish 2,995732 0,000829
report 0,261365 0,000434
republiclatvia 3,912023 0,001083
reput 1,660731 0,000460
rescher 3,912023 0,001083
research 0,223144 0,000927
reserv 1,272966 0,000352
residu 2,040221 0,004519
resourc 0,248461 0,000275
rest 1,049822 0,000291
restaur 2,525729 0,000699
result 0,139262 0,000154
retail 1,386294 0,001535
retriev -0,009950 -0,000039
return 0,510826 0,000141
reveal 1,203973 0,000333
revenu 1,514128 0,000419
right 0,314711 0,000523
rim 3,506558 0,001942
risk 0,579818 0,000642
riski 2,302585 0,000637
rita 3,506558 0,001942
rmse 3,506558 0,001942
rob 1,832581 0,002029
roger 1,139434 0,000631
roi 1,832581 0,000507
role 0,527633 0,000292
roll 1,560648 0,001296
root 0,733969 0,000203
rossa 3,912023 0,001083
ruedi 3,912023 0,002166
safeti -0,009950 -0,000003
said 0,755023 0,000209
sale 1,049822 0,001744
sampl 1,171183 0,000648
sang 3,506558 0,000971
sarima 3,912023 0,001083
sasic 3,912023 0,001083
saud 3,506558 0,000971
scale 0,371064 0,001027
scenario 1,139434 0,000631
scholar 1,021651 0,000283
school 0,867501 0,000240
scienc 0,274437 0,000304
scientif 0,673345 0,000746
scope 0,891598 0,000247
scopestrateg 3,218876 0,000891
score 1,609438 0,000446
scott 0,891598 0,001481
search -0,009950 -0,000011
season 2,302585 0,022949
section 0,446287 0,000371
sector 1,171183 0,000324
secur 0,274437 0,000076
see -0,009950 -0,000014
seemingli 3,506558 0,000971
seen 0,776529 0,000215
select 0,371064 0,000719
self 0,478036 0,000132
senior 1,714798 0,000475
sequenc 0,820981 0,000455
seri 0,328504 0,001819
serieshidden 3,912023 0,001083
serv 0,713350 0,000197
set 0,051293 0,000227
seven 1,469676 0,000407
seventh 2,659260 0,000736
sever 0,072571 0,000040
seymour 2,407946 0,000667
shakir 3,506558 0,000971
sharealik -0,009950 -0,000003
shoe 3,218876 0,001782
shopper 3,912023 0,001083
short -0,009950 -0,000008
shorten -0,009950 -0,000003
show 0,400478 0,000222
shown 1,237874 0,000685
sidebar -0,009950 -0,000011
signal 0,755023 0,000209
signific 0,261365 0,000145
significantli 1,171183 0,000648
similar 0,150823 0,000084
similarli 0,843970 0,000234
simon 1,021651 0,000283
simpl 0,150823 0,000209
simul 1,021651 0,000566
sinc 0,139262 0,000039
singl 0,127833 0,000071
site -0,009950 -0,000003
situat 0,776529 0,001075
skill 1,427116 0,001580
small 0,314711 0,000087
smooth 1,966113 0,003266
snyder 3,912023 0,001083
social 0,510826 0,000566
societi 0,653926 0,000181
sociolog 1,660731 0,000460
sole 1,609438 0,000446
sometim 0,301105 0,000333
son 1,049822 0,001163
sophist 1,203973 0,000667
sort 1,309333 0,000362
sourc 0,094311 0,000104
special 0,235722 0,000065
specif 0,051293 0,000071
spectral 1,966113 0,000544
spectrum 1,386294 0,000384
spend 1,347074 0,000373
sponsor 1,714798 0,000475
sport 2,040221 0,001130
spyro 3,506558 0,000971
sqrt 2,995732 0,000829
squar 1,203973 0,002000
ssrn 1,427116 0,000395
staff 1,469676 0,000407
stai 1,771957 0,000491
stand 1,078810 0,000597
start 0,261365 0,000145
state 0,083382 0,000046
statement -0,009950 -0,000014
statementsarticl 0,544727 0,000151
statist -0,009950 -0,000019
steer 2,120264 0,000587
stefan 1,560648 0,000432
step 0,713350 0,000987
sterl 3,218876 0,000891
steven 0,867501 0,000480
stochast 1,347074 0,001119
stock 1,309333 0,001450
stoop 3,912023 0,002166
store 0,356675 0,000197
storm 2,207275 0,000611
strateg 1,171183 0,000324
stress 1,660731 0,000460
strive 2,407946 0,000667
strong 0,776529 0,000215
strongest 3,218876 0,000891
structur 0,139262 0,000039
studi 0,314711 0,000523
style 0,941609 0,000261
subject 0,478036 0,000265
subsect 0,020203 0,000022
subsequ 0,916291 0,000254
suitabl 1,237874 0,000343
sum 1,203973 0,003333
summar 1,469676 0,000407
superforecast 3,912023 0,001083
suppli 0,994252 0,001652
support 0,150823 0,000084
suppos 1,771957 0,000491
survei 0,462035 0,000256
sustain 1,171183 0,000324
system 0,010050 0,000022
tabl -0,009950 -0,000006
taesler 3,912023 0,002166
tahmida 3,912023 0,001083
take 0,210721 0,000175
taken 0,867501 0,000480
talent 2,659260 0,000736
target 0,462035 0,000128
tava 3,912023 0,001083
taylor 1,203973 0,000667
tayur 3,912023 0,002166
team 0,634878 0,000352
tech 0,843970 0,000234
technic 0,478036 0,000132
techniqu 0,385662 0,000427
technolog 0,116534 0,000161
telecommun 1,347074 0,000373
temperatur 2,302585 0,000637
templat 0,301105 0,000083
tend 1,108663 0,000307
term -0,009950 -0,000022
terminolog 1,237874 0,000343
test 0,248461 0,000550
tetlock 3,912023 0,001083
text -0,009950 -0,000003
themselv 0,843970 0,000234
theori 0,400478 0,000222
therefor 0,478036 0,000132
thing 0,798508 0,000442
think 1,049822 0,000581
thu 0,314711 0,000349
thucydid 3,912023 0,001083
time 0,000000 0,000000
tinadanskdeutscheestiespa 2,659260 0,000736
titl -0,009950 -0,000003
todai 0,693147 0,000192
toggl -0,009950 -0,000017
tool -0,009950 -0,000014
top -0,009950 -0,000006
topic -0,009950 -0,000003
total 0,673345 0,000559
trademark -0,009950 -0,000003
tradit 0,544727 0,000151
train 0,967584 0,002411
transfer 0,544727 0,000151
transport 0,994252 0,000275
trap 1,966113 0,000544
travel 1,560648 0,000432
tree 0,693147 0,000576
trend 0,733969 0,001016
try 0,994252 0,000551
turchin 3,218876 0,000891
two 0,083382 0,000092
type 0,051293 0,000014
typeof 3,218876 0,000891
typic 0,186330 0,000052
ulf 3,506558 0,000971
ulietuvi 1,049822 0,000291
umbrella 2,407946 0,000667
unadjust 3,912023 0,001083
uncertainti 1,237874 0,000685
uncorrel 3,218876 0,000891
undefin 2,207275 0,000611
under -0,009950 -0,000003
underli 0,693147 0,000384
undermin 2,813411 0,000779
understand 0,342490 0,000095
understood 1,469676 0,000814
uniqu 0,867501 0,000240
unit 0,248461 0,000069
univers 0,139262 0,000039
unobserv 2,995732 0,001659
unsourc 0,446287 0,000494
updat 0,342490 0,000095
upgrad 1,469676 0,000407
urldownload -0,009950 -0,000003
usag 0,579818 0,000161
usual 0,198451 0,000165
utc -0,009950 -0,000003
valid 0,616186 0,000682
valu 0,162519 0,001170
valuabl 2,207275 0,000611
vari 0,478036 0,000265
variabl 0,494296 0,001368
varianc 1,660731 0,000460
variat 0,994252 0,000826
vector 1,237874 0,000343
verac 3,506558 0,000971
version -0,009950 -0,000006
via 0,186330 0,000052
view -0,009950 -0,000006
virginia 2,813411 0,000779
virtual 0,462035 0,000128
visit 1,714798 0,000475
volum 0,616186 0,000341
vtemanag 3,218876 0,000891
vtequalit 3,912023 0,001083
vtequantit 3,506558 0,000971
wai 0,105361 0,000058
war 1,078810 0,000299
warn 1,272966 0,000352
warren 1,897120 0,000525
watcher 3,506558 0,000971
wave 1,560648 0,000864
waveland 3,506558 0,000971
wayback 0,478036 0,000265
weather 1,897120 0,002626
week 1,171183 0,000648
weight 1,108663 0,000921
well 0,051293 0,000085
weng 3,506558 0,000971
wfip 3,912023 0,001083
what -0,009950 -0,000014
wheelwrigt 3,912023 0,001083
wherea 1,049822 0,000581
which 0,000000 0,000000
while 0,051293 0,000085
who 0,301105 0,000167
wide 0,210721 0,000117
wikidataal 2,207275 0,000611
wikidatawebarch 2,813411 0,000779
wikimedia -0,009950 -0,000008
wikipedia -0,009950 -0,000019
wikipediacontact -0,009950 -0,000003
wiktionari 1,832581 0,001015
wilei 0,562119 0,000623
williamson 2,525729 0,000699
wind 1,966113 0,002722
within 0,116534 0,000097
without 0,094311 0,000026
work 0,030459 0,000034
world 0,139262 0,000154
wrong 1,560648 0,000432
year 0,162519 0,000225
yearli 2,525729 0,000699
yield 1,139434 0,000631
york 0,371064 0,000103
zero 0,693147 0,000768
