ability 0,616186 0,000341
absolute 1,832581 0,002537
academic 0,755023 0,000418
accelerating 2,813411 0,000779
accessed 0,916291 0,000761
accomplished 2,120264 0,000587
account -0,009950 -0,000011
accounted 2,120264 0,000587
accounting 1,386294 0,000384
accounts 1,171183 0,000324
accuracy 1,469676 0,009358
accurate 1,560648 0,001728
accurately 1,771957 0,000491
achieved 1,049822 0,000291
across 0,415515 0,000115
action 0,867501 0,000961
actions -0,009950 -0,000006
activities 1,171183 0,000324
activity 0,867501 0,000961
actual 0,941609 0,001825
adapt 1,771957 0,000491
adaptability 2,995732 0,000829
add -0,009950 -0,000003
addition 0,371064 0,000205
additional -0,009950 -0,000003
additive 2,525729 0,000699
addressing 1,469676 0,000407
adhocracy 3,218876 0,000891
adjudicator 3,912023 0,002166
adjusting 2,207275 0,001222
adjustment 2,120264 0,000587
administration 1,237874 0,001371
advice 2,120264 0,001174
advised 2,659260 0,000736
affected 1,660731 0,000460
affects 1,714798 0,000475
afrikaans 1,108663 0,000307
again 1,078810 0,000299
against 0,462035 0,000640
aggregate 2,207275 0,001222
agree -0,009950 -0,000003
ahead 1,427116 0,001185
ais 1,272966 0,000352
albeit 2,995732 0,000829
algorithms 0,693147 0,000384
aligned 2,207275 0,002444
allen 1,714798 0,000475
allocation 1,347074 0,000373
allow 0,287682 0,000080
allowing 0,462035 0,000128
alpha 1,832581 0,001015
alternative 0,527633 0,000146
alternatively 1,427116 0,000395
although 0,287682 0,000239
always 0,597837 0,000166
amit 2,407946 0,000667
amount 0,616186 0,000512
amp -0,009950 -0,000030
analogy 2,659260 0,001472
analysis 0,186330 0,000774
analysts 1,714798 0,000475
analytics 1,049822 0,000291
analyticssupply 3,912023 0,001083
andersson 2,995732 0,000829
andreas 1,771957 0,000491
angela 2,813411 0,000779
anirban 3,912023 0,001083
anne 2,407946 0,000667
annual 0,776529 0,000215
anorganizationon 3,218876 0,000891
another 0,127833 0,000106
answers 1,897120 0,000525
any 0,083382 0,000069
apparel 3,506558 0,000971
apparently 2,813411 0,000779
appearance -0,009950 -0,000006
application 0,127833 0,000071
applications 0,094311 0,000104
applied 0,356675 0,000197
apply -0,009950 -0,000003
approach 0,261365 0,001447
approachassociative 3,506558 0,000971
approaches 0,733969 0,000406
appropriate 0,891598 0,000987
approximately 1,514128 0,000419
april 0,072571 0,000060
archived 0,040822 0,000090
areas 0,755023 0,000418
argue 1,832581 0,000507
arima 2,813411 0,003116
arimarch 3,912023 0,001083
arma 2,813411 0,001558
armax 3,912023 0,001083
armstrong 2,040221 0,003389
array 1,021651 0,000566
art 0,713350 0,000197
article 0,040822 0,000011
articleabout -0,009950 -0,000003
articles 0,020203 0,000034
articletalk -0,009950 -0,000003
artificial 1,078810 0,000896
asked 1,469676 0,000407
aspect 1,386294 0,000768
aspects 0,776529 0,000215
assessment 1,309333 0,000362
assimilate 3,912023 0,001083
association 0,634878 0,000176
assume 1,660731 0,000460
assumption 1,660731 0,000920
athanasopoulos 3,912023 0,002166
atmosphere 2,813411 0,000779
attaching 2,995732 0,000829
attempt 1,049822 0,000291
attempts 0,916291 0,000254
attribution -0,009950 -0,000003
aug 2,659260 0,000736
august 0,162519 0,000135
authority 0,083382 0,000023
automatically 0,653926 0,000181
autoregressive 2,813411 0,002337
available -0,009950 -0,000019
average 1,139434 0,005678
averages 2,407946 0,000667
avoid 0,941609 0,000261
bachelor 2,525729 0,001399
back 0,527633 0,000146
bahasa 0,186330 0,000052
bank 1,108663 0,000614
bar 1,609438 0,000891
barriers 2,207275 0,000611
based 0,010050 0,000036
basic 0,235722 0,000065
basis 0,820981 0,000227
because 0,127833 0,000142
become 0,510826 0,000424
begin 1,309333 0,001087
behavior 0,462035 0,000768
behaviour 1,966113 0,004899
behind 0,867501 0,000240
behnam 3,912023 0,001083
believed 1,897120 0,000525
benchmark 1,966113 0,000544
benefits 1,237874 0,000343
berglund 3,912023 0,001083
best 0,462035 0,000256
beta 1,386294 0,000768
bets 3,912023 0,001083
better 0,494296 0,000274
betting 2,525729 0,002098
bettors 3,912023 0,001083
beyond 0,713350 0,000395
bias 1,660731 0,000920
biased 2,995732 0,000829
bibcode 0,693147 0,000768
big 0,673345 0,000186
bjorn 3,506558 0,000971
bokm 0,127833 0,000035
books 0,544727 0,000151
boss 3,218876 0,000891
box 1,171183 0,000324
brainstorming 2,995732 0,000829
brand 1,832581 0,000507
broad 1,203973 0,000333
budget 2,207275 0,000611
budgeting 2,525729 0,000699
budgets 2,995732 0,001659
bufalo 3,912023 0,002166
building 0,415515 0,000805
buildings 2,207275 0,001222
bursts 2,995732 0,000829
business 0,301105 0,000667
calculated 1,966113 0,000544
calculates 3,218876 0,000891
calculating 2,525729 0,001399
calendar 2,659260 0,000736
calibrated 3,218876 0,000891
called 0,040822 0,000011
cannot 0,314711 0,000523
capability 1,309333 0,000362
capital 1,237874 0,000685
capm 2,995732 0,000829
cari 3,912023 0,001083
case 0,139262 0,000077
cases 0,478036 0,000397
cash 1,386294 0,000384
categories -0,009950 -0,000014
category 0,116534 0,000032
causal 2,120264 0,001761
causality 2,525729 0,000699
cause 0,916291 0,000507
center 0,562119 0,000156
central 0,510826 0,000141
certain 0,274437 0,000152
certified 1,966113 0,000544
chadefaux 3,912023 0,001083
chain 1,049822 0,002325
chakraborty 3,912023 0,001083
change 0,261365 0,000651
changes 0,356675 0,000099
changesupload -0,009950 -0,000006
changing 0,820981 0,000227
chaotic 2,813411 0,000779
chapman 2,120264 0,000587
characteristic 1,560648 0,000432
chart 1,771957 0,000491
chartered 2,407946 0,000667
chartist 3,912023 0,001083
chartists 3,912023 0,001083
charts 1,897120 0,001050
chief 1,609438 0,000446
chong 3,218876 0,001782
choosing 1,832581 0,000507
chowdhury 3,506558 0,000971
christmas 2,659260 0,001472
cid 0,356675 0,000395
circumstances 1,897120 0,000525
citation 0,415515 0,001035
citeseerx 1,347074 0,000746
claimed 1,469676 0,000407
clarification 1,832581 0,001015
class 0,616186 0,000171
classical 1,309333 0,000362
climate 1,386294 0,001535
cliodynamics 3,912023 0,001083
close 0,941609 0,000521
code -0,009950 -0,000011
collaboration 1,272966 0,000352
collaborative 1,714798 0,000950
collated 3,506558 0,000971
college 1,560648 0,000432
collopy 3,912023 0,001083
com 0,150823 0,000084
combination 0,916291 0,000254
comfort 3,218876 0,000891
coming 1,203973 0,000333
commitment 1,832581 0,000507
common 0,072571 0,000060
commons -0,009950 -0,000008
commonswikidata 1,171183 0,000324
communication 0,616186 0,000171
companies 0,597837 0,000331
company 0,462035 0,000256
compare 1,609438 0,000891
compared 0,634878 0,000527
comparing 2,040221 0,001130
comparisons 1,832581 0,001015
compensation 2,207275 0,000611
completely 0,941609 0,000261
complex 0,261365 0,000072
component 0,713350 0,000197
composite 2,120264 0,000587
compute 1,309333 0,001812
computed 1,609438 0,000446
computer 0,139262 0,000039
computing 0,301105 0,000167
concept 0,415515 0,000115
concerns 1,021651 0,000283
conclusion 2,407946 0,000667
conditions 0,843970 0,000701
conduct -0,009950 -0,000003
conference 0,301105 0,000083
confidence 1,832581 0,000507
confidently 3,912023 0,001083
conflict 1,514128 0,001258
conflicts 2,659260 0,001472
confused 1,108663 0,000614
consensus 1,832581 0,001015
considered 0,400478 0,000111
considering 1,347074 0,000373
consistent 1,108663 0,000307
constant 1,660731 0,000460
constructing 2,407946 0,000667
construction 1,049822 0,000291
consulting 1,660731 0,000460
consumer 1,049822 0,000581
consumers 1,272966 0,000352
contact -0,009950 -0,000003
contacts -0,009950 -0,000003
content -0,009950 -0,000003
contents -0,009950 -0,000008
context 0,494296 0,000411
continue 1,139434 0,000315
continuous 1,049822 0,000581
contribute -0,009950 -0,000006
control 0,020203 0,000039
cooke 2,813411 0,000779
cookie -0,009950 -0,000003
corporate 1,078810 0,000299
correct 1,386294 0,000384
correctly 1,832581 0,000507
correlations 2,995732 0,000829
corresponding 1,171183 0,000648
cost 0,478036 0,000265
court 1,469676 0,000407
cox 2,302585 0,000637
crc 1,171183 0,000648
create -0,009950 -0,000006
created 0,430783 0,000119
creating 0,562119 0,000156
creative -0,009950 -0,000003
credence 3,912023 0,001083
credit 1,139434 0,000631
crisis 1,347074 0,000373
critical 0,653926 0,000181
cross 0,562119 0,001089
currency 1,771957 0,000491
current 0,385662 0,000214
curve 1,347074 0,000373
customer 1,139434 0,000946
customs 2,995732 0,000829
cybernetics 2,040221 0,000565
cybersecurity 1,966113 0,001089
cycle 1,049822 0,000581
cyclic 2,659260 0,007362
data 0,030459 0,000413
database 0,579818 0,000161
databases 0,127833 0,000035
date 0,579818 0,000161
day 0,843970 0,000467
days 1,049822 0,000291
debunking 3,218876 0,000891
december 0,061875 0,000069
decide 1,714798 0,000475
decision 0,494296 0,000411
decisions 1,078810 0,002091
decomposition 2,120264 0,000587
decrease 1,966113 0,000544
decreases 2,813411 0,001558
default 0,693147 0,000192
definitively 3,912023 0,001083
degree 1,171183 0,000324
degrees 1,560648 0,000432
della 3,218876 0,000891
delphi 2,407946 0,002000
delta 2,302585 0,000637
demand 1,049822 0,004360
department 0,941609 0,000521
depend 1,171183 0,000648
dependent 1,021651 0,000849
depending 0,673345 0,000186
depends 0,994252 0,000275
described 0,430783 0,000119
description -0,009950 -0,000003
descriptionshort 0,000000 0,000000
desired 1,347074 0,000373
destructing 3,912023 0,001083
determined 1,347074 0,000373
deterministic 1,897120 0,003677
developers -0,009950 -0,000003
development 0,083382 0,000092
deviation 2,302585 0,001275
dfrac 3,912023 0,001083
dictionary 0,673345 0,000373
die 2,040221 0,000565
difference 0,820981 0,000682
different 0,020203 0,000056
differs 1,560648 0,000432
difficult 0,597837 0,000166
dimensional 1,560648 0,000432
disadvantage 2,525729 0,000699
discipline 1,427116 0,000395
disclaimers -0,009950 -0,000003
discusses 2,040221 0,000565
discussion 1,139434 0,000315
displaystyle 1,386294 0,009595
disputed 2,407946 0,000667
distributed 0,478036 0,000132
distribution 0,634878 0,000176
doctor 2,813411 0,000779
doi 0,162519 0,000585
donate -0,009950 -0,000006
done 0,653926 0,000362
double 0,916291 0,000507
download -0,009950 -0,000003
drawing 1,469676 0,000407
drift 3,218876 0,002673
drucker 3,218876 0,000891
due 0,261365 0,000072
dynamical 2,813411 0,000779
dynamics 1,347074 0,001865
earlier 1,139434 0,000315
early 0,301105 0,000083
earned 2,659260 0,000736
earnings 2,302585 0,001275
earthquake 2,302585 0,001912
econometric 2,659260 0,000736
economic 0,843970 0,002337
economics 0,867501 0,000240
economists 1,897120 0,000525
ecosystem 1,171183 0,000324
edit -0,009950 -0,000091
editcommunity -0,009950 -0,000003
edited -0,009950 -0,000003
edition 0,579818 0,000161
education 0,579818 0,000161
edward 1,309333 0,000362
effective 0,994252 0,000275
effectiveness 1,427116 0,000395
efficient 0,494296 0,000274
egain 3,912023 0,002166
either 0,248461 0,000069
electromagnetic 2,040221 0,000565
eliyahu 2,813411 0,000779
ellis 2,525729 0,001399
embraces 3,506558 0,000971
emerging 1,139434 0,000315
emission 2,813411 0,000779
empirical 1,203973 0,000667
employing 2,120264 0,000587
encompassing 2,525729 0,000699
encyclopedia -0,009950 -0,000003
end 0,261365 0,000217
enebu 3,912023 0,001083
energy 0,891598 0,002715
engineering 0,198451 0,000165
english -0,009950 -0,000003
englishsloven 0,510826 0,000141
enough 0,843970 0,000234
ensemble 2,659260 0,000736
ensure 0,994252 0,000275
enterprise 0,510826 0,000141
entrepreneurship 2,659260 0,000736
environmental 1,049822 0,000291
equal 1,347074 0,002238
equals 2,040221 0,000565
equation 1,832581 0,000507
equations 1,714798 0,001424
equivalent 1,021651 0,000283
erhun 3,912023 0,001083
error 0,713350 0,003950
errors 0,733969 0,002642
erss 3,506558 0,001942
essential 0,941609 0,000261
estimate 1,609438 0,000891
estimates 1,560648 0,002160
estimating 1,966113 0,000544
estimation 1,771957 0,000491
eta 3,912023 0,002166
etc 0,562119 0,000311
euro 2,659260 0,000736
evaluating 1,771957 0,000981
even 0,235722 0,000065
events 0,634878 0,000527
eventsrandom -0,009950 -0,000003
everyday 1,897120 0,000525
everything 1,309333 0,000362
evidence 1,309333 0,001087
examiner 3,506558 0,001942
example 0,030459 0,000118
examples 0,328504 0,000364
excess 2,302585 0,000637
exchange 0,693147 0,000960
executive 1,347074 0,000746
exhibit 2,407946 0,000667
existing 0,673345 0,000186
exogenous 3,506558 0,000971
expected 0,693147 0,000768
expenses 2,302585 0,000637
experiences 1,560648 0,000432
expertise 1,897120 0,000525
experts 1,660731 0,001379
exploited 1,897120 0,000525
exploiting 2,120264 0,000587
exponential 2,040221 0,003389
export -0,009950 -0,000003
external 0,030459 0,000017
extrapolate 3,218876 0,000891
extrapolating 3,912023 0,001083
extrapolation 2,995732 0,004147
extrapolations 3,912023 0,001083
extrapolative 3,912023 0,001083
extremely 1,514128 0,000838
fabio 2,813411 0,000779
facility 1,660731 0,000460
factors 1,021651 0,000849
fad 2,407946 0,000667
fall 1,139434 0,000315
faq 1,386294 0,000384
farseer 3,912023 0,002166
fazio 3,912023 0,001083
features 0,371064 0,000103
february 0,061875 0,000017
field 0,527633 0,000292
fields 0,713350 0,000197
filepermanent -0,009950 -0,000003
filespecial -0,009950 -0,000003
final 0,916291 0,000507
finally 1,108663 0,000307
finance 0,843970 0,000234
financial 0,776529 0,001935
find 0,544727 0,000151
first 0,020203 0,000011
fits 2,302585 0,000637
fitting 2,407946 0,001333
five 0,776529 0,000215
fixed 0,494296 0,000274
flexibility 1,660731 0,000460
flexible 1,427116 0,000395
flood 2,813411 0,000779
floods 3,218876 0,000891
flow 0,510826 0,000141
fluctuations 2,659260 0,001472
fluid 1,771957 0,001472
focus 0,755023 0,000209
follow 1,078810 0,000299
follows 0,891598 0,000494
fong 3,506558 0,001942
food 1,609438 0,000891
football 2,995732 0,001659
force 0,867501 0,000240
forecast 1,771957 0,028453
forecasted 3,218876 0,000891
forecaster 3,912023 0,001083
forecasters 3,912023 0,003249
forecasting 1,469676 0,048826
forecastingprinciples 3,912023 0,002166
forecastingstatistical 3,912023 0,001083
forecastingsupply 3,912023 0,001083
forecasts 2,407946 0,020666
foreign 1,139434 0,001262
foresight 2,813411 0,001558
form 0,162519 0,000135
formal 0,673345 0,000373
forum 1,347074 0,000373
forward 1,021651 0,000283
found 0,385662 0,000320
foundation -0,009950 -0,000003
four 0,820981 0,000227
frac 2,302585 0,008287
fran 0,223144 0,000062
francis 1,347074 0,000373
fred 1,966113 0,000544
free -0,009950 -0,000008
french 1,386294 0,000384
frequency 1,078810 0,000299
frequently 0,967584 0,000536
full 0,371064 0,000103
function 0,210721 0,000233
functions 0,356675 0,000197
fund 1,514128 0,000419
fundamental 0,867501 0,000961
fundamentalists 3,912023 0,001083
fundamentals 1,309333 0,000362
further 0,139262 0,000077
futarchy 3,912023 0,004332
future 0,274437 0,001292
futures 1,897120 0,000525
futurology 3,912023 0,001083
gamma 2,995732 0,001659
gases 2,659260 0,000736
gauge 2,525729 0,000699
geisser 3,912023 0,001083
general -0,009950 -0,000011
generalizing 3,218876 0,000891
generally 0,287682 0,000159
generate 0,798508 0,000221
geometric 1,771957 0,001472
geopolitics 3,506558 0,000971
george 0,916291 0,000761
gilchrist 3,912023 0,001083
giuseppe 2,525729 0,001399
give 0,843970 0,000234
given 0,261365 0,000145
global 0,478036 0,000265
gmdh 3,912023 0,002166
goldratt 2,995732 0,000829
good 0,733969 0,001016
governance 1,309333 0,000362
government 0,755023 0,000418
graefe 3,912023 0,001083
granger 2,813411 0,000779
green 0,994252 0,000551
greene 2,525729 0,000699
greenhouse 2,813411 0,000779
groceries 3,912023 0,003249
grocery 3,218876 0,001782
group 0,301105 0,000333
groups 0,891598 0,000247
growth 0,755023 0,000209
guide 0,356675 0,000099
hackage 3,912023 0,001083
haired 3,218876 0,000891
hall 0,653926 0,000181
handbook 0,941609 0,000521
handling 0,798508 0,000663
happening 2,525729 0,000699
hasan 2,302585 0,000637
haskell 1,514128 0,000419
hat 1,966113 0,002177
having 0,579818 0,000161
hdl 1,049822 0,000872
health 0,994252 0,000275
healthcare 1,347074 0,000373
heat 2,207275 0,000611
heating 2,995732 0,000829
helen 2,659260 0,000736
help 0,248461 0,000138
helping 1,771957 0,000491
helplearn -0,009950 -0,000003
henry 1,514128 0,000419
hererelated -0,009950 -0,000003
hfip 3,912023 0,001083
hidden 0,843970 0,000234
hide -0,009950 -0,000011
high 0,223144 0,000062
higher 0,430783 0,000477
hill 0,867501 0,000480
historical 1,021651 0,002546
history -0,009950 -0,000011
hiv 3,912023 0,002166
holds 1,660731 0,000460
holidays 3,912023 0,001083
however 0,094311 0,000052
https -0,009950 -0,000003
human 0,579818 0,000161
hurricane 3,218876 0,001782
hydrology 2,995732 0,000829
hyndman 3,506558 0,004854
hypothesis 1,897120 0,000525
ibn 2,813411 0,000779
icip 3,506558 0,001942
identify 0,867501 0,000240
ieee 0,634878 0,000352
ifs 3,218876 0,000891
ignored 1,832581 0,000507
ijforecast 3,506558 0,000971
image 0,544727 0,000151
imf 2,659260 0,000736
immediately 1,309333 0,000362
impact 0,597837 0,000166
implement 0,755023 0,000209
important 0,287682 0,000080
impossible 1,347074 0,000373
improve 0,274437 0,000076
improved 0,776529 0,000215
improvement 1,203973 0,001667
improvements 1,203973 0,000667
improving 1,171183 0,000324
inaccurate 2,525729 0,000699
inasuomitagalog 3,912023 0,001083
inc -0,009950 -0,000008
include 0,061875 0,000069
included 0,400478 0,000111
includes 0,274437 0,000076
including 0,040822 0,000011
incorporate 1,560648 0,000432
incorporating 1,832581 0,000507
increase 0,544727 0,000754
increases 1,171183 0,000324
increasing 0,916291 0,000254
independent 0,713350 0,000197
index -0,009950 -0,000017
indexes 2,040221 0,000565
indicate 1,272966 0,000352
indicates 1,272966 0,000705
indicator 2,207275 0,000611
indices 2,120264 0,001174
individuals 1,309333 0,000362
indonesia 1,272966 0,000352
indra 3,506558 0,000971
industry 0,527633 0,000146
infected 2,813411 0,000779
infection 2,813411 0,000779
inference 1,560648 0,000432
influence 1,078810 0,000597
influencing 2,207275 0,000611
informal 1,469676 0,000407
information 0,072571 0,000121
informationcite -0,009950 -0,000003
informed 1,560648 0,000432
ingredient 3,912023 0,001083
initial 0,597837 0,000166
innovation 1,078810 0,000299
input 0,733969 0,000203
inputs 1,386294 0,000384
instead 0,301105 0,000083
institute 0,579818 0,000321
institutional 1,771957 0,000491
institutions 1,171183 0,000648
integer 1,272966 0,000705
integrated 0,634878 0,000176
integration 0,673345 0,000186
intelligence 0,693147 0,000576
interest 0,693147 0,000192
interfaces 0,713350 0,000197
interim 2,525729 0,000699
intermediate 1,514128 0,000838
international 0,139262 0,000231
internationalfastnationalczech 3,912023 0,001083
interrupted 2,813411 0,000779
interval 1,514128 0,000419
intervals 2,207275 0,001222
introduction 0,261365 0,000289
intuitive 2,525729 0,000699
invalid 1,897120 0,000525
invalidating 3,912023 0,001083
inventories 2,659260 0,000736
inventory 1,966113 0,002722
investment 1,171183 0,000324
involved 0,916291 0,000761
isbn 0,051293 0,000185
issn 0,478036 0,000397
issue 0,820981 0,000455
issued 1,514128 0,000419
item -0,009950 -0,000003
itself 0,342490 0,000095
january 0,083382 0,000115
jenkins 2,813411 0,000779
john 0,210721 0,000350
jordan 1,714798 0,000475
journal 0,198451 0,000549
jstor 0,843970 0,000234
judged 3,218876 0,000891
judgement 3,218876 0,000891
judgment 2,120264 0,001761
judgmental 3,912023 0,007581
july 0,127833 0,000035
jump -0,009950 -0,000003
june 0,094311 0,000078
kaligasidis 3,912023 0,001083
kesten 3,912023 0,003249
khaldun 3,912023 0,001083
kimberly 2,995732 0,001659
kingdom 1,514128 0,000419
kluwer 2,302585 0,000637
knew 2,813411 0,000779
knowledge 0,616186 0,000171
knowledgeable 3,218876 0,000891
known 0,127833 0,000283
koehler 3,912023 0,002166
komkniga 3,912023 0,001083
kondratiev 3,912023 0,001083
kress 3,912023 0,001083
kyle 2,407946 0,000667
labeled 2,525729 0,000699
lack 0,843970 0,000234
land 1,347074 0,000746
landed 3,218876 0,000891
languages -0,009950 -0,000006
large 0,127833 0,000106
last -0,009950 -0,000019
later 0,223144 0,000062
latvie 0,994252 0,000275
lead 0,673345 0,000373
leadership 2,207275 0,001222
learning 0,494296 0,000137
least 0,527633 0,000584
led 0,446287 0,000124
left 0,916291 0,000761
legal -0,009950 -0,000006
length 1,237874 0,000343
lennon 3,506558 0,000971
less 0,430783 0,000596
level 0,116534 0,000097
levels 0,755023 0,000209
license -0,009950 -0,000003
life 0,653926 0,000181
lifecycle 2,120264 0,000587
like 0,072571 0,000040
likely 0,994252 0,000275
limitations 1,139434 0,001262
limiting 1,966113 0,000544
limits 1,272966 0,000705
lindner 3,218876 0,000891
line 0,356675 0,000099
linear 0,916291 0,001268
linearly 2,659260 0,000736
link 0,162519 0,000045
linkpage -0,009950 -0,000003
links -0,009950 -0,000014
list 0,083382 0,000023
little 0,820981 0,000227
live 1,203973 0,000333
log -0,009950 -0,000006
logility 3,912023 0,001083
logistics 1,966113 0,000544
london 0,941609 0,000521
long 0,287682 0,000398
longitudinal 3,218876 0,000891
look 0,967584 0,001875
loosely 1,897120 0,000525
lorenz 2,995732 0,000829
lottery 3,218876 0,000891
low 0,478036 0,000265
lower 0,776529 0,000215
lowest 1,897120 0,000525
lportugu 3,506558 0,000971
lundberg 3,912023 0,001083
machine 0,083382 0,000046
machines 0,776529 0,000215
macromanagement 3,218876 0,000891
mad 3,506558 0,001942
made 0,186330 0,000103
mae 2,995732 0,001659
magyarnederlandsnorsk 3,912023 0,001083
mahmud 3,218876 0,000891
mahmudul 3,912023 0,001083
main -0,009950 -0,000014
major 0,314711 0,000087
make 0,235722 0,000196
makes 0,415515 0,000115
making 0,328504 0,000455
makridakis 3,912023 0,001083
malakooti 3,506558 0,000971
man 1,139434 0,000631
management 0,139262 0,001118
managementtime 3,912023 0,001083
manager 0,994252 0,000275
managerial 2,407946 0,001333
managerialism 3,218876 0,000891
manufacturing 1,469676 0,000407
many 0,061875 0,000051
mapd 3,912023 0,002166
mape 3,506558 0,003883
march 0,116534 0,000065
margin 2,120264 0,000587
margitta 3,912023 0,001083
mark 0,462035 0,000128
market 0,616186 0,001365
marketing 0,916291 0,000254
markets 1,139434 0,001262
mase 3,912023 0,002166
massachusetts 1,514128 0,000419
master 1,203973 0,000667
materials 1,386294 0,000384
mathbb 2,659260 0,001472
mathematical 0,733969 0,000203
mathematics 0,916291 0,000254
mcgraw 1,108663 0,000614
mean 0,755023 0,002717
measures 0,941609 0,002346
media 0,139262 0,000039
medical 1,139434 0,000631
medium 1,203973 0,000333
meet 0,867501 0,000240
meets 1,966113 0,000544
menu -0,009950 -0,000006
meteorology 2,120264 0,000587
method 0,210721 0,001342
methods 0,274437 0,002811
methodshistorical 3,506558 0,000971
michele 2,207275 0,001222
micromanagement 3,218876 0,000891
middle 1,203973 0,000333
military 1,469676 0,000407
mining 1,021651 0,000283
mobile -0,009950 -0,000003
model 0,162519 0,000540
modeled 1,897120 0,000525
models 0,527633 0,001023
moment 1,609438 0,000446
monetary 1,609438 0,000446
monthly 1,609438 0,000446
months 0,891598 0,000247
moscow 2,525729 0,000699
motivation 2,120264 0,000587
move -0,009950 -0,000011
movements 1,771957 0,000491
moving 0,776529 0,001935
mse 2,302585 0,002550
mspe 3,912023 0,002166
much 0,400478 0,000111
multiple 0,116534 0,000032
multiplicative 3,218876 0,000891
myths 2,525729 0,000699
nahmias 3,912023 0,001083
national 0,562119 0,000156
natsr 2,995732 0,001659
natural 0,733969 0,000406
nature 0,597837 0,000166
navigation -0,009950 -0,000003
necessarily 1,049822 0,000291
needed 0,210721 0,000700
needing 0,597837 0,000166
needs 0,415515 0,000115
network 0,210721 0,000292
networks 0,446287 0,000124
neural 1,609438 0,002673
new 0,010050 0,000008
news 0,446287 0,000124
next 0,400478 0,000111
nicholas 1,560648 0,000432
noise 1,427116 0,000790
non -0,009950 -0,000014
nord 3,912023 0,001083
norwell 3,912023 0,001083
nos 2,995732 0,000829
notation 1,203973 0,001000
note 0,776529 0,000215
noteworthy 3,218876 0,000891
november 0,150823 0,000042
number 0,051293 0,000057
numerical 1,021651 0,000566
objectives 1,660731 0,001379
observation 2,040221 0,002824
observations 2,120264 0,004109
observed 1,469676 0,002034
obtained 1,171183 0,000324
occur 0,916291 0,000254
october 0,139262 0,000077
oecd 2,407946 0,001333
oeis 3,912023 0,001083
off 0,776529 0,000215
office 0,916291 0,000761
often 0,127833 0,000212
oldid -0,009950 -0,000003
oliver 1,660731 0,000460
olsen 3,218876 0,000891
omalu 3,912023 0,001083
ombudsman 3,912023 0,001083
omitted 1,832581 0,000507
one 0,010050 0,000022
operated 1,660731 0,000460
operating 0,462035 0,000256
operations 0,301105 0,000417
opinion 1,560648 0,000864
opinions 2,525729 0,001399
opre 3,912023 0,001083
optimism 3,218876 0,000891
optimization 0,693147 0,000192
ordepartmentmanagedline 3,218876 0,000891
order 0,094311 0,000052
ordinary 1,272966 0,000352
org -0,009950 -0,000003
organization -0,009950 -0,000008
organizational 1,609438 0,000446
organizations 0,798508 0,000221
origin 1,108663 0,000614
original 0,030459 0,000059
orlando 3,218876 0,001782
orrelationship 3,218876 0,000891
otexts 3,912023 0,003249
out 0,261365 0,000072
outcome 2,120264 0,000587
outcomes 2,040221 0,002259
outline 0,653926 0,000181
outlook 2,207275 0,001833
output 0,713350 0,000197
over 0,094311 0,000131
overland 3,506558 0,000971
owing 2,813411 0,000779
pacific 2,120264 0,001174
page -0,009950 -0,000003
pagecontentscurrent -0,009950 -0,000003
pageget -0,009950 -0,000003
pages -0,009950 -0,000003
paid 1,560648 0,000432
parameters 1,021651 0,000566
parametric 1,832581 0,001015
part 0,127833 0,000071
particular 0,301105 0,000083
particularly 0,597837 0,000166
partnership 2,040221 0,000565
past 1,049822 0,003488
patent 1,609438 0,000446
pattern 0,891598 0,000741
patterns 0,776529 0,000645
paul 0,544727 0,000151
pdf 0,139262 0,000347
pdfprintable -0,009950 -0,000003
peace 2,813411 0,000779
people 0,356675 0,000296
percentage 1,514128 0,002934
perception 1,966113 0,000544
perform 0,562119 0,000156
performance 0,261365 0,000507
performs 1,609438 0,000446
period 1,108663 0,005218
periods 1,660731 0,000920
person 1,021651 0,000283
personal -0,009950 -0,000003
peter 0,494296 0,000274
phd 2,040221 0,000565
philip 1,469676 0,000407
php -0,009950 -0,000003
physics 0,994252 0,000275
pioneers 2,207275 0,000611
place 0,597837 0,000331
planning 0,941609 0,003128
plans 1,171183 0,000324
player 1,966113 0,000544
pmad 3,912023 0,001083
pmc 1,272966 0,000705
pmid 0,994252 0,000551
points 0,867501 0,000240
pointy 3,218876 0,000891
poisson 2,302585 0,001275
policy -0,009950 -0,000006
political 1,272966 0,000352
politics 1,771957 0,000491
polling 2,813411 0,000779
polynomial 1,832581 0,000507
pont 3,912023 0,001083
population 1,560648 0,002160
portal 0,597837 0,000166
portalrecent -0,009950 -0,000003
portion 1,832581 0,000507
pose 1,966113 0,000544
positions 1,771957 0,000491
possible 0,287682 0,000080
pound 2,813411 0,000779
power 0,400478 0,000222
practical 0,634878 0,000352
practice 0,371064 0,000616
practices 1,139434 0,000315
practitioners 1,609438 0,000891
precursor 2,040221 0,000565
predetermined 2,525729 0,000699
predict 1,469676 0,003255
predictability 2,995732 0,000829
predictable 2,302585 0,001275
predicted 1,966113 0,000544
predicting 2,207275 0,003055
prediction 1,832581 0,011669
predictions 2,207275 0,004278
predictive 2,040221 0,001130
predictors 2,813411 0,000779
predicts 2,207275 0,000611
preferred 1,560648 0,000432
prepare 2,525729 0,000699
presence 1,139434 0,000315
present 0,597837 0,000166
press 0,210721 0,000233
previous 0,843970 0,000467
price 1,021651 0,000283
prices 1,560648 0,000432
principles 0,597837 0,000828
print -0,009950 -0,000003
prior 0,891598 0,000247
privacy -0,009950 -0,000006
private 0,693147 0,000384
probabilistic 1,897120 0,000525
probability 1,078810 0,000299
problem 0,385662 0,000107
probnet 3,912023 0,001083
procedure 1,386294 0,000768
process 0,116534 0,000258
processing 0,356675 0,000099
produce 0,916291 0,000254
produced 0,820981 0,000227
product 0,579818 0,000642
production 0,798508 0,001105
profit -0,009950 -0,000011
program 0,328504 0,000091
programs 0,494296 0,000137
project 0,314711 0,000349
projection 2,659260 0,000736
projects -0,009950 -0,000006
promotions 3,506558 0,001942
propagation 2,302585 0,000637
property 0,776529 0,000430
proposed 0,713350 0,000592
prospects 2,813411 0,000779
provide 0,174353 0,000193
provided 0,494296 0,000274
psychology 1,514128 0,000419
public 0,248461 0,000138
publicly 1,309333 0,000362
published 0,328504 0,000182
publishers 1,514128 0,000419
qquad 3,218876 0,000891
qualitative 2,813411 0,003116
quality 0,673345 0,000373
quantitative 1,514128 0,002096
question 0,941609 0,000261
questions 1,171183 0,000324
quieter 3,506558 0,000971
quite 1,514128 0,000419
quorum 2,813411 0,000779
random 0,843970 0,000234
range 0,446287 0,000741
rate 0,755023 0,000418
rather 0,287682 0,000159
ratings 2,407946 0,000667
ratio 1,469676 0,000407
rbaycanca 0,248461 0,000069
readeditview 0,287682 0,000159
reasonable 1,609438 0,000446
reasons 0,891598 0,000494
recognition 1,078810 0,000299
records 0,994252 0,000275
recover 2,525729 0,000699
recur 3,912023 0,001083
recurrent 2,659260 0,000736
recurs 3,506558 0,000971
reduce 0,673345 0,000559
reducing 1,021651 0,000566
reductions 2,995732 0,000829
ref 2,407946 0,000667
refer 0,867501 0,000480
reference 0,478036 0,000265
references 0,020203 0,000011
referred 0,446287 0,000124
regime 2,407946 0,000667
registered -0,009950 -0,000003
regression 1,832581 0,001522
regular 1,049822 0,000872
regulates 3,506558 0,000971
regulation 1,139434 0,000315
reits 3,506558 0,001942
relate 1,832581 0,000507
related 0,051293 0,000028
relation 1,347074 0,000746
relational 1,714798 0,000950
relationship 0,891598 0,001234
relationships 1,171183 0,000324
relative 1,108663 0,000307
reliability 1,021651 0,000283
reliable 0,616186 0,000512
reliably 2,302585 0,001912
rely 1,139434 0,000315
remained 1,771957 0,000491
remaining 1,309333 0,000362
renewable 2,120264 0,001174
repeat 2,659260 0,001472
repeats 2,995732 0,000829
replenishment 2,995732 0,000829
report 0,462035 0,000512
reports 1,049822 0,000581
republiclatvia 3,912023 0,001083
reputation 2,040221 0,000565
rescher 3,912023 0,001083
research 0,261365 0,000796
researchers 0,820981 0,000909
reserved 2,120264 0,000587
residual 2,207275 0,001833
residuals 2,995732 0,004147
resource 0,733969 0,000610
resources 0,314711 0,000087
rest 1,108663 0,000307
restaurant 2,813411 0,000779
result 0,371064 0,000103
results 0,446287 0,000371
retail 1,560648 0,000432
retailer 3,218876 0,000891
retailers 2,120264 0,001174
retrieved -0,009950 -0,000039
returns 1,560648 0,000432
reveal 2,040221 0,000565
revenue 1,609438 0,000446
right 0,478036 0,000794
rim 3,506558 0,001942
risk 0,597837 0,000662
risky 2,302585 0,000637
rita 3,506558 0,001942
rmse 3,506558 0,001942
rob 1,832581 0,002029
roger 1,309333 0,000725
role 0,634878 0,000352
roll 2,207275 0,000611
rolling 2,120264 0,000587
rolls 2,659260 0,000736
root 0,994252 0,000275
rossa 3,912023 0,001083
roy 1,966113 0,000544
ruedi 3,912023 0,002166
safety -0,009950 -0,000003
said 0,755023 0,000209
sales 1,171183 0,001945
sample 1,469676 0,000814
sang 3,506558 0,000971
sarima 3,912023 0,001083
sasic 3,912023 0,001083
saud 3,506558 0,000971
scale 0,494296 0,000411
scaled 1,832581 0,003044
scales 2,120264 0,000587
scenario 1,897120 0,001050
scholars 1,966113 0,000544
school 1,078810 0,000299
science 0,287682 0,000319
scientific 0,693147 0,000768
scope 0,941609 0,000261
scopestrategic 3,218876 0,000891
scores 2,813411 0,000779
scott 0,891598 0,001481
search -0,009950 -0,000011
season 2,995732 0,005806
seasonal 2,995732 0,013270
seasonality 3,506558 0,010679
seasons 3,912023 0,002166
sectional 2,995732 0,002488
sectors 2,040221 0,000565
security 0,314711 0,000087
see -0,009950 -0,000014
seemingly 3,506558 0,000971
seen 0,776529 0,000215
select 1,347074 0,000746
selected 1,386294 0,000384
selection 1,021651 0,001131
self 0,478036 0,000132
senior 1,714798 0,000475
sequence 0,994252 0,000275
sequences 1,514128 0,000419
series 0,328504 0,001819
serieshidden 3,912023 0,001083
serve 1,139434 0,000315
set 0,083382 0,000277
sets 0,776529 0,000645
setting 1,171183 0,000324
seven 1,469676 0,000407
seventh 2,659260 0,000736
several 0,094311 0,000052
seymour 2,407946 0,000667
shakir 3,506558 0,000971
sharealike -0,009950 -0,000003
shoes 3,506558 0,001942
shoppers 3,912023 0,001083
short -0,009950 -0,000008
shortened -0,009950 -0,000003
show 0,867501 0,000240
shown 1,237874 0,000685
shows 1,139434 0,000315
sidebar -0,009950 -0,000011
signals 1,203973 0,000333
significant 0,328504 0,000182
significantly 1,171183 0,000648
similar 0,186330 0,000103
similarly 0,843970 0,000234
simon 1,108663 0,000307
simple 0,150823 0,000209
simulate 2,659260 0,000736
simulation 1,309333 0,000362
since 0,139262 0,000039
single 0,127833 0,000071
site -0,009950 -0,000003
situation 1,272966 0,000352
situations 1,237874 0,001371
skill 2,995732 0,001659
skills 1,660731 0,000920
small 0,314711 0,000087
smooth 2,525729 0,001399
smoothing 2,525729 0,002797
snyder 3,912023 0,001083
social 0,527633 0,000584
societies 2,040221 0,000565
sociology 1,832581 0,000507
solely 2,207275 0,000611
sometimes 0,301105 0,000333
sons 1,108663 0,001228
sophisticated 1,237874 0,000685
sort 1,609438 0,000446
source 0,186330 0,000103
sources 0,446287 0,000247
specialized 0,843970 0,000234
specific 0,094311 0,000131
spectral 1,966113 0,000544
spectrum 1,386294 0,000384
spending 1,714798 0,000475
sponsored 2,040221 0,000565
sports 2,207275 0,001222
spyros 3,506558 0,000971
sqrt 2,995732 0,000829
square 1,609438 0,000446
squared 2,525729 0,002098
squares 1,966113 0,001089
ssrn 1,427116 0,000395
staff 1,469676 0,000407
standing 1,966113 0,001089
start 0,843970 0,000234
starting 0,755023 0,000209
state 0,235722 0,000131
statement -0,009950 -0,000006
statements 0,314711 0,000261
statementsarticles 0,544727 0,000151
statistical 0,776529 0,000860
statistics -0,009950 -0,000008
stay 1,966113 0,000544
steering 2,207275 0,000611
stefan 1,560648 0,000432
step 0,967584 0,001339
sterling 3,218876 0,000891
steven 0,916291 0,000507
stochastic 1,347074 0,001119
stock 1,386294 0,001535
stoop 3,912023 0,002166
store 0,733969 0,000203
stores 1,272966 0,000352
storm 2,407946 0,000667
strategic 1,171183 0,000324
stress 1,897120 0,000525
striving 3,912023 0,001083
strong 0,776529 0,000215
strongest 3,218876 0,000891
structure 0,314711 0,000087
studies 0,673345 0,000932
study 0,510826 0,000141
style 0,994252 0,000275
subjective 2,659260 0,001472
subsection 0,020203 0,000022
subsequent 1,469676 0,000407
suitable 1,347074 0,000373
sum 1,347074 0,003729
summarized 2,120264 0,000587
superforecasting 3,912023 0,001083
supply 1,171183 0,001945
support 0,198451 0,000055
supported 0,634878 0,000176
suppose 2,302585 0,000637
surveys 1,714798 0,000950
sustainable 1,469676 0,000407
system 0,030459 0,000025
systems 0,061875 0,000086
table -0,009950 -0,000006
taesler 3,912023 0,002166
tahmida 3,912023 0,001083
take 0,527633 0,000292
taken 0,867501 0,000480
takes 0,634878 0,000176
talent 2,813411 0,000779
targets 1,272966 0,000352
tava 3,912023 0,001083
taylor 1,203973 0,000667
tayur 3,912023 0,002166
team 0,776529 0,000430
tech 0,967584 0,000268
technical 0,478036 0,000132
technique 0,994252 0,000275
techniques 0,544727 0,000452
technology 0,186330 0,000258
telecommunications 1,469676 0,000407
temperatures 3,218876 0,000891
template 0,328504 0,000091
tend 1,386294 0,000384
term 0,223144 0,000309
terminology 1,309333 0,000362
terms -0,009950 -0,000008
test 0,673345 0,001305
testing 0,616186 0,000171
tetlock 3,912023 0,001083
text -0,009950 -0,000003
themselves 0,843970 0,000234
theory 0,400478 0,000222
therefore 0,478036 0,000132
things 0,843970 0,000467
thinking 1,832581 0,001015
thucydides 3,912023 0,001083
thus 0,328504 0,000364
time 0,010050 0,000081
times 0,314711 0,000261
tinadanskdeutscheestiespa 2,659260 0,000736
title -0,009950 -0,000003
today 0,693147 0,000192
toggle -0,009950 -0,000017
tool 0,653926 0,000181
tools -0,009950 -0,000011
top -0,009950 -0,000006
topic -0,009950 -0,000003
total 0,673345 0,000559
trademark -0,009950 -0,000003
traditional 0,544727 0,000151
training 1,078810 0,002688
transferable 3,506558 0,000971
transport 1,203973 0,000333
trap 2,659260 0,000736
traveller 3,912023 0,001083
tree 0,843970 0,000701
trend 1,237874 0,001028
trends 1,021651 0,000566
try 1,427116 0,000395
trying 1,609438 0,000446
turchin 3,218876 0,000891
two 0,083382 0,000092
type 0,150823 0,000042
typeof 3,218876 0,000891
typically 0,223144 0,000062
ulf 3,506558 0,000971
ulietuvi 1,049822 0,000291
umbrella 2,407946 0,000667
unadjusted 3,912023 0,001083
uncertainty 1,237874 0,000685
uncorrelated 3,218876 0,000891
undefined 2,207275 0,000611
under -0,009950 -0,000003
underlying 0,755023 0,000418
undermine 3,506558 0,000971
understanding 0,562119 0,000156
understood 1,469676 0,000814
unique 0,916291 0,000254
united 0,527633 0,000146
university 0,186330 0,000052
unobserved 3,218876 0,001782
unsourced 0,446287 0,000494
update 0,527633 0,000146
upgraded 2,995732 0,000829
urldownload -0,009950 -0,000003
usage 0,597837 0,000166
use -0,009950 -0,000039
used -0,009950 -0,000058
useful 0,634878 0,000352
uses 0,094311 0,000052
using -0,009950 -0,000019
usually 0,223144 0,000185
utc -0,009950 -0,000003
validation 1,237874 0,001371
valuable 2,207275 0,000611
value 0,301105 0,001250
values 0,597837 0,001821
variable 0,843970 0,001869
variables 0,891598 0,000494
variance 1,714798 0,000475
variation 1,714798 0,000475
variations 1,514128 0,000838
varies 1,427116 0,000395
vary 1,049822 0,000291
vector 1,309333 0,000362
veracity 3,506558 0,000971
version -0,009950 -0,000006
via 0,186330 0,000052
view -0,009950 -0,000006
virginia 2,813411 0,000779
virtual 0,527633 0,000146
visiting 2,659260 0,000736
volume 0,616186 0,000341
vtemanagement 3,218876 0,000891
vtequalitative 3,912023 0,001083
vtequantitative 3,506558 0,000971
war 1,272966 0,000352
warning 1,714798 0,000475
warren 1,897120 0,000525
watchers 3,506558 0,000971
wave 1,897120 0,001050
waveland 3,506558 0,000971
way 0,198451 0,000110
wayback 0,478036 0,000265
weather 1,966113 0,002722
week 1,514128 0,000419
weeks 1,771957 0,000491
weighted 1,897120 0,001576
well 0,051293 0,000085
weng 3,506558 0,000971
wfip 3,912023 0,001083
what -0,009950 -0,000014
wheelwrigt 3,912023 0,001083
whereas 1,049822 0,000581
which 0,000000 0,000000
while 0,051293 0,000085
who 0,301105 0,000167
wide 0,597837 0,000331
wikidataall 2,207275 0,000611
wikidatawebarchive 2,813411 0,000779
wikimedia -0,009950 -0,000008
wikipedia -0,009950 -0,000019
wikipediacontact -0,009950 -0,000003
wiktionary 1,832581 0,001015
wiley 0,562119 0,000623
williamson 2,525729 0,000699
wind 2,040221 0,002259
winds 3,912023 0,001083
within 0,116534 0,000097
without 0,094311 0,000026
working 0,478036 0,000132
works 0,693147 0,000576
world 0,139262 0,000154
wrong 1,660731 0,000460
year 0,579818 0,000642
yearly 2,525729 0,000699
years 0,274437 0,000076
yield 1,660731 0,000460
yields 2,120264 0,000587
york 0,371064 0,000103
zero 0,733969 0,000813
