abstract 0,713350 0,000202
academ 0,693147 0,000392
accord 0,287682 0,000163
account -0,009950 -0,000017
accur 1,203973 0,000340
acquisit 1,203973 0,000340
action -0,009950 -0,000003
actual 0,597837 0,000169
actuari 2,302585 0,000651
add -0,009950 -0,000003
addit -0,009950 -0,000006
address 0,342490 0,000097
adesi 3,912023 0,002211
adjust 1,078810 0,002439
advanc 0,235722 0,000200
advis 1,771957 0,000501
advisori 2,302585 0,000651
afrikaan 1,108663 0,000313
agenc 1,108663 0,000313
agent 0,733969 0,000207
agre -0,009950 -0,000003
agreement 1,078810 0,000305
agricultur 1,347074 0,000381
ai 0,673345 0,000190
aim 0,634878 0,000179
alfr 2,207275 0,000624
algebra 1,347074 0,001903
algorithm 0,462035 0,000131
alloc 0,941609 0,000798
alon 1,272966 0,000360
along 0,462035 0,000261
alpha 1,832581 0,001036
altern 0,342490 0,000097
american 0,415515 0,000470
amongst 2,120264 0,000599
amp -0,009950 -0,000051
analysi 0,186330 0,001737
analysisopt 3,912023 0,001105
analyst 1,272966 0,001079
analyt 0,798508 0,000451
anatoli 3,506558 0,000991
ancient 1,660731 0,000469
angel 2,120264 0,001797
angu 2,995732 0,000846
appear -0,009950 -0,000006
appli -0,009950 -0,000017
applic 0,030459 0,000026
approxim 0,891598 0,000504
april 0,072571 0,000021
arbitrag 2,659260 0,006763
arch 1,897120 0,001072
archiv 0,040822 0,000023
area 0,478036 0,000405
arithmet 1,272966 0,000719
arrow 1,966113 0,000556
art 0,673345 0,000190
articl 0,000000 0,000000
articleabout -0,009950 -0,000003
articletalk -0,009950 -0,000003
assar 3,912023 0,001105
asset 1,139434 0,008693
associ 0,127833 0,000072
assum 0,891598 0,000252
assumpt 1,171183 0,000331
asymptot 2,302585 0,000651
attack 0,867501 0,000245
attempt 0,478036 0,000270
attent 1,203973 0,000340
attilio 3,912023 0,001105
attribut -0,009950 -0,000006
audit 1,660731 0,000469
austrian 2,407946 0,000680
author 0,040822 0,000046
autom 0,597837 0,000169
avail -0,009950 -0,000003
award 1,609438 0,000910
bacheli 3,912023 0,003316
bachelir 3,912023 0,001105
backward 1,514128 0,000856
bad 1,347074 0,000381
bahasa 0,186330 0,000053
balanc 1,139434 0,000322
bank 0,941609 0,003193
baron 2,995732 0,001693
barron 3,218876 0,000910
bartter 3,506558 0,001982
base 0,010050 0,000011
basel 2,302585 0,000651
basi 0,820981 0,000464
basic 0,198451 0,000112
bastiat 2,995732 0,000846
baumol 2,995732 0,000846
bawerk 2,995732 0,000846
becaus 0,127833 0,000036
becker 2,659260 0,000751
becom 0,274437 0,000078
behavior 0,342490 0,000290
behaviour 1,832581 0,001036
benoit 2,659260 0,000751
bep 3,912023 0,001105
berkshir 3,506558 0,000991
best 0,462035 0,000131
bet 2,120264 0,000599
beta 1,386294 0,000392
better 0,494296 0,000140
bgm 3,912023 0,002211
big 0,673345 0,000190
binomi 2,302585 0,005856
biologi 1,347074 0,000381
bit 1,078810 0,000305
bjerksund 3,912023 0,002211
black 1,203973 0,006804
blackboard 3,912023 0,002211
blackjack 3,912023 0,001105
blog 0,713350 0,000202
blyth 3,912023 0,001105
board 0,843970 0,000238
bob 1,832581 0,000518
bodi 0,867501 0,000245
bond 1,832581 0,005696
book 0,210721 0,000179
bootstrap 2,040221 0,001153
bound 1,171183 0,000331
boundari 1,427116 0,000403
brace 2,525729 0,001427
branch 1,021651 0,000577
brown 1,237874 0,000350
brownian 3,506558 0,009908
bubbl 1,560648 0,000882
buchanan 2,659260 0,000751
buddhist 2,995732 0,000846
budget 1,832581 0,001036
bui 1,237874 0,001049
build 0,274437 0,000078
built 0,462035 0,000131
bull 2,813411 0,001590
busi 0,287682 0,000732
buyout 2,813411 0,000795
calcul 0,916291 0,000259
calculu 1,560648 0,004410
calibr 2,659260 0,002254
calif 3,506558 0,000991
call 0,030459 0,000052
callexoticput 3,912023 0,001105
cannot 0,314711 0,000089
cap 1,560648 0,000441
capit 0,994252 0,003933
capm 2,995732 0,001693
card 0,994252 0,000281
carlo 1,714798 0,002423
carr 3,506558 0,001982
cash 1,386294 0,001567
catal 0,094311 0,000027
categori -0,009950 -0,000014
caus 0,430783 0,000122
causal 2,120264 0,000599
cdo 3,912023 0,001105
centr 1,469676 0,000831
central 0,478036 0,000270
certain 0,274437 0,000078
certif 1,078810 0,000610
chain 0,843970 0,000715
challeng 0,400478 0,000453
chang 0,051293 0,000116
changesupload -0,009950 -0,000006
chapman 2,120264 0,000599
character 1,203973 0,000340
characterist 0,843970 0,000238
charl 0,941609 0,000266
chartal 2,659260 0,000751
chemistri 1,427116 0,000403
chen 1,309333 0,000740
cheyett 3,912023 0,001105
chicago 1,609438 0,000455
choic 0,755023 0,000427
christian 1,560648 0,000441
circuit 0,967584 0,000273
citat 0,248461 0,000070
cite 0,597837 0,000338
claim 0,634878 0,000359
clark 1,514128 0,000428
classic 0,544727 0,000308
climat 1,386294 0,000392
close 0,356675 0,000101
cluster 1,272966 0,000360
code -0,009950 -0,000006
collateralis 3,912023 0,001105
com 0,150823 0,000085
combinator 2,120264 0,000599
commod 1,469676 0,000831
common -0,009950 -0,000006
commonswikidata 1,171183 0,000331
commun 0,139262 0,000079
commut 2,302585 0,000651
compani 0,342490 0,000097
complet 0,223144 0,000126
complex 0,186330 0,000369
compon 0,261365 0,000148
comput 0,020203 0,000074
concav 3,218876 0,000910
concentr 1,966113 0,000556
concept 0,198451 0,000056
concern 0,597837 0,000507
condit 0,579818 0,000328
conduct -0,009950 -0,000003
conduit 3,912023 0,001105
conflict 1,309333 0,000370
consensu 1,832581 0,000518
conserv 1,897120 0,000536
consid 0,274437 0,000233
constant 1,660731 0,001408
construct 0,579818 0,000164
consum 0,653926 0,000185
consumpt 1,139434 0,000322
contact -0,009950 -0,000006
contemporari 1,347074 0,000381
content -0,009950 -0,000011
continu 0,174353 0,000296
contract 0,994252 0,001124
contrast 0,891598 0,000252
contribut -0,009950 -0,000006
control 0,020203 0,000017
convert 1,049822 0,000297
convex 2,659260 0,000751
cooki -0,009950 -0,000003
copula 3,218876 0,002729
corpor 0,562119 0,001112
correl 1,347074 0,000761
cost 0,385662 0,000218
count 0,916291 0,000259
counter 1,660731 0,000939
countri 0,867501 0,000245
cournot 2,813411 0,000795
cours 0,967584 0,000273
cox 2,302585 0,001301
crank 3,912023 0,002211
crash 1,560648 0,000441
crc 1,171183 0,000331
creat -0,009950 -0,000006
creativ -0,009950 -0,000003
credibl 2,407946 0,000680
credit 0,867501 0,002942
crime 1,469676 0,000831
crisi 1,347074 0,000381
critic 0,385662 0,000654
critiqu 2,120264 0,001797
cross 0,562119 0,000159
culat 3,912023 0,001105
cultur 1,049822 0,000297
cumul 2,995732 0,000846
currenc 1,660731 0,000939
current 0,210721 0,000238
curv 1,309333 0,002220
cvar 3,218876 0,000910
cycl 0,867501 0,000245
damag 1,771957 0,000501
dan 0,916291 0,000259
danger 1,514128 0,000856
data 0,030459 0,000009
databas 0,072571 0,000021
deal 0,843970 0,000238
debit 2,659260 0,000751
debt 1,966113 0,002778
dec 2,040221 0,000576
decis 0,400478 0,000226
decomposit 2,120264 0,000599
deep 1,078810 0,000305
deepen 3,912023 0,001105
default 0,693147 0,000783
defend 1,966113 0,000556
defin 0,116534 0,000066
definit 0,186330 0,000053
degre 0,916291 0,000259
delta 2,302585 0,000651
demand 0,820981 0,000232
democrat 2,407946 0,000680
demograph 1,897120 0,000536
denot 1,386294 0,001567
densiti 1,660731 0,000469
depend 0,105361 0,000060
deposit 1,771957 0,003004
deriv 0,494296 0,004190
derivativescap 3,912023 0,001105
derman 3,506558 0,002972
describ 0,174353 0,000049
descript -0,009950 -0,000003
descriptionshort 0,000000 0,000000
design 0,040822 0,000012
determin 0,342490 0,000290
deutschespa 3,912023 0,001105
develop -0,009950 -0,000014
deviat 1,771957 0,000501
di 1,771957 0,000501
diego 2,813411 0,000795
differ 0,010050 0,000020
differenti 0,916291 0,003625
diffus 1,966113 0,000556
dimens 1,347074 0,000761
dimension 1,560648 0,000441
diophantin 2,525729 0,000714
disciplin 1,203973 0,000680
disclaim -0,009950 -0,000003
discount 2,120264 0,001198
discov 1,108663 0,000313
discret 1,049822 0,001187
disequilibrium 2,995732 0,000846
disinvest 2,995732 0,000846
displaystyl 1,386294 0,002350
disput 1,309333 0,000370
distribut 0,198451 0,001346
diversif 2,120264 0,001198
divest 2,995732 0,000846
doctor 1,832581 0,000518
domain 0,544727 0,000154
donat -0,009950 -0,000006
doob 3,912023 0,001105
dormant 3,506558 0,000991
dow 2,525729 0,002141
down 0,597837 0,000169
download -0,009950 -0,000003
drawdown 3,218876 0,000910
durat 2,040221 0,000576
earn 1,660731 0,000939
eco 2,302585 0,000651
ecolog 1,560648 0,000882
econom 0,653926 0,004989
econometr 1,966113 0,001667
economi 1,309333 0,000370
economist 1,514128 0,001711
econophys 3,912023 0,002211
edgeworth 2,995732 0,002539
edit -0,009950 -0,000037
editcommun -0,009950 -0,000003
educ 0,494296 0,000279
edward 1,139434 0,000644
effect 0,274437 0,000078
effici 0,287682 0,000081
effort 0,653926 0,000185
elast 2,407946 0,001361
element 0,301105 0,000170
elementari 1,771957 0,000501
elsevi 1,203973 0,000340
emanuel 2,813411 0,000795
emerg 0,527633 0,000149
empir 1,108663 0,000940
employ 1,832581 0,000518
encyclopedia -0,009950 -0,000003
energi 0,843970 0,000238
engin 0,061875 0,000140
english -0,009950 -0,000003
enterpris 0,446287 0,000504
enunci 3,912023 0,001105
envelop 2,659260 0,000751
environ 0,385662 0,000218
environment 1,049822 0,000593
equat 1,386294 0,006659
equiti 1,771957 0,002003
ergod 3,506558 0,001982
eros 3,218876 0,000910
error 0,430783 0,000122
esg 2,525729 0,001427
esscher 3,912023 0,001105
establish 0,634878 0,000179
estat 1,832581 0,000518
estim 0,820981 0,000928
etc 0,562119 0,000159
euclidean 2,302585 0,000651
evalu 0,562119 0,000159
eventsrandom -0,009950 -0,000003
ever 1,272966 0,000360
evolut 0,820981 0,000232
evolutionari 1,832581 0,001036
examin 0,867501 0,000245
exampl 0,020203 0,000006
excerpt 1,714798 0,000485
exchang 0,579818 0,000655
execut 0,356675 0,000101
exercis 2,120264 0,000599
exist 0,186330 0,000105
exot 3,506558 0,000991
expect 0,494296 0,000838
expenditur 2,525729 0,000714
experiment 0,916291 0,000518
exploit 1,078810 0,000305
export -0,009950 -0,000003
extend 0,385662 0,000109
extens 0,342490 0,000097
extrapol 2,813411 0,002385
fabozzi 3,218876 0,002729
factorprob 3,912023 0,001105
fail 0,693147 0,000196
fair 1,427116 0,001613
fat 1,966113 0,000556
feminist 2,659260 0,000751
feynman 2,813411 0,001590
field 0,314711 0,000445
figur 1,272966 0,000360
fileperman -0,009950 -0,000003
filespeci -0,009950 -0,000003
film 1,386294 0,000392
final 0,494296 0,000140
financ 0,843970 0,020032
financealtern 3,912023 0,001105
financeappli 3,912023 0,001105
financetempl 3,912023 0,001105
financi 0,776529 0,011410
finit 1,560648 0,003087
first 0,020203 0,000023
fischer 2,995732 0,001693
fisher 2,040221 0,000576
fix 0,385662 0,000109
floor 2,120264 0,001198
flow 0,430783 0,000365
focu 0,755023 0,000213
focus 0,653926 0,000370
fokker 3,912023 0,001105
follow 0,072571 0,000062
font 2,525729 0,001427
fool 2,407946 0,000680
forecast 1,078810 0,000305
foreign 1,139434 0,000322
former 1,049822 0,000297
formula 1,427116 0,003226
forward 0,941609 0,000798
foundat -0,009950 -0,000006
founder 1,714798 0,000485
fourier 2,040221 0,001729
fraction 1,514128 0,000856
framework 0,287682 0,000244
fran 0,223144 0,000063
frank 1,203973 0,000340
free -0,009950 -0,000025
freiwirtschaft 2,995732 0,000846
french 1,347074 0,000381
frequenc 1,078810 0,000305
friedman 1,771957 0,000501
frisch 2,813411 0,000795
frontier 1,469676 0,000415
fulfil 1,771957 0,000501
full 0,371064 0,000105
function 0,030459 0,000069
fund 0,941609 0,001596
fundament 0,478036 0,000946
further 0,139262 0,000197
furthermor 1,272966 0,000360
futur 0,235722 0,000666
galbraith 2,995732 0,000846
game 0,478036 0,000270
gamma 2,995732 0,002539
garch 3,506558 0,001982
garman 3,912023 0,002211
gatarek 3,912023 0,002211
gaussian 2,040221 0,004612
gener -0,009950 -0,000025
geograph 1,078810 0,000305
geometr 1,771957 0,001502
geometri 1,347074 0,000761
georg 0,843970 0,000238
georgism 2,995732 0,000846
gesel 2,995732 0,000846
gesk 3,912023 0,002211
get 0,430783 0,000122
gillian 3,218876 0,000910
girsanov 3,912023 0,002211
give 0,446287 0,000126
given 0,261365 0,000148
glossari 0,867501 0,000490
goal 0,562119 0,000635
gone 2,207275 0,000624
good 0,616186 0,000174
gossen 2,995732 0,000846
govern 0,544727 0,000616
graph 0,967584 0,000273
greater 0,755023 0,000213
greek 1,832581 0,001036
greenspan 2,407946 0,000680
group 0,186330 0,000053
growth 0,733969 0,001037
hall 0,653926 0,000370
hand 0,494296 0,000140
handl 0,415515 0,000117
happi 2,302585 0,001301
harder 2,040221 0,000576
harmon 1,714798 0,000485
harold 2,120264 0,000599
harrison 2,995732 0,000846
hathawai 3,506558 0,000991
haven 2,659260 0,001503
hawk 2,813411 0,000795
hayek 2,659260 0,000751
hazard 1,966113 0,001667
health 0,994252 0,000281
heat 1,966113 0,001111
heath 3,218876 0,000910
heavili 1,203973 0,000340
heckscher 2,995732 0,000846
hedg 2,040221 0,002306
help 0,174353 0,000049
helplearn -0,009950 -0,000003
henri 1,427116 0,000403
hererel -0,009950 -0,000003
heston 3,912023 0,002211
heterodox 2,995732 0,000846
hick 2,659260 0,000751
hide -0,009950 -0,000011
high 0,223144 0,000063
highli 0,867501 0,000245
histor 0,579818 0,000164
histori -0,009950 -0,000037
hit 1,469676 0,000415
hjm 3,506558 0,001982
hold 0,579818 0,000328
homolog 2,525729 0,000714
homotopi 2,525729 0,000714
hopp 2,659260 0,000751
horizon 1,714798 0,000485
hous 0,820981 0,000232
hrvatskiidobahasa 1,203973 0,000340
http -0,009950 -0,000003
hull 2,407946 0,001361
human 0,527633 0,000149
humanist 2,659260 0,000751
hypercomplex 2,525729 0,000714
idea 0,527633 0,000149
identifi 0,356675 0,000101
immun 2,525729 0,000714
impact 0,544727 0,000462
implement 0,105361 0,000030
impli 0,994252 0,001686
implic 1,309333 0,000370
implicit 1,514128 0,000428
import 0,162519 0,000046
improb 3,912023 0,001105
improv 0,150823 0,000043
inappropri 2,525729 0,000714
inc -0,009950 -0,000003
incl 3,506558 0,000991
includ 0,000000 0,000000
inclus 1,514128 0,000428
incom 1,272966 0,000360
incomplet 1,966113 0,001111
incorpor 0,755023 0,000427
incorrectli 2,302585 0,000651
increas 0,287682 0,000081
increasingli 0,776529 0,000658
indemn 3,218876 0,000910
index -0,009950 -0,000008
indic 0,356675 0,000101
individu 0,314711 0,000089
indonesiaitaliano 1,237874 0,000350
inelig 3,912023 0,001105
inflat 2,040221 0,000576
influenti 1,897120 0,001072
inform 0,061875 0,000122
informationcit -0,009950 -0,000003
infrastructur 0,673345 0,000190
ingersol 3,218876 0,001819
initi 0,235722 0,000067
input 0,634878 0,000179
institut 0,446287 0,000757
instrument 1,049822 0,000297
insur 1,427116 0,000807
interdisciplinarystatist 3,912023 0,001105
interest 0,478036 0,000810
intern 0,040822 0,000058
internationalgndnationalunit 1,108663 0,000313
intertempor 3,912023 0,001105
interv 1,386294 0,000392
intrins 1,714798 0,000969
introduc 0,210721 0,000060
introduct 0,210721 0,000179
invent 1,021651 0,000289
invers 1,897120 0,001072
invest 0,967584 0,006288
investor 1,609438 0,001819
involv 0,415515 0,000117
ioanni 3,218876 0,000910
irrelev 2,659260 0,000751
irwin 2,659260 0,000751
isbn 0,051293 0,000116
iso 1,309333 0,000370
item -0,009950 -0,000003
ivori 3,218876 0,000910
januari 0,083382 0,000071
jarrow 3,218876 0,000910
jensen 2,995732 0,000846
jersei 1,714798 0,000485
jevon 2,813411 0,000795
john 0,198451 0,000112
johnson 1,714798 0,001938
jone 1,386294 0,000392
journal 0,186330 0,000263
jump -0,009950 -0,000011
june 0,094311 0,000027
kac 3,912023 0,002211
kalecki 2,995732 0,000846
kalotai 3,912023 0,002211
karasinski 3,912023 0,002211
karatza 3,912023 0,001105
karoui 3,912023 0,001105
kei 0,314711 0,000178
kernel 1,171183 0,000662
keyn 2,995732 0,000846
keynesian 2,995732 0,001693
knight 1,966113 0,000556
knot 2,407946 0,000680
know 0,653926 0,000185
knowledg 0,597837 0,000169
known 0,127833 0,000036
kohlhagen 3,912023 0,002211
koopman 2,659260 0,000751
krugman 2,659260 0,000751
kurtosi 2,995732 0,000846
kuznet 2,995732 0,000846
laborder 3,912023 0,001105
labour 2,525729 0,000714
lam 2,813411 0,000795
lang 1,660731 0,000469
langevin 3,912023 0,001105
languag -0,009950 -0,000006
larg 0,127833 0,000108
last -0,009950 -0,000003
late 0,733969 0,000207
latter 0,916291 0,000259
lattic 3,218876 0,001819
lausann 2,995732 0,000846
law 0,653926 0,000739
learn 0,162519 0,000046
least 0,527633 0,000298
lee 0,994252 0,000562
legal -0,009950 -0,000006
lemma 2,995732 0,001693
length 1,237874 0,000350
leontief 2,995732 0,000846
lesli 2,659260 0,000751
less 0,430783 0,000122
letter 0,843970 0,000715
leverag 1,237874 0,000350
liabil 2,040221 0,000576
libor 3,506558 0,001982
licens -0,009950 -0,000006
lietuvi 2,302585 0,000651
like 0,051293 0,000014
lindbeck 3,912023 0,001105
line 0,261365 0,000074
linear 0,916291 0,000777
link -0,009950 -0,000014
linkpag -0,009950 -0,000003
liquid 1,771957 0,002003
list 0,051293 0,000174
listarticl 3,218876 0,000910
loan 1,966113 0,002222
local 0,314711 0,000178
locat 0,527633 0,000149
log -0,009950 -0,000011
logarithm 2,659260 0,000751
logic 0,616186 0,000174
long 0,287682 0,000081
longer 0,755023 0,000213
longstaff 3,506558 0,001982
loss 0,891598 0,000252
loui 1,771957 0,001502
low 0,478036 0,000270
lsm 3,912023 0,001105
luca 1,714798 0,001454
lunch 3,218876 0,000910
lux 0,371064 0,000105
machin 0,040822 0,000012
macroeconom 2,207275 0,001871
madan 3,912023 0,002211
magazin 0,755023 0,000427
main -0,009950 -0,000020
mainstream 1,832581 0,000518
maint 0,798508 0,000677
make 0,061875 0,000035
malliavin 3,506558 0,000991
malthu 2,995732 0,000846
malthusian 2,995732 0,000846
manag 0,105361 0,000715
managementcategoriescredit 3,506558 0,000991
mandelbrot 2,995732 0,001693
mandevil 2,995732 0,000846
mani 0,061875 0,000035
manifesto 2,302585 0,001301
march 0,116534 0,000198
margin 1,560648 0,001764
margrab 3,912023 0,002211
market 0,446287 0,003909
marketmathemat 3,912023 0,001105
markov 1,771957 0,002503
markowitz 3,912023 0,003316
marshal 2,040221 0,000576
martingal 3,218876 0,007276
martingalesderiv 3,912023 0,001105
marx 2,813411 0,000795
marxian 2,995732 0,000846
master 0,941609 0,000266
mastro 3,912023 0,001105
match 0,400478 0,000113
mathbb 2,659260 0,003757
mathbf 2,995732 0,000846
mathemat 0,616186 0,010099
mathematician 1,966113 0,002778
mean 0,083382 0,000071
measur 0,371064 0,000419
measuresvalu 3,912023 0,001105
mechan 0,356675 0,000101
melayunederland 2,040221 0,000576
memori 0,562119 0,000477
menger 2,995732 0,000846
menn 3,912023 0,001105
menu -0,009950 -0,000006
mercantil 2,407946 0,000680
merger 1,966113 0,000556
merton 3,218876 0,004548
method 0,150823 0,000597
methodrisk 3,912023 0,001105
methodsinterest 3,912023 0,001105
meucci 3,218876 0,000910
meyer 2,525729 0,000714
michael 0,385662 0,000109
microeconom 2,302585 0,000651
mill 2,207275 0,000624
miller 1,469676 0,000415
mise 2,659260 0,000751
mislead 2,659260 0,000751
mix 0,891598 0,000252
mobil -0,009950 -0,000003
model 0,116534 0,003425
modelsconcept 3,912023 0,001105
modern 0,314711 0,000445
modigliani 3,506558 0,000991
moment 1,560648 0,000441
monei 1,171183 0,001324
monetari 1,609438 0,000910
money 3,912023 0,002211
mont 2,302585 0,003253
moral 2,302585 0,000651
mortgag 2,302585 0,000651
morton 2,995732 0,000846
motion 1,771957 0,004006
motiv 1,272966 0,000360
move -0,009950 -0,000011
movement 1,108663 0,000313
much 0,400478 0,000453
multi 0,342490 0,000290
multifract 3,506558 0,001982
multilinear 2,120264 0,000599
multipl 0,094311 0,000080
multivari 1,966113 0,000556
musiela 3,912023 0,002211
mutual 1,386294 0,000392
myrdal 2,995732 0,000846
myron 3,912023 0,002211
name 0,162519 0,000138
nassim 3,218876 0,001819
nation 0,527633 0,000149
natur 0,356675 0,000302
navig -0,009950 -0,000003
necessari 0,616186 0,000174
necessarili 1,049822 0,000297
need 0,030459 0,000009
nelson 2,040221 0,001153
nen 2,813411 0,000795
neo 2,120264 0,001198
neoclass 2,995732 0,001693
neumann 1,771957 0,000501
neutral 1,771957 0,004506
new 0,010050 0,000026
next 0,400478 0,000113
nichola 1,560648 0,000882
nicol 2,995732 0,000846
nicolson 3,912023 0,002211
nikodym 3,912023 0,002211
nobel 2,813411 0,003180
non -0,009950 -0,000011
nonlinear 1,966113 0,001111
normal 0,673345 0,000951
norton 2,302585 0,000651
notabl 0,616186 0,000174
num 2,995732 0,000846
number 0,040822 0,000023
numer 0,430783 0,000974
oblig 1,832581 0,000518
observ 0,820981 0,000696
oclc 0,891598 0,000756
ofc 3,912023 0,001105
offer 0,248461 0,000070
offshor 2,040221 0,000576
often 0,127833 0,000072
oldid -0,009950 -0,000003
oleuskara 1,514128 0,000428
omega 2,813411 0,001590
onfin 3,912023 0,001105
oper 0,010050 0,000011
operationsredistribut 3,912023 0,001105
oppos 1,237874 0,000700
optim 0,415515 0,001292
option 0,527633 0,003578
order 0,094311 0,000053
org -0,009950 -0,000003
organ -0,009950 -0,000006
ori 3,218876 0,000910
origin -0,009950 -0,000008
ostrom 2,995732 0,000846
out 0,261365 0,000074
outlin 0,562119 0,001906
over 0,094311 0,000080
overlap 1,309333 0,000370
oxford 0,843970 0,000238
page -0,009950 -0,000006
pagecontentscurr -0,009950 -0,000003
pageget -0,009950 -0,000003
panic 2,659260 0,000751
paramet 0,755023 0,000213
parametr 1,771957 0,001001
pareto 2,407946 0,000680
paristech 3,912023 0,001105
pariti 2,659260 0,002254
park 1,771957 0,000501
part 0,072571 0,000021
partial 0,916291 0,001295
particip 1,021651 0,000577
paul 0,544727 0,000462
payment 1,347074 0,000761
pde 3,912023 0,004422
pdf 0,139262 0,000079
pdfprintabl -0,009950 -0,000003
pension 2,040221 0,000576
perform 0,040822 0,000046
perhap 1,660731 0,000469
period 0,713350 0,000403
person -0,009950 -0,000008
personnel 1,966113 0,000556
philosophi 0,994252 0,000281
php -0,009950 -0,000003
physic 0,446287 0,000252
physicist 2,525729 0,000714
physiocraci 2,995732 0,000846
pierr 1,966113 0,000556
pigou 2,995732 0,000846
piketti 2,995732 0,000846
pioneer 1,272966 0,000360
pke 2,995732 0,000846
plain 1,514128 0,000428
plan 0,430783 0,000365
planck 3,218876 0,000910
planner 2,525729 0,001427
pliska 3,912023 0,001105
plu 1,203973 0,000340
plural 2,407946 0,000680
poeici 3,912023 0,001105
poisson 2,302585 0,000651
polanyi 2,813411 0,000795
polici -0,009950 -0,000011
polit 1,078810 0,000610
polskiportugu 0,916291 0,000259
pool 1,660731 0,000469
portal 0,494296 0,000419
portalrec -0,009950 -0,000003
portalvt 2,040221 0,000576
portfolio 1,771957 0,009012
posit 0,616186 0,000348
possibl 0,186330 0,000053
post 0,478036 0,000135
power 0,261365 0,000074
practic 0,186330 0,000105
predict 0,733969 0,000207
premium 2,207275 0,000624
premiumadvanc 3,912023 0,001105
prentic 0,994252 0,000281
present 0,287682 0,000081
press 0,210721 0,000119
price 0,798508 0,016020
pricingfundament 3,912023 0,001105
princip 1,237874 0,000700
principl 0,385662 0,000109
print -0,009950 -0,000003
privaci -0,009950 -0,000006
privat 0,634878 0,000359
prize 1,966113 0,002778
probabl 0,843970 0,003339
problem 0,186330 0,000158
process 0,051293 0,000232
processesbrownian 3,912023 0,001105
product 0,174353 0,000099
profession 0,673345 0,000190
profil 1,021651 0,000577
profit -0,009950 -0,000022
program 0,116534 0,000230
project -0,009950 -0,000003
proport 1,771957 0,000501
prospect 2,120264 0,000599
provid 0,061875 0,000017
psycholog 1,469676 0,000831
public 0,127833 0,000253
publish 0,105361 0,000060
purchas 1,139434 0,000322
put 0,755023 0,000427
quadrat 2,407946 0,002041
quadratur 3,218876 0,001819
quant 3,506558 0,000991
quantil 3,506558 0,001982
quantit 1,469676 0,007890
quantum 1,171183 0,000993
quesnai 2,995732 0,000846
rachev 3,912023 0,001105
radon 3,912023 0,002211
rair 3,506558 0,000991
random 0,693147 0,000588
raroc 3,506558 0,000991
rate 0,673345 0,002664
rather 0,287682 0,000081
ratio 1,386294 0,003134
ration 1,660731 0,001408
rbaycancabosanski 2,995732 0,000846
read 0,162519 0,000092
readeditview 0,287682 0,000163
real 0,210721 0,000417
realiz 1,309333 0,000740
recent 0,562119 0,000159
recess 2,659260 0,000751
recreat 1,832581 0,000518
redirect 0,673345 0,000190
refer -0,009950 -0,000008
refinanc 3,218876 0,000910
region 1,108663 0,000313
regist -0,009950 -0,000003
regul 0,916291 0,000777
regulatori 1,427116 0,000403
relat 0,030459 0,000017
relationship 0,653926 0,001478
relev 0,798508 0,000226
reli 0,562119 0,000159
reliabl 0,371064 0,000105
remain 0,400478 0,000226
render 0,994252 0,000281
rendleman 3,506558 0,001982
replac 0,494296 0,000279
replic 1,609438 0,000455
report 0,261365 0,000074
represent 0,634878 0,000359
republicisraelotheryal 1,714798 0,000485
repurchas 3,218876 0,000910
reput 1,660731 0,000469
requir 0,051293 0,000029
research 0,223144 0,000189
reserv 1,272966 0,000719
resourc 0,248461 0,000070
result 0,139262 0,000039
retail 1,386294 0,000783
retirementstud 3,912023 0,001105
retriev -0,009950 -0,000025
return 0,510826 0,000722
revenu 1,514128 0,000856
review 0,314711 0,000089
reward 2,207275 0,000624
rho 3,506558 0,000991
ricardo 2,120264 0,000599
riksbank 3,218876 0,000910
risk 0,579818 0,015401
riski 2,302585 0,000651
riskquantit 3,912023 0,001105
robert 0,527633 0,000447
robinson 2,525729 0,000714
roll 1,560648 0,000882
ross 1,560648 0,000882
rothbard 2,813411 0,000795
ruin 2,407946 0,000680
run 0,248461 0,000140
rural 2,813411 0,000795
sabr 3,506558 0,001982
safeti -0,009950 -0,000003
sai 0,616186 0,000174
said 0,755023 0,000213
samuelson 2,995732 0,001693
san 1,203973 0,000340
satisfi 1,347074 0,000381
scale 0,371064 0,000105
scandal 1,771957 0,000501
scenario 1,139434 0,000644
schmidt 2,207275 0,000624
scholarli 3,218876 0,000910
schole 3,506558 0,007927
school 0,867501 0,000490
schumach 2,813411 0,000795
schumpet 2,995732 0,000846
schwartz 2,302585 0,001301
scienc 0,274437 0,000388
search -0,009950 -0,000011
secaucu 3,912023 0,001105
second 0,328504 0,000093
sector 1,171183 0,000331
secur 0,274437 0,001008
securit 2,659260 0,000751
see -0,009950 -0,000025
select 0,371064 0,000315
self 0,478036 0,000135
sell 1,139434 0,001288
sen 2,302585 0,000651
separ 0,400478 0,000339
septemb 0,150823 0,000128
seri 0,328504 0,000371
seriou 1,832581 0,000518
servic 0,210721 0,000119
set 0,051293 0,000058
settlement 1,660731 0,000939
shape 1,078810 0,000305
share 0,301105 0,000085
sharealik -0,009950 -0,000003
sharp 1,966113 0,002778
shift 1,021651 0,000577
short -0,009950 -0,000017
shorten -0,009950 -0,000003
shortfal 3,506558 0,000991
shreve 3,912023 0,002211
side 0,579818 0,000983
sidebar -0,009950 -0,000011
siegel 3,218876 0,001819
similar 0,150823 0,000043
simon 1,021651 0,000289
simpl 0,150823 0,000043
simul 1,021651 0,000289
sink 2,813411 0,000795
site -0,009950 -0,000003
skew 2,302585 0,001301
smile 3,218876 0,001819
smith 1,139434 0,000966
snell 2,995732 0,000846
social 0,510826 0,000577
socialist 2,813411 0,000795
sociolog 1,660731 0,000469
solow 2,995732 0,000846
solut 0,478036 0,000135
solv 0,820981 0,000232
son 1,049822 0,000593
sophist 1,203973 0,000680
sortino 3,506558 0,001982
sovereign 2,525729 0,000714
sowel 2,995732 0,000846
specialist 1,660731 0,000469
specif 0,051293 0,000014
spectrum 1,386294 0,000783
specul 1,714798 0,004361
spend 1,347074 0,000761
spot 1,514128 0,000428
spread 1,171183 0,000331
springer 0,527633 0,000447
squar 1,203973 0,000340
sraffa 2,995732 0,000846
srom 1,609438 0,000455
srpskisuomisvenska 1,714798 0,000485
stabil 1,469676 0,000415
stabl 0,867501 0,000490
standard 0,094311 0,000053
state 0,083382 0,000047
statement -0,009950 -0,000008
statementsarticl 0,544727 0,000154
statesczech 2,525729 0,000714
statist -0,009950 -0,000034
statisticshidden 3,912023 0,001105
stensland 3,912023 0,002211
step 0,713350 0,000202
stephen 0,843970 0,000238
steve 1,078810 0,000305
steven 0,867501 0,000245
stiglitz 2,525729 0,000714
stochast 1,347074 0,007613
stock 1,309333 0,004070
stockbrok 2,995732 0,000846
stockholm 2,813411 0,000795
stop 0,967584 0,000547
strateg 1,171183 0,000662
strategi 0,733969 0,000207
street 1,203973 0,000340
stress 1,660731 0,000469
structur 0,139262 0,000315
student 1,049822 0,000593
studi 0,314711 0,000178
subject 0,478036 0,000405
subsect 0,020203 0,000011
subtop 3,912023 0,001105
suitabl 1,237874 0,000350
super 1,771957 0,000501
suppli 0,994252 0,001124
survei 0,462035 0,000261
surviv 1,609438 0,001364
sustain 1,171183 0,001324
sverig 3,506558 0,000991
svetlozar 3,912023 0,001105
swan 2,659260 0,001503
swap 1,966113 0,010000
swaption 3,912023 0,003316
switch 0,916291 0,000518
syndic 2,813411 0,000795
synthesi 1,714798 0,000485
synthet 1,771957 0,000501
system 0,010050 0,000011
systemat 1,078810 0,000915
tabl -0,009950 -0,000006
tail 1,966113 0,001111
take 0,210721 0,000119
taleb 3,218876 0,002729
tax 1,560648 0,001764
taxat 2,525729 0,000714
taxationdeficit 3,912023 0,001105
technic 0,478036 0,000810
techniqu 0,385662 0,000218
technolog 0,116534 0,000033
templat 0,301105 0,000510
tenet 3,912023 0,002211
term -0,009950 -0,000017
test 0,248461 0,000070
tett 3,912023 0,001105
text -0,009950 -0,000003
thaler 2,813411 0,000795
thank 2,207275 0,000624
theorem 1,171183 0,002647
theori 0,400478 0,004300
therefor 0,478036 0,000405
thermo 2,995732 0,000846
thesi 1,832581 0,000518
theta 3,218876 0,000910
think 1,049822 0,000297
thorp 3,912023 0,002211
though 0,544727 0,000154
thought 1,108663 0,000313
thu 0,314711 0,000356
tim 0,867501 0,000245
time 0,000000 0,000000
timelin 0,733969 0,000207
tina 1,771957 0,000501
tinbergen 2,995732 0,000846
titl -0,009950 -0,000003
todai 0,693147 0,000196
toggl -0,009950 -0,000011
toi 2,207275 0,001247
tool -0,009950 -0,000028
toolsasymptot 3,912023 0,001105
top -0,009950 -0,000003
topic -0,009950 -0,000008
topolog 1,514128 0,000428
toward 0,713350 0,000202
tower 2,525729 0,000714
toxic 2,207275 0,001247
track 0,713350 0,000202
trade 0,916291 0,001812
trademark -0,009950 -0,000003
trader 2,207275 0,000624
tradit 0,544727 0,000154
train 0,967584 0,000273
transact 0,673345 0,000190
transfer 0,544727 0,000308
transform 0,544727 0,000462
transformsprob 3,912023 0,001105
transformstochast 3,912023 0,001105
transport 0,994252 0,000562
tree 0,693147 0,001567
trend 0,733969 0,000207
treynor 3,912023 0,001105
trinomi 3,912023 0,004422
truli 1,897120 0,000536
trust 0,820981 0,000232
two 0,083382 0,000047
type 0,051293 0,000029
typic 0,186330 0,000105
under -0,009950 -0,000003
underli 0,693147 0,000196
univers 0,139262 0,000118
unless 1,237874 0,000350
unsourc 0,446287 0,000252
until 0,510826 0,000144
urban 1,966113 0,000556
urldownload -0,009950 -0,000003
usa 1,427116 0,000403
utc -0,009950 -0,000003
util 0,597837 0,000338
valu 0,162519 0,000643
valuat 2,120264 0,011383
vanilla 3,218876 0,000910
vanish 2,995732 0,000846
vanna 3,912023 0,003316
var 1,966113 0,000556
vari 0,478036 0,000135
varianc 1,660731 0,005631
variat 0,994252 0,000281
vasicek 3,506558 0,001982
veblen 2,995732 0,000846
vega 3,506558 0,000991
ventur 1,714798 0,000969
verlag 1,832581 0,000518
version -0,009950 -0,000003
versu 1,347074 0,001142
view -0,009950 -0,000003
viewpoint 1,966113 0,000556
viscos 3,912023 0,001105
volatil 1,714798 0,009691
volga 3,912023 0,003316
volum 0,616186 0,000174
von 1,469676 0,002076
vteeconomicstheoret 2,995732 0,000846
vtefinanci 3,218876 0,000910
vtegener 3,912023 0,001105
vtemajor 2,302585 0,000651
vtemathemat 3,912023 0,001105
walk 2,120264 0,001198
wall 1,237874 0,000350
walra 2,995732 0,000846
warrant 2,659260 0,000751
water 1,386294 0,000392
welfar 2,207275 0,000624
whalei 3,912023 0,004422
what -0,009950 -0,000011
whether 0,400478 0,000113
which 0,000000 0,000000
while 0,051293 0,000058
white 1,108663 0,000627
who 0,301105 0,000170
whose 0,776529 0,000219
wieser 2,995732 0,000846
wikidataal 2,207275 0,000624
wikimedia -0,009950 -0,000006
wikipedia -0,009950 -0,000017
wikipediacontact -0,009950 -0,000003
wikiproject 1,832581 0,000518
wilei 0,562119 0,000318
william 0,616186 0,000522
wilmott 3,506558 0,002972
wilson 1,469676 0,000831
within 0,116534 0,000033
without 0,094311 0,000027
work 0,030459 0,000060
world 0,139262 0,000394
worst 2,120264 0,000599
www 0,356675 0,000101
xva 3,506558 0,002972
year 0,162519 0,000092
yield 1,139434 0,000966
york 0,371064 0,000210
