abandoned 1,966113 0,000327
abandonment 3,912023 0,000651
ability 0,616186 0,000103
abolished 3,912023 0,000651
aborted 3,506558 0,000584
absolute 1,832581 0,000305
accept 1,427116 0,000238
accepted 1,171183 0,000195
access 0,287682 0,000287
accord 2,813411 0,002811
according 0,301105 0,000301
accordingly 2,120264 0,000353
account -0,009950 -0,000018
accounted 2,120264 0,001059
accounts 1,171183 0,000585
accumulated 2,525729 0,000421
achieve 0,843970 0,000141
achieved 1,049822 0,000175
acquisition 1,427116 0,000238
across 0,415515 0,000069
act 0,967584 0,000806
acting 2,120264 0,000353
action 0,867501 0,000144
actions -0,009950 -0,000003
active 0,843970 0,000281
activities 1,171183 0,000195
activity 0,867501 0,000578
actors 1,966113 0,000327
actual 0,941609 0,000157
actually 1,108663 0,000369
add -0,009950 -0,000003
adding 0,597837 0,000100
addition 0,371064 0,000247
additional -0,009950 -0,000010
adjustment 2,120264 0,000353
advantage 0,941609 0,000157
aed 3,506558 0,000584
affect 1,347074 0,001122
affecting 1,714798 0,000286
affects 1,714798 0,000286
africa 1,966113 0,000327
african 2,040221 0,000340
afterwards 2,995732 0,000499
again 1,078810 0,000180
against 0,462035 0,000231
agencies 1,660731 0,000277
agent 0,994252 0,000166
agents 1,309333 0,000436
ages 2,302585 0,000383
aggressive 2,525729 0,000421
agree -0,009950 -0,000005
agreed 1,427116 0,000951
agreement 1,171183 0,000585
agreements 2,207275 0,001103
agricultural 1,771957 0,000295
aim 1,347074 0,000224
airports 2,813411 0,000469
aisgaeilgegalego 1,427116 0,000238
aite 3,912023 0,000651
alan 1,049822 0,000350
aldorshot 3,912023 0,000651
alex 1,469676 0,000245
alexander 1,237874 0,000412
algorithms 0,693147 0,000115
align 2,659260 0,000443
allow 0,287682 0,000144
allowed 0,634878 0,000317
allowing 0,462035 0,000077
almost 0,798508 0,000133
already 0,776529 0,000129
alternative 0,527633 0,000088
although 0,287682 0,000048
always 0,597837 0,000199
america 0,994252 0,000331
american 0,446287 0,000149
among 0,356675 0,000059
amount 0,616186 0,000103
amounts 1,309333 0,001090
amp -0,009950 -0,000020
amsterdam 1,966113 0,000327
analysis 0,186330 0,000093
anchoring 3,912023 0,000651
anchors 2,995732 0,000499
ancient 1,660731 0,002489
andy 1,714798 0,000286
angela 2,813411 0,000469
annual 0,776529 0,000647
annum 3,912023 0,000651
another 0,127833 0,000170
anticipate 2,995732 0,000499
anticipated 2,207275 0,000368
anticipations 3,912023 0,000651
any 0,083382 0,000167
apparent 2,525729 0,000421
appearance -0,009950 -0,000003
applications 0,094311 0,000016
applied 0,356675 0,000059
apply -0,009950 -0,000003
appreciation 3,218876 0,000536
approach 0,261365 0,000044
april 0,072571 0,000254
arbitrage 2,659260 0,000443
archived 0,040822 0,000034
areas 0,755023 0,000126
argentinian 3,912023 0,001303
argued 1,386294 0,000231
argument 1,347074 0,000224
argumentswebarchive 3,912023 0,000651
arlie 3,912023 0,000651
around 0,356675 0,000238
article 0,040822 0,000048
articleabout -0,009950 -0,000002
articles 0,020203 0,000013
articletalk -0,009950 -0,000002
artists 2,813411 0,000469
ashgate 3,912023 0,001303
ashton 2,995732 0,000499
asia 1,560648 0,000520
asian 2,407946 0,000802
ask 1,832581 0,000916
aspired 3,912023 0,000651
assault 3,218876 0,000536
asset 1,386294 0,001616
assets 1,347074 0,001346
assists 2,995732 0,000499
association 0,634878 0,000317
assumptions 1,560648 0,000260
atkin 3,912023 0,000651
attack 1,078810 0,000180
attempt 1,049822 0,000175
attracted 2,407946 0,000401
attribution -0,009950 -0,000002
aud 3,506558 0,001168
audusd 3,912023 0,000651
august 0,162519 0,000135
australia 1,309333 0,000218
australian 2,525729 0,000841
authority 0,083382 0,000014
available -0,009950 -0,000003
avebury 3,912023 0,000651
average 1,139434 0,000379
averaged 3,506558 0,000584
averages 2,407946 0,000401
aversion 3,218876 0,001608
back 0,527633 0,000264
bahasa 0,186330 0,000031
baht 3,506558 0,000584
balance 1,966113 0,001310
balances 2,302585 0,000383
balancing 1,832581 0,000305
banco 2,995732 0,000499
band 2,207275 0,000368
bank 1,108663 0,007939
banking 1,347074 0,001795
bankrupt 2,995732 0,000499
banks 1,560648 0,008317
bantam 3,912023 0,000651
barriers 2,207275 0,000368
barter 2,995732 0,000998
base 0,755023 0,000251
based 0,010050 0,000007
basel 2,302585 0,000767
basic 0,235722 0,000039
bear 2,407946 0,000401
beard 3,506558 0,000584
bearing 2,659260 0,000443
bears 2,813411 0,000469
became 0,579818 0,000097
because 0,127833 0,000149
becomes 0,916291 0,000153
becoming 1,108663 0,000185
began 0,634878 0,000529
beginner 3,506558 0,000584
beginning 0,776529 0,000388
begins 1,609438 0,000268
behalf 2,207275 0,001103
behavior 0,462035 0,000154
behind 0,867501 0,000289
benson 2,995732 0,000499
berg 2,659260 0,000443
berlin 1,469676 0,000245
best 0,462035 0,000154
better 0,494296 0,000412
betting 2,525729 0,000421
bias 1,660731 0,000277
bible 3,218876 0,000536
biblical 3,912023 0,000651
biblo 3,912023 0,000651
bid 2,525729 0,001262
biggest 1,897120 0,000316
bilateral 3,218876 0,000536
billion 1,139434 0,001328
billions 2,407946 0,000401
bis 2,813411 0,000469
blame 2,813411 0,000469
blamed 2,995732 0,000499
bloomfield 3,506558 0,000584
board 0,916291 0,000153
bond 2,040221 0,001699
bonds 2,302585 0,000383
book 0,478036 0,000159
books 0,544727 0,000272
border 2,040221 0,001019
borrow 2,813411 0,000469
borrowing 2,407946 0,000401
bought 1,832581 0,000305
boundaries 1,660731 0,000553
brawley 3,912023 0,001303
brazilian 2,659260 0,000443
breaks 1,966113 0,000327
bretton 3,506558 0,005255
brill 3,506558 0,001168
bristol 3,912023 0,000651
britain 2,207275 0,000735
british 1,203973 0,000401
brl 3,912023 0,000651
broader 1,309333 0,000218
broker 2,207275 0,000368
brokers 2,525729 0,004627
broking 3,506558 0,000584
bromiley 3,912023 0,000651
brown 1,309333 0,000218
bubbles 2,659260 0,000886
budget 2,207275 0,001838
building 0,415515 0,000069
bulls 3,218876 0,000536
bundesbank 3,506558 0,001168
bureau 1,660731 0,000277
bureaux 3,912023 0,003257
business 0,301105 0,000351
butcher 3,912023 0,000651
buy 1,514128 0,001009
buyer 2,525729 0,000841
buyers 2,040221 0,000340
buyout 2,813411 0,000469
byzantine 2,659260 0,000443
cad 2,995732 0,000499
calculates 3,218876 0,000536
called 0,040822 0,000027
cambridge 0,755023 0,000880
canada 1,427116 0,000475
canadian 1,714798 0,000857
cannot 0,314711 0,000105
capacity 1,237874 0,000412
capital 1,237874 0,002474
capitalize 2,813411 0,000469
capitalized 2,659260 0,000443
carried 1,514128 0,000252
carry 1,469676 0,001224
cartwright 3,912023 0,000651
case 0,139262 0,000046
cases 0,478036 0,000080
cash 1,386294 0,000231
catal 0,094311 0,000016
categories -0,009950 -0,000003
category 0,116534 0,000039
cato 3,912023 0,000651
caused 1,049822 0,000524
causes 1,469676 0,000245
cautious 3,506558 0,000584
cengage 2,207275 0,000368
center 0,562119 0,000562
centered 1,609438 0,000268
centers 1,427116 0,000475
central 0,510826 0,002127
centrally 2,525729 0,000421
centres 3,218876 0,001072
century 0,891598 0,000891
certain 0,274437 0,000091
certainly 3,218876 0,000536
certificate 1,714798 0,000286
cftc 2,995732 0,000499
challengeable 3,912023 0,000651
challenged 1,309333 0,000218
change 0,261365 0,000435
changed 0,941609 0,000314
changers 3,912023 0,001303
changes 0,356675 0,000178
changesupload -0,009950 -0,000003
changing 0,820981 0,000137
chapter 0,941609 0,000627
characteristics 1,139434 0,000190
charge 1,609438 0,000536
charging 2,659260 0,000443
charts 1,897120 0,000316
chase 2,407946 0,000401
cheaper 2,040221 0,000340
check 1,139434 0,000190
chen 1,309333 0,000218
chf 3,912023 0,001303
chicago 1,609438 0,001072
chilean 3,912023 0,000651
china 0,967584 0,000806
choice 0,967584 0,000483
chung 2,813411 0,000469
cid 0,356675 0,000059
circulation 2,302585 0,000383
citation 0,415515 0,000069
citations 0,916291 0,000153
cite 0,843970 0,000141
citi 3,912023 0,000651
city 1,309333 0,001090
claim 1,347074 0,000224
class 0,616186 0,000308
classics 3,506558 0,000584
cleared 3,218876 0,000536
clearing 2,302585 0,001150
client 0,867501 0,000144
clients 1,139434 0,000190
climate 1,386294 0,000231
clock 2,995732 0,000499
close 0,941609 0,000941
closed 1,021651 0,000681
closest 2,813411 0,000469
closing 1,514128 0,000252
clp 3,912023 0,000651
cme 2,813411 0,000469
cny 3,912023 0,000651
coalition 2,813411 0,000469
cocco 3,912023 0,000651
code -0,009950 -0,000007
codes 1,660731 0,000277
cognitive 1,427116 0,000238
coin 2,207275 0,000735
coinage 2,659260 0,000443
coins 1,771957 0,000295
collapse 2,525729 0,002103
colombian 3,506558 0,000584
columned 3,912023 0,000651
com 0,150823 0,000025
combat 2,040221 0,000340
combined 0,798508 0,000133
come 0,867501 0,000144
comes 0,867501 0,000289
commercial 0,653926 0,000762
commission 1,427116 0,000713
committee 1,347074 0,000224
committees 3,218876 0,000536
commodities 2,040221 0,000340
commodity 1,660731 0,000553
common 0,072571 0,000036
commonly 0,342490 0,000114
commons -0,009950 -0,000003
commonswikidata 1,171183 0,000195
companies 0,597837 0,002389
company 0,462035 0,000077
compared 0,634878 0,000423
comparing 2,040221 0,000340
compete 2,302585 0,000383
competition 1,469676 0,000245
competitive 1,897120 0,000316
competitiveness 3,218876 0,000536
complete 0,713350 0,000119
completed 1,514128 0,000252
comprises 2,207275 0,000368
computer 0,139262 0,000023
conditions 0,843970 0,001265
conduct -0,009950 -0,000003
conducted 1,560648 0,000260
conference 0,301105 0,000150
conquest 3,218876 0,000536
consider 1,078810 0,000180
considerably 2,525729 0,000421
considerations 1,560648 0,000260
considered 0,400478 0,000200
constantly 1,966113 0,000327
constitute 2,040221 0,000340
constitutes 2,302585 0,000383
constructing 2,407946 0,000401
contact -0,009950 -0,000002
contacts -0,009950 -0,000002
contained 1,309333 0,000218
content -0,009950 -0,000003
contents -0,009950 -0,000005
continental 2,995732 0,000499
continuation 2,813411 0,000469
continued 1,427116 0,000238
continuous 1,049822 0,000350
continuously 1,771957 0,000295
contract 1,272966 0,000848
contracts 1,609438 0,003484
contrast 0,994252 0,000166
contribute -0,009950 -0,000003
control 0,020203 0,000024
controlled 1,021651 0,000170
controls 1,078810 0,000898
controversy 1,560648 0,000260
convention 2,040221 0,000340
conversion 1,469676 0,000489
converter 3,506558 0,000584
convertible 2,525729 0,000421
convincing 3,506558 0,000584
cookie -0,009950 -0,000002
coordinated 2,407946 0,000401
cop 3,506558 0,000584
copeland 2,813411 0,000469
corporate 1,078810 0,000180
corporation 0,916291 0,000305
corporations 1,660731 0,000830
correlation 1,897120 0,000316
cost 0,478036 0,000080
costs 0,994252 0,000166
cottrell 3,912023 0,001303
counted 2,407946 0,000401
counter 1,714798 0,001999
counterparts 2,525729 0,000421
countries 0,994252 0,002152
country 1,171183 0,002145
county 2,813411 0,000469
court 1,469676 0,000245
covered 1,560648 0,000260
create -0,009950 -0,000003
created 0,430783 0,000143
creation 0,693147 0,000115
creative -0,009950 -0,000002
credit 1,139434 0,000759
credited 2,120264 0,000353
crisis 1,347074 0,001122
critics 2,302585 0,000383
cross 0,562119 0,000468
crump 3,506558 0,000584
cta 3,912023 0,001303
currencies 2,120264 0,014476
currency 1,771957 0,033934
currencyexchange 3,218876 0,000536
current 0,385662 0,000193
currently 0,755023 0,000126
customer 1,139434 0,000949
customers 1,078810 0,000539
cycle 1,049822 0,000175
cycles 1,771957 0,000295
czech 2,120264 0,000353
czk 3,912023 0,000651
daily 1,427116 0,001188
danish 2,659260 0,000443
data 0,030459 0,000010
date 0,579818 0,000676
dates 0,430783 0,000143
day 0,843970 0,001687
days 1,049822 0,000699
deal 1,171183 0,000975
dealers 2,813411 0,003748
dealing 1,714798 0,000571
dealings 3,506558 0,000584
deals 1,660731 0,000277
debate 1,560648 0,000260
debt 1,966113 0,000327
decades 1,469676 0,000489
december 0,061875 0,000062
decentralized 1,832581 0,000610
decided 1,469676 0,000489
decisions 1,078810 0,000180
decline 2,120264 0,000706
deepest 3,912023 0,000651
deficit 2,995732 0,000499
deficits 3,506558 0,003504
deflect 3,912023 0,000651
defused 3,912023 0,000651
deliver 1,514128 0,000252
deliverable 3,218876 0,002144
delivery 1,347074 0,000449
delong 3,912023 0,001303
demand 1,049822 0,001748
den 2,995732 0,000499
denominated 2,995732 0,000998
depending 0,673345 0,000112
depends 0,994252 0,000166
deposit 1,966113 0,000327
depression 2,813411 0,000937
derivative 2,207275 0,001470
derivativefutures 3,218876 0,000536
derivatives 1,609438 0,002144
derosa 3,912023 0,000651
description -0,009950 -0,000002
descriptionshort 0,000000 0,000000
despite 1,021651 0,000510
destabilization 3,912023 0,000651
destabilizing 3,912023 0,001954
detail 1,660731 0,000277
determinants 2,659260 0,001329
determination 2,302585 0,000383
determined 1,347074 0,000224
determines 2,207275 0,000735
deutsche 2,525729 0,000421
devaluation 3,506558 0,000584
devaluations 3,912023 0,000651
devalue 3,912023 0,000651
develop 0,867501 0,000144
developed 0,127833 0,000106
developers -0,009950 -0,000002
development 0,083382 0,000083
devised 2,813411 0,000469
dictionaries 2,040221 0,000680
differ 1,660731 0,000553
difference 0,820981 0,000547
different 0,020203 0,000010
differential 1,609438 0,000268
difficulties 2,040221 0,000340
direct 0,597837 0,000199
direction 1,771957 0,000590
directly 0,415515 0,000069
dirham 3,912023 0,000651
dirty 2,407946 0,000401
disambiguation 1,049822 0,000350
disclaimers -0,009950 -0,000002
discontinuation 3,218876 0,000536
dispersion 2,995732 0,000499
disseminated 3,912023 0,000651
distills 3,912023 0,000651
distinct 0,916291 0,000153
distribution 0,634878 0,000106
diverse 1,771957 0,000295
diversification 2,120264 0,000353
divided 1,309333 0,000218
dkk 3,912023 0,000651
dmarks 3,912023 0,000651
dmy 0,994252 0,000166
doi 0,162519 0,000108
dollar 2,120264 0,009180
dollarization 3,912023 0,000651
dollars 1,832581 0,001831
domain 0,562119 0,000094
domestic 1,560648 0,001040
dominance 2,302585 0,000767
dominguez 3,912023 0,000651
don 0,916291 0,000305
donate -0,009950 -0,000003
done 0,653926 0,000109
dong 2,659260 0,000443
dorn 3,912023 0,000651
double 0,916291 0,000305
doubled 2,813411 0,000469
doubtful 3,218876 0,000536
down 0,597837 0,000100
download -0,009950 -0,000003
drakoln 3,912023 0,000651
drawing 1,469676 0,000245
dric 3,218876 0,000536
drive 1,309333 0,000218
dual 1,609438 0,000804
due 0,261365 0,000348
duration 2,040221 0,000340
dxy 3,912023 0,001303
early 0,301105 0,000150
easier 1,049822 0,000175
easily 0,843970 0,000141
ebs 3,506558 0,000584
ecns 3,912023 0,000651
eco 2,407946 0,000401
economic 0,843970 0,004779
economics 0,867501 0,000433
economies 2,207275 0,001470
economists 1,897120 0,000948
economy 1,347074 0,001795
edged 3,506558 0,000584
edit -0,009950 -0,000002
editcommunity -0,009950 -0,000002
edited -0,009950 -0,000003
edition 0,579818 0,000097
edu 1,108663 0,000185
education 0,579818 0,000097
edward 1,309333 0,000218
eerdmans 3,912023 0,000651
effect 0,843970 0,001124
effectiveness 1,427116 0,000238
effects 0,820981 0,000273
egan 3,506558 0,000584
egypt 2,040221 0,000680
egyptian 2,659260 0,000886
electronic 0,634878 0,000423
element 1,021651 0,000170
elements 0,415515 0,000138
elgar 2,813411 0,000469
elite 2,995732 0,000499
elsevier 1,203973 0,000200
emergence 1,714798 0,000286
emerging 1,139434 0,000759
employment 1,897120 0,000948
enabling 0,941609 0,000314
encompasses 2,120264 0,000353
encyclopedia -0,009950 -0,000007
end 0,261365 0,000218
ended 1,771957 0,000885
ending 1,897120 0,000316
endowments 3,506558 0,000584
ends 1,966113 0,000327
enforce 2,040221 0,000340
engage 1,897120 0,000632
england 1,469676 0,000979
english -0,009950 -0,000003
enhance 1,347074 0,000224
enlightened 3,912023 0,000651
enough 0,843970 0,000141
enterprises 1,832581 0,000305
entity 1,309333 0,000218
entries 2,302585 0,000383
entry 1,309333 0,000218
equilibrium 2,813411 0,000469
equities 3,218876 0,001072
equity 1,771957 0,000590
erodes 3,912023 0,000651
esg 2,525729 0,000421
esp 3,218876 0,001072
espa 0,210721 0,000035
especially 0,415515 0,000138
essentials 1,966113 0,000327
established 0,916291 0,000458
estate 1,897120 0,000316
estimated 1,309333 0,000654
etc 0,562119 0,000094
etf 2,813411 0,000469
eur 2,995732 0,002993
eurjpy 3,912023 0,000651
euro 2,659260 0,003543
euromoney 3,506558 0,000584
europe 0,941609 0,000627
european 0,755023 0,001006
euros 3,506558 0,001168
eurusd 3,912023 0,002606
evaluate 1,771957 0,000295
evaluation 0,843970 0,000141
even 0,235722 0,000118
event 0,843970 0,000281
events 0,634878 0,000529
eventsrandom -0,009950 -0,000002
eventual 2,302585 0,000383
eventually 0,867501 0,000144
ever 1,272966 0,000212
evidence 1,309333 0,000218
evolution 0,820981 0,000137
exactly 1,171183 0,000195
example 0,030459 0,000051
except 1,171183 0,000390
exception 1,386294 0,000462
exceptions 1,714798 0,000286
exchange 0,693147 0,023432
exchanged 1,771957 0,000590
exchangehybrid 3,218876 0,000536
exchanges 2,040221 0,001359
execution 0,891598 0,000297
executive 1,347074 0,000224
exist 0,653926 0,000109
existing 0,673345 0,000112
expectation 2,207275 0,000368
expectations 2,120264 0,001412
experiencing 2,995732 0,000499
experiment 1,469676 0,000245
experimental 1,021651 0,000170
expiring 3,912023 0,000651
explain 1,897120 0,000632
explaining 2,040221 0,000340
explains 2,120264 0,000353
explanation 1,897120 0,000632
export -0,009950 -0,000002
exposures 2,659260 0,000886
expressed 1,203973 0,000200
extent 1,386294 0,000462
external 0,030459 0,000010
facilitate 1,714798 0,000857
fact 0,755023 0,000377
faction 3,912023 0,000651
factor 0,867501 0,000144
factors 1,021651 0,001871
fading 3,506558 0,000584
failed 1,108663 0,000369
failure 1,139434 0,000190
fairly 2,120264 0,000353
fall 1,139434 0,000190
falter 3,912023 0,000651
families 1,966113 0,000327
family 1,078810 0,000359
fantastic 3,912023 0,000651
far 0,867501 0,000433
fast 0,673345 0,000112
favorable 3,218876 0,000536
favorably 3,912023 0,000651
fcms 3,912023 0,000651
feast 3,912023 0,000651
february 0,061875 0,000103
fedai 3,912023 0,000651
federal 1,386294 0,000923
fee 1,897120 0,001264
fell 2,302585 0,000767
felt 3,218876 0,000536
fema 3,912023 0,000651
fever 3,506558 0,000584
fewer 1,897120 0,000316
fig 3,912023 0,000651
figure 1,832581 0,000305
figures 1,832581 0,000305
filepermanent -0,009950 -0,000002
filespecial -0,009950 -0,000002
finance 0,843970 0,001546
financial 0,776529 0,003750
firms 1,514128 0,001765
first 0,020203 0,000020
fiscal 3,506558 0,000584
fiscally 3,912023 0,000651
fisher 2,040221 0,001359
fixed 0,494296 0,000823
fixing 2,659260 0,002657
flexibility 1,660731 0,000277
flight 1,897120 0,000632
flights 2,995732 0,000499
float 1,966113 0,001637
floating 1,660731 0,001383
flow 0,510826 0,000255
flows 1,714798 0,001142
fluctuate 3,218876 0,001072
fluctuations 2,659260 0,001771
focus 0,755023 0,000251
focuses 1,469676 0,000245
fold 2,302585 0,000383
followed 0,733969 0,000856
following 0,210721 0,000035
food 1,609438 0,000268
forced 2,120264 0,001412
forces 1,560648 0,000260
foreign 1,139434 0,024667
forex 2,813411 0,010307
forint 3,912023 0,000651
form 0,162519 0,000027
formation 2,040221 0,000340
formatnum 3,218876 0,000536
former 1,049822 0,000175
forming 1,966113 0,000327
formulation 2,207275 0,000368
forward 1,021651 0,002382
forwards 2,525729 0,000841
forwardsoptions 3,218876 0,000536
found 0,385662 0,000064
foundation -0,009950 -0,000002
four 0,820981 0,000273
frame 1,897120 0,000316
frames 2,407946 0,000802
fran 0,223144 0,000037
franc 3,506558 0,001168
francis 1,347074 0,000449
francisco 1,609438 0,000268
francs 3,912023 0,000651
frankel 3,912023 0,000651
franz 2,995732 0,000499
fraud 1,560648 0,000520
free -0,009950 -0,000010
frequency 1,078810 0,000180
friday 3,218876 0,000536
friedman 1,771957 0,000295
full 0,371064 0,000062
fully 0,616186 0,000103
function 0,210721 0,000070
functioning 2,525729 0,000421
fund 1,514128 0,002017
funds 1,714798 0,001713
further 0,139262 0,000046
future 0,274437 0,000229
futures 1,897120 0,005687
fxmarketspace 3,912023 0,000651
gabriele 3,218876 0,000536
gains 1,514128 0,000252
galati 3,506558 0,001168
gamble 3,218876 0,000536
gambling 2,407946 0,000401
gandolfo 3,912023 0,001303
gap 1,609438 0,000268
gbp 3,912023 0,001954
gbpusd 3,912023 0,000651
gdp 2,207275 0,000735
geisst 3,912023 0,000651
gelet 3,912023 0,000651
general -0,009950 -0,000003
generally 0,287682 0,000240
generate 0,798508 0,000133
generating 1,427116 0,000238
gentiles 3,912023 0,000651
geographic 1,203973 0,000200
geographical 1,966113 0,000327
george 0,916291 0,000153
german 1,427116 0,000238
germany 1,560648 0,000520
gideon 3,218876 0,000536
giersch 3,912023 0,001303
given 0,261365 0,000218
global 0,478036 0,000796
globally 1,514128 0,000252
globalpolicy 3,912023 0,000651
glossary 0,891598 0,000148
going 1,272966 0,000212
gold 1,609438 0,002144
goldman 2,207275 0,000368
goldsmiths 3,506558 0,000584
gomes 3,218876 0,000536
goods 1,771957 0,002066
google 0,579818 0,000097
gorbachev 3,912023 0,000651
governed 2,525729 0,000421
government 0,755023 0,001509
governments 1,386294 0,000693
gradualism 3,912023 0,000651
gradually 1,897120 0,000316
great 0,941609 0,000157
greater 0,755023 0,000377
greatest 1,897120 0,000316
greece 2,302585 0,000767
greek 1,966113 0,000655
greenspan 2,407946 0,000401
greenwashing 3,218876 0,000536
gregory 1,714798 0,000571
gross 2,207275 0,000368
group 0,301105 0,000050
growing 0,891598 0,000891
grown 1,897120 0,000632
growth 0,755023 0,001006
guarantee 1,560648 0,000260
guardian 1,560648 0,000260
guide 0,356675 0,000119
guth 3,912023 0,001303
guy 1,966113 0,000327
habakkuk 3,912023 0,000651
half 1,108663 0,000185
handbook 0,941609 0,000157
hands 1,427116 0,000238
hansen 2,659260 0,000443
happen 1,832581 0,000305
happened 2,207275 0,000368
happens 1,966113 0,000327
hara 3,912023 0,000651
hard 1,078810 0,000359
hasebroek 3,912023 0,000651
haven 2,659260 0,001771
havens 3,506558 0,000584
having 0,579818 0,000193
health 0,994252 0,000331
healthy 2,813411 0,000469
heather 2,659260 0,000443
heavily 1,203973 0,000200
hedge 2,120264 0,002118
hedger 3,506558 0,000584
hedgers 3,912023 0,000651
hedging 2,659260 0,000443
held 1,237874 0,000206
help 0,248461 0,000083
helping 1,771957 0,000295
helplearn -0,009950 -0,000002
hererelated -0,009950 -0,000002
hicks 2,659260 0,000443
hide -0,009950 -0,000007
high 0,223144 0,000223
higher 0,430783 0,000215
highest 1,514128 0,000504
highly 0,867501 0,000289
hill 0,867501 0,000144
hindered 3,506558 0,000584
historical 1,021651 0,000510
history -0,009950 -0,000038
hkd 3,912023 0,000651
hold 1,021651 0,000510
holdings 2,302585 0,000767
holland 2,120264 0,000353
holy 3,912023 0,000651
home 0,653926 0,000109
homer 3,912023 0,000651
hong 2,040221 0,001699
hope 1,897120 0,000316
hours 1,560648 0,000260
house 0,916291 0,000305
however 0,094311 0,000094
hrvatskibahasa 1,427116 0,000238
hsbc 3,218876 0,000536
https -0,009950 -0,000002
huf 3,912023 0,000651
huge 1,714798 0,000857
hundreds 1,609438 0,000268
hungarian 2,407946 0,000401
ibs 3,912023 0,000651
idea 0,820981 0,000137
ideal 2,207275 0,000368
identical 1,514128 0,000252
identify 0,867501 0,000144
idr 3,912023 0,000651
ignoring 2,407946 0,000401
illinois 1,966113 0,000327
illustrates 3,218876 0,000536
ils 3,506558 0,000584
imbalances 3,912023 0,001303
imf 2,659260 0,001771
immediate 1,609438 0,000268
impact 0,597837 0,000996
implies 1,560648 0,000260
import 1,966113 0,000327
importance 1,171183 0,000195
important 0,287682 0,000575
impossibility 3,912023 0,000651
improve 0,274437 0,000046
ina 0,356675 0,000059
inc -0,009950 -0,000002
include 0,061875 0,000041
included 0,400478 0,000067
includes 0,274437 0,000046
including 0,040822 0,000007
inclusive 2,525729 0,000421
income 1,609438 0,000804
increase 0,544727 0,000272
increased 0,820981 0,001094
increasing 0,916291 0,000305
increasingly 0,776529 0,000129
indefinitely 1,347074 0,000224
index -0,009950 -0,000008
india 1,171183 0,000780
indian 1,771957 0,000295
indicated 1,609438 0,000268
indicates 1,272966 0,000212
indicator 2,207275 0,000368
indicators 2,207275 0,000368
indirectly 1,771957 0,000295
individual 0,415515 0,000277
individuals 1,309333 0,000436
indonesiaisizuluitaliano 3,506558 0,000584
indonesian 3,218876 0,000536
industrial 0,843970 0,000281
industry 0,527633 0,000264
ineffectiveness 3,506558 0,000584
inevitable 2,813411 0,000469
inflation 2,207275 0,003308
influence 1,078810 0,000539
influenced 1,203973 0,000601
influences 1,771957 0,000295
info 1,832581 0,000305
infobase 3,912023 0,000651
information 0,072571 0,000012
informationcite -0,009950 -0,000002
informed 1,560648 0,000260
inr 3,912023 0,000651
insights 1,427116 0,000238
instability 2,995732 0,000998
instance 0,510826 0,000170
instead 0,301105 0,000150
institute 0,579818 0,000290
institutional 1,771957 0,000590
institutions 1,171183 0,000390
instrument 2,207275 0,000368
instruments 1,609438 0,001340
insurance 1,427116 0,000238
int 1,560648 0,000260
integral 1,714798 0,000286
interbank 2,995732 0,003492
interconnected 2,407946 0,000401
interest 0,693147 0,001847
interests 1,832581 0,000305
interferes 3,506558 0,000584
intermediation 2,995732 0,000499
internal 0,634878 0,000106
international 0,139262 0,001020
intervention 1,897120 0,001896
introduced 0,371064 0,000247
introduction 0,261365 0,000044
intuition 3,218876 0,000536
inverted 2,813411 0,000469
investing 1,771957 0,000590
investment 1,171183 0,001755
investments 1,714798 0,000571
investors 1,714798 0,001428
involved 0,916291 0,000610
involvement 2,120264 0,000353
involves 0,776529 0,000259
involving 1,309333 0,000654
iran 2,120264 0,000353
isbn 0,051293 0,000384
iso 1,309333 0,000436
israeli 2,995732 0,000499
issn 0,478036 0,000159
issue 0,820981 0,000273
issues 0,527633 0,000176
italian 2,040221 0,000340
item -0,009950 -0,000002
items 1,108663 0,000185
itself 0,342490 0,000057
jack 1,897120 0,000316
jagerson 3,912023 0,000651
james 0,634878 0,000106
january 0,083382 0,000111
japan 1,309333 0,000436
japanese 1,771957 0,001180
japheth 3,912023 0,000651
jawa 1,560648 0,000260
jfi 3,912023 0,000651
john 0,210721 0,000175
johnson 1,714798 0,000286
joint 1,171183 0,000390
joseph 0,820981 0,000410
journal 0,198451 0,000165
jpmorgan 2,659260 0,000443
jpy 3,912023 0,001303
july 0,127833 0,001064
jump -0,009950 -0,000003
june 0,094311 0,000141
keeping 1,427116 0,000238
kept 1,560648 0,000260
kind 1,021651 0,000170
kingdom 1,514128 0,001009
kleinwort 3,912023 0,001303
kluwer 2,302585 0,000383
known 0,127833 0,000170
kollmorgen 3,912023 0,000651
kollybist 3,912023 0,000651
kong 2,040221 0,001359
korea 1,771957 0,000590
korean 2,525729 0,000841
koruna 3,912023 0,000651
krona 3,912023 0,001303
krone 3,912023 0,001303
kronor 3,912023 0,000651
krw 3,912023 0,000651
lags 3,506558 0,000584
land 1,347074 0,000224
lane 2,207275 0,000368
languages -0,009950 -0,000003
large 0,127833 0,000362
largely 1,272966 0,000636
larger 0,941609 0,000470
largest 1,108663 0,001477
last -0,009950 -0,000002
later 0,223144 0,000149
latin 1,660731 0,000277
latvie 0,994252 0,000166
launch 1,514128 0,000252
laurence 2,995732 0,000499
laurens 3,506558 0,000584
law 0,755023 0,000503
lawrence 1,386294 0,000231
laws 1,108663 0,000185
lead 0,673345 0,000112
leaders 1,966113 0,000327
leading 0,798508 0,000399
leads 1,237874 0,000206
learn 0,494296 0,000082
learned 1,386294 0,000462
learning 0,494296 0,000165
least 0,527633 0,000088
lecturer 3,506558 0,000584
led 0,446287 0,000074
legal -0,009950 -0,000002
lending 2,207275 0,000368
length 1,237874 0,000412
less 0,430783 0,000072
lessons 1,832581 0,000305
letter 1,237874 0,000206
leu 3,912023 0,000651
level 0,116534 0,000039
levels 0,755023 0,001132
leverage 1,771957 0,000590
leveraged 2,302585 0,000767
levered 3,912023 0,000651
license -0,009950 -0,000002
like 0,072571 0,000073
lilley 3,218876 0,000536
limited 0,510826 0,000085
limiting 1,966113 0,000327
line 0,356675 0,000059
link 0,162519 0,000027
linked 0,941609 0,000157
linkpage -0,009950 -0,000002
links -0,009950 -0,000008
linksarticles 1,021651 0,000170
liquid 2,525729 0,000841
liquidate 2,995732 0,000499
liquidity 1,966113 0,001637
lira 3,912023 0,001303
list 0,083382 0,000014
little 0,820981 0,000547
lives 1,832581 0,000305
living 1,897120 0,000316
loans 2,813411 0,000469
local 0,415515 0,000069
located 1,660731 0,000277
locations 1,078810 0,000359
log -0,009950 -0,000003
logical 1,514128 0,000252
london 0,941609 0,002666
long 0,287682 0,000192
longer 0,755023 0,000251
looks 1,832581 0,000305
lose 2,207275 0,000368
loss 0,967584 0,000161
losses 1,966113 0,000655
louvre 3,912023 0,000651
low 0,478036 0,000398
lowered 2,813411 0,000469
lowest 1,897120 0,000316
ltd 1,203973 0,000401
lure 3,506558 0,000584
lynch 2,659260 0,000443
lyons 2,995732 0,000499
macedonian 3,506558 0,000584
machine 0,083382 0,000042
macmillan 1,660731 0,000277
macroeconomic 2,525729 0,000841
macroeconomics 2,302585 0,000767
made 0,186330 0,000186
madura 3,912023 0,000651
magazine 0,776529 0,000129
magyar 1,049822 0,000175
mahathir 3,912023 0,001303
main -0,009950 -0,000027
maintained 1,078810 0,000359
major 0,314711 0,000419
majority 1,139434 0,000190
make 0,235722 0,000157
maker 1,966113 0,000327
makers 2,407946 0,001203
making 0,328504 0,000055
malaysia 2,302585 0,000383
malaysian 3,506558 0,001168
manage 0,967584 0,000322
managed 1,203973 0,000200
management 0,139262 0,000255
manager 0,994252 0,000166
managing 1,021651 0,000340
manifestation 3,506558 0,000584
many 0,061875 0,000093
march 0,116534 0,000194
margin 2,120264 0,000353
margins 3,218876 0,001072
mark 0,462035 0,000231
markedly 2,995732 0,000499
market 0,616186 0,011493
markethidden 3,912023 0,000651
marketplaces 3,218876 0,000536
markets 1,139434 0,006831
marketswaps 3,218876 0,000536
markham 3,506558 0,000584
martins 3,218876 0,000536
material 0,867501 0,000289
materials 1,386294 0,000231
mathematical 0,733969 0,000122
mathias 3,912023 0,000651
maureen 3,912023 0,000651
mcgraw 1,108663 0,000185
mckay 3,506558 0,000584
meaning 0,544727 0,000091
means 0,198451 0,000033
meanwhile 2,207275 0,000368
measured 1,021651 0,000340
measures 0,941609 0,000157
mechanism 0,733969 0,000244
media 0,139262 0,000023
medici 3,506558 0,001752
medieval 2,302585 0,000767
mehran 2,995732 0,000499
melayu 0,820981 0,000137
melting 3,912023 0,000651
meltzer 3,912023 0,000651
melvin 3,218876 0,001072
member 1,237874 0,000206
members 0,755023 0,000251
menu -0,009950 -0,000003
mercantile 2,995732 0,000998
merchant 2,659260 0,000443
merchants 2,813411 0,000469
mere 2,207275 0,000368
merrill 3,218876 0,000536
message 0,478036 0,000080
mexican 3,218876 0,000536
mexico 2,407946 0,000401
michael 0,400478 0,000200
microeconomic 3,912023 0,000651
microstructure 3,506558 0,000584
mid 0,994252 0,000166
middle 1,203973 0,000200
migrants 3,912023 0,000651
millennium 2,407946 0,000401
miller 1,469676 0,000245
million 0,916291 0,000153
millions 1,560648 0,000260
millman 3,506558 0,001168
milton 2,995732 0,000499
minimum 1,469676 0,000489
ministers 3,506558 0,000584
miracle 2,995732 0,000499
mishandle 3,912023 0,000651
mishandling 3,912023 0,000651
misra 2,813411 0,000469
mit 0,776529 0,000129
mitigate 1,609438 0,000268
mix 1,660731 0,000277
mncs 3,912023 0,001303
mobile -0,009950 -0,000002
model 0,162519 0,000108
models 0,527633 0,000176
modern 0,314711 0,000524
mohamad 3,506558 0,001168
monetary 1,609438 0,005092
money 1,171183 0,003901
monitors 2,120264 0,000353
monopoly 2,302585 0,000383
montagu 3,506558 0,000584
monthly 1,609438 0,000268
months 0,891598 0,000445
moon 2,040221 0,000340
mortgage 2,525729 0,000841
mostly 0,994252 0,000166
motivated 2,207275 0,000368
move -0,009950 -0,000010
movements 1,771957 0,001180
moves 1,427116 0,000238
msci 3,506558 0,000584
much 0,400478 0,000200
multinational 2,995732 0,000998
multiple 0,116534 0,000019
multiply 3,218876 0,000536
municipal 2,407946 0,000401
murphy 2,207275 0,000368
mutual 1,966113 0,000655
mxn 3,912023 0,000651
myr 3,912023 0,000651
name 0,342490 0,000057
narrowing 3,912023 0,000651
nation 2,120264 0,001059
national 0,562119 0,000562
nations 1,660731 0,000277
nature 0,597837 0,000199
navigation -0,009950 -0,000002
ndf 3,912023 0,001954
ndfs 3,912023 0,001303
nearly 1,139434 0,000190
nederlands 0,415515 0,000069
needed 0,210721 0,000035
needing 0,597837 0,000199
needs 0,415515 0,000138
negative 1,078810 0,000539
negatively 2,407946 0,000802
negotiate 2,813411 0,000469
negotiated 3,506558 0,000584
neighboring 3,506558 0,000584
neil 1,771957 0,000295
net 0,415515 0,000138
nevertheless 1,660731 0,000553
new 0,010050 0,000030
news 0,446287 0,000223
next 0,400478 0,000133
nfa 3,506558 0,001168
nicolas 2,525729 0,000421
nixon 2,813411 0,000469
noise 1,427116 0,000475
nok 3,912023 0,000651
non -0,009950 -0,000020
none 1,609438 0,000536
nonfarm 3,506558 0,000584
noon 3,912023 0,000651
nordman 3,912023 0,000651
north 1,309333 0,000218
norwegian 2,525729 0,000421
nostro 3,912023 0,001954
noted 1,171183 0,000195
notes 0,415515 0,000277
notwithstanding 3,912023 0,000651
november 0,150823 0,000126
nptel 3,912023 0,000651
number 0,051293 0,000094
numbers 0,544727 0,000454
numeric 1,427116 0,000238
nuno 3,912023 0,000651
nzd 3,912023 0,001303
nzdusd 3,912023 0,000651
objectives 1,660731 0,000277
obligation 2,813411 0,000937
obtained 1,171183 0,000195
occasions 3,218876 0,000536
occur 0,916291 0,000153
occurred 1,469676 0,000489
occurrences 2,995732 0,000499
occurs 1,427116 0,000475
october 0,139262 0,000186
oecd 2,407946 0,000802
off 0,776529 0,000259
offer 0,820981 0,000820
offering 0,994252 0,000166
official 0,733969 0,000122
often 0,127833 0,000213
oil 2,040221 0,000340
oldid -0,009950 -0,000002
olesperantoeuskara 0,510826 0,000085
olga 2,659260 0,000443
one 0,010050 0,000028
ones 1,309333 0,000218
onfinancial 3,218876 0,000536
online 0,415515 0,000277
onset 3,506558 0,000584
open 0,235722 0,000275
opened 1,771957 0,000590
operate 1,049822 0,000175
operates 1,714798 0,000286
operating 0,462035 0,000231
operation 0,713350 0,000238
operations 0,301105 0,000150
opportunity 1,832581 0,000305
opposed 1,347074 0,000224
opposing 2,995732 0,000499
opposite 1,897120 0,000632
option 1,108663 0,001292
options 1,108663 0,001108
order 0,094311 0,000126
org -0,009950 -0,000007
organization -0,009950 -0,000003
organizations 0,798508 0,000133
original 0,030459 0,000010
orthodox 3,912023 0,000651
otc 3,218876 0,002144
others 0,314711 0,000105
otherwise 1,108663 0,000185
oty 3,912023 0,000651
ours 3,912023 0,000651
out 0,261365 0,000087
outlook 2,207275 0,000368
outright 3,506558 0,000584
outside 0,798508 0,000133
over 0,094311 0,000173
overall 0,967584 0,000322
overbought 3,912023 0,000651
overlay 2,525729 0,000841
overproduction 3,506558 0,000584
overseas 2,659260 0,000443
oversold 3,912023 0,000651
overwhelm 3,912023 0,000651
owing 2,813411 0,000469
owner 1,309333 0,000218
oxford 0,843970 0,000703
page -0,009950 -0,000010
pagecontentscurrent -0,009950 -0,000002
pageget -0,009950 -0,000002
pages -0,009950 -0,000003
pagesuse 1,469676 0,000245
paid 1,560648 0,000260
pair 1,714798 0,001428
pairs 1,832581 0,001526
pakistan 2,207275 0,000368
papyri 3,912023 0,000651
paqu 3,912023 0,001303
par 2,525729 0,000421
paris 1,714798 0,000286
parity 2,659260 0,002214
part 0,127833 0,000085
participants 1,832581 0,001831
participate 2,040221 0,001359
participation 1,560648 0,000260
particular 0,301105 0,000351
parties 1,021651 0,000510
party 0,798508 0,000266
pass 1,469676 0,000245
paths 1,897120 0,000316
patterns 0,776529 0,000259
pay 1,272966 0,000848
paying 2,207275 0,000368
payment 1,427116 0,000238
payments 1,897120 0,002211
payroll 3,218876 0,000536
payrolls 3,912023 0,000651
pcz 3,912023 0,000651
pdf 0,139262 0,000209
pdfprintable -0,009950 -0,000002
pearson 1,347074 0,000224
pen 3,218876 0,000536
pennies 3,506558 0,000584
pension 2,120264 0,000706
people 0,356675 0,000416
per 0,616186 0,000616
perceived 1,897120 0,001264
percentages 2,995732 0,000998
perceptions 3,506558 0,000584
perfect 1,897120 0,000316
perform 0,562119 0,000187
performs 1,609438 0,000268
period 1,108663 0,000185
periodic 2,813411 0,000469
peripheries 3,912023 0,000651
periphery 3,912023 0,000651
permission 1,897120 0,000316
permit 1,771957 0,000295
permits 2,302585 0,000383
personal -0,009950 -0,000002
pertaining 3,506558 0,000584
peruvian 3,912023 0,000651
peso 3,912023 0,003909
peter 0,494296 0,000082
peterson 2,525729 0,000421
petters 3,912023 0,000651
phenomenon 2,040221 0,000340
phi 2,407946 0,000401
philippine 3,912023 0,000651
philippines 2,813411 0,000469
philosophy 0,994252 0,000166
php -0,009950 -0,000003
physical 0,616186 0,000308
pick 2,040221 0,000680
pip 3,506558 0,000584
pips 3,912023 0,000651
place 0,597837 0,000100
platform 0,527633 0,000088
play 1,139434 0,000569
played 1,771957 0,000295
plaza 3,506558 0,000584
please 0,776529 0,000129
pln 3,912023 0,000651
pohl 3,912023 0,000651
point 0,301105 0,000100
policies 1,237874 0,000618
policy -0,009950 -0,000020
polish 3,218876 0,000536
political 1,272966 0,001908
politics 1,771957 0,000590
pollard 3,912023 0,000651
polskiportugu 0,916291 0,000153
pondiuni 3,912023 0,000651
poor 1,714798 0,000286
popular 0,579818 0,000097
portalrecent -0,009950 -0,000002
portals 2,120264 0,000353
portfolio 1,897120 0,000316
portfolios 2,525729 0,000421
position 1,171183 0,000390
positions 1,771957 0,001180
positive 1,272966 0,000424
positively 3,218876 0,001608
post 0,579818 0,000193
pot 3,912023 0,000651
pottery 3,218876 0,000536
pound 2,813411 0,001874
power 0,400478 0,000267
practice 0,371064 0,000062
practices 1,139434 0,000190
pre 0,941609 0,000157
predict 1,469676 0,000489
prefer 1,832581 0,000305
preferable 2,813411 0,000469
preferred 1,560648 0,000260
president 1,897120 0,000316
press 0,210721 0,000561
prevailing 3,912023 0,000651
previous 0,843970 0,000281
previously 0,843970 0,000281
price 1,021651 0,003403
prices 1,560648 0,002079
primarily 0,653926 0,000109
prime 1,714798 0,000571
primer 1,897120 0,000316
principals 3,912023 0,000651
print -0,009950 -0,000002
prior 0,891598 0,000148
privacy -0,009950 -0,000003
private 0,693147 0,000346
proceedings 0,597837 0,000199
process 0,116534 0,000019
product 0,579818 0,000290
productivity 1,660731 0,000830
products 0,579818 0,000193
professional 0,843970 0,000281
profit -0,009950 -0,000008
profitable 2,659260 0,000886
profits 2,040221 0,000680
profound 2,207275 0,000368
programs 0,494296 0,000082
projects -0,009950 -0,000002
prominent 1,660731 0,000277
promises 2,207275 0,000368
prone 2,120264 0,000353
proponent 3,218876 0,000536
proportion 2,407946 0,001203
proposed 0,713350 0,000119
prosperity 3,506558 0,000584
protected 0,776529 0,000129
protection 0,994252 0,000331
protectionist 3,912023 0,000651
provide 0,174353 0,000087
provided 0,494296 0,000082
provider 1,966113 0,000327
providing 0,673345 0,000224
psychology 1,514128 0,001513
ptolemaic 3,912023 0,000651
public 0,248461 0,000041
publicly 1,309333 0,000218
published 0,328504 0,000164
publishers 1,514128 0,000252
publishing 0,446287 0,000372
purchase 1,469676 0,001224
purchases 2,302585 0,000767
purchasing 1,897120 0,000948
purpose 0,356675 0,000059
purposes 0,798508 0,000133
pursuit 3,218876 0,000536
pvt 2,659260 0,000443
quality 0,673345 0,000224
quantities 1,771957 0,000590
quantity 1,469676 0,000734
quarter 2,040221 0,000340
question 0,941609 0,000157
quick 1,609438 0,000268
quintyn 3,912023 0,000651
quirk 3,912023 0,000651
quite 1,514128 0,000504
quota 3,506558 0,001168
quotation 2,207275 0,000368
quote 2,659260 0,001329
quoted 2,040221 0,001019
quotes 2,207275 0,000368
raise 1,966113 0,000655
rand 2,525729 0,000421
random 0,843970 0,000141
range 0,446287 0,000149
rank 1,832581 0,000305
rapidly 1,514128 0,000252
rate 0,755023 0,005029
rates 1,272966 0,009115
rather 0,287682 0,000335
raw 1,272966 0,000212
raymond 1,966113 0,000327
rbaycanca 0,248461 0,000041
reaching 2,040221 0,000340
react 1,966113 0,000327
reacts 3,912023 0,000651
reading 0,342490 0,000114
readview 1,309333 0,000436
real 0,210721 0,000175
rebound 2,813411 0,000469
receive 1,108663 0,000185
recent 0,693147 0,000346
recently 1,427116 0,000238
recognition 1,078810 0,000180
recognized 1,469676 0,000245
record 0,916291 0,000305
recorded 1,237874 0,000206
recurs 3,506558 0,000584
redburn 3,912023 0,000651
reden 3,912023 0,000651
redirect 1,832581 0,000305
references 0,020203 0,000010
referencescommons 2,995732 0,000499
referred 0,446287 0,000223
refers 0,755023 0,000126
reflect 1,386294 0,000923
reflected 1,609438 0,000536
reforms 2,813411 0,000937
regardless 1,272966 0,000424
regime 2,407946 0,002406
region 1,832581 0,000305
regional 1,660731 0,000277
register 1,309333 0,000218
registered -0,009950 -0,000003
regularly 1,771957 0,000295
regulated 1,832581 0,000610
regulating 2,407946 0,000401
regulation 1,139434 0,000379
regulations 1,386294 0,000231
reinsurance 2,659260 0,000443
related 0,051293 0,000017
relation 1,347074 0,000224
relations 1,386294 0,000462
relationships 1,171183 0,000585
relative 1,108663 0,000923
relatively 1,049822 0,000699
released 0,693147 0,000231
relevance 2,120264 0,000353
reliable 0,616186 0,000103
relied 2,207275 0,000368
remain 1,078810 0,000180
remained 1,771957 0,000590
remittance 3,506558 0,002920
remittances 3,218876 0,000536
remove 0,527633 0,000088
removed 0,693147 0,000115
removing 1,714798 0,000286
renminbi 3,218876 0,000536
replacing 1,609438 0,000268
report 0,462035 0,000385
reports 1,049822 0,000699
represent 0,733969 0,000367
representing 1,108663 0,000185
represents 0,891598 0,000297
reprinted 2,525729 0,000421
republic 1,714798 0,000286
repute 3,912023 0,000651
required 0,274437 0,000137
requirements 0,597837 0,000199
requiring 1,049822 0,000175
resemble 2,525729 0,000421
reserve 1,832581 0,001526
reserves 2,525729 0,001682
resources 0,314711 0,000052
respect 1,560648 0,000260
respectively 0,967584 0,000161
responsible 1,078810 0,000359
restrictions 1,309333 0,000436
result 0,371064 0,000247
resulting 0,798508 0,000133
results 0,446287 0,000074
retail 1,560648 0,004678
retrieved -0,009950 -0,000099
reuters 1,660731 0,001936
revealed 1,832581 0,000305
reverse 1,427116 0,000238
revivals 3,912023 0,000651
richard 0,733969 0,000367
right 0,478036 0,000159
rights 0,891598 0,000148
riksbank 3,218876 0,000536
ringgit 3,506558 0,001168
rise 0,967584 0,000483
rises 2,995732 0,000499
rising 2,207275 0,000735
risk 0,597837 0,001195
risks 1,108663 0,000185
rito 3,912023 0,001303
riyal 3,912023 0,000651
robert 0,579818 0,000097
robust 1,272966 0,000212
role 0,634878 0,000634
roll 2,207275 0,000735
rom 0,616186 0,000103
romanian 3,506558 0,000584
ron 2,040221 0,000340
roots 2,120264 0,000353
roover 3,912023 0,001303
rose 2,207275 0,000368
rosenstreich 3,912023 0,000651
roughly 1,660731 0,000277
routledge 2,407946 0,000401
ruble 3,506558 0,000584
rules 0,616186 0,000103
ruling 2,813411 0,000469
rumor 3,506558 0,001752
rupee 3,912023 0,000651
rupiah 3,912023 0,000651
rush 2,995732 0,000499
russian 1,609438 0,000268
saar 3,912023 0,000651
sachs 2,659260 0,000443
safe 0,994252 0,000828
safely 2,525729 0,000421
safety -0,009950 -0,000002
sales 1,171183 0,000195
sam 1,427116 0,000238
santo 3,506558 0,001168
sar 3,506558 0,000584
saudi 2,407946 0,000401
says 1,309333 0,000218
scammers 3,912023 0,000651
scandal 1,897120 0,000316
scenarios 1,514128 0,000252
scenes 3,218876 0,001072
scheduled 2,813411 0,000469
schmieding 3,912023 0,001303
science 0,287682 0,000048
scientific 0,693147 0,000115
search -0,009950 -0,000007
season 2,995732 0,000499
second 0,342490 0,000228
secondaries 3,218876 0,000536
section 0,562119 0,000187
sector 1,386294 0,000231
secure 1,108663 0,000185
securities 1,832581 0,001526
securitization 2,659260 0,000443
security 0,314711 0,000052
see -0,009950 -0,000020
seeking 1,560648 0,000520
seen 0,776529 0,000129
segment 2,040221 0,000680
sek 3,912023 0,001303
seldom 2,659260 0,000443
selection 1,021651 0,000170
seligman 3,506558 0,000584
sell 1,560648 0,001040
seller 2,659260 0,000886
sellers 2,659260 0,000443
selling 1,514128 0,000252
semi 0,843970 0,000141
senior 1,714798 0,000286
sentiments 3,506558 0,000584
september 0,150823 0,000226
series 0,328504 0,000164
serve 1,139434 0,000190
services 0,400478 0,000734
session 1,660731 0,001106
set 0,083382 0,000028
setting 1,171183 0,000195
settle 2,995732 0,000499
settled 2,813411 0,000469
settlement 1,660731 0,000277
settlements 2,525729 0,003365
several 0,094311 0,000094
sfo 3,912023 0,000651
sgd 2,995732 0,000499
shamah 3,912023 0,000651
shape 1,514128 0,000252
share 0,616186 0,000205
sharealike -0,009950 -0,000002
shareholder 2,995732 0,000499
sharpe 2,995732 0,000499
shekel 3,218876 0,000536
shift 1,347074 0,000224
shifting 1,966113 0,000327
shifts 2,659260 0,000443
shock 2,813411 0,000469
short -0,009950 -0,000007
shortened -0,009950 -0,000003
shorter 1,714798 0,000286
shortest 2,407946 0,000401
showing 1,347074 0,000224
shows 1,139434 0,000190
shqip 1,966113 0,000327
side 0,693147 0,000115
sidebar -0,009950 -0,000007
signed 1,309333 0,000218
significant 0,328504 0,000055
silva 2,659260 0,000443
silver 1,771957 0,000295
silversmiths 3,912023 0,000651
similar 0,186330 0,000031
similarly 0,843970 0,000141
simple 0,150823 0,000050
simply 0,733969 0,000244
since 0,139262 0,000139
singapore 1,897120 0,001264
single 0,127833 0,000043
siobhan 3,506558 0,000584
site -0,009950 -0,000002
situations 1,237874 0,000206
size 0,462035 0,000462
slightly 1,771957 0,000295
sloven 1,514128 0,000252
small 0,314711 0,000210
smaller 0,994252 0,000497
smith 1,203973 0,000401
smithsonian 2,813411 0,000937
soaring 3,506558 0,000584
social 0,527633 0,000176
sol 3,218876 0,000536
sold 1,347074 0,000224
sometime 3,218876 0,001072
sometimes 0,301105 0,000251
sons 1,108663 0,000923
sooner 2,813411 0,000469
soros 3,506558 0,000584
source 0,186330 0,000062
sources 0,446287 0,000297
sourceview 1,309333 0,000436
south 1,108663 0,001108
southcliffe 3,912023 0,000651
sovereignty 2,995732 0,000499
spac 3,218876 0,000536
spam 1,897120 0,000316
special 0,494296 0,000082
specialist 1,897120 0,000632
specific 0,094311 0,000031
specified 0,733969 0,000122
specifying 1,897120 0,000316
speculation 2,120264 0,004237
speculative 2,040221 0,002378
speculators 3,506558 0,005839
spending 1,714798 0,000286
split 1,469676 0,000245
splitting 1,897120 0,000316
spot 1,771957 0,003246
spotlight 2,995732 0,000499
spread 1,309333 0,000436
spreads 2,813411 0,000469
springer 0,527633 0,000176
spur 3,506558 0,000584
srpskisrpskohrvatski 0,510826 0,000085
ssrn 1,427116 0,000951
stabilize 2,813411 0,000937
stabilizing 3,218876 0,001608
stalls 3,912023 0,000651
standard 0,198451 0,000198
standardized 1,203973 0,000401
start 0,843970 0,000141
state 0,235722 0,000118
statement -0,009950 -0,000002
statements 0,314711 0,000052
statementsarticles 0,544727 0,000091
states 0,385662 0,000578
statesman 3,912023 0,000651
stations 2,525729 0,000421
statistics -0,009950 -0,000005
steadily 3,218876 0,000536
sterling 3,218876 0,001608
stewart 2,302585 0,000383
stiglitz 2,525729 0,000841
still 0,342490 0,000057
stock 1,386294 0,002078
stockbroker 2,995732 0,000499
stocks 2,040221 0,000680
stoffels 3,912023 0,000651
stow 3,912023 0,000651
street 1,203973 0,000601
strength 1,832581 0,000305
strengthen 2,659260 0,000443
strengthened 3,218876 0,000536
strong 0,776529 0,000129
stronger 1,966113 0,000327
structured 0,653926 0,000109
studies 0,673345 0,000336
study 0,510826 0,000085
subject 0,527633 0,000176
subjected 3,218876 0,000536
subsection 0,020203 0,000013
subsequently 1,514128 0,000252
substantial 1,427116 0,000238
succeed 2,813411 0,000469
success 1,171183 0,000195
suddenly 2,525729 0,000421
sum 1,347074 0,000224
sumiya 3,912023 0,000651
summers 2,813411 0,000937
sundasuomisvenska 3,218876 0,000536
sunday 3,218876 0,001072
supervisory 2,525729 0,000421
supplies 1,966113 0,000327
supply 1,171183 0,001170
supports 0,867501 0,000144
surged 3,218876 0,000536
surpluses 3,506558 0,001752
survey 0,579818 0,001062
susceptible 2,207275 0,000368
suspect 3,506558 0,000584
sustainable 1,469676 0,000245
swap 2,407946 0,003609
swaps 2,407946 0,000802
sweden 2,302585 0,000767
swedish 2,995732 0,000499
swing 2,995732 0,000499
swiss 2,040221 0,001019
switched 2,525729 0,000421
switzerland 1,897120 0,000632
swoboda 3,912023 0,001954
sword 2,813411 0,000469
sydney 2,813411 0,000469
sylla 3,506558 0,000584
system 0,030459 0,000051
systems 0,061875 0,000021
table -0,009950 -0,000005
taiwan 2,407946 0,000401
take 0,527633 0,000176
taken 0,867501 0,000144
taking 0,967584 0,000161
talisman 3,912023 0,000651
talmudic 3,912023 0,000651
tannen 3,912023 0,000651
tarand 3,912023 0,000651
target 0,673345 0,000112
tariff 3,506558 0,000584
tax 1,560648 0,000520
taxes 2,207275 0,000368
taylor 1,203973 0,000401
technical 0,478036 0,000159
technology 0,186330 0,000031
telephones 3,218876 0,000536
telex 2,995732 0,000499
template 0,328504 0,000055
temple 2,525729 0,000421
tendency 2,207275 0,000368
term 0,223144 0,000260
terms -0,009950 -0,000008
tertiary 2,407946 0,000401
text -0,009950 -0,000003
textbooks 2,207275 0,000368
textile 2,813411 0,000469
thai 2,813411 0,000469
thailand 2,525729 0,000841
thb 3,912023 0,000651
themselves 0,843970 0,000281
theories 1,469676 0,000734
theory 0,400478 0,000200
therefore 0,478036 0,000080
third 0,356675 0,000059
thomson 2,525729 0,000421
though 0,544727 0,000181
three 0,287682 0,000240
throughout 1,078810 0,000359
thursday 2,995732 0,000499
thus 0,328504 0,000274
tier 1,832581 0,000610
tille 3,912023 0,000651
time 0,010050 0,000020
times 0,314711 0,000629
tinadeutscheesti 2,659260 0,000443
title -0,009950 -0,000002
tobin 3,912023 0,000651
today 0,693147 0,000115
toggle -0,009950 -0,000010
tokyo 2,302585 0,001150
tom 1,203973 0,000200
took 1,237874 0,000206
tools -0,009950 -0,000005
top -0,009950 -0,000007
topic -0,009950 -0,000002
toronto 2,995732 0,000499
total 0,673345 0,000449
tourist 3,912023 0,000651
tradable 3,506558 0,000584
trade 1,139434 0,007400
traded 2,120264 0,007768
trademark -0,009950 -0,000002
trader 2,659260 0,001771
traders 2,302585 0,006902
trades 2,525729 0,004206
trading 1,609438 0,014741
traditional 0,544727 0,000181
traditionally 1,897120 0,000632
transaction 1,427116 0,004278
transactions 0,713350 0,000832
transfer 0,693147 0,000693
transferring 1,609438 0,000268
transfers 2,207275 0,001470
translates 2,525729 0,000421
travelers 2,995732 0,000499
trend 1,237874 0,000412
trends 1,021651 0,001021
triennial 3,912023 0,005863
trillion 1,966113 0,003602
true 0,776529 0,000129
truism 3,506558 0,000584
try 1,427116 0,000475
trying 1,609438 0,000268
turkish 2,995732 0,000998
turn 1,108663 0,000554
turnover 2,995732 0,004989
turns 1,966113 0,000327
twd 3,912023 0,000651
twice 1,714798 0,000286
two 0,083382 0,000208
type 0,150823 0,000075
types 0,198451 0,000132
typical 1,139434 0,000190
typically 0,223144 0,000149
uae 3,506558 0,001168
ubs 2,407946 0,000401
ulietuvi 1,049822 0,000175
ultimate 2,040221 0,000340
ultimately 1,427116 0,000475
uncertainty 1,237874 0,000412
unctad 3,912023 0,000651
under -0,009950 -0,000008
understanding 0,562119 0,000094
understood 1,469676 0,000245
unified 1,560648 0,000260
uninvolved 3,912023 0,000651
union 1,021651 0,000340
unique 0,916291 0,000153
united 0,527633 0,000703
university 0,186330 0,000372
unlike 0,798508 0,000133
unofficial 2,040221 0,000340
unpredictable 2,813411 0,000469
unrealistic 2,813411 0,000469
unsettling 3,912023 0,000651
unsourced 0,446287 0,000223
unsustainable 3,218876 0,001072
until 0,510826 0,000425
update 0,527633 0,000088
upheaval 3,506558 0,000584
upon 0,673345 0,000336
urldownload -0,009950 -0,000002
usa 1,427116 0,000238
usd 2,120264 0,004590
usdcad 3,912023 0,000651
usdchf 3,912023 0,000651
usdcny 3,912023 0,000651
usdjpy 3,912023 0,001303
usdzzz 3,912023 0,000651
use -0,009950 -0,000017
used -0,009950 -0,000010
user 0,328504 0,000055
uses 0,094311 0,000016
using -0,009950 -0,000007
usp 3,912023 0,000651
usually 0,223144 0,000409
utc -0,009950 -0,000005
utilization 2,407946 0,000401
valuation 2,120264 0,000353
value 0,301105 0,001053
valuecurrency 3,912023 0,000651
van 0,891598 0,000148
variety 0,653926 0,000218
various 0,223144 0,000037
vasari 3,912023 0,000651
venture 1,832581 0,000610
venues 2,659260 0,000443
version -0,009950 -0,000002
versus 1,347074 0,000449
via 0,186330 0,000155
view -0,009950 -0,000008
viewed 1,347074 0,000449
views 1,609438 0,000268
vigilantes 3,912023 0,000651
visible 1,309333 0,000218
vol 0,616186 0,000103
volatility 1,966113 0,000327
volume 0,616186 0,001642
volumes 1,832581 0,000305
von 1,469676 0,000245
vte 0,967584 0,000483
wake 2,407946 0,000401
wall 1,309333 0,000436
walter 1,609438 0,000536
war 1,272966 0,001060
warrant 2,659260 0,000443
wasendorf 3,912023 0,000651
watch 1,386294 0,000231
watered 2,659260 0,000443
way 0,198451 0,000066
wayback 0,478036 0,000318
ways 0,446287 0,000074
weaker 3,912023 0,000651
website 0,634878 0,000106
weekends 3,912023 0,001303
weeks 1,771957 0,000295
well 0,051293 0,000060
west 1,560648 0,000520
western 1,108663 0,000369
what -0,009950 -0,000013
whereby 1,897120 0,000316
which 0,000000 0,000000
while 0,051293 0,000085
who 0,301105 0,000301
widely 0,342490 0,000057
widening 2,995732 0,000499
widens 3,506558 0,000584
wider 1,714798 0,000286
widespread 0,994252 0,000166
wikidataarticles 1,171183 0,000195
wikidatawikipedia 0,967584 0,000161
wikimedia -0,009950 -0,000005
wikipedia -0,009950 -0,000010
wikipediacontact -0,009950 -0,000002
wiley 0,562119 0,000468
william 0,713350 0,000119
willing 2,207275 0,001103
willingness 3,506558 0,000584
wish 2,407946 0,000401
within 0,116534 0,000116
won 1,469676 0,000245
woods 2,659260 0,003986
work 0,127833 0,000043
works 0,693147 0,000115
world 0,139262 0,000533
worldwide 1,108663 0,000185
worth 1,897120 0,000632
writings 2,813411 0,000469
www 0,356675 0,000178
xiaoying 3,912023 0,000651
xtx 3,912023 0,000651
xxx 3,912023 0,002606
xxxyyy 3,912023 0,001954
xxxzzz 3,912023 0,001303
yadav 3,506558 0,000584
year 0,579818 0,000579
yearbook 2,813411 0,000469
years 0,274437 0,000091
yen 3,218876 0,001608
yet 0,891598 0,000148
yield 1,660731 0,000277
york 0,371064 0,000556
yyy 3,912023 0,001954
zar 3,912023 0,000651
zbekcha 0,462035 0,000077
zealand 2,302585 0,000767
zzz 3,912023 0,000651
