ability 0,616186 0,000072
abkhazia 3,912023 0,000458
able 0,733969 0,000086
abrupt 3,506558 0,000411
accelerator 2,207275 0,000258
accept 1,427116 0,000167
access 0,287682 0,000034
accommodate 2,120264 0,000248
accord 2,813411 0,000329
according 0,301105 0,000071
accords 3,218876 0,001131
account -0,009950 -0,000008
accountability 2,302585 0,000809
accountable 3,218876 0,001131
accounts 1,171183 0,000411
accumulation 2,813411 0,000329
ach 3,506558 0,000411
achieve 0,843970 0,000198
achieved 1,049822 0,000123
achieving 1,897120 0,000444
acocella 3,912023 0,000458
acquired 1,660731 0,000194
acronym 2,207275 0,000258
across 0,415515 0,000049
act 0,967584 0,003852
acting 2,120264 0,000248
action 0,867501 0,000102
actions -0,009950 -0,000002
active 0,843970 0,000198
activities 1,171183 0,000548
activity 0,867501 0,000102
acts 1,714798 0,000402
adam 1,347074 0,000158
adaptive 1,897120 0,000222
add -0,009950 -0,000001
addition 0,371064 0,000087
additional -0,009950 -0,000003
additionally 0,967584 0,000113
address 0,713350 0,000084
addressing 1,469676 0,000172
adds 1,203973 0,000141
adina 3,912023 0,000458
adjusted 2,207275 0,000258
adjusting 2,207275 0,000258
adjustment 2,120264 0,000248
administered 2,659260 0,000623
administrations 3,506558 0,000411
adopted 0,867501 0,000102
adoption 0,820981 0,000288
advance 1,609438 0,000188
advanced 0,430783 0,000050
advantage 0,941609 0,000110
advice 2,120264 0,000248
advising 3,506558 0,000411
advisory 2,302585 0,000270
advocated 3,218876 0,000377
aed 3,506558 0,000411
aer 3,506558 0,000411
affair 3,218876 0,000377
affects 1,714798 0,000201
affine 2,659260 0,000311
affordable 2,659260 0,000311
afghanistan 3,506558 0,000411
africa 1,966113 0,000691
african 2,040221 0,001433
afrique 3,912023 0,000458
aftermath 3,218876 0,001131
again 1,078810 0,000253
against 0,462035 0,000108
agencies 1,660731 0,000583
agency 1,237874 0,000435
agent 0,994252 0,000116
ages 2,302585 0,000539
aggregate 2,207275 0,001292
agree -0,009950 -0,000001
agreed 1,427116 0,000334
agreement 1,171183 0,000411
agreements 2,207275 0,000517
agricultural 1,771957 0,000207
agriculture 1,660731 0,000194
agur 3,912023 0,000458
aim 1,347074 0,000315
aimed 1,609438 0,000188
aims 1,171183 0,000411
aisgaeilge 3,218876 0,000377
alain 3,218876 0,000377
alan 1,049822 0,000246
albania 3,218876 0,000754
albeit 2,995732 0,000701
alberto 2,525729 0,000591
albertos 3,912023 0,000458
aldrich 3,218876 0,000377
alemannisch 3,218876 0,000377
alesina 3,912023 0,000916
alessi 3,912023 0,000458
alexander 1,237874 0,000145
alg 3,912023 0,000916
algeria 3,218876 0,000377
algiers 3,912023 0,000916
aligned 2,207275 0,000258
alleviate 3,506558 0,000411
allocation 1,347074 0,000158
allow 0,287682 0,000034
allowed 0,634878 0,000074
allows 0,248461 0,000029
alongside 1,660731 0,000194
alternative 0,527633 0,000185
although 0,287682 0,000067
alvin 3,218876 0,000377
always 0,597837 0,000070
ama 3,506558 0,000411
ambiguous 1,560648 0,000183
amendment 2,525729 0,000591
america 0,994252 0,000116
american 0,446287 0,000157
americas 3,218876 0,000377
among 0,356675 0,000125
amount 0,616186 0,000289
amp -0,009950 -0,000019
amsterdam 1,966113 0,001151
ana 2,995732 0,000351
analysis 0,186330 0,000065
analyst 1,832581 0,000215
analytics 1,049822 0,000123
analyzed 1,714798 0,000201
ancient 1,660731 0,000583
andreas 1,771957 0,000415
andrew 0,820981 0,000096
angola 3,912023 0,000458
anil 3,506558 0,000411
anna 2,207275 0,000517
announce 2,407946 0,000282
announced 0,798508 0,000187
announcements 3,506558 0,000821
annual 0,776529 0,000546
annul 3,912023 0,000458
annurev 2,995732 0,000351
another 0,127833 0,000060
answered 2,995732 0,000351
antecedents 3,218876 0,000377
anti 1,560648 0,000183
anticipated 2,207275 0,000258
any 0,083382 0,000020
anyone 1,386294 0,000162
apart 1,966113 0,000230
apel 3,912023 0,000458
appearance -0,009950 -0,000002
appeared 1,203973 0,000141
application 0,127833 0,000015
applications 0,094311 0,000022
applicationsfinancial 3,912023 0,000458
applied 0,356675 0,000125
apply -0,009950 -0,000001
appoint 3,506558 0,000411
appointed 3,912023 0,000458
appointing 3,912023 0,001374
appointment 3,506558 0,000411
appointments 3,912023 0,000458
approach 0,261365 0,000031
approaches 0,733969 0,000172
appropriate 0,891598 0,000104
approval 1,897120 0,000222
approximately 1,514128 0,000177
apr 2,995732 0,000351
april 0,072571 0,000034
apuzzo 3,912023 0,000458
arab 1,966113 0,000230
arabia 2,525729 0,000591
arabian 3,912023 0,000458
archived 0,040822 0,000258
area 0,776529 0,000273
arestis 3,912023 0,000458
argentina 2,995732 0,000701
argued 1,386294 0,000162
arguing 2,659260 0,000311
ari 2,302585 0,000270
arma 2,813411 0,000329
armenia 2,659260 0,000311
arno 3,218876 0,000377
arose 2,407946 0,000282
around 0,356675 0,000042
arrow 2,040221 0,000478
arthur 1,427116 0,000167
article 0,040822 0,000014
articleabout -0,009950 -0,000001
articles 0,020203 0,000017
articletalk -0,009950 -0,000001
aruba 3,912023 0,000458
arxiv 1,078810 0,000126
asia 1,560648 0,000731
asian 2,407946 0,000282
aspects 0,776529 0,000182
assess 1,897120 0,000222
assessment 1,309333 0,000307
asset 1,386294 0,001461
assets 1,347074 0,002997
assignation 3,912023 0,000458
assistance 2,302585 0,000270
associated 0,400478 0,000047
association 0,634878 0,000074
assumed 1,714798 0,000201
assurance 1,966113 0,000230
assured 3,912023 0,000458
asturianuaz 1,427116 0,000167
atlanta 2,995732 0,000701
atm 2,407946 0,000282
attempts 0,916291 0,000107
attention 1,203973 0,000141
attract 2,995732 0,000351
attractive 2,525729 0,000296
attribution -0,009950 -0,000001
audited 3,506558 0,000411
august 0,162519 0,000114
austan 3,912023 0,000458
australia 1,309333 0,000460
austria 2,813411 0,000988
austrian 2,407946 0,000564
austro 3,912023 0,000458
authorities 1,966113 0,000460
authority 0,083382 0,000137
authorized 1,966113 0,000230
automated 0,776529 0,000091
autonomously 2,659260 0,000311
autonomy 2,302585 0,000539
availability 1,469676 0,000172
available -0,009950 -0,000003
average 1,139434 0,000400
avoid 0,941609 0,000331
awareness 2,040221 0,000239
away 1,139434 0,000133
azerbaijan 3,506558 0,000411
backed 2,120264 0,000745
background 1,237874 0,000435
bad 1,347074 0,000158
baeriswyl 3,912023 0,000458
bagehot 3,912023 0,002290
bahamas 3,912023 0,000458
bahasa 0,186330 0,000022
bahrain 3,506558 0,000411
baker 2,302585 0,000270
balance 1,966113 0,000691
balanced 2,407946 0,000282
balances 2,302585 0,000270
banaian 3,912023 0,000458
banco 2,995732 0,001754
bancorp 3,506558 0,000411
bangko 3,912023 0,000458
bangladesh 2,207275 0,000258
bank 1,108663 0,041148
banker 2,407946 0,000564
bankers 2,813411 0,001318
banking 1,347074 0,010567
banknotes 3,506558 0,002874
banks 1,560648 0,026495
banksbanking 3,912023 0,000458
banksglobal 3,912023 0,000458
bankunderground 3,912023 0,000458
banq 3,506558 0,000411
banque 3,506558 0,003284
barbados 3,912023 0,000458
barbell 3,912023 0,000458
barcelona 2,525729 0,000887
barkin 3,912023 0,000458
barr 2,659260 0,000311
barrier 2,207275 0,000258
barry 2,207275 0,000517
bartolomeo 3,912023 0,000458
bartter 3,506558 0,000411
base 0,755023 0,000530
based 0,010050 0,000007
basel 2,302585 0,002426
basic 0,235722 0,000110
basis 0,820981 0,000288
basket 2,813411 0,000329
bastiat 2,995732 0,000351
batavia 3,912023 0,000916
baumol 2,995732 0,000351
bawerk 2,995732 0,000351
bce 2,995732 0,000351
bearing 2,659260 0,000311
beaugrand 3,912023 0,000458
became 0,579818 0,000204
because 0,127833 0,000015
becker 2,659260 0,000311
become 0,510826 0,000120
becoming 1,108663 0,000130
behavioral 1,832581 0,000429
behaviour 1,966113 0,000230
behind 0,867501 0,000102
beige 3,912023 0,000458
beijing 2,813411 0,000659
belarus 3,218876 0,000377
belgium 2,995732 0,001754
belief 1,714798 0,000201
believe 2,040221 0,000239
belongs 2,407946 0,000282
ben 1,309333 0,000153
benchimol 3,912023 0,000916
benjamin 1,386294 0,000162
bermuda 3,506558 0,000411
bernanke 3,506558 0,000411
bernard 1,966113 0,000230
bernardo 3,506558 0,000411
bernd 2,813411 0,000329
best 0,462035 0,000108
beth 2,995732 0,000351
better 0,494296 0,000058
beyond 0,713350 0,000251
bhutan 3,506558 0,000411
bias 1,660731 0,000194
bibcode 0,693147 0,000162
bid 2,525729 0,000296
bidding 3,506558 0,000411
big 0,673345 0,000158
biggest 1,897120 0,000222
biii 3,506558 0,000411
bikol 2,525729 0,000296
bilanzsumme 3,912023 0,000458
bill 0,941609 0,000110
billion 1,139434 0,000133
bills 2,659260 0,000934
binder 3,912023 0,000458
bindseil 3,912023 0,000458
bis 2,813411 0,000329
black 1,203973 0,000141
blackwell 2,302585 0,000270
bliley 3,506558 0,000411
blinder 3,912023 0,000458
bloc 3,506558 0,000411
blockchain 1,660731 0,000194
bloomberg 1,469676 0,000860
blume 3,506558 0,000411
board 0,916291 0,001502
boards 2,302585 0,000270
bodea 3,912023 0,000458
bodies 1,660731 0,000194
body 1,139434 0,000133
bokm 0,127833 0,000015
bond 2,040221 0,001672
bonds 2,302585 0,002157
book 0,478036 0,000224
boost 2,407946 0,000282
bootstrapping 2,659260 0,000311
bordo 3,912023 0,001374
borio 3,912023 0,000458
borrow 2,813411 0,000659
bosnia 3,912023 0,000458
bostic 3,912023 0,000458
boston 1,560648 0,000183
botswana 3,912023 0,000458
bound 1,660731 0,000778
bowman 3,912023 0,000458
boydell 3,912023 0,000458
bracket 2,525729 0,000296
branched 3,506558 0,000411
branches 1,427116 0,000167
brasil 2,995732 0,000351
bray 2,525729 0,000296
brazil 2,207275 0,001292
bretton 3,506558 0,001232
brics 3,506558 0,000411
brief 1,309333 0,000307
britain 2,207275 0,000775
british 1,203973 0,000846
broad 1,203973 0,000141
broader 1,309333 0,000153
brunei 3,912023 0,000458
brussels 3,218876 0,000754
bubble 1,609438 0,000565
bubbles 2,659260 0,000623
buchanan 2,659260 0,000311
buddhist 2,995732 0,000351
budget 2,207275 0,001034
budgets 2,995732 0,000351
build 0,673345 0,000079
building 0,415515 0,000097
bulgaria 3,218876 0,000377
bulgarian 3,218876 0,001131
bulge 3,506558 0,000411
bullet 3,218876 0,000377
bulletin 2,302585 0,000270
bullionism 3,912023 0,000458
bullionist 3,912023 0,000458
bundesbank 3,506558 0,002874
burdekin 3,912023 0,000458
burns 3,506558 0,000411
burundi 3,506558 0,000411
business 0,301105 0,000423
businessweek 2,207275 0,000258
buy 1,514128 0,000177
buying 1,660731 0,000389
cable 2,302585 0,000270
cagr 3,218876 0,000377
cahorsins 3,912023 0,000458
caisse 3,912023 0,000458
called 0,040822 0,000024
cambodia 3,912023 0,000458
cambridge 0,755023 0,000530
camille 2,995732 0,000351
campiglio 3,912023 0,000458
canada 1,427116 0,000668
cannot 0,314711 0,000037
canvi 3,506558 0,001232
capacity 1,237874 0,000145
cape 3,506558 0,000411
capie 3,912023 0,001374
capital 1,237874 0,002464
captured 1,714798 0,000402
carbon 1,609438 0,002073
card 1,272966 0,000149
cards 1,427116 0,000334
carefully 1,897120 0,000222
caribbean 2,995732 0,001052
carl 1,771957 0,000207
carolina 2,813411 0,000329
carried 1,514128 0,000177
carsten 3,218876 0,000377
cartel 3,218876 0,000377
cascade 3,218876 0,000377
case 0,139262 0,000098
cases 0,478036 0,000280
cash 1,386294 0,000487
cashless 3,912023 0,000458
caspi 3,912023 0,000458
cass 3,506558 0,000411
casting 2,525729 0,000296
cat 2,407946 0,000282
catal 0,094311 0,000011
categories -0,009950 -0,000002
category 0,116534 0,000041
catherine 2,525729 0,000591
cause 0,916291 0,000215
cayman 3,912023 0,000916
cbdc 3,506558 0,000821
cbi 3,506558 0,000411
ccf 3,218876 0,000377
ccr 3,506558 0,000411
cecchetti 3,912023 0,000458
cecco 3,912023 0,000458
celine 3,912023 0,000458
center 0,562119 0,000132
centers 1,427116 0,000334
central 0,510826 0,018361
centralbosanskibrezhoneg 3,506558 0,000411
centre 1,771957 0,000415
centuries 2,302585 0,000270
century 0,891598 0,002401
certain 0,274437 0,000096
ces 3,506558 0,000411
chair 2,659260 0,001868
chairs 3,912023 0,000458
challenge 1,139434 0,000133
challenges 0,941609 0,000110
cham 2,407946 0,000564
chan 2,120264 0,000248
chancellor 2,995732 0,000351
change 0,261365 0,000398
changed 0,941609 0,000110
changesupload -0,009950 -0,000002
channel 1,309333 0,000153
characteristics 1,139434 0,000133
charge 1,609438 0,000188
chari 3,912023 0,000458
charles 0,941609 0,000661
chart 1,771957 0,000207
chartalism 2,659260 0,000623
charter 2,407946 0,001128
cheaper 2,040221 0,000478
checking 1,272966 0,000149
chen 1,309333 0,000153
cheque 2,995732 0,000351
chicago 1,609438 0,000565
chile 2,995732 0,000351
china 0,967584 0,001813
chinese 1,309333 0,000153
choice 0,967584 0,000453
chosen 1,469676 0,000344
christel 3,912023 0,000458
christmas 2,659260 0,000311
christopher 1,139434 0,000400
cid 0,356675 0,000585
cie 3,912023 0,000458
cips 3,218876 0,000377
circuitism 2,995732 0,000701
circulation 2,302585 0,001078
circumstances 1,897120 0,000222
citation 0,415515 0,000243
citations 0,916291 0,000107
cited 1,714798 0,000201
cities 1,897120 0,000222
citizens 2,207275 0,000258
city 1,309333 0,000460
clair 3,912023 0,000458
clarification 1,832581 0,000429
clarity 2,302585 0,000270
clark 1,771957 0,000207
classical 1,309333 0,000460
classified 1,272966 0,000149
clear 1,139434 0,000133
clearing 2,302585 0,000270
clearly 1,771957 0,000415
cleveland 3,506558 0,000821
clifford 2,207275 0,000258
climate 1,386294 0,002922
close 0,941609 0,000110
closely 1,237874 0,000145
cls 3,218876 0,000377
club 2,659260 0,000311
coalesced 3,506558 0,000411
coalition 2,813411 0,000329
code -0,009950 -0,000002
coherent 2,813411 0,000329
coinage 2,659260 0,000311
coincided 3,218876 0,000377
coins 1,771957 0,000622
collapses 3,506558 0,000411
collateral 2,659260 0,000311
collection 0,527633 0,000124
collectively 1,714798 0,000402
collins 2,525729 0,001479
cologne 3,912023 0,000458
colombia 3,218876 0,000377
colonial 3,506558 0,002874
colonies 3,912023 0,000458
colony 3,506558 0,000411
com 0,150823 0,000018
combination 0,916291 0,000107
comes 0,867501 0,000102
commenced 3,218876 0,000377
commensurately 3,912023 0,000458
commentary 2,813411 0,000329
commerce 1,021651 0,000239
commercial 0,653926 0,000995
commission 1,427116 0,000334
commitment 1,832581 0,000215
commitments 3,218876 0,000377
committee 1,347074 0,000789
commodity 1,660731 0,000194
common 0,072571 0,000068
commonly 0,342490 0,000040
commons -0,009950 -0,000006
commonswikidata 1,171183 0,000137
communication 0,616186 0,000505
communications 0,733969 0,000086
communism 3,912023 0,000916
communist 2,995732 0,000351
community 0,616186 0,000144
comoros 3,912023 0,000458
companies 0,597837 0,000210
company 0,462035 0,000270
comparable 2,120264 0,000496
comparative 1,897120 0,001111
compare 1,609438 0,000188
compared 0,634878 0,000074
comparing 2,040221 0,000239
compiled 1,386294 0,000162
complementary 1,832581 0,000215
complexity 0,616186 0,000072
component 0,713350 0,000084
components 0,415515 0,000049
comprehensive 0,941609 0,000110
comprehensively 3,912023 0,000458
comptroller 3,506558 0,000411
computational 0,755023 0,000177
concentration 2,659260 0,000311
concept 0,415515 0,000049
concepts 0,400478 0,000047
concerns 1,021651 0,000359
conditional 1,660731 0,000194
conduct -0,009950 -0,000003
conducted 1,560648 0,000183
conducting 2,207275 0,000258
conference 0,301105 0,000035
conferences 1,347074 0,000315
confirmed 2,302585 0,000270
conflict 1,514128 0,000355
congleton 3,912023 0,000458
congo 3,218876 0,000377
congress 1,771957 0,000415
congressional 2,525729 0,000296
connected 1,108663 0,000130
connection 1,203973 0,000141
consensus 1,832581 0,000215
consequence 1,771957 0,000207
consequences 1,966113 0,000230
consequently 1,514128 0,000355
conservative 2,659260 0,000311
consider 1,078810 0,000505
consideration 1,514128 0,000177
considerations 1,560648 0,000183
considered 0,400478 0,000047
considering 1,347074 0,000315
consists 1,078810 0,000126
consolidated 2,659260 0,000311
constant 1,660731 0,000389
consultation 2,813411 0,000329
consumer 1,049822 0,000492
consumers 1,272966 0,000149
consumption 1,139434 0,000267
contact -0,009950 -0,000001
contacts -0,009950 -0,000001
containing 0,579818 0,000136
content -0,009950 -0,000003
contention 3,506558 0,000411
contents -0,009950 -0,000003
continental 2,995732 0,000351
continued 1,427116 0,000167
continuous 1,049822 0,000123
contra 3,912023 0,000458
contract 1,272966 0,000149
contractionary 3,912023 0,000458
contrast 0,994252 0,000349
contribute -0,009950 -0,000001
control 0,020203 0,000026
controlled 1,021651 0,000239
controlling 1,427116 0,000167
controls 1,078810 0,000379
conversely 2,407946 0,000282
convertible 2,525729 0,000591
cook 2,207275 0,000517
cookie -0,009950 -0,000001
cooperation 1,897120 0,000444
cooperative 1,609438 0,000188
cornell 2,120264 0,000248
corner 2,813411 0,000329
corp 2,207275 0,000258
corporate 1,078810 0,000505
corporation 0,916291 0,000536
corporations 1,660731 0,000194
correlatively 3,912023 0,000458
correspondent 2,813411 0,000329
corruption 2,040221 0,000239
cost 0,478036 0,000112
council 1,427116 0,000167
count 1,660731 0,000389
counted 2,407946 0,000282
counteract 3,912023 0,000458
countries 0,994252 0,002794
country 1,171183 0,002057
countryafrica 3,912023 0,000458
cournot 2,813411 0,000329
court 1,469676 0,000172
cox 2,302585 0,000270
create -0,009950 -0,000007
created 0,430783 0,000303
creating 0,562119 0,000066
creation 0,693147 0,000487
creative -0,009950 -0,000001
credibility 2,813411 0,000329
credible 2,813411 0,000659
credit 1,139434 0,002802
crises 2,995732 0,000351
crisis 1,347074 0,001893
crissinger 3,912023 0,000458
cristina 3,218876 0,000377
criteria 1,609438 0,000377
critical 0,653926 0,000077
critically 3,218876 0,000377
criticism 1,171183 0,000411
critics 2,302585 0,000270
critique 2,207275 0,000258
croatia 3,912023 0,000458
cross 0,562119 0,000066
crossroads 3,218876 0,000377
crucial 1,386294 0,000162
crunch 3,218876 0,000377
cuba 3,506558 0,000411
cultural 1,427116 0,000167
culture 1,514128 0,000177
cultures 3,218876 0,000377
cumulative 3,218876 0,001131
cura 3,912023 0,000458
curbs 3,912023 0,000458
currencies 2,120264 0,003724
currency 1,771957 0,010166
current 0,385662 0,000406
currentgovernors 3,912023 0,000458
currently 0,755023 0,000088
curseur 3,912023 0,000458
curti 3,912023 0,000458
curve 1,347074 0,001104
custodian 3,218876 0,000377
customer 1,139434 0,000133
customers 1,078810 0,000379
cva 3,218876 0,001131
cycle 1,049822 0,000492
cyclical 3,218876 0,000377
cyprus 3,218876 0,001131
czechia 3,912023 0,000458
czechoslovakia 3,912023 0,000916
dafermos 3,912023 0,000458
dallas 3,218876 0,000377
daly 2,995732 0,000351
danger 2,407946 0,000282
daniel 0,776529 0,000091
danzig 3,912023 0,000458
data 0,030459 0,000014
databases 0,127833 0,000015
datajapanczech 1,469676 0,000172
date 0,579818 0,000068
dates 0,430783 0,000050
david 0,385662 0,000090
davies 2,040221 0,000239
day 0,843970 0,000198
dealer 2,813411 0,000659
debanking 3,506558 0,000411
debasement 3,218876 0,000377
debate 1,560648 0,000183
debit 2,813411 0,000659
debreu 3,506558 0,000411
debt 1,966113 0,000921
decade 1,832581 0,000215
decades 1,469676 0,000172
decarbonise 3,912023 0,000458
december 0,061875 0,000072
deceptive 3,218876 0,000377
decide 1,714798 0,000402
decided 1,469676 0,000172
decision 0,494296 0,000058
decisions 1,078810 0,000253
decrease 1,966113 0,000460
defender 3,912023 0,000458
deficit 2,995732 0,001403
define 0,798508 0,000280
defined 0,248461 0,000145
definition 0,342490 0,000200
deflation 3,218876 0,001131
degree 1,171183 0,000411
degrees 1,560648 0,000365
del 2,040221 0,000239
delegate 2,995732 0,000351
delegated 2,995732 0,000351
demand 1,049822 0,001352
democracy 2,659260 0,000311
democratic 2,525729 0,000296
demographic 2,040221 0,000239
denmark 2,525729 0,000296
denominated 2,995732 0,000351
department 0,941609 0,000220
departments 1,966113 0,000230
dependent 1,021651 0,000120
depending 0,673345 0,000079
deposit 1,966113 0,001381
depository 2,995732 0,000351
deposits 2,525729 0,001479
derived 0,891598 0,000104
derives 2,813411 0,000329
described 0,430783 0,000050
describing 1,203973 0,000141
description -0,009950 -0,000005
descriptionshort 0,000000 0,000000
design 0,127833 0,000015
despite 1,021651 0,000359
detailed 1,272966 0,000298
details 0,916291 0,000107
determine 0,733969 0,000086
detriment 3,506558 0,000411
deutsche 2,525729 0,001479
deutscher 3,912023 0,000458
devaluation 3,506558 0,000411
develop 0,867501 0,000102
developed 0,127833 0,000045
developers -0,009950 -0,000001
developing 0,673345 0,000079
development 0,083382 0,000107
device 0,891598 0,000104
devised 2,813411 0,000329
diamond 2,302585 0,000270
dictionary 0,673345 0,000237
dictum 3,912023 0,000458
didmc 3,912023 0,000458
difference 0,820981 0,000096
different 0,020203 0,000014
difficult 0,597837 0,000070
difficulties 2,040221 0,000239
digital 0,400478 0,000422
dikau 3,912023 0,000458
dimension 1,832581 0,000215
direct 0,597837 0,000420
directed 1,514128 0,000177
directly 0,415515 0,000097
dirk 2,659260 0,000311
disagreements 3,506558 0,000411
disallowed 3,506558 0,000411
disclaimers -0,009950 -0,000001
disclosure 2,120264 0,000993
discount 2,407946 0,001410
discourse 2,659260 0,000623
discretion 3,218876 0,000377
discretionary 3,218876 0,000377
discussion 1,139434 0,000534
disequilibrium 2,995732 0,000701
disinflation 3,912023 0,000458
disinvestment 2,995732 0,000351
dismantling 3,218876 0,000377
dismissal 3,912023 0,001374
disputed 2,407946 0,000282
disputes 2,040221 0,000239
distinguishable 2,995732 0,000351
distributed 0,478036 0,000056
distributor 3,506558 0,000411
district 2,120264 0,000248
diversification 2,120264 0,000248
diversion 3,912023 0,000458
division 1,386294 0,000162
djibouti 3,912023 0,000458
dmy 0,994252 0,000116
doctrine 2,525729 0,000296
document 0,673345 0,000079
documented 1,832581 0,000215
dodd 2,659260 0,000311
doi 0,162519 0,000609
doing 1,272966 0,000149
dollars 1,832581 0,000215
domar 3,912023 0,000458
domestic 1,560648 0,000183
dominican 3,506558 0,000411
dominions 3,506558 0,000411
donate -0,009950 -0,000002
done 0,653926 0,000077
down 0,597837 0,000140
download -0,009950 -0,000002
downturns 3,912023 0,000458
drive 1,309333 0,000153
driven 0,867501 0,000102
drives 1,966113 0,000230
dsge 3,506558 0,000411
duchy 3,912023 0,000458
due 0,261365 0,000061
duration 2,040221 0,000239
durbin 2,813411 0,000329
durlauf 3,912023 0,000458
dynasty 3,218876 0,000377
eaa 3,912023 0,000458
ead 2,995732 0,000351
earl 2,995732 0,000351
earlier 1,139434 0,000133
early 0,301105 0,000740
easing 3,912023 0,003664
eastern 2,813411 0,000988
ecb 3,218876 0,003015
ecca 3,912023 0,000458
eccles 3,912023 0,000916
echoed 3,506558 0,000411
eco 2,407946 0,000282
ecological 2,120264 0,000745
econometrics 2,207275 0,000517
economic 0,843970 0,004545
economica 3,506558 0,000411
economically 2,659260 0,000311
economics 0,867501 0,002641
economies 2,207275 0,000517
economists 1,897120 0,001111
economy 1,347074 0,002050
ecuador 3,506558 0,000411
edge 0,941609 0,000110
edgeworth 2,995732 0,000351
edging 3,912023 0,000458
edit -0,009950 -0,000034
editcommunity -0,009950 -0,000001
edited -0,009950 -0,000001
edmund 2,813411 0,000329
eds 0,798508 0,000561
education 0,579818 0,000068
edward 1,309333 0,000153
effect 0,843970 0,000099
effective 0,994252 0,000582
effectively 0,994252 0,000233
effects 0,820981 0,000288
efficiency 0,673345 0,000079
efo 3,912023 0,001374
egregious 3,912023 0,000458
egypt 2,040221 0,000478
egyptian 2,659260 0,000311
egyptians 3,218876 0,000377
ehrmann 3,912023 0,000458
eichengreen 3,912023 0,000916
eight 2,120264 0,000248
eighteenth 3,218876 0,000377
eijffinger 3,912023 0,000458
either 0,248461 0,000116
ejournal 3,506558 0,000411
ejpoleco 3,912023 0,000458
elected 2,995732 0,001052
election 2,813411 0,000329
electoral 3,506558 0,000411
electrical 1,021651 0,000120
electronic 0,634878 0,000372
eligibility 3,506558 0,000411
eliminate 1,832581 0,000215
else 1,469676 0,000172
emanuele 3,506558 0,000411
embedded 0,867501 0,000102
emerged 1,139434 0,000267
emergence 1,714798 0,000602
emergency 2,120264 0,000496
emirates 2,813411 0,000329
emission 2,813411 0,000329
emissions 2,302585 0,000270
emmanuel 2,995732 0,000351
empire 2,813411 0,000659
empirical 1,203973 0,000282
employment 1,897120 0,001555
emulated 3,218876 0,000754
encourage 1,897120 0,000222
encouragement 3,912023 0,000458
encyclopedia -0,009950 -0,000003
end 0,261365 0,000061
ended 1,771957 0,000207
endogenous 3,912023 0,000916
energy 0,891598 0,000104
enforce 2,040221 0,000239
engaged 2,813411 0,000329
engineering 0,198451 0,000046
england 1,469676 0,002581
english -0,009950 -0,000003
englishsloven 0,510826 0,000060
enhanced 1,386294 0,000162
enjoy 2,813411 0,000659
enlargement 3,912023 0,000458
enough 0,843970 0,000099
enquiry 3,912023 0,000458
enshrine 3,912023 0,000458
enshrined 3,912023 0,000458
ensure 0,994252 0,000233
entail 2,995732 0,000351
entails 2,407946 0,000282
entering 2,207275 0,000258
enterprise 0,510826 0,000179
entities 1,139434 0,000133
entrust 3,506558 0,000411
entwicklung 3,506558 0,000411
environmental 1,049822 0,000615
envisaged 3,912023 0,000458
eonia 3,912023 0,000458
equal 1,347074 0,000158
equation 1,832581 0,000215
equilibrium 2,813411 0,000329
equity 1,771957 0,000207
equivalently 2,407946 0,000282
era 1,427116 0,000167
eric 1,078810 0,000126
eritrea 3,912023 0,000458
escompte 3,912023 0,000458
esg 2,525729 0,000296
espa 0,210721 0,000025
especially 0,415515 0,000049
essay 2,407946 0,000282
essential 0,941609 0,000110
essentially 1,514128 0,000177
est 2,995732 0,005261
established 0,916291 0,001717
establishing 1,660731 0,000194
establishment 2,207275 0,000517
estates 3,506558 0,000411
estonia 3,218876 0,000754
eswatini 3,912023 0,000458
etext 3,912023 0,000458
ethical 2,040221 0,000478
ethiopia 3,218876 0,000377
eugene 2,120264 0,000496
euribor 3,912023 0,000458
euro 2,659260 0,000934
euronia 3,912023 0,000458
europa 2,525729 0,000296
europe 0,941609 0,000882
european 0,755023 0,002387
eurosystem 3,912023 0,000458
eurozone 3,912023 0,000458
evaluate 1,771957 0,000207
evans 2,302585 0,000270
even 0,235722 0,000248
event 0,843970 0,000099
eventsrandom -0,009950 -0,000001
ever 1,272966 0,000149
evidence 1,309333 0,000613
evolution 0,820981 0,000192
evolutionary 1,832581 0,000644
evolved 1,560648 0,000365
examination 1,832581 0,000429
examines 2,813411 0,000329
example 0,030459 0,000053
examples 0,328504 0,000115
except 1,171183 0,000137
excerpts 2,525729 0,000296
excess 2,302585 0,000270
excessive 1,897120 0,000222
exchange 0,693147 0,001461
exclusive 2,120264 0,000248
executive 1,347074 0,000315
exemplified 3,218876 0,000377
exercise 2,407946 0,000282
existing 0,673345 0,000079
expand 1,897120 0,000222
expanded 1,203973 0,000141
expansion 1,386294 0,000325
expansionary 3,912023 0,000458
expect 1,897120 0,000222
expectations 2,120264 0,000993
expected 0,693147 0,000081
expedited 3,218876 0,000377
expenditures 2,995732 0,000351
expense 2,120264 0,000248
experience 1,021651 0,000120
experiences 1,560648 0,000183
experiment 1,469676 0,000172
experimental 1,021651 0,000120
explainer 3,506558 0,000411
explanation 1,897120 0,000222
exploring 1,966113 0,000230
export -0,009950 -0,000002
exposure 1,714798 0,000201
expression 1,021651 0,000239
expressions 1,386294 0,000162
extended 0,755023 0,000088
extensions 0,916291 0,000107
external 0,030459 0,000007
extraterritorial 3,506558 0,000821
ezb 3,912023 0,000458
face 1,309333 0,000153
facial 2,120264 0,000248
facility 1,660731 0,000778
fact 0,755023 0,000088
facto 2,207275 0,000517
faculty 3,218876 0,000377
fail 1,660731 0,000389
failed 1,108663 0,000260
failure 1,139434 0,000267
falls 1,832581 0,000215
false 1,272966 0,000149
family 1,078810 0,000126
faq 1,386294 0,000325
fastest 2,120264 0,000248
favor 1,347074 0,000158
favoring 3,912023 0,000458
fcad 3,912023 0,000458
fdb 3,506558 0,000411
fdic 3,506558 0,000411
features 0,371064 0,000043
february 0,061875 0,000058
fed 2,407946 0,001973
federal 1,386294 0,008278
federated 2,302585 0,000270
federations 3,912023 0,000458
fedspeak 3,912023 0,000458
feminist 2,659260 0,000311
ferguson 2,659260 0,000311
fern 3,218876 0,000377
fiat 2,813411 0,000988
fielding 2,407946 0,000282
fields 0,713350 0,000084
fifth 2,040221 0,000239
fight 2,120264 0,000496
figure 1,832581 0,000215
fiji 1,897120 0,000444
filename 2,040221 0,000239
filepermanent -0,009950 -0,000001
filespecial -0,009950 -0,000001
filippo 3,218876 0,000377
final 0,916291 0,000107
finance 0,843970 0,002767
financial 0,776529 0,003909
financing 2,525729 0,000887
finland 2,407946 0,001410
finsoc 3,912023 0,000458
firms 1,514128 0,000177
firre 3,912023 0,000458
first 0,020203 0,000024
fiscal 3,506558 0,004516
fischer 2,995732 0,000701
fisher 2,040221 0,000717
fixed 0,494296 0,000347
flandreau 3,912023 0,000458
fleming 3,912023 0,000458
flight 1,897120 0,000222
flow 0,510826 0,000060
fluctuations 2,659260 0,000311
focus 0,755023 0,000088
focuses 1,469676 0,000172
follow 1,078810 0,000126
following 0,210721 0,000123
fomc 3,912023 0,000916
forecast 1,771957 0,000207
forecasting 1,469676 0,000344
foreign 1,139434 0,001868
form 0,162519 0,000171
formal 0,673345 0,000158
formed 1,139434 0,000133
former 1,049822 0,000246
forming 1,966113 0,000230
forms 0,562119 0,000132
forrest 2,813411 0,000659
forum 1,347074 0,000315
forward 1,021651 0,000478
fostered 3,218876 0,000377
found 0,385662 0,000045
foundation -0,009950 -0,000005
founded 1,347074 0,000315
founding 2,120264 0,000496
four 0,820981 0,000192
fractional 2,302585 0,000809
fragmented 2,813411 0,000329
framework 0,342490 0,000200
frameworks 1,108663 0,000260
framing 3,506558 0,000411
fran 0,223144 0,000052
france 1,560648 0,002010
francis 1,347074 0,000158
francisco 1,609438 0,000188
frank 1,309333 0,000460
frankfurt 3,218876 0,001131
fraud 1,560648 0,000183
frbny 3,912023 0,000458
free -0,009950 -0,000007
freely 1,966113 0,000230
frees 3,912023 0,000458
freiwirtschaft 2,995732 0,000351
french 1,386294 0,000812
frequently 0,967584 0,000453
freshwater 3,506558 0,000411
frictional 3,912023 0,000916
friedman 1,771957 0,000830
friedrich 2,407946 0,000564
frisch 2,813411 0,000329
frtb 3,506558 0,000411
fsap 3,912023 0,000458
ftse 3,218876 0,000377
fulfilled 2,813411 0,000329
full 0,371064 0,000217
fully 0,616186 0,000072
function 0,210721 0,000025
functional 0,733969 0,000172
functions 0,356675 0,000251
fund 1,514128 0,001773
fundamental 0,867501 0,000102
funding 1,386294 0,000649
funds 1,714798 0,002008
further 0,139262 0,000049
future 0,274437 0,000096
gabriel 2,525729 0,000296
gabriele 3,218876 0,000754
gaining 1,966113 0,000230
gains 1,514128 0,000177
galati 3,506558 0,000411
galbraith 2,995732 0,000351
gambia 3,912023 0,000458
gambles 3,912023 0,000458
game 0,713350 0,000084
gap 1,609438 0,000188
garriga 3,912023 0,000916
gavin 2,302585 0,000809
gdp 2,207275 0,000258
gebrekidan 3,912023 0,000458
general -0,009950 -0,000007
generalization 2,813411 0,000329
generalized 1,560648 0,000183
generally 0,287682 0,000236
generations 2,525729 0,000296
genoa 2,813411 0,000329
genres 3,506558 0,000411
geographic 1,203973 0,000141
geojo 3,912023 0,000458
geojournal 3,912023 0,000458
george 0,916291 0,000215
georgia 2,207275 0,000258
georgism 2,995732 0,000351
german 1,427116 0,000334
germany 1,560648 0,000365
gesell 2,995732 0,000351
ghana 3,912023 0,000458
ghysels 3,912023 0,000458
ginette 3,912023 0,000458
giovanni 2,407946 0,000282
giro 3,506558 0,000821
given 0,261365 0,000153
gives 1,171183 0,000137
giving 1,714798 0,000201
glass 2,659260 0,000311
glimpse 3,218876 0,000377
global 0,478036 0,000448
globalized 3,218876 0,000377
globally 1,514128 0,000177
glossary 0,891598 0,000104
gni 3,912023 0,000458
goal 0,713350 0,000334
goals 1,237874 0,001739
gold 1,609438 0,003203
gomez 2,813411 0,000329
good 0,733969 0,000086
goodhart 3,912023 0,001374
goodman 2,659260 0,000311
goods 1,771957 0,000830
goolsbee 3,912023 0,000458
gorodnichenko 3,912023 0,000458
gosbank 3,912023 0,000458
gossen 2,995732 0,000351
governance 1,309333 0,000920
governing 2,659260 0,000311
government 0,755023 0,003006
governments 1,386294 0,001298
governor 2,995732 0,003157
governors 3,218876 0,003769
governs 3,218876 0,000377
gradually 1,897120 0,000222
gramm 3,506558 0,000411
grand 2,302585 0,000270
grant 1,660731 0,000194
granted 1,832581 0,000215
granting 2,407946 0,000846
great 0,941609 0,000220
greater 0,755023 0,000177
greece 2,302585 0,000809
greek 1,966113 0,000230
green 0,994252 0,000698
greenham 3,912023 0,000458
greening 3,506558 0,001232
greenspan 2,407946 0,000846
gregory 1,714798 0,000201
griffoli 3,912023 0,000458
grofman 3,912023 0,000458
group 0,301105 0,000071
groups 0,891598 0,000209
groupthink 3,506558 0,000411
growth 0,755023 0,001149
guarantee 1,560648 0,000365
guaranteed 1,966113 0,000230
guatemala 3,912023 0,000458
guessing 3,218876 0,000377
guidance 1,714798 0,000803
guiding 2,995732 0,000351
guido 2,995732 0,000351
guinea 3,912023 0,000916
gunnar 3,912023 0,000458
gurney 3,912023 0,000458
gutenberg 3,506558 0,000411
guyana 3,506558 0,000411
haan 3,506558 0,000821
habit 3,506558 0,000411
haiti 3,912023 0,001832
half 1,108663 0,000389
halifax 3,912023 0,000458
hallett 3,506558 0,000411
hamburg 3,506558 0,000411
hamburger 3,218876 0,000377
hamilton 2,207275 0,000258
hamlin 3,912023 0,000458
hammack 3,912023 0,000458
hammond 3,506558 0,000411
hand 0,733969 0,000258
handbook 0,941609 0,000220
hands 1,427116 0,000167
hansen 2,659260 0,000311
happiness 2,995732 0,000701
harding 3,912023 0,000458
harrod 3,912023 0,000458
harvard 1,386294 0,000162
hausa 1,609438 0,000188
hawkins 3,506558 0,000411
hayek 2,659260 0,000623
hayo 3,912023 0,000458
hdl 1,049822 0,000615
head 1,021651 0,000598
headquartered 3,218876 0,000377
headquarters 2,525729 0,000591
heads 2,813411 0,000329
health 0,994252 0,000233
heat 2,207275 0,000258
heath 3,218876 0,000377
heavy 1,609438 0,000188
heckscher 2,995732 0,000351
hedge 2,120264 0,000248
hefeker 3,912023 0,000458
heinemann 2,813411 0,000329
held 1,237874 0,000580
helicopter 2,813411 0,000988
helplearn -0,009950 -0,000001
helps 1,347074 0,000158
helsinki 2,813411 0,000329
henry 1,514128 0,000532
hentenryk 3,912023 0,000458
hererelated -0,009950 -0,000001
heritage 2,659260 0,000311
herzegovina 3,912023 0,000458
heterodox 2,995732 0,000701
heut 3,912023 0,000458
hicks 2,659260 0,000623
hide -0,009950 -0,000005
higashijima 3,912023 0,000458
high 0,223144 0,000235
higher 0,430783 0,000101
highest 1,514128 0,000177
highlights 2,207275 0,000258
highly 0,867501 0,000102
hike 3,912023 0,000458
hikes 3,912023 0,000458
hire 2,659260 0,000311
historical 1,021651 0,000478
historically 1,386294 0,000325
history -0,009950 -0,000035
hold 1,021651 0,000478
holding 1,386294 0,000325
holdings 2,302585 0,000539
hole 2,995732 0,000351
home 0,653926 0,000077
honduras 3,912023 0,000458
hong 2,040221 0,000955
hongkong 3,912023 0,000458
hope 1,897120 0,000444
hoppe 2,995732 0,000351
horizon 1,897120 0,000222
hottinguer 3,912023 0,000458
house 0,916291 0,000322
houses 2,659260 0,000311
housing 2,659260 0,000311
however 0,094311 0,000099
hrvatskiidobahasa 1,203973 0,000141
https -0,009950 -0,000002
hughes 1,966113 0,000230
hull 2,659260 0,000311
humanistic 2,813411 0,000329
humphrey 3,218876 0,000377
hundred 2,120264 0,000248
hungarian 2,407946 0,001128
hungary 3,218876 0,001131
hyman 3,218876 0,000377
hyperinflation 3,912023 0,000916
iceland 3,218876 0,000377
ideas 0,891598 0,000209
identifying 1,139434 0,000133
igm 3,506558 0,000821
iii 1,560648 0,000365
illiquid 3,218876 0,000377
illusion 2,407946 0,000282
ima 3,506558 0,000411
imf 2,659260 0,000934
imm 3,506558 0,000411
immediate 1,609438 0,000188
immediately 1,309333 0,000153
immunities 3,912023 0,000458
immunity 3,506558 0,000411
impact 0,597837 0,000210
imperial 2,813411 0,000988
implement 0,755023 0,000088
implementation 0,328504 0,000077
implementing 0,994252 0,000233
implements 1,347074 0,000158
implications 1,347074 0,000158
implies 1,560648 0,000183
important 0,287682 0,000101
impossible 1,347074 0,000158
improve 0,274437 0,000096
improvement 1,203973 0,000141
improving 1,171183 0,000137
imre 3,218876 0,000377
ina 0,356675 0,000042
inasloven 0,616186 0,000072
inc -0,009950 -0,000001
incentives 2,407946 0,000282
include 0,061875 0,000065
included 0,400478 0,000141
includes 0,274437 0,000064
including 0,040822 0,000019
income 1,609438 0,001319
incomes 3,506558 0,000411
incorporated 1,609438 0,000188
increase 0,544727 0,000446
increased 0,820981 0,000288
increases 1,171183 0,000823
increasing 0,916291 0,000322
increasingly 0,776529 0,000091
incumbent 3,506558 0,000411
incur 2,813411 0,000329
independence 1,897120 0,014882
independent 0,713350 0,001420
index -0,009950 -0,000007
india 1,171183 0,000960
indicate 1,272966 0,000149
indicated 1,609438 0,000188
indicators 2,207275 0,000517
indices 2,120264 0,000745
indirect 2,407946 0,000282
indirectly 1,771957 0,000207
individual 0,415515 0,000146
indochine 3,912023 0,000458
indonesia 1,272966 0,000298
industrial 0,843970 0,000198
industry 0,527633 0,000247
inferior 3,912023 0,000458
infina 3,912023 0,000458
inflation 2,207275 0,006202
inflationary 3,218876 0,000377
influence 1,078810 0,000379
influenced 1,203973 0,000141
influences 1,771957 0,000415
influencing 2,207275 0,000258
influential 1,897120 0,000222
information 0,072571 0,000025
informationcite -0,009950 -0,000001
infrastructure 0,713350 0,000167
ingersoll 3,218876 0,000377
innovative 2,040221 0,000239
inskeep 3,912023 0,000458
instance 0,510826 0,000060
instances 1,514128 0,000177
instant 1,897120 0,000222
instead 0,301105 0,000035
institut 3,506558 0,000411
institute 0,579818 0,000068
institution 1,660731 0,000583
institutional 1,771957 0,001245
institutionalized 3,506558 0,000411
institutionally 3,506558 0,000821
institutions 1,171183 0,001097
instrument 2,207275 0,000258
instruments 1,609438 0,000754
insufficient 1,966113 0,000230
insurance 1,427116 0,000167
integrated 0,634878 0,000074
integration 0,673345 0,000079
intended 0,494296 0,000058
intensive 1,897120 0,000222
intent 1,771957 0,000207
inter 1,966113 0,000230
interactions 1,714798 0,000201
interbank 2,995732 0,001052
interest 0,693147 0,003003
interests 1,832581 0,000215
interference 2,407946 0,000846
interior 2,207275 0,000258
internal 0,634878 0,000149
international 0,139262 0,000522
internationalgndnationalunited 1,108663 0,000130
intertwined 2,813411 0,000329
interventions 3,506558 0,000411
interwar 3,506558 0,001232
intrinsic 1,897120 0,000222
introduced 0,371064 0,000043
invert 3,912023 0,000458
invest 2,207275 0,000258
invested 1,897120 0,000222
investigation 1,609438 0,000188
investing 1,771957 0,000622
investment 1,171183 0,001920
investor 2,302585 0,000270
investors 1,714798 0,000201
involuntarily 3,912023 0,000458
involuntary 3,506558 0,000821
involvement 2,120264 0,000248
involves 0,776529 0,000182
iran 2,120264 0,000248
iraq 2,407946 0,000282
irb 2,995732 0,001052
ireland 2,995732 0,001052
irving 3,506558 0,000411
isbn 0,051293 0,000102
isbnsarticles 3,912023 0,000458
isdafix 3,912023 0,000458
islamic 2,659260 0,000311
islands 2,813411 0,000988
israel 1,897120 0,000222
issn 0,478036 0,000784
issuance 2,525729 0,002070
issue 0,820981 0,000769
issued 1,514128 0,000709
issuer 3,218876 0,000754
issues 0,527633 0,000062
issuing 2,302585 0,000539
itai 3,912023 0,000458
italics 2,302585 0,000270
italy 2,302585 0,000539
itamar 3,912023 0,000458
item -0,009950 -0,000001
itself 0,342490 0,000120
jackson 2,207275 0,000775
jakob 2,813411 0,000659
jamaica 3,912023 0,000916
jan 1,386294 0,000325
janet 2,525729 0,000296
jansen 3,218876 0,000377
january 0,083382 0,000137
japan 1,309333 0,000920
jarrow 3,218876 0,000377
java 0,891598 0,000313
jeff 1,560648 0,000183
jefferson 2,813411 0,000329
jeffersonian 3,912023 0,000458
jel 3,506558 0,000411
jens 3,506558 0,000411
jerome 2,659260 0,000934
jevons 2,813411 0,000329
jmoneco 3,506558 0,000411
joan 3,506558 0,000411
job 1,203973 0,000141
jobs 2,040221 0,000478
johan 2,995732 0,000351
johannesburg 3,912023 0,000458
john 0,210721 0,000173
joint 1,171183 0,000274
jonathan 1,347074 0,000315
jones 1,386294 0,000162
jordan 1,714798 0,000201
jos 2,407946 0,000282
joseph 0,820981 0,000096
josh 2,659260 0,000623
journal 0,198451 0,000279
journalist 3,506558 0,000411
journals 1,609438 0,000188
jstor 0,843970 0,000198
july 0,127833 0,000254
jump -0,009950 -0,000002
june 0,094311 0,000110
jurisdiction 2,407946 0,000564
kakridis 3,912023 0,000916
kalecki 2,995732 0,000701
kansas 3,218876 0,000377
karl 1,966113 0,000230
karolyi 3,912023 0,000458
kashkari 3,912023 0,000458
katrin 3,912023 0,000458
kazakhstan 2,659260 0,000311
kazinnik 3,912023 0,001374
keep 0,994252 0,000582
kehoe 3,912023 0,000458
kenya 3,506558 0,000411
kept 1,560648 0,000183
kessler 3,218876 0,000377
key 0,356675 0,000042
keynes 2,995732 0,001754
keynesian 2,995732 0,002104
keynesians 3,912023 0,000458
kiff 3,912023 0,000458
king 1,771957 0,000415
kingdom 1,514128 0,000532
kinshasa 3,912023 0,000458
kiswahili 1,771957 0,000207
klein 2,813411 0,000329
knight 2,120264 0,000248
know 0,776529 0,000182
known 0,127833 0,000045
knut 3,912023 0,001374
kong 2,040221 0,000955
koop 3,912023 0,000458
koopmans 2,995732 0,000701
korea 1,771957 0,000622
kosovo 3,912023 0,000458
krugman 2,659260 0,000623
kurgan 3,506558 0,000411
kuwait 3,218876 0,000377
kuznets 2,995732 0,000701
kyrgyzstan 3,912023 0,000458
labeled 2,525729 0,000296
labour 2,525729 0,000887
lack 0,843970 0,000099
lacklustre 3,912023 0,000458
landscape 1,897120 0,000222
lange 2,813411 0,000329
language 0,186330 0,000087
languages -0,009950 -0,000002
lanka 3,218876 0,000754
large 0,127833 0,000030
largest 1,108663 0,000130
last -0,009950 -0,000008
lastra 3,912023 0,000458
late 0,755023 0,000177
later 0,223144 0,000131
latest 0,994252 0,000116
latinalatvie 1,203973 0,000141
latter 0,916291 0,000107
latvia 3,506558 0,000821
launches 1,609438 0,000188
laundering 2,995732 0,000351
lausanne 2,995732 0,000351
law 0,755023 0,000707
lawmakers 2,995732 0,000351
lawrence 1,386294 0,000487
laws 1,108663 0,000130
lcr 3,506558 0,000411
leach 2,995732 0,000351
leading 0,798508 0,000561
leads 1,237874 0,000290
league 3,506558 0,000411
learn 0,494296 0,000058
learned 1,386294 0,000162
learning 0,494296 0,000058
least 0,527633 0,000124
leaving 1,714798 0,000201
lebanon 2,995732 0,000351
led 0,446287 0,000052
ledger 2,040221 0,000239
left 0,916291 0,000107
legacy 1,309333 0,000153
legal -0,009950 -0,000006
legally 2,120264 0,000496
legislation 1,966113 0,000691
legislative 2,659260 0,000311
legitimized 3,912023 0,000458
lend 2,995732 0,001403
lender 3,218876 0,002638
lending 2,207275 0,001292
lengyel 3,912023 0,000458
leone 3,506558 0,000411
leontief 2,995732 0,000351
lerven 3,912023 0,000458
lesotho 3,506558 0,000411
less 0,430783 0,000252
lessons 1,832581 0,000215
leste 3,218876 0,000377
let 1,139434 0,000133
level 0,116534 0,000082
levels 0,755023 0,000088
leverage 1,771957 0,000207
liabilities 2,813411 0,000659
liability 2,040221 0,000239
liberia 3,912023 0,000458
libor 3,506558 0,000821
libya 3,506558 0,000411
license -0,009950 -0,000001
lie 2,120264 0,000248
lies 1,897120 0,000222
life 0,653926 0,000077
lift 2,659260 0,000311
light 1,078810 0,000126
like 0,072571 0,000034
likely 0,994252 0,000116
limited 0,510826 0,000179
limiting 1,966113 0,000230
line 0,356675 0,000042
linked 0,941609 0,000110
linkpage -0,009950 -0,000001
links -0,009950 -0,000005
linksarticles 1,021651 0,000120
lips 3,506558 0,000411
liquidity 1,966113 0,001842
lisa 2,525729 0,000296
list 0,083382 0,000127
lists 0,597837 0,000280
literature 1,272966 0,000447
lithuania 3,912023 0,000458
llotja 3,912023 0,000458
lnorsk 0,653926 0,000077
loan 2,040221 0,000955
loanable 3,912023 0,000458
loaning 3,912023 0,000458
loans 2,813411 0,001647
local 0,415515 0,000097
locations 1,078810 0,000126
log -0,009950 -0,000002
logan 3,912023 0,000458
logic 0,755023 0,000088
lombard 3,218876 0,001131
london 0,941609 0,000551
long 0,287682 0,000135
longer 0,755023 0,000177
longman 3,506558 0,000411
longstaff 3,506558 0,000821
look 0,967584 0,000113
lorie 3,912023 0,000458
losses 1,966113 0,000230
lost 1,514128 0,000177
louis 1,771957 0,000207
love 2,659260 0,000311
low 0,478036 0,000616
lower 0,776529 0,000909
lowering 2,995732 0,000701
lowers 2,813411 0,000329
luca 2,659260 0,000311
lucas 2,040221 0,000478
lucia 3,912023 0,000458
lux 0,371064 0,000043
luxembourg 3,912023 0,001374
maarten 3,506558 0,000411
macaire 3,912023 0,000458
macao 3,912023 0,000458
macedonia 3,912023 0,000458
machine 0,083382 0,000137
machinery 1,203973 0,000141
macmillan 1,660731 0,000583
macro 2,120264 0,000248
macroeconomic 2,525729 0,002070
macroeconomics 2,302585 0,001078
macroeconomicsmonetary 3,912023 0,000458
macroeconomy 3,506558 0,000821
macroprudential 3,912023 0,000458
madagascar 3,912023 0,000916
made 0,186330 0,000044
magic 2,302585 0,000270
magyar 1,049822 0,000123
main -0,009950 -0,000012
mainstream 1,832581 0,000215
maintain 0,941609 0,000220
maintaining 1,171183 0,000137
major 0,314711 0,000111
make 0,235722 0,000083
making 0,328504 0,000115
malawi 3,912023 0,000458
malaysia 2,302585 0,000270
malcolm 3,218876 0,000377
maldives 3,506558 0,000821
malta 3,912023 0,000458
malthus 2,995732 0,000701
malthusianism 2,995732 0,000351
manage 0,967584 0,000227
managed 1,203973 0,000141
management 0,139262 0,000147
manages 1,714798 0,000402
managing 1,021651 0,000359
mancini 3,912023 0,000458
mandate 2,659260 0,000934
mandates 2,207275 0,001809
mandatory 2,207275 0,000258
mandeville 2,995732 0,000351
mangano 3,912023 0,000458
manger 3,912023 0,000916
mankiw 3,912023 0,000458
many 0,061875 0,000051
marc 1,771957 0,000207
marcello 3,912023 0,000458
march 0,116534 0,000150
marginalism 2,995732 0,000351
maria 2,407946 0,000282
mark 0,462035 0,000054
market 0,616186 0,002236
markets 1,139434 0,000667
marquette 3,912023 0,000458
marriner 3,912023 0,000458
marshall 2,120264 0,000248
martin 0,891598 0,000104
martinez 2,813411 0,000329
marx 2,813411 0,000659
marxian 2,995732 0,000701
mary 1,514128 0,000355
masaaki 3,912023 0,000458
matching 1,171183 0,000137
materialized 2,813411 0,000329
mathematical 0,733969 0,000258
matt 1,609438 0,000188
matthias 2,525729 0,000296
maturity 2,040221 0,000239
mauritania 3,912023 0,000458
mauritius 3,506558 0,000411
maynard 3,218876 0,000754
mccabe 3,218876 0,000377
mccallum 3,218876 0,000377
meaning 0,544727 0,000064
means 0,198451 0,000070
meant 1,514128 0,000177
measure 0,994252 0,000116
measured 1,021651 0,000120
measures 0,941609 0,000220
measuresyields 3,912023 0,000458
measuring 1,609438 0,000377
mechanism 0,733969 0,000172
media 0,139262 0,000033
mediating 3,506558 0,000411
medieval 2,302585 0,000270
melayu 0,820981 0,000096
member 1,237874 0,000290
members 0,755023 0,000177
membership 1,832581 0,000215
men 2,659260 0,000311
menger 2,995732 0,000351
menu -0,009950 -0,000002
meq 3,912023 0,000458
mercantilism 2,995732 0,000351
merchant 2,659260 0,000311
mere 2,207275 0,000258
mergers 2,302585 0,000270
merits 3,506558 0,000411
merrier 3,912023 0,000458
metals 2,302585 0,000270
metcalf 3,912023 0,000458
method 0,210721 0,000049
methodologies 1,771957 0,000207
methodology 1,108663 0,000130
metric 1,966113 0,000230
metropolis 3,506558 0,000411
mexico 2,407946 0,000846
meyer 2,525729 0,000296
micha 2,659260 0,000311
michael 0,400478 0,000281
michele 2,207275 0,000258
michelle 2,813411 0,000329
micro 1,560648 0,000183
microeconomics 2,407946 0,000564
microfoundations 3,506558 0,000411
mid 0,994252 0,000116
middle 1,203973 0,000423
miklos 3,506558 0,000411
mill 2,407946 0,000282
miller 1,469676 0,000172
milton 2,995732 0,000701
mined 2,525729 0,000296
mining 1,021651 0,000239
minister 2,659260 0,000623
ministry 2,995732 0,001052
minneapolis 3,218876 0,001507
minor 1,469676 0,000172
minsky 2,813411 0,000329
miran 3,506558 0,000411
misa 3,506558 0,000411
mises 2,659260 0,000311
mismatch 2,659260 0,000311
missing 0,891598 0,000209
mission 1,966113 0,000230
mitchell 2,659260 0,000311
mitigate 1,609438 0,000188
mitigation 2,302585 0,000809
mix 1,660731 0,000194
mixed 1,309333 0,000153
mlwa 3,912023 0,000458
mobile -0,009950 -0,000003
model 0,162519 0,000304
models 0,527633 0,000124
modern 0,314711 0,000442
modified 1,203973 0,000141
moessner 3,912023 0,000458
moldova 3,506558 0,002053
moldovan 3,506558 0,000411
monetarism 3,218876 0,000754
monetary 1,609438 0,018278
monetization 2,995732 0,000351
money 1,171183 0,007542
mongolia 3,506558 0,000411
monitor 1,660731 0,000194
monitors 2,120264 0,000248
monnin 3,912023 0,000916
monopoly 2,302585 0,000539
montagu 3,506558 0,001232
montenegro 3,506558 0,000411
morocco 2,995732 0,000701
mortgage 2,525729 0,001183
mortgages 2,995732 0,000351
morton 2,995732 0,000351
mostly 0,994252 0,000116
move -0,009950 -0,000005
mozambique 3,912023 0,000458
mtirs 3,912023 0,000458
much 0,400478 0,000047
multi 0,342490 0,000080
multilateral 3,506558 0,000411
multiplier 2,302585 0,000270
mundell 3,912023 0,000458
municipal 2,407946 0,001692
musalem 3,912023 0,000458
museum 1,714798 0,000402
mutan 3,912023 0,000458
mutual 1,966113 0,000230
mutualism 2,995732 0,000351
myanmar 3,506558 0,000411
myrdal 2,995732 0,000701
myth 2,813411 0,000329
naef 3,912023 0,000458
nairu 3,912023 0,000458
name 0,342490 0,000321
named 0,820981 0,000096
namely 1,771957 0,000207
names 0,673345 0,000237
namibia 3,506558 0,000411
naming 1,386294 0,000487
naples 3,506558 0,000411
napoleon 3,912023 0,000458
napoli 3,506558 0,000411
narrow 2,407946 0,000564
narrowly 3,506558 0,000411
nascent 3,218876 0,000377
natcc 3,912023 0,000458
nation 2,120264 0,000496
national 0,562119 0,002567
nationalbank 3,912023 0,000458
nationalized 3,506558 0,000411
nations 1,660731 0,000583
nature 0,597837 0,000140
navigation -0,009950 -0,000001
nbm 3,912023 0,000458
ncipe 3,912023 0,000458
nder 3,912023 0,000458
ndez 3,506558 0,000411
near 1,171183 0,000274
necessarily 1,049822 0,000123
nederlands 0,415515 0,000049
nederlandsche 3,912023 0,000916
need 0,248461 0,000029
needed 0,210721 0,000173
needing 0,597837 0,000140
neel 3,912023 0,000458
negative 1,078810 0,000253
nejm 3,912023 0,000458
nen 2,813411 0,000329
neo 2,120264 0,000745
neobank 3,506558 0,000411
neoclassical 2,995732 0,001052
nepal 2,995732 0,000351
netherlands 1,897120 0,000222
network 0,210721 0,000099
networks 0,446287 0,000052
neumann 1,771957 0,000207
neutral 2,040221 0,000239
neutrality 3,218876 0,000377
new 0,010050 0,000024
newly 1,560648 0,000365
news 0,446287 0,000209
ngfs 3,912023 0,000916
niall 3,506558 0,000411
nicaragua 3,912023 0,000458
nigeria 2,525729 0,000296
nineteenth 2,659260 0,000623
nixon 2,813411 0,000329
nni 3,912023 0,000458
nominal 2,813411 0,000988
nominated 3,912023 0,000458
non -0,009950 -0,000008
nonverbal 3,506558 0,000411
norante 3,912023 0,000458
norbert 2,995732 0,000701
nordhaus 3,506558 0,000411
norm 2,659260 0,000311
norman 2,207275 0,000517
normative 3,218876 0,000377
norsk 0,342490 0,000040
north 1,309333 0,000307
northamerica 3,912023 0,000458
northeast 3,912023 0,000458
northern 2,659260 0,000311
northwestern 3,218876 0,000377
norway 2,525729 0,000296
notable 0,941609 0,000110
note 0,776529 0,000546
notenbank 3,912023 0,000458
notes 0,415515 0,000292
notice 1,966113 0,000460
notion 1,237874 0,000145
notional 3,912023 0,000458
nouriel 3,506558 0,000411
november 0,150823 0,000547
npr 2,995732 0,000351
nsfr 3,506558 0,000411
number 0,051293 0,000024
numerous 1,203973 0,000423
nynorskoccitano 2,659260 0,000311
objectives 1,660731 0,000389
occasionally 2,207275 0,000517
occidentale 3,912023 0,000458
occurred 1,469676 0,000172
occurring 1,832581 0,000215
oceania 2,813411 0,000329
octavian 3,912023 0,000458
october 0,139262 0,000179
oecd 2,407946 0,000564
oep 3,912023 0,000458
oesterreichische 3,912023 0,000458
offered 1,139434 0,000267
office 0,916291 0,000751
offices 2,813411 0,000329
official 0,733969 0,000258
officially 1,660731 0,000194
officials 2,995732 0,001052
offshore 2,040221 0,000239
often 0,127833 0,000195
ois 2,525729 0,000296
oldest 2,120264 0,000745
oldid -0,009950 -0,000001
oleksandr 3,912023 0,000458
olesperantoeuskara 0,510826 0,000060
oliver 1,660731 0,000194
omaha 3,506558 0,000411
oman 2,995732 0,000351
one 0,010050 0,000016
online 0,415515 0,000097
onmacroeconomics 3,912023 0,000458
onpublic 3,912023 0,000458
open 0,235722 0,000110
operated 1,660731 0,000583
operating 0,462035 0,000054
operation 0,713350 0,000167
operational 1,171183 0,000411
operations 0,301105 0,000212
oppenheim 3,218876 0,000754
opponent 3,218876 0,000377
opportunity 1,832581 0,000429
opposed 1,347074 0,000158
opposition 2,995732 0,000351
opted 3,218876 0,000377
optimal 1,386294 0,000162
optimum 3,506558 0,000411
option 1,108663 0,000130
order 0,094311 0,000033
org -0,009950 -0,000003
organization -0,009950 -0,000005
organizations 0,798508 0,000187
organize 2,207275 0,000258
organized 1,469676 0,000344
original 0,030459 0,000157
origins 1,514128 0,000355
orthodoxy 3,912023 0,000458
ostrom 2,995732 0,000351
others 0,314711 0,000037
otherwise 1,108663 0,000130
ottoman 3,506558 0,000821
out 0,261365 0,000122
outlier 2,995732 0,000351
outline 0,653926 0,000077
output 0,713350 0,000334
outside 0,798508 0,000093
outsized 3,912023 0,000458
outstanding 2,407946 0,000282
over 0,094311 0,000099
overend 3,912023 0,000458
overheating 3,506558 0,000411
overlapping 2,302585 0,000539
overnight 2,995732 0,001403
overshooting 3,912023 0,000458
owned 1,660731 0,000583
ownership 1,469676 0,000172
oxford 0,843970 0,001186
oxfordhb 3,912023 0,000458
oxfordjournals 3,912023 0,000458
pacific 2,120264 0,000248
page -0,009950 -0,000005
pagecontentscurrent -0,009950 -0,000001
pageget -0,009950 -0,000001
pages -0,009950 -0,000002
paid 1,560648 0,000183
pakistan 2,207275 0,000775
palestine 3,912023 0,000458
palgrave 1,897120 0,000888
paper 0,713350 0,000752
papers 1,203973 0,000141
papua 3,912023 0,000458
paraguay 3,912023 0,000916
pareto 2,407946 0,000282
paris 1,714798 0,001205
parliament 2,407946 0,001410
part 0,127833 0,000120
participants 1,832581 0,000215
participation 1,560648 0,000365
particularly 0,597837 0,000350
partly 2,120264 0,000248
partnership 2,040221 0,000239
passage 2,995732 0,000701
passing 1,771957 0,000207
past 1,049822 0,000123
paterson 3,912023 0,000458
patrick 1,714798 0,000201
pattern 0,891598 0,000209
paul 0,544727 0,000191
paulson 3,912023 0,000458
pay 1,272966 0,001043
payment 1,427116 0,000501
payments 1,897120 0,000888
pdf 0,139262 0,000245
pdfprintable -0,009950 -0,000001
peach 3,912023 0,000458
pension 2,120264 0,000496
people 0,356675 0,000292
perceived 1,897120 0,000222
percent 1,514128 0,000709
percentage 1,514128 0,000355
performance 0,261365 0,000092
peria 3,912023 0,000458
period 1,108663 0,000779
periods 1,660731 0,000583
persia 3,218876 0,000377
persisted 3,912023 0,000458
personal -0,009950 -0,000005
personality 2,813411 0,000329
personnel 1,966113 0,000230
peru 2,995732 0,000351
peter 0,494296 0,000058
pham 3,218876 0,000377
phelan 3,506558 0,000411
phelps 3,912023 0,000458
phenomenon 2,040221 0,000239
phi 2,407946 0,000282
philadelphia 2,813411 0,000329
philip 1,469676 0,000344
philippe 2,995732 0,000351
philippines 2,813411 0,000329
phillips 2,995732 0,000701
php -0,009950 -0,000001
physiocracy 2,995732 0,000351
pierre 1,966113 0,000460
pigou 2,995732 0,000351
piketty 2,995732 0,000351
pilipinas 3,912023 0,000458
pillar 3,218876 0,001131
pioneered 2,407946 0,000282
pittman 3,506558 0,000411
pke 2,995732 0,000351
placed 1,660731 0,000194
plan 0,916291 0,000322
planet 2,120264 0,000496
planner 2,525729 0,000296
planning 0,941609 0,000220
play 1,139434 0,000133
played 1,771957 0,000207
plays 2,525729 0,000296
please 0,776529 0,000091
pluralism 2,659260 0,000311
pmc 1,272966 0,000149
pmid 0,994252 0,000116
point 0,301105 0,000071
points 0,867501 0,000102
poland 2,813411 0,000659
polanyi 2,813411 0,000329
policies 1,237874 0,001594
policy -0,009950 -0,000098
policymakers 2,813411 0,000659
polisci 3,506558 0,000411
political 1,272966 0,001639
politically 2,813411 0,000329
politicians 3,506558 0,002463
politics 1,771957 0,001452
polskiportugu 0,916291 0,000107
poor 1,714798 0,000201
poovey 3,912023 0,000458
popescu 3,506558 0,000411
populism 3,506558 0,001232
portal 0,597837 0,000280
portaleconomics 3,912023 0,000458
portalrecent -0,009950 -0,000001
portalvte 2,040221 0,000955
porter 3,506558 0,000411
portfolios 2,525729 0,000296
portion 1,832581 0,000215
portugal 2,407946 0,000282
position 1,171183 0,000137
positive 1,272966 0,000298
possess 2,813411 0,000329
possesses 3,912023 0,000458
possession 2,407946 0,000282
possibility 1,560648 0,000183
possible 0,287682 0,000034
post 0,579818 0,000204
postal 3,218876 0,000377
potential 0,653926 0,000306
potter 3,506558 0,000411
pound 2,813411 0,000329
powell 2,525729 0,000887
power 0,400478 0,000188
powerful 1,108663 0,000130
powers 1,714798 0,000201
practice 0,371064 0,000217
practices 1,139434 0,000400
prague 2,813411 0,000329
pre 0,941609 0,000110
precious 2,525729 0,000296
precursor 2,040221 0,000239
predates 3,506558 0,000411
prefer 1,832581 0,000215
preference 2,659260 0,000934
preferential 3,506558 0,000411
preferred 1,560648 0,000183
premises 2,813411 0,000329
premium 2,407946 0,000282
prepaid 2,995732 0,000351
prescott 3,912023 0,000458
present 0,597837 0,000280
president 1,897120 0,000888
presidents 3,506558 0,000411
press 0,210721 0,000419
presses 3,218876 0,000377
pressure 1,714798 0,000201
prevent 0,891598 0,000209
price 1,021651 0,001675
prices 1,560648 0,000183
pricing 1,609438 0,000377
primarily 0,653926 0,000153
primary 0,527633 0,000309
prime 1,714798 0,000803
princeton 1,660731 0,000389
principal 1,272966 0,000298
print -0,009950 -0,000001
privacy -0,009950 -0,000002
private 0,693147 0,000649
privileges 2,525729 0,000591
problem 0,385662 0,000090
problems 0,430783 0,000050
procedures 1,660731 0,000389
process 0,116534 0,000082
product 0,579818 0,000068
production 0,798508 0,000093
professional 0,843970 0,000099
profit -0,009950 -0,000001
profitable 2,659260 0,000311
profits 2,040221 0,000239
prognose 3,912023 0,000458
program 0,328504 0,000115
prohibited 2,407946 0,000282
project 0,314711 0,000074
projects -0,009950 -0,000001
prominent 1,660731 0,000194
promise 1,427116 0,000668
promissory 2,813411 0,000329
promote 1,609438 0,000188
promoting 1,897120 0,000444
promotion 2,040221 0,000239
prophets 3,506558 0,000411
proponents 2,407946 0,000282
proportion 2,407946 0,000282
proposal 1,514128 0,000177
proposing 2,659260 0,000311
prospect 3,506558 0,000411
protection 0,994252 0,000233
protectionism 3,912023 0,000458
provide 0,174353 0,000020
provides 0,261365 0,000061
providing 0,673345 0,000079
provincial 3,506558 0,000821
proxy 1,832581 0,000215
public 0,248461 0,000465
publication 1,203973 0,000141
publications 0,941609 0,000551
published 0,328504 0,000077
publishes 2,407946 0,000282
publishing 0,446287 0,000052
pujo 3,912023 0,000458
pull 2,120264 0,000248
purchase 1,469676 0,000516
purchases 2,302585 0,000809
purpose 0,356675 0,000084
purposes 0,798508 0,000187
pursue 2,407946 0,000282
push 1,609438 0,000188
put 0,994252 0,000233
qatar 2,995732 0,000351
qualified 3,218876 0,000377
qualifying 3,506558 0,000411
quality 0,673345 0,000315
quantifying 2,813411 0,000329
quantitative 1,514128 0,001418
quantity 1,469676 0,000516
quarter 2,040221 0,000239
quasi 1,966113 0,000230
quesnay 2,995732 0,000701
questions 1,171183 0,000137
quinn 2,995732 0,000701
qvigstad 3,912023 0,000458
raise 1,966113 0,000460
raised 1,714798 0,000402
raising 2,525729 0,000296
ramsey 3,218876 0,000377
rank 1,832581 0,000215
ranking 1,966113 0,000230
ransom 2,525729 0,000296
raphael 2,659260 0,000311
rarely 1,514128 0,000177
rate 0,755023 0,006188
rateconceptsgeneral 3,912023 0,000458
rates 1,272966 0,001938
ratesmarket 3,912023 0,000458
rather 0,287682 0,000135
ratify 3,912023 0,000458
ratings 2,407946 0,000282
ratio 1,469676 0,000516
rational 1,966113 0,000230
rbaycanca 0,248461 0,000029
readability 2,120264 0,000248
readeditview 0,287682 0,000067
reading 0,342490 0,000080
real 0,210721 0,000173
reality 1,272966 0,000149
really 1,660731 0,000194
reappraisal 3,912023 0,000458
reason 1,049822 0,000123
received 1,078810 0,000126
recent 0,693147 0,000243
recession 2,813411 0,000659
recognition 1,078810 0,000126
reconsidering 3,506558 0,000411
reconstruction 2,207275 0,000258
redistribution 2,995732 0,000351
reduce 0,673345 0,000237
reduced 1,078810 0,000126
reduces 1,609438 0,000188
refer 0,867501 0,000102
reference 0,478036 0,000168
references 0,020203 0,000007
referred 0,446287 0,000314
refers 0,755023 0,000088
refinancing 3,218876 0,000754
reflect 1,386294 0,000162
reform 2,302585 0,000809
reforms 2,813411 0,000659
refrain 3,912023 0,000458
regarded 1,966113 0,000230
regarding 1,386294 0,000325
regime 2,407946 0,000282
regimes 2,813411 0,000329
regional 1,660731 0,000194
registered -0,009950 -0,000001
regulate 2,040221 0,000239
regulating 2,407946 0,000282
regulation 1,139434 0,001201
regulations 1,386294 0,000325
regulator 2,525729 0,000296
regulators 2,207275 0,000517
regulatory 1,427116 0,000835
rehabilitation 2,995732 0,000351
reinvestment 3,506558 0,000411
related 0,051293 0,000030
relationship 0,891598 0,000209
relative 1,108663 0,000389
relatively 1,049822 0,000246
release 0,579818 0,000136
relevant 0,916291 0,000107
reliant 2,659260 0,000311
relied 2,207275 0,000258
relocated 3,218876 0,000377
rely 1,139434 0,000133
remained 1,771957 0,000207
remaining 1,309333 0,000153
remains 1,237874 0,000145
remit 3,912023 0,000458
remits 3,912023 0,000916
remove 0,527633 0,000062
renamed 1,832581 0,000215
rendleman 3,506558 0,000411
renewable 2,120264 0,000248
renminbi 3,218876 0,000377
rens 3,912023 0,000458
replacing 1,609438 0,000188
report 0,462035 0,000216
reporting 1,427116 0,000167
reports 1,049822 0,000246
repos 3,912023 0,000458
representative 2,120264 0,000496
repression 3,506558 0,000411
repricing 3,912023 0,000458
republic 1,714798 0,001004
republicans 3,912023 0,000458
republiclatviaisraelotherhistorical 3,912023 0,000458
repurchase 3,218876 0,000754
requirement 1,427116 0,001170
requirements 0,597837 0,000350
research 0,261365 0,000153
researchers 0,820981 0,000096
reserve 1,832581 0,013303
reserves 2,525729 0,002366
residence 3,506558 0,000411
resort 2,995732 0,002104
resources 0,314711 0,000074
respectively 0,967584 0,000113
response 0,755023 0,000265
responses 1,771957 0,000207
responsive 2,813411 0,000329
responsiveness 2,659260 0,000311
rest 1,108663 0,000130
restates 3,912023 0,000458
restrain 3,912023 0,000458
result 0,371064 0,000087
resulting 0,798508 0,000093
results 0,446287 0,000157
retail 1,560648 0,000183
rethinking 2,813411 0,000329
retrieved -0,009950 -0,000052
returns 1,560648 0,000183
reuters 1,660731 0,000194
revenue 1,609438 0,000565
revenuespending 3,912023 0,000458
reverse 1,427116 0,000167
review 0,385662 0,000406
reviewing 3,218876 0,000377
revolution 1,272966 0,000149
revolve 3,912023 0,000458
rhetoric 2,995732 0,000351
ricardo 2,120264 0,000248
richard 0,733969 0,000258
richhild 3,912023 0,000458
richmond 3,506558 0,000411
riddick 3,912023 0,000458
rie 3,912023 0,000916
right 0,478036 0,000168
rights 0,891598 0,000104
rigidity 2,995732 0,000351
riksbank 3,218876 0,001884
riksdag 3,912023 0,000458
rise 0,967584 0,000340
risk 0,597837 0,001680
risks 1,108663 0,000130
rkmen 1,966113 0,000230
roberds 3,912023 0,000916
robert 0,579818 0,000136
robinson 2,525729 0,000591
rochon 3,912023 0,000458
roger 1,309333 0,000153
roland 2,813411 0,000329
role 0,634878 0,001041
roles 1,469676 0,000172
rom 0,616186 0,000072
romain 3,506558 0,000411
roman 2,040221 0,000239
romania 2,995732 0,000351
rome 2,302585 0,000270
rosa 2,813411 0,000329
roseveare 3,912023 0,000458
ross 1,560648 0,000183
rothbard 2,813411 0,000329
rothschild 3,912023 0,000916
roubini 3,506558 0,000411
routledge 2,407946 0,000282
roy 1,966113 0,000230
royal 1,714798 0,000402
royale 3,912023 0,000458
rtgs 3,506558 0,000411
rule 0,941609 0,000551
rules 0,616186 0,000072
run 0,446287 0,000209
runaway 3,218876 0,000377
runs 1,171183 0,000137
rural 2,813411 0,000329
russia 1,714798 0,000803
russian 1,609438 0,000565
rwanda 3,506558 0,000411
ryan 1,560648 0,000365
saadon 3,912023 0,000458
safeguard 2,813411 0,000329
safety -0,009950 -0,000001
sahm 3,912023 0,000458
saibor 3,912023 0,000458
saint 2,659260 0,000311
sal 3,912023 0,000458
sales 1,171183 0,000137
saltwater 3,912023 0,000458
sama 3,912023 0,000458
samoa 3,506558 0,000411
samuelson 2,995732 0,000701
san 1,272966 0,000149
sanctioned 2,813411 0,000329
sanders 2,207275 0,000258
sarah 2,302585 0,000270
sargent 3,218876 0,000377
saron 3,912023 0,000458
saudi 2,407946 0,001128
saving 2,040221 0,000478
savings 1,714798 0,001205
sawyer 3,506558 0,000411
say 1,078810 0,000126
says 1,309333 0,000153
scale 0,494296 0,000058
schemes 1,660731 0,000194
schmid 3,506558 0,000411
schnadt 3,912023 0,000916
schoenmaker 3,912023 0,000458
scholars 1,966113 0,000230
scholarship 3,506558 0,000411
scholvinck 3,912023 0,000458
schools 1,609438 0,000377
schoolsmainstream 3,912023 0,000458
schotten 3,912023 0,000458
schumacher 2,813411 0,000329
schumpeter 2,995732 0,000351
schwartz 2,302585 0,000270
science 0,287682 0,000067
score 2,207275 0,000258
scorecard 3,912023 0,000458
scotto 3,912023 0,000458
scrutinise 3,912023 0,000458
scrutiny 2,813411 0,000329
search -0,009950 -0,000005
searching 1,832581 0,000215
sebok 3,912023 0,000458
second 0,342490 0,000200
secrecy 2,525729 0,000296
secretary 2,659260 0,000311
section 0,562119 0,000066
sector 1,386294 0,000974
securing 2,302585 0,000270
securities 1,832581 0,000215
security 0,314711 0,000074
see -0,009950 -0,000007
seeking 1,560648 0,000365
seigniorage 3,912023 0,001374
selam 3,912023 0,000458
selected 1,386294 0,000162
selecting 2,302585 0,000270
self 0,478036 0,000056
selling 1,514128 0,000177
seminal 2,407946 0,000564
sen 2,302585 0,000270
senate 2,813411 0,000329
sense 1,078810 0,000253
sentral 3,912023 0,000458
separate 0,693147 0,000081
separated 1,514128 0,000177
separation 1,560648 0,000183
september 0,150823 0,000247
serbia 3,218876 0,000377
series 0,328504 0,000115
service 0,314711 0,000111
services 0,400478 0,000141
servicesbanking 3,912023 0,000458
set 0,083382 0,000098
setting 1,171183 0,000548
settlement 1,660731 0,000194
settlements 2,525729 0,001479
several 0,094311 0,000022
seychelles 3,912023 0,000458
shadow 2,659260 0,000311
shanghai 2,813411 0,000329
shaping 2,995732 0,000351
sharealike -0,009950 -0,000001
shareholders 2,813411 0,000329
shareholding 3,912023 0,000458
shares 1,771957 0,000207
shat 3,912023 0,001374
sheets 2,995732 0,000701
shields 3,218876 0,000377
shock 2,813411 0,000988
short -0,009950 -0,000006
shortened -0,009950 -0,000001
show 0,867501 0,000203
shows 1,139434 0,000133
shqipsimple 1,203973 0,000141
shrinkflation 3,912023 0,000458
side 0,693147 0,000162
sidebar -0,009950 -0,000005
sierra 3,218876 0,000377
signaling 2,995732 0,000351
signalling 3,506558 0,000411
signals 1,203973 0,000141
significant 0,328504 0,000192
significantly 1,171183 0,000137
silver 1,771957 0,000207
similar 0,186330 0,000044
simon 1,108663 0,000519
simple 0,150823 0,000018
simultaneously 1,309333 0,000153
since 0,139262 0,000179
singapore 1,897120 0,000444
single 0,127833 0,000030
sint 3,912023 0,000458
site -0,009950 -0,000001
situations 1,237874 0,000145
skills 1,660731 0,000194
skin 2,302585 0,000270
slenskaitaliano 0,562119 0,000066
slovakia 3,218876 0,000377
slovenia 3,912023 0,000458
small 0,314711 0,000111
smets 3,912023 0,000458
smith 1,203973 0,000423
smithsonian 2,813411 0,000329
sna 3,912023 0,000458
social 0,527633 0,000247
socialist 2,813411 0,000329
society 0,673345 0,000158
sofr 3,912023 0,000458
sole 2,120264 0,000248
soledad 3,912023 0,000458
solomon 2,995732 0,000351
solow 2,995732 0,000701
solution 0,776529 0,000091
somalia 3,912023 0,000458
somaliland 3,912023 0,000458
sometimes 0,301105 0,000035
sonia 3,506558 0,000411
soon 1,427116 0,000334
sophia 3,912023 0,001374
south 1,108663 0,000519
southamerica 3,912023 0,000458
southern 2,813411 0,000988
sovereign 2,525729 0,001479
sovereignty 2,995732 0,000701
soviet 2,525729 0,000296
sowell 2,995732 0,000351
spain 2,207275 0,000517
specialized 0,843970 0,000099
specific 0,094311 0,000033
specifications 1,237874 0,000145
specify 1,272966 0,000149
speculation 2,120264 0,000248
speech 1,469676 0,000172
spending 1,714798 0,001405
spfs 3,506558 0,000411
spindel 3,912023 0,000458
spot 1,771957 0,000207
spread 1,309333 0,000307
spreads 2,813411 0,000329
springer 0,527633 0,000185
sraffa 2,995732 0,000351
sri 2,302585 0,000539
srpskisrpskohrvatski 0,510826 0,000060
ssrn 1,427116 0,001003
stability 1,609438 0,002638
stabilization 3,506558 0,000411
stabilize 2,813411 0,000329
stadtbank 3,912023 0,000458
staff 1,469676 0,000344
stagflation 3,912023 0,000458
standard 0,198451 0,000046
standardized 1,203973 0,000423
standards 0,462035 0,000054
stanley 2,407946 0,000564
start 0,843970 0,000099
state 0,235722 0,000469
statement -0,009950 -0,000002
statements 0,314711 0,000147
statementsarticles 0,544727 0,000064
states 0,385662 0,001039
statesfrancebnf 0,510826 0,000060
statesthe 3,912023 0,000458
statistical 0,776529 0,000364
statistics -0,009950 -0,000007
status 0,693147 0,000081
steady 2,659260 0,000311
steagall 3,912023 0,000458
stefan 1,560648 0,000183
stefano 2,525729 0,000296
stephen 0,867501 0,000508
steve 1,078810 0,000126
steven 0,916291 0,000107
stiglitz 2,525729 0,000591
still 0,342490 0,000080
stimulate 3,912023 0,000458
stimulating 3,506558 0,000411
stock 1,386294 0,000487
stockholm 2,813411 0,000988
stockholms 3,912023 0,000916
stone 2,040221 0,000239
str 2,813411 0,000329
stranded 3,506558 0,000821
strategic 1,171183 0,000274
strategies 1,078810 0,000126
strategy 0,891598 0,000313
street 1,203973 0,000564
stress 1,897120 0,000222
strict 1,609438 0,000188
strong 0,776529 0,000273
strongly 1,560648 0,000183
structural 1,386294 0,000162
structure 0,314711 0,000074
structured 0,653926 0,000153
structures 0,673345 0,000079
struggling 2,995732 0,000351
studies 0,673345 0,000473
sub 1,021651 0,000239
subject 0,527633 0,000124
subjectivity 3,506558 0,000411
submarine 2,995732 0,000351
subprime 3,218876 0,000754
subscriptions 2,995732 0,000351
subsection 0,020203 0,000007
subsequent 1,469676 0,000344
subsequently 1,514128 0,000355
subsidiaries 2,659260 0,000311
successor 2,040221 0,000239
sudan 3,912023 0,000916
sudden 2,813411 0,000329
suffering 2,813411 0,000329
suggested 1,609438 0,000188
suggestive 3,912023 0,000458
summers 2,813411 0,000659
summit 2,120264 0,000248
suomisvenskatagalog 1,171183 0,000137
supervising 3,218876 0,000754
supervision 2,659260 0,003114
supervisors 3,912023 0,000916
supervisory 2,525729 0,000887
supplier 2,659260 0,000311
supply 1,171183 0,001508
support 0,198451 0,000093
suppressing 3,506558 0,000411
supranational 3,912023 0,001832
suriname 3,912023 0,000458
surplus 3,218876 0,000377
survey 0,579818 0,000068
susan 2,120264 0,000248
sustainability 1,966113 0,000230
sustainable 1,469676 0,000516
sveriges 3,506558 0,001642
swan 2,659260 0,000311
sweden 2,302585 0,000809
swedish 2,995732 0,000701
swift 1,386294 0,000162
swiss 2,040221 0,000478
switzerland 1,897120 0,001111
switzerlandyale 3,912023 0,000458
sylvester 3,218876 0,000377
symmetrically 3,506558 0,000411
symposium 1,309333 0,000307
synthesis 1,714798 0,000402
syria 2,995732 0,000351
system 0,030459 0,000068
systematic 1,427116 0,000167
systemic 2,120264 0,000745
systems 0,061875 0,000036
table -0,009950 -0,000002
taiwan 2,407946 0,000282
tajikistan 3,506558 0,000411
taken 0,867501 0,000102
taking 0,967584 0,000113
talavera 3,912023 0,000458
tale 3,506558 0,000411
tanaka 3,506558 0,000411
tangier 3,912023 0,000458
tanzania 3,506558 0,000411
target 0,673345 0,000473
targeting 1,897120 0,000666
targets 1,272966 0,000596
tariff 3,506558 0,000821
tatar 1,272966 0,000149
taula 3,506558 0,001232
tax 1,560648 0,000548
taxes 2,207275 0,000258
taylor 1,203973 0,000141
techniques 0,544727 0,000128
technology 0,186330 0,000022
ted 2,040221 0,000239
teichmann 3,912023 0,000458
telegraph 2,120264 0,000248
teller 2,659260 0,000311
template 0,328504 0,000038
tempted 3,506558 0,000411
tendency 2,207275 0,000258
tends 1,966113 0,000230
tenure 3,506558 0,000411
tercentenary 3,912023 0,000458
term 0,223144 0,000287
terminology 1,309333 0,000153
terms -0,009950 -0,000006
termsbankshidden 3,912023 0,000458
territories 3,506558 0,000411
territory 2,659260 0,000311
terrorism 2,407946 0,000282
test 0,673345 0,000079
text -0,009950 -0,000003
textarticles 2,995732 0,000351
texts 1,832581 0,000215
textual 1,966113 0,000230
textwikipedia 3,912023 0,000458
thailand 2,525729 0,000296
thaler 2,813411 0,000329
thcentury 3,912023 0,000458
theoretically 1,966113 0,000230
theories 1,469676 0,000172
theorist 3,218876 0,000377
theory 0,400478 0,000797
thereafter 2,525729 0,000296
thereby 1,309333 0,000153
therefore 0,478036 0,000112
thermo 2,995732 0,000351
thiemann 3,912023 0,000458
third 0,356675 0,000084
thirds 2,995732 0,000351
thirteenth 3,506558 0,000411
tho 3,912023 0,000458
thomas 0,527633 0,000247
thornton 2,995732 0,001403
though 0,544727 0,000383
thought 1,139434 0,000133
three 0,287682 0,000034
threshold 2,302585 0,000270
throughout 1,078810 0,000379
thus 0,328504 0,000269
tier 1,832581 0,000644
tightening 3,912023 0,000458
tilburg 3,506558 0,000411
tim 0,867501 0,000102
time 0,010050 0,000013
timeline 0,776529 0,000091
times 0,314711 0,000184
timing 2,120264 0,000248
timor 3,912023 0,000458
tinacymraegdanskdeutscheesti 2,302585 0,000270
tinbergen 2,995732 0,000351
title -0,009950 -0,000001
tobago 3,912023 0,000458
today 0,693147 0,000243
toggle -0,009950 -0,000006
tokyo 2,302585 0,000270
tom 1,203973 0,000141
tommaso 3,912023 0,000458
tonar 3,912023 0,000458
tonga 3,912023 0,000458
tonnage 3,912023 0,000458
tonnes 3,218876 0,000754
tons 2,813411 0,000329
tony 1,714798 0,000201
took 1,237874 0,000580
tool 0,653926 0,000153
toolkits 3,506558 0,000411
tools -0,009950 -0,000005
top -0,009950 -0,000003
topic -0,009950 -0,000001
topics 0,653926 0,000077
total 0,673345 0,000237
toward 1,108663 0,000389
towards 1,203973 0,000282
toxic 2,302585 0,000270
trade 1,139434 0,001601
traded 2,120264 0,000248
trademark -0,009950 -0,000001
tragedy 3,912023 0,001374
transaction 1,427116 0,000167
transcontinental 3,912023 0,000458
transcripts 3,912023 0,000458
transfer 0,693147 0,000325
transfers 2,207275 0,000258
transition 1,427116 0,000835
transitioning 3,506558 0,000411
transmission 1,347074 0,000158
transparency 1,560648 0,001462
transport 1,203973 0,000141
trap 2,659260 0,000623
treasury 2,407946 0,001692
trend 1,237874 0,000435
trillion 1,966113 0,000460
trinidad 3,912023 0,000458
trinity 3,506558 0,000411
troubled 3,506558 0,000411
trump 2,525729 0,000296
trust 0,967584 0,000113
truth 1,771957 0,000207
ttner 3,912023 0,000458
tunisia 2,995732 0,000351
turbulence 3,218876 0,000377
turkey 2,525729 0,000591
turkmenistan 3,506558 0,000411
turn 1,108663 0,000389
twelve 2,525729 0,000296
twentieth 2,525729 0,000296
twenty 1,897120 0,000222
two 0,083382 0,000020
type 0,150823 0,000018
types 0,198451 0,000139
typically 0,223144 0,000078
typified 3,912023 0,000458
tzebuergeschlietuvi 1,514128 0,000177
uganda 3,912023 0,000458
ugolini 3,912023 0,000458
uittenbogaard 3,912023 0,000458
ukraine 2,407946 0,000564
ullrich 3,912023 0,000458
ulrich 2,525729 0,000591
ultimately 1,427116 0,000167
unanticipated 3,912023 0,000458
unburnable 3,912023 0,000458
uncertainty 1,237874 0,000145
unconventional 3,506558 0,001232
und 2,995732 0,000351
under -0,009950 -0,000009
underground 2,995732 0,000351
undertaken 2,525729 0,000296
underway 2,995732 0,000351
unemployed 3,912023 0,000458
unemployment 2,207275 0,003101
unfair 3,218876 0,000377
unintended 2,813411 0,000988
union 1,021651 0,001794
unions 2,207275 0,000517
unit 0,798508 0,000187
unitary 3,506558 0,000411
united 0,527633 0,001236
units 1,309333 0,000153
universal 0,994252 0,000349
universitaires 3,912023 0,000458
university 0,186330 0,000262
univocal 3,912023 0,000458
unless 1,237874 0,000145
unraveling 3,506558 0,000411
unsourced 0,446287 0,000261
until 0,510826 0,000179
upon 0,673345 0,000079
urban 2,040221 0,000239
urldownload -0,009950 -0,000001
uruguay 3,912023 0,000458
use -0,009950 -0,000010
used -0,009950 -0,000013
useful 0,634878 0,000074
uses 0,094311 0,000022
using -0,009950 -0,000005
ussr 3,218876 0,000377
usually 0,223144 0,000209
utc -0,009950 -0,000001
uzbekistan 3,506558 0,000411
value 0,301105 0,000247
van 0,891598 0,000313
vanuatu 3,912023 0,000458
various 0,223144 0,000078
varying 1,309333 0,000307
vasicek 3,506558 0,000411
vaults 3,506558 0,000411
veblen 2,995732 0,000351
vehicles 1,660731 0,000194
velocity 2,207275 0,000258
venezuela 2,995732 0,000351
venice 3,218876 0,000377
venture 1,832581 0,000215
verbatim 3,506558 0,000411
verde 3,912023 0,000458
version -0,009950 -0,000001
versus 1,347074 0,000158
vettimo 3,912023 0,000458
via 0,186330 0,000022
vice 1,660731 0,000583
vietnam 2,407946 0,000564
view -0,009950 -0,000005
viewed 1,347074 0,000158
views 1,609438 0,000188
vigilante 3,912023 0,000458
vocal 3,912023 0,000458
voice 1,560648 0,000365
voigt 3,912023 0,000458
vol 0,616186 0,000072
volatility 1,966113 0,000230
volcker 3,912023 0,000458
volume 0,616186 0,000433
volz 3,506558 0,000411
von 1,469676 0,000860
vreeland 3,912023 0,000458
vtecentral 3,912023 0,000916
vteeconomicstheoretical 2,995732 0,000351
vtefederal 3,912023 0,000458
vteinterest 3,912023 0,000458
wage 2,995732 0,001754
wages 2,525729 0,000591
wagner 2,120264 0,000248
wall 1,309333 0,000153
waller 3,912023 0,000458
walras 2,995732 0,000701
walsh 2,659260 0,000311
walter 1,609438 0,000754
wand 3,506558 0,000411
war 1,272966 0,000745
wars 1,897120 0,000222
wary 3,218876 0,000377
washington 1,049822 0,000369
wasted 3,218876 0,000377
watch 1,386294 0,000162
watched 3,912023 0,000458
watered 2,659260 0,000311
waves 2,207275 0,000258
way 0,198451 0,000070
wayback 0,478036 0,000728
ways 0,446287 0,000105
wealth 2,207275 0,000517
webarchive 1,021651 0,000120
websites 1,203973 0,000141
weidmann 3,912023 0,000916
weighed 3,506558 0,000411
welfare 2,207275 0,000258
well 0,051293 0,000030
werner 2,813411 0,000329
wesley 1,078810 0,000126
west 1,560648 0,000365
western 1,108663 0,000130
what -0,009950 -0,000015
whereby 1,897120 0,000222
whether 0,400478 0,000141
which 0,000000 0,000000
while 0,051293 0,000024
white 1,108663 0,000260
who 0,301105 0,000035
whoever 3,912023 0,000458
wholesale 2,995732 0,000351
whose 0,776529 0,000182
wicksell 3,912023 0,001374
wide 0,597837 0,000070
widely 0,342490 0,000120
wider 1,714798 0,000201
widespread 0,994252 0,000349
wiener 2,525729 0,000296
wieser 2,995732 0,000351
wikidatause 1,108663 0,000130
wikimedia -0,009950 -0,000002
wikipedia -0,009950 -0,000008
wikipediacontact -0,009950 -0,000001
wiktionary 1,832581 0,000215
willett 3,912023 0,000458
william 0,713350 0,000668
williams 1,514128 0,000177
willing 2,207275 0,000258
wilson 1,469676 0,000172
winaray 2,407946 0,000282
window 1,560648 0,001096
wire 1,966113 0,000230
wishes 2,659260 0,000311
withdrawal 2,813411 0,000329
without 0,094311 0,000044
woods 2,659260 0,000623
woodssystem 3,912023 0,000458
wording 3,218876 0,000377
work 0,127833 0,000015
worker 1,714798 0,000201
workers 1,832581 0,000429
working 0,478036 0,000112
works 0,693147 0,000081
world 0,139262 0,000163
worldbank 3,218876 0,000377
worried 3,506558 0,000411
wrote 1,078810 0,000253
www 0,356675 0,000084
wwz 3,912023 0,000458
yannis 3,506558 0,000411
year 0,579818 0,000136
years 0,274437 0,000161
yellen 3,218876 0,000377
yemen 3,506558 0,000411
yet 0,891598 0,000313
yield 1,660731 0,001361
york 0,371064 0,000130
yossi 3,912023 0,000458
young 1,897120 0,000222
yuan 2,659260 0,000311
yugoslavia 3,218876 0,000377
yuriy 3,506558 0,000411
zambia 3,912023 0,000458
zaronia 3,912023 0,000458
zbekcha 0,462035 0,000054
zealand 2,302585 0,000809
zero 0,733969 0,000430
zew 3,912023 0,000458
zimbabwe 3,912023 0,000916
