abc 2,207275 0,000362
able 0,733969 0,000121
abn 3,912023 0,000642
absorb 3,912023 0,001927
academic 0,755023 0,000124
accept 1,427116 0,000937
acceptance 2,407946 0,000791
accepting 2,525729 0,002488
accepts 2,207275 0,000725
access 0,287682 0,000047
accessible 1,021651 0,000168
accomplished 2,120264 0,000348
accordance 2,207275 0,000725
according 0,301105 0,000049
accords 3,218876 0,001586
account -0,009950 -0,000060
accounting 1,386294 0,000455
accounts 1,171183 0,007308
accumulate 2,813411 0,000462
accumulates 3,506558 0,000576
ach 3,506558 0,001152
achieve 0,843970 0,000139
acquired 1,660731 0,000273
acquirer 3,912023 0,000642
acquiring 2,207275 0,000362
acquisitions 2,120264 0,001741
across 0,415515 0,000273
act 0,967584 0,001589
action 0,867501 0,000142
actions -0,009950 -0,000002
activities 1,171183 0,004231
activity 0,867501 0,000285
actual 0,941609 0,000155
actually 1,108663 0,000182
add -0,009950 -0,000002
added 0,415515 0,000136
addition 0,371064 0,000244
additional -0,009950 -0,000003
adequate 1,832581 0,000602
adhere 2,207275 0,000725
adjacent 2,525729 0,000415
adopted 0,867501 0,000142
advance 1,609438 0,000264
advanced 0,430783 0,000141
advances 1,078810 0,000709
advent 2,207275 0,000362
adverse 2,813411 0,000462
advertized 3,912023 0,000642
advice 2,120264 0,000696
advising 3,506558 0,000576
advisory 2,302585 0,000378
advize 3,912023 0,000642
afrikaans 1,108663 0,000182
again 1,078810 0,000177
against 0,462035 0,000152
agencies 1,660731 0,000818
agency 1,237874 0,001016
agent 0,994252 0,000327
agents 1,309333 0,000430
ages 2,302585 0,000378
aggregate 2,207275 0,000362
aggregating 3,218876 0,000529
aging 3,218876 0,001586
ago 0,967584 0,000159
agree -0,009950 -0,000003
agreed 1,427116 0,000469
agreement 1,171183 0,000385
agrees 2,995732 0,001476
agricultural 1,771957 0,000291
agriculture 1,660731 0,000273
agritech 3,912023 0,000642
aisfryskgaeilgeg 3,506558 0,000576
albuquerque 3,912023 0,000642
alchemy 3,506558 0,000576
aldershot 3,218876 0,000529
allen 1,714798 0,000563
alliances 2,813411 0,000924
allocation 1,347074 0,000221
allow 0,287682 0,000047
allowed 0,634878 0,000313
allowing 0,462035 0,000076
allows 0,248461 0,000122
alon 3,912023 0,000642
along 0,462035 0,000076
although 0,287682 0,000142
altogether 2,207275 0,000362
always 0,597837 0,000098
ama 3,506558 0,001152
amar 3,506558 0,000576
america 0,994252 0,000653
american 0,446287 0,000293
among 0,356675 0,000059
amount 0,616186 0,000202
amounts 1,309333 0,000215
amp -0,009950 -0,000018
amro 3,912023 0,000642
analysis 0,186330 0,000092
analyst 1,832581 0,000301
ancient 1,660731 0,000818
andrew 0,820981 0,000135
anmar 3,912023 0,000642
anna 2,207275 0,000362
annotated 1,771957 0,000291
announced 0,798508 0,000131
another 0,127833 0,000021
any 0,083382 0,000096
apart 1,966113 0,000323
appeal 2,207275 0,000362
appearance -0,009950 -0,000003
applications 0,094311 0,000031
apply -0,009950 -0,000002
approach 0,261365 0,000429
appropriate 0,891598 0,000146
approval 1,897120 0,000312
april 0,072571 0,000024
archaic 3,912023 0,000642
archived 0,040822 0,000060
area 0,776529 0,000128
areas 0,755023 0,000124
arising 2,120264 0,000696
armenia 2,659260 0,000437
around 0,356675 0,000410
article 0,040822 0,000027
articleabout -0,009950 -0,000002
articles 0,020203 0,000020
articletalk -0,009950 -0,000002
ascent 3,218876 0,000529
asian 2,407946 0,000395
asked 1,469676 0,000241
aspect 1,386294 0,000228
assessment 1,309333 0,000215
asset 1,386294 0,002732
assets 1,347074 0,002212
assignable 3,218876 0,001057
assigned 1,237874 0,000407
associated 0,400478 0,000066
association 0,634878 0,000104
assumption 1,660731 0,000273
assurance 1,966113 0,000323
asturianuava 2,525729 0,000415
atm 2,407946 0,001582
atms 3,218876 0,001057
atop 2,813411 0,000462
attempts 0,916291 0,000150
attendant 2,995732 0,000492
attitude 2,407946 0,000395
attracted 2,407946 0,000395
attribution -0,009950 -0,000002
audio 0,891598 0,000146
august 0,162519 0,000133
authority 0,083382 0,000041
automated 0,776529 0,000893
available -0,009950 -0,000008
average 1,139434 0,000561
avoid 0,941609 0,000309
ayisyenkurd 2,813411 0,000462
babel 3,218876 0,000529
backed 2,120264 0,000696
backend 2,120264 0,000348
background 1,237874 0,000203
bad 1,347074 0,000442
bahasa 0,186330 0,000031
bailee 3,912023 0,000642
bailments 3,912023 0,000642
baker 2,302585 0,000378
balance 1,966113 0,004520
balancepages 3,912023 0,000642
banc 3,912023 0,000642
banca 3,912023 0,001285
bancassurance 3,912023 0,000642
banco 2,995732 0,001476
bank 1,108663 0,028945
bankedge 3,912023 0,001285
banker 2,407946 0,002372
bankers 2,813411 0,001848
banking 1,347074 0,028976
banknotes 3,506558 0,006909
banks 1,560648 0,046640
banksbankinglegal 3,912023 0,000642
banq 3,506558 0,000576
banque 3,506558 0,001727
barcelona 2,525729 0,000829
bardi 3,506558 0,000576
barriers 2,207275 0,000725
base 0,755023 0,000124
based 0,010050 0,000013
basel 2,302585 0,004159
basic 0,235722 0,000077
basis 0,820981 0,000135
bbc 1,514128 0,000249
bce 2,995732 0,000984
became 0,579818 0,000190
because 0,127833 0,000084
become 0,510826 0,000587
becomes 0,916291 0,000150
began 0,634878 0,000208
beginning 0,776529 0,000128
begun 1,966113 0,000323
behalf 2,207275 0,000725
behind 0,867501 0,000142
bell 1,714798 0,000282
bench 3,912023 0,001285
benches 3,912023 0,000642
berenberg 3,506558 0,000576
berenbergs 3,912023 0,000642
berger 3,506558 0,000576
berghahn 3,912023 0,000642
besley 3,912023 0,000642
betawibosanski 3,912023 0,000642
better 0,494296 0,000162
bicci 3,912023 0,000642
big 0,673345 0,000442
biggest 1,897120 0,000312
biii 3,506558 0,000576
bil 3,506558 0,001152
bill 0,941609 0,000155
billion 1,139434 0,000374
bills 2,659260 0,000437
bliley 3,506558 0,000576
blockchain 1,660731 0,000273
bloomberg 1,469676 0,000241
boards 2,302585 0,000378
boc 3,912023 0,000642
body 1,139434 0,000374
bokm 0,127833 0,000021
bolt 2,302585 0,000378
bond 2,040221 0,001005
bonds 2,302585 0,001134
book 0,478036 0,000157
boost 2,407946 0,000395
border 2,040221 0,000670
borders 2,813411 0,000924
born 2,302585 0,000378
borrow 2,813411 0,001386
borrower 3,506558 0,001152
borrowers 3,912023 0,001927
borrowing 2,407946 0,000395
boston 1,560648 0,000256
bound 1,660731 0,000273
box 1,171183 0,000192
bracket 2,525729 0,000415
branch 1,309333 0,001290
branches 1,427116 0,002343
brands 2,407946 0,000395
brasil 2,995732 0,000492
brazil 2,207275 0,000725
brics 3,506558 0,000576
brigham 3,912023 0,000642
britain 2,207275 0,000362
british 1,203973 0,000395
britishnotes 3,912023 0,000642
broadened 2,995732 0,000492
broadly 2,207275 0,000362
brokerage 2,525729 0,000829
brokered 3,912023 0,003854
brokers 2,525729 0,000415
brooklyn 3,912023 0,000642
brown 1,309333 0,000215
bubble 1,609438 0,000264
budgets 2,995732 0,000492
buffer 2,207275 0,000362
bugs 1,469676 0,000241
builders 3,218876 0,000529
building 0,415515 0,000341
built 0,462035 0,000152
bulge 3,506558 0,000576
bulletin 2,302585 0,000378
bullion 3,506558 0,000576
burden 2,120264 0,000348
business 0,301105 0,001978
businesses 1,469676 0,001689
buyers 2,040221 0,000335
call 0,733969 0,000121
called 0,040822 0,000020
canal 3,218876 0,000529
cannot 0,314711 0,000052
canvi 3,506558 0,000576
capacity 1,237874 0,000203
capital 1,237874 0,005691
capitalization 2,207275 0,000362
caps 3,218876 0,000529
capture 1,272966 0,000209
card 1,272966 0,001672
cardiff 3,912023 0,000642
cards 1,427116 0,001640
carlassare 3,912023 0,000642
carolina 2,813411 0,000462
carries 2,995732 0,000492
carry 1,469676 0,000724
carrying 2,407946 0,000395
case 0,139262 0,000091
cases 0,478036 0,000235
cash 1,386294 0,002276
cashing 3,912023 0,000642
castle 3,218876 0,000529
catal 0,094311 0,000015
categories -0,009950 -0,000005
categorization 2,407946 0,000395
category 0,116534 0,000057
caused 1,049822 0,000172
ccb 3,912023 0,000642
ccf 3,218876 0,000529
ccr 3,506558 0,001152
ceases 3,506558 0,000576
cem 3,912023 0,000642
cengage 2,207275 0,000362
cent 3,218876 0,000529
center 0,562119 0,000092
central 0,510826 0,000755
centuries 2,302585 0,001134
century 0,891598 0,001464
certain 0,274437 0,000180
certificate 1,714798 0,000845
certification 1,660731 0,000273
certifying 3,218876 0,000529
chahin 3,912023 0,000642
challenge 1,139434 0,000935
challenges 0,941609 0,000618
chance 1,771957 0,000582
chancellor 2,995732 0,000492
change 0,261365 0,000172
changed 0,941609 0,000155
changes 0,356675 0,000351
changesupload -0,009950 -0,000003
changing 0,820981 0,000539
channels 1,897120 0,001246
chaos 2,207275 0,000362
charge 1,609438 0,000264
charged 2,525729 0,001244
charges 2,525729 0,000829
charging 2,659260 0,000873
charles 0,941609 0,000155
charlotte 3,506558 0,000576
charter 2,407946 0,000395
charts 1,897120 0,000312
chase 2,407946 0,000395
check 1,139434 0,001497
checking 1,272966 0,000836
checks 2,207275 0,003987
cheque 2,995732 0,000492
chiara 3,506558 0,000576
chicago 1,609438 0,000264
chief 1,609438 0,000264
chin 3,218876 0,000529
china 0,967584 0,000159
choudhry 3,912023 0,000642
christmas 2,659260 0,000437
cips 3,218876 0,000529
circular 2,120264 0,000348
circulate 3,506558 0,000576
citations 0,916291 0,000150
cite 0,843970 0,000139
citibank 3,912023 0,000642
citicorp 3,912023 0,000642
cities 1,897120 0,000312
citigroup 3,506558 0,001727
city 1,309333 0,000860
civil 1,427116 0,000234
claims 1,386294 0,000228
clarification 1,832581 0,001505
cleansing 2,995732 0,000492
clear 1,139434 0,000187
clearing 2,302585 0,001134
clients 1,139434 0,000561
climate 1,386294 0,001366
closed 1,021651 0,000168
closely 1,237874 0,000203
closure 1,897120 0,000312
cls 3,218876 0,000529
club 2,659260 0,000873
cnbc 2,207275 0,000362
cocos 3,912023 0,001285
code -0,009950 -0,000003
codifies 3,912023 0,000642
coin 2,207275 0,000362
cole 2,407946 0,000395
collect 1,714798 0,001126
collecting 2,302585 0,001512
collection 0,527633 0,000087
combination 0,916291 0,000301
combine 1,469676 0,000241
combined 0,798508 0,000131
combining 1,560648 0,000256
comes 0,867501 0,000142
commentaries 3,506558 0,000576
commercial 0,653926 0,001289
committed 2,302585 0,000378
committee 1,347074 0,000442
commodities 2,040221 0,000335
common 0,072571 0,000095
commonly 0,342490 0,000056
commons -0,009950 -0,000003
commonstexts 3,912023 0,000642
commonswikidata 1,171183 0,000192
communicate 1,386294 0,000228
communication 0,616186 0,000101
communities 1,660731 0,000273
community 0,616186 0,000304
companies 0,597837 0,000589
company 0,462035 0,000607
compare 1,609438 0,000529
compete 2,302585 0,000756
competing 1,386294 0,000455
competition 1,469676 0,000483
competitive 1,897120 0,000623
compilation 1,714798 0,000282
complementary 1,832581 0,000301
completely 0,941609 0,000155
comptroller 3,506558 0,001152
computing 0,301105 0,000049
concept 0,415515 0,000068
concepts 0,400478 0,000132
condemned 3,506558 0,000576
conditions 0,843970 0,000416
conduct -0,009950 -0,000010
conducting 2,207275 0,000725
conference 0,301105 0,000049
congress 1,771957 0,000291
connected 1,108663 0,000182
connecticut 2,995732 0,000492
connection 1,203973 0,000198
connections 1,272966 0,000209
consell 3,912023 0,000642
consents 3,912023 0,000642
consequently 1,514128 0,000249
consider 1,078810 0,000177
considered 0,400478 0,000197
considers 1,897120 0,000312
consistency 1,897120 0,000312
consists 1,078810 0,000177
consolidations 3,912023 0,000642
constantly 1,966113 0,000323
constitute 2,040221 0,000335
consultations 3,912023 0,000642
consumer 1,049822 0,001379
consumers 1,272966 0,000836
consumption 1,139434 0,000187
contact -0,009950 -0,000002
contacts -0,009950 -0,000002
contains 0,634878 0,000104
contemporary 1,347074 0,000221
content -0,009950 -0,000002
contents -0,009950 -0,000005
contingent 2,813411 0,000462
continuation 2,813411 0,000462
continue 1,139434 0,000187
contract 1,272966 0,000209
contractual 2,120264 0,001044
contribute -0,009950 -0,000002
control 0,020203 0,000003
controllers 1,897120 0,000312
controlling 1,427116 0,000234
convenience 2,207275 0,000362
convenient 2,207275 0,000725
conveniently 3,218876 0,000529
conversely 2,407946 0,000395
conversion 1,469676 0,000241
converted 1,897120 0,000312
convertible 2,525729 0,000829
cookie -0,009950 -0,000002
cooperative 1,609438 0,000264
cooperatives 2,813411 0,000462
copper 2,813411 0,000462
core 0,597837 0,000196
coro 3,912023 0,000642
corp 2,207275 0,001812
corporate 1,078810 0,001063
corporation 0,916291 0,000301
corporations 1,660731 0,001363
correspondent 2,813411 0,000462
cost 0,478036 0,000235
costs 0,994252 0,000327
cottenham 3,912023 0,000642
council 1,427116 0,000234
counter 1,714798 0,000282
counterparts 2,525729 0,000415
counterparty 2,302585 0,001134
counters 3,912023 0,000642
countries 0,994252 0,001469
country 1,171183 0,000962
courses 2,120264 0,000348
court 1,469676 0,000241
covered 1,560648 0,000256
cowboys 3,912023 0,000642
cracks 2,659260 0,000437
craze 2,813411 0,000462
create -0,009950 -0,000008
created 0,430783 0,000354
creates 1,309333 0,000215
creating 0,562119 0,000185
creation 0,693147 0,000341
creative -0,009950 -0,000002
credit 1,139434 0,009168
credits 2,525729 0,001244
crises 2,995732 0,001476
crisis 1,347074 0,002876
cross 0,562119 0,000369
crypto 1,897120 0,000312
currency 1,771957 0,000873
current 0,385662 0,000887
currently 0,755023 0,000248
custodial 3,912023 0,002569
custodian 3,218876 0,000529
custody 3,912023 0,000642
customer 1,139434 0,005800
customers 1,078810 0,004251
cut 1,560648 0,000513
cva 3,218876 0,001586
cycle 1,049822 0,000172
cyclical 3,218876 0,000529
cymraegdanskdeutscheesti 2,813411 0,000462
dai 2,407946 0,000395
data 0,030459 0,000015
databases 0,127833 0,000021
datablog 3,912023 0,000642
datajapanczech 1,469676 0,000241
date 0,579818 0,000190
datearticles 3,506558 0,000576
dates 0,430783 0,000071
david 0,385662 0,000063
davies 2,040221 0,000670
day 0,843970 0,000139
deal 1,171183 0,000192
dealers 2,813411 0,000462
dealing 1,714798 0,000282
deals 1,660731 0,000818
debank 3,912023 0,000642
debanking 3,506558 0,000576
debate 1,560648 0,000256
debentures 3,912023 0,000642
debit 2,813411 0,004620
debits 3,912023 0,001927
debt 1,966113 0,003551
decades 1,469676 0,000241
december 0,061875 0,000020
decentralized 1,832581 0,000301
decision 0,494296 0,000081
decisions 1,078810 0,000354
decline 2,120264 0,000348
declined 2,813411 0,000462
declining 2,995732 0,000492
decrease 1,966113 0,000646
default 0,693147 0,000228
defaulting 3,506558 0,000576
defined 0,248461 0,000245
defining 1,021651 0,000168
definite 2,407946 0,000395
definition 0,342490 0,000675
definitions 0,891598 0,000732
degree 1,171183 0,000385
dei 3,912023 0,000642
delivery 1,347074 0,000221
delusional 3,912023 0,000642
demand 1,049822 0,001034
demanded 2,995732 0,000984
demands 2,120264 0,001393
denied 2,659260 0,000437
denomination 3,912023 0,000642
department 0,941609 0,000309
depend 1,171183 0,000192
dependent 1,021651 0,000168
depicts 3,218876 0,000529
deposit 1,966113 0,006780
deposited 3,506558 0,004031
depositor 3,912023 0,001285
depositors 3,912023 0,002569
depository 2,995732 0,000984
deposits 2,525729 0,017419
depression 2,813411 0,000924
depth 1,427116 0,000234
derek 2,302585 0,000378
derivatives 1,609438 0,000264
description -0,009950 -0,000002
descriptions 1,771957 0,000582
descriptionshort 0,000000 0,000000
designed 0,261365 0,000043
desks 3,912023 0,001285
despite 1,021651 0,000168
destroyed 2,995732 0,000492
destruction 1,897120 0,000312
details 0,916291 0,000150
develop 0,867501 0,000142
developed 0,127833 0,000105
developers -0,009950 -0,000002
development 0,083382 0,000123
developments 1,347074 0,000221
dictionary 0,673345 0,000221
differ 1,660731 0,000273
difference 0,820981 0,000270
different 0,020203 0,000033
difficult 0,597837 0,000098
difficulty 1,609438 0,000264
direct 0,597837 0,000785
directed 1,514128 0,000249
directly 0,415515 0,000205
directors 2,407946 0,000791
disambiguation 1,049822 0,000517
disbandment 3,912023 0,000642
discipline 1,427116 0,000469
disclaimers -0,009950 -0,000002
disclose 2,813411 0,000924
disclosure 2,120264 0,000696
discovered 1,514128 0,000249
discuss 1,660731 0,000273
disintermediation 3,912023 0,000642
disinvestment 2,995732 0,000492
displaying 1,966113 0,000646
distinguish 1,347074 0,000221
distribute 1,832581 0,000301
distribution 0,634878 0,000104
ditches 3,912023 0,000642
diversification 2,120264 0,000696
diversified 3,218876 0,000529
divided 1,309333 0,000215
division 1,386294 0,000455
dodd 2,659260 0,000437
doi 0,162519 0,000080
dollars 1,832581 0,000301
dominated 2,207275 0,000362
dominions 3,506558 0,000576
donate -0,009950 -0,000003
door 2,207275 0,000362
double 0,916291 0,000150
down 0,597837 0,000196
download -0,009950 -0,000002
dozen 2,995732 0,000984
dramatically 1,966113 0,000323
drawing 1,469676 0,000241
drawn 2,120264 0,001741
driver 1,771957 0,000291
due 0,261365 0,000086
duty 3,218876 0,000529
dynasties 3,912023 0,000642
ead 2,995732 0,000492
earliest 1,021651 0,000168
early 0,301105 0,000445
earn 2,525729 0,000415
earned 2,659260 0,000437
earnings 2,302585 0,000756
earns 3,912023 0,000642
easier 1,049822 0,000172
easily 0,843970 0,000139
easy 1,021651 0,000168
eccount 3,912023 0,000642
eco 2,407946 0,000395
economic 0,843970 0,001802
economically 2,659260 0,000437
economics 0,867501 0,000142
economize 3,912023 0,000642
economy 1,347074 0,001548
econpapers 3,912023 0,000642
edit -0,009950 -0,000064
editcommunity -0,009950 -0,000002
edited -0,009950 -0,000002
editions 2,040221 0,000335
eea 3,218876 0,000529
effect 0,843970 0,000139
effecting 3,912023 0,000642
effectively 0,994252 0,000816
efficient 0,494296 0,000081
eftpos 3,912023 0,001285
either 0,248461 0,000163
electronic 0,634878 0,000417
eliminated 2,207275 0,000362
elite 2,995732 0,000492
elizabeth 2,302585 0,000378
emait 1,560648 0,000256
emerged 1,139434 0,000374
emphasis 1,771957 0,000291
employee 2,040221 0,000335
employees 1,609438 0,000529
empower 3,218876 0,000529
empowered 3,506558 0,000576
enable 0,798508 0,000262
enabled 0,994252 0,000163
enables 0,693147 0,000228
enabling 0,941609 0,000155
encyclopedia -0,009950 -0,000002
end 0,261365 0,000086
engage 1,897120 0,000935
engaged 2,813411 0,000924
engineering 0,198451 0,000033
england 1,469676 0,001689
english -0,009950 -0,000013
englishwikipedia 3,912023 0,000642
enough 0,843970 0,000139
ensure 0,994252 0,000490
ensures 1,832581 0,000301
entered 1,771957 0,000291
enterprise 0,510826 0,000168
enterprises 1,832581 0,000602
entities 1,139434 0,000374
entitiesitalian 3,912023 0,000642
entity 1,309333 0,000430
entrance 3,506558 0,000576
entrepreneurs 2,995732 0,000492
entry 1,309333 0,000215
environment 0,478036 0,000314
environmental 1,049822 0,000172
equal 1,347074 0,000221
equity 1,771957 0,001746
equivalent 1,021651 0,000671
era 1,427116 0,000234
eric 1,078810 0,000177
erich 2,995732 0,000492
errors 0,733969 0,000121
esg 2,525729 0,000415
espa 0,210721 0,000035
essentially 1,514128 0,000249
established 0,916291 0,000903
establishing 1,660731 0,000273
estate 1,897120 0,000312
estonia 3,218876 0,000529
etc 0,562119 0,000092
ethical 2,040221 0,001005
etwityap 3,912023 0,000642
etymology 2,040221 0,001005
eugene 2,120264 0,000348
europe 0,941609 0,000618
european 0,755023 0,000248
even 0,235722 0,000232
event 0,843970 0,000139
eventsrandom -0,009950 -0,000002
eventual 2,302585 0,000378
everyday 1,897120 0,000312
evolution 0,820981 0,000404
evolved 1,560648 0,000513
exacerbated 2,995732 0,000492
examination 1,832581 0,000602
examinations 3,218876 0,000529
examined 1,966113 0,000323
example 0,030459 0,000010
examples 0,328504 0,000162
exceeding 2,813411 0,000924
except 1,171183 0,000192
excess 2,302585 0,000378
excessive 1,897120 0,000312
exchange 0,693147 0,000683
exchanges 2,040221 0,000335
exclusive 2,120264 0,000348
exclusively 1,660731 0,000273
execution 0,891598 0,000146
exempt 3,506558 0,001152
exercise 2,407946 0,000395
existing 0,673345 0,000221
exit 2,302585 0,001134
exits 3,218876 0,000529
expanded 1,203973 0,000198
expansion 1,386294 0,000228
expenses 2,302585 0,000756
explains 2,120264 0,000348
export -0,009950 -0,000003
exposure 1,714798 0,000282
express 1,427116 0,000234
extend 1,427116 0,000234
extended 0,755023 0,000248
extends 1,771957 0,000291
extent 1,386294 0,000455
external 0,030459 0,000015
extremely 1,514128 0,000249
face 1,309333 0,001075
faced 2,525729 0,001244
facilitates 1,771957 0,000291
facilities 1,171183 0,000192
facility 1,660731 0,000273
factored 3,218876 0,000529
factors 1,021651 0,000336
factual 2,659260 0,000437
fail 1,660731 0,000818
failed 1,108663 0,000364
failure 1,139434 0,000187
failures 1,832581 0,000903
faka 3,912023 0,000642
falls 1,832581 0,000301
families 1,966113 0,000969
famous 1,771957 0,000291
fargo 3,218876 0,000529
favorable 3,218876 0,001057
fdic 3,506558 0,003455
february 0,061875 0,000041
fed 2,407946 0,000395
federal 1,386294 0,001593
federalreserve 3,912023 0,000642
fee 1,897120 0,000623
fees 2,120264 0,001741
ferguson 2,659260 0,000437
ffiec 3,912023 0,001285
fight 2,120264 0,000348
filepermanent -0,009950 -0,000002
filespecial -0,009950 -0,000002
filled 2,525729 0,000415
final 0,916291 0,000150
finance 0,843970 0,003465
finances 2,813411 0,000924
financial 0,776529 0,006630
financials 3,912023 0,000642
financing 2,525729 0,002074
fintech 2,659260 0,000437
fintechs 3,506558 0,000576
firm 1,560648 0,000256
firms 1,514128 0,000249
first 0,020203 0,000017
fit 1,560648 0,000256
fix 1,714798 0,000282
fixed 0,494296 0,000081
fixing 2,659260 0,000437
flannery 3,506558 0,000576
fleetboston 3,912023 0,000642
florence 2,813411 0,000924
florentine 3,912023 0,000642
florida 2,207275 0,000362
flows 1,714798 0,000282
fluctuations 2,659260 0,000437
focus 0,755023 0,000372
focused 1,078810 0,000354
foley 2,659260 0,000437
followed 0,733969 0,000241
following 0,210721 0,000035
follows 0,891598 0,000146
footprint 2,207275 0,000362
forbes 1,427116 0,000234
forbidden 2,120264 0,000348
force 0,867501 0,000570
forecast 1,771957 0,000291
foreign 1,139434 0,000748
forerunners 3,506558 0,000576
form 0,162519 0,000213
formal 0,673345 0,000111
former 1,049822 0,000172
forms 0,562119 0,000277
fossil 2,407946 0,001582
foster 2,813411 0,000462
foundation -0,009950 -0,000005
foundations 0,967584 0,000159
founded 1,347074 0,000664
four 0,820981 0,000270
fourteenth 3,912023 0,000642
fractional 2,302585 0,001890
framework 0,342490 0,000169
frameworks 1,108663 0,000182
fran 0,223144 0,000037
france 1,560648 0,000256
frances 2,995732 0,000492
frangoul 3,912023 0,000642
free -0,009950 -0,000002
freemium 3,218876 0,000529
french 1,386294 0,000228
fresh 2,207275 0,000362
friendly 1,386294 0,000228
frtb 3,506558 0,001152
fuel 2,120264 0,001393
fuggers 3,912023 0,000642
full 0,371064 0,000061
fully 0,616186 0,000101
function 0,210721 0,000035
functional 0,733969 0,000121
functioned 3,912023 0,000642
functions 0,356675 0,000293
fund 1,514128 0,001243
fundamental 0,867501 0,000142
funding 1,386294 0,001138
funds 1,714798 0,003942
further 0,139262 0,000137
future 0,274437 0,000045
gaap 3,912023 0,000642
gain 1,386294 0,000228
general -0,009950 -0,000008
generally 0,287682 0,000283
generate 0,798508 0,000262
generated 0,941609 0,000155
genoa 2,813411 0,000924
geographic 1,203973 0,000395
geographical 1,966113 0,000323
geography 2,207275 0,000362
george 0,916291 0,000602
german 1,427116 0,000234
germany 1,560648 0,000256
gets 1,469676 0,000483
giovanni 2,407946 0,000395
giro 3,506558 0,000576
given 0,261365 0,000086
gives 1,171183 0,000192
global 0,478036 0,000863
globalization 2,659260 0,001310
globalized 3,218876 0,001586
globe 2,525729 0,000829
glossary 0,891598 0,000146
goals 1,237874 0,000407
gobankingrates 3,912023 0,000642
going 1,272966 0,000209
gold 1,609438 0,000264
goldsmith 3,912023 0,004497
goldsmiths 3,506558 0,003455
goldthwaite 3,912023 0,000642
good 0,733969 0,000121
goods 1,771957 0,000291
google 0,579818 0,000095
gov 1,469676 0,000483
governed 2,525729 0,000415
government 0,755023 0,000744
govpubs 3,912023 0,000642
gradually 1,897120 0,000312
gramm 3,506558 0,000576
great 0,941609 0,000464
greater 0,755023 0,000496
greatest 1,897120 0,000312
green 0,994252 0,000163
greenwood 3,218876 0,000529
grew 1,386294 0,000228
gross 2,207275 0,000362
grossman 2,995732 0,000984
grounds 2,659260 0,000437
group 0,301105 0,000198
groups 0,891598 0,000293
grow 1,714798 0,000282
growing 0,891598 0,000146
growth 0,755023 0,000992
guarantee 1,560648 0,000256
guarded 3,912023 0,000642
guardian 1,560648 0,000513
guide 0,356675 0,000117
haan 3,506558 0,000576
hak 1,897120 0,000312
hampshire 2,995732 0,000492
hand 0,733969 0,000121
hands 1,427116 0,000234
hausahawai 3,912023 0,000642
headquarters 2,525729 0,000415
heavily 1,203973 0,000593
hebrew 2,120264 0,000348
hedge 2,120264 0,000348
held 1,237874 0,000813
help 0,248461 0,000122
helplearn -0,009950 -0,000002
helps 1,347074 0,000442
helsinki 2,813411 0,000462
hence 1,347074 0,000442
hererelated -0,009950 -0,000002
hide -0,009950 -0,000007
high 0,223144 0,000256
higher 0,430783 0,000212
highlighting 2,302585 0,000378
highly 0,867501 0,000142
hill 0,867501 0,000142
historically 1,386294 0,000455
histories 2,407946 0,000395
history -0,009950 -0,000041
hlc 3,912023 0,000642
hoeberichts 3,912023 0,000642
hoggson 3,912023 0,000642
hold 1,021651 0,000671
holders 2,407946 0,000791
holding 1,386294 0,000683
holdings 2,302585 0,000756
home 0,653926 0,000215
homes 2,407946 0,000395
homewood 3,506558 0,000576
hong 2,040221 0,000670
hope 1,897120 0,000312
host 1,272966 0,000209
hot 1,966113 0,000323
house 0,916291 0,000301
houses 2,659260 0,000437
however 0,094311 0,000139
hrvatskibahasa 1,427116 0,000234
hsbc 3,218876 0,002114
hsob 3,912023 0,000642
https -0,009950 -0,000002
huge 1,714798 0,000563
hulontalojaku 3,912023 0,000642
hurdles 2,813411 0,000462
hybrid 1,171183 0,000192
hybrids 3,506558 0,000576
ibanidoigbobahasa 3,912023 0,000642
icbc 3,912023 0,000642
ideas 0,891598 0,000146
idhliggalego 2,525729 0,000415
igor 3,218876 0,000529
iii 1,560648 0,000256
illinois 1,966113 0,000323
illustration 2,207275 0,000362
illustrations 2,813411 0,000462
ima 3,506558 0,001152
imaa 3,912023 0,001285
imani 3,912023 0,000642
imm 3,506558 0,000576
immediate 1,609438 0,000264
impact 0,597837 0,000393
implied 2,659260 0,000437
implies 1,560648 0,000256
important 0,287682 0,000142
improve 0,274437 0,000045
improvement 1,203973 0,000395
inasloven 0,616186 0,000101
inasoomaaliga 2,525729 0,000415
inc -0,009950 -0,000007
include 0,061875 0,000102
included 0,400478 0,000066
includes 0,274437 0,000135
including 0,040822 0,000034
income 1,609438 0,000264
incompatibility 2,207275 0,000362
incompatible 1,560648 0,000256
incorporated 1,609438 0,000264
increase 0,544727 0,000626
increased 0,820981 0,000944
increases 1,171183 0,000192
increasing 0,916291 0,000150
increasingly 0,776529 0,000128
indebted 3,506558 0,000576
indefinite 2,659260 0,000437
indefinitely 1,347074 0,000221
index -0,009950 -0,000002
indicator 2,207275 0,000725
indirectly 1,771957 0,000291
indispensable 3,218876 0,000529
individual 0,415515 0,000136
individuals 1,309333 0,001505
indonesiainterlingua 1,660731 0,000273
industrial 0,843970 0,000139
industrialized 3,218876 0,001057
industries 1,560648 0,000769
industry 0,527633 0,001733
information 0,072571 0,000071
informationcite -0,009950 -0,000002
infrastructure 0,713350 0,000234
initiated 1,897120 0,000623
initiative 1,078810 0,000177
innovation 1,078810 0,000177
insolvencies 3,912023 0,000642
installment 3,912023 0,000642
instance 0,510826 0,000084
instances 1,514128 0,000249
instant 1,897120 0,000312
instead 0,301105 0,000049
institute 0,579818 0,000190
institution 1,660731 0,003545
institutional 1,771957 0,000291
institutionalized 3,506558 0,000576
institutions 1,171183 0,002308
instrument 2,207275 0,001450
instruments 1,609438 0,001057
insufficient 1,966113 0,000323
insurance 1,427116 0,001875
insurances 3,506558 0,000576
insured 3,218876 0,000529
integration 0,673345 0,000111
intended 0,494296 0,000081
inter 1,966113 0,000323
interbank 2,995732 0,000492
interest 0,693147 0,002390
interests 1,832581 0,000301
interface 0,616186 0,000101
interfaces 0,713350 0,000117
interior 2,207275 0,000725
internal 0,634878 0,000208
international 0,139262 0,000206
internationalgndfastnationalunited 1,237874 0,000203
internet 0,462035 0,000228
interpretation 1,660731 0,000818
interstate 3,506558 0,000576
invented 1,427116 0,000234
inventionseconomic 3,912023 0,000642
invest 2,207275 0,000362
invested 1,897120 0,000312
investing 1,771957 0,001455
investment 1,171183 0,003846
investments 1,714798 0,000563
investors 1,714798 0,000563
inward 3,506558 0,000576
ira 2,995732 0,000492
iras 3,506558 0,000576
irb 2,995732 0,003935
irregular 3,506558 0,000576
irrera 3,912023 0,000642
irwin 2,659260 0,000437
isbn 0,051293 0,000143
islam 2,813411 0,000462
islamic 2,659260 0,001747
israel 1,897120 0,000312
issue 0,820981 0,001213
issued 1,514128 0,000995
issues 0,527633 0,000260
issuing 2,302585 0,001512
italian 2,040221 0,001005
italy 2,302585 0,001134
italyhidden 3,912023 0,000642
item -0,009950 -0,000002
itself 0,342490 0,000056
james 0,634878 0,000104
jane 2,407946 0,000395
january 0,083382 0,000096
japan 1,309333 0,001075
japanese 1,771957 0,000291
jawakab 3,506558 0,000576
jbankfin 3,506558 0,000576
jerusalem 2,995732 0,000492
jhang 3,912023 0,000642
job 1,203973 0,000395
joseph 0,820981 0,000135
journal 0,198451 0,000098
jpmorgan 2,659260 0,000437
july 0,127833 0,000210
jump -0,009950 -0,000002
june 0,094311 0,000077
jurisdiction 2,407946 0,000395
jurisdictions 2,120264 0,001741
karl 1,966113 0,000323
keep 0,994252 0,000327
keogh 3,506558 0,000576
kept 1,560648 0,000256
key 0,356675 0,000059
kimberly 2,995732 0,000492
kindleberger 3,912023 0,000642
kinds 1,171183 0,000192
king 1,771957 0,000291
kingdom 1,514128 0,000995
kingdomsealing 3,912023 0,000642
kirkwood 3,912023 0,000642
kiswahilikrey 2,659260 0,000437
knights 3,506558 0,001727
knowledgeable 3,218876 0,000529
known 0,127833 0,000084
kogan 3,218876 0,000529
kong 2,040221 0,000670
konknni 3,506558 0,000576
labeling 2,207275 0,000362
lady 3,506558 0,000576
lake 2,813411 0,000924
land 1,347074 0,001106
languages -0,009950 -0,000003
large 0,127833 0,000231
largely 1,272966 0,000209
largest 1,108663 0,001092
last -0,009950 -0,000005
latest 0,994252 0,000163
latin 1,660731 0,000273
latinalatvie 1,203973 0,000198
law 0,755023 0,001984
lawrence 1,386294 0,000228
laws 1,108663 0,000182
lax 3,506558 0,000576
lccn 2,407946 0,000395
lcr 3,506558 0,000576
ldb 3,912023 0,001927
ldbs 3,912023 0,001285
lea 3,506558 0,000576
leach 2,995732 0,000492
lead 0,673345 0,000111
learn 0,494296 0,000081
learning 0,494296 0,000081
least 0,527633 0,000087
led 0,446287 0,000293
ledger 2,040221 0,000670
leeds 3,912023 0,000642
legacy 1,309333 0,000215
legal -0,009950 -0,000008
legislation 1,966113 0,000646
lend 2,995732 0,001968
lender 3,218876 0,000529
lending 2,207275 0,002900
lends 2,995732 0,000492
lent 3,218876 0,000529
leo 2,813411 0,000462
less 0,430783 0,000424
let 1,139434 0,000187
level 0,116534 0,000115
levels 0,755023 0,000124
leverage 1,771957 0,000291
lexisnexis 2,995732 0,000492
liabilities 2,813411 0,001386
liability 2,040221 0,000670
libraries 0,713350 0,000117
library 0,478036 0,000078
license -0,009950 -0,000007
licenses 1,771957 0,000291
lien 3,506558 0,000576
life 0,653926 0,000107
like 0,072571 0,000024
likely 0,994252 0,000163
limit 0,994252 0,000327
limitations 1,139434 0,000374
limited 0,510826 0,000168
lindsay 2,995732 0,000492
lines 1,078810 0,000177
linkpage -0,009950 -0,000002
linkpages 3,218876 0,000529
links -0,009950 -0,000008
lipton 3,912023 0,000642
liquid 2,525729 0,000415
liquidity 1,966113 0,002260
list 0,083382 0,000068
lists 0,597837 0,000098
little 0,820981 0,000270
liverpool 3,912023 0,000642
lnorsk 0,653926 0,000107
loads 2,207275 0,000362
loan 2,040221 0,006365
loans 2,813411 0,008777
local 0,415515 0,000409
localhistories 3,912023 0,000642
locally 1,609438 0,000264
located 1,660731 0,000273
location 0,994252 0,000163
lock 1,832581 0,000301
log -0,009950 -0,000003
lombardmagyar 1,832581 0,000301
lon 3,912023 0,000642
london 0,941609 0,000773
long 0,287682 0,000189
longer 0,755023 0,000372
loo 3,506558 0,000576
looking 1,203973 0,000198
lord 3,506558 0,000576
loss 0,967584 0,000477
losses 1,966113 0,001291
lost 1,514128 0,000249
low 0,478036 0,000157
lowered 2,813411 0,000462
lowers 2,813411 0,000462
ltd 1,203973 0,000593
lubbock 3,912023 0,000642
luhmann 3,506558 0,000576
lux 0,371064 0,000061
lynch 2,659260 0,000437
lzisch 3,218876 0,000529
maarten 3,506558 0,000576
macesich 3,912023 0,000642
machine 0,083382 0,000055
machines 0,776529 0,000255
macon 3,912023 0,000642
macroeconomic 2,525729 0,000415
mail 1,427116 0,000703
main -0,009950 -0,000016
maintaining 1,171183 0,000192
major 0,314711 0,000207
majority 1,139434 0,000187
make 0,235722 0,000464
makeshift 3,912023 0,000642
making 0,328504 0,000432
malagasy 2,040221 0,000335
manage 0,967584 0,001112
managed 1,203973 0,000198
management 0,139262 0,000434
manager 0,994252 0,000163
mandate 2,659260 0,000437
manner 1,469676 0,000241
many 0,061875 0,000142
march 0,116534 0,000210
marchant 3,912023 0,000642
marco 1,966113 0,000323
mariehamn 3,912023 0,000642
mark 0,462035 0,000076
market 0,616186 0,003035
marketable 3,912023 0,001285
markets 1,139434 0,001123
markup 2,040221 0,000335
martim 3,912023 0,000642
martin 0,891598 0,000293
maryland 2,659260 0,000437
mason 2,659260 0,000437
massachusetts 1,514128 0,000249
materialized 2,813411 0,000462
mathematical 0,733969 0,000121
maturity 2,040221 0,000670
mcleay 3,912023 0,000642
mdy 1,514128 0,000249
mead 3,218876 0,000529
meaning 0,544727 0,000089
means 0,198451 0,000130
measurement 1,514128 0,000497
measures 0,941609 0,000155
medici 3,506558 0,001152
medicis 3,912023 0,000642
medieval 2,302585 0,001134
medium 1,203973 0,000395
meet 0,867501 0,000427
melayumfantseminangkabau 3,912023 0,000642
member 1,237874 0,000407
members 0,755023 0,000248
membership 1,832581 0,000301
menu -0,009950 -0,000003
merchant 2,659260 0,001747
merchants 2,813411 0,000462
mere 2,207275 0,001087
merge 1,897120 0,000312
merged 2,040221 0,000335
mergers 2,302585 0,001890
merging 2,995732 0,000492
merrill 3,218876 0,000529
mervyn 3,912023 0,000642
message 0,478036 0,000078
metal 1,714798 0,000563
method 0,210721 0,000104
methods 0,274437 0,000090
michael 0,400478 0,000066
mid 0,994252 0,000490
middle 1,203973 0,000593
millennia 3,218876 0,000529
millennium 2,407946 0,000395
million 0,916291 0,000150
millions 1,560648 0,000256
mind 1,560648 0,000256
minimum 1,469676 0,001689
mirrors 2,995732 0,000492
mishler 3,912023 0,000642
mismanage 3,912023 0,000642
mismatch 2,659260 0,000873
mitsubishi 3,506558 0,000576
mobile -0,009950 -0,000008
models 0,527633 0,000347
modern 0,314711 0,000517
modified 1,203973 0,000198
modify 1,237874 0,000203
module 1,049822 0,000172
moise 3,912023 0,000642
monetary 1,609438 0,001057
monetization 2,995732 0,000492
money 1,171183 0,010193
monks 3,912023 0,000642
monopoly 2,302585 0,000378
monte 2,407946 0,000395
monthly 1,609438 0,000264
months 0,891598 0,000439
moorad 3,912023 0,000642
mortgage 2,525729 0,000829
mostly 0,994252 0,000327
move -0,009950 -0,000008
movement 1,427116 0,000234
moving 0,776529 0,000128
much 0,400478 0,000132
multiple 0,116534 0,000057
mutual 1,966113 0,000646
mutuum 3,912023 0,001285
naissance 3,912023 0,000642
name 0,342490 0,000112
namespace 1,832581 0,000301
narrow 2,407946 0,000395
nation 2,120264 0,001393
national 0,562119 0,001200
nationalities 3,912023 0,000642
nationality 3,912023 0,000642
nations 1,660731 0,000545
nationsbank 3,912023 0,000642
navigation -0,009950 -0,000002
neal 2,813411 0,000462
near 1,171183 0,000385
necessarily 1,049822 0,000345
necessary 0,616186 0,000101
necessities 2,995732 0,000492
need 0,248461 0,000041
needed 0,210721 0,000208
needing 0,597837 0,000393
needs 0,415515 0,000136
neft 3,912023 0,000642
negative 1,078810 0,000177
negotiable 3,912023 0,001285
neobank 3,506558 0,000576
nepal 2,995732 0,001476
net 0,415515 0,000136
netherlands 1,897120 0,000623
netting 3,912023 0,000642
network 0,210721 0,000035
networks 0,446287 0,000073
never 1,021651 0,000168
new 0,010050 0,000030
news 0,446287 0,000073
next 0,400478 0,000066
niall 3,506558 0,000576
noble 2,813411 0,000462
non -0,009950 -0,000003
nonbanks 3,912023 0,000642
noncommercial 3,912023 0,000642
nonprofits 3,912023 0,000642
nordea 3,912023 0,000642
nordio 3,912023 0,000642
normal 1,139434 0,000187
normally 1,514128 0,000995
norsk 0,342490 0,000056
north 1,309333 0,000215
northern 2,659260 0,000437
norton 2,302585 0,000378
notably 1,309333 0,000215
note 0,776529 0,000383
notes 0,415515 0,000478
notice 1,966113 0,000969
notify 2,995732 0,000492
november 0,150823 0,000124
nowadays 2,302585 0,000378
nowhere 3,912023 0,000642
nsfr 3,506558 0,000576
number 0,051293 0,000042
numbers 0,544727 0,000089
numerous 1,203973 0,000198
nynorsknouormandoccitan 3,506558 0,000576
objective 1,386294 0,000455
obligations 2,120264 0,001741
occ 3,912023 0,003212
occasional 2,659260 0,000437
occurred 1,469676 0,000241
oclc 0,891598 0,000878
october 0,139262 0,000091
offer 0,820981 0,000404
offered 1,139434 0,000374
offering 0,994252 0,000327
offers 0,755023 0,000124
office 0,916291 0,000602
officers 2,813411 0,000462
offices 2,813411 0,000462
offset 2,407946 0,000791
offsetting 3,912023 0,000642
offshore 2,040221 0,001005
often 0,127833 0,000042
oftransaction 3,912023 0,000642
ohio 2,813411 0,000462
old 0,994252 0,000816
oldest 2,120264 0,000696
oldid -0,009950 -0,000002
olesperantoeuskara 0,510826 0,000084
one 0,010050 0,000021
ongena 3,912023 0,000642
ongoing 1,560648 0,000256
online 0,415515 0,000205
oordt 3,912023 0,000642
open 0,235722 0,000039
operate 1,049822 0,000345
operated 1,660731 0,000273
operating 0,462035 0,000228
operation 0,713350 0,000117
operational 1,171183 0,000769
operations 0,301105 0,000198
operative 3,218876 0,000529
operator 1,139434 0,000187
opportunities 1,427116 0,000234
opposed 1,347074 0,000221
order 0,094311 0,000077
ordinance 3,506558 0,000576
ordinary 1,272966 0,001045
org -0,009950 -0,000007
organization -0,009950 -0,000005
organizations 0,798508 0,000131
original 0,030459 0,000050
originated 1,771957 0,000582
oromooo 2,659260 0,000437
others 0,314711 0,000052
otherwise 1,108663 0,000364
otp 3,912023 0,000642
ots 3,506558 0,000576
out 0,261365 0,000129
outreach 3,912023 0,000642
outside 0,798508 0,000131
outward 3,506558 0,000576
over 0,094311 0,000139
overall 0,967584 0,000318
overcome 1,897120 0,000312
overdraft 3,912023 0,002569
overdrafts 3,912023 0,000642
overdrawn 3,912023 0,001285
oversight 2,120264 0,000348
overview 0,616186 0,000101
owe 3,506558 0,000576
owes 3,506558 0,001152
owing 2,813411 0,000462
owned 1,660731 0,001363
owner 1,309333 0,000215
owners 1,660731 0,000273
ownership 1,469676 0,000483
page -0,009950 -0,000008
pagecontentscurrent -0,009950 -0,000002
pageget -0,009950 -0,000002
pages -0,009950 -0,000005
pagesuse 1,469676 0,000241
paid 1,560648 0,001538
pain 3,218876 0,000529
painting 2,995732 0,000492
paper 0,713350 0,000117
par 2,525729 0,000415
parent 1,966113 0,000323
paris 1,714798 0,000282
parker 2,659260 0,000437
part 0,127833 0,000042
participant 2,813411 0,000462
participants 1,832581 0,000301
participating 2,040221 0,000335
participation 1,560648 0,000513
particular 0,301105 0,000198
parties 1,021651 0,000168
partly 2,120264 0,000348
partners 2,302585 0,000378
parts 0,544727 0,000089
party 0,798508 0,000131
paschi 3,912023 0,000642
passage 2,995732 0,000492
passbook 3,912023 0,000642
past 1,049822 0,000172
paulo 2,995732 0,000492
pay 1,272966 0,001881
payable 3,218876 0,000529
payee 3,506558 0,000576
paying 2,207275 0,002175
payment 1,427116 0,003046
payments 1,897120 0,003115
pays 2,525729 0,000415
pazzi 3,912023 0,000642
pdf 0,139262 0,000206
pdfprintable -0,009950 -0,000002
peaked 3,506558 0,000576
pejic 3,912023 0,000642
penguin 2,120264 0,000348
pension 2,120264 0,000348
people 0,356675 0,000176
per 0,616186 0,000101
percent 1,514128 0,000249
perform 0,562119 0,000092
performance 0,261365 0,000043
performed 0,867501 0,000285
performs 1,609438 0,000264
period 1,108663 0,000546
periods 1,660731 0,000273
permanent 1,609438 0,000264
permission 1,897120 0,000312
permit 1,771957 0,000291
person 1,021651 0,000336
personal -0,009950 -0,000011
persons 2,302585 0,000756
perspective 0,820981 0,000135
peruzzi 3,912023 0,000642
phenomenon 2,040221 0,000335
philadelphiafed 3,912023 0,000642
phillips 2,995732 0,000492
phone 1,714798 0,000282
php -0,009950 -0,000002
physical 0,616186 0,000101
pilgrimage 3,912023 0,000642
pilgrims 3,912023 0,001285
pillar 3,218876 0,001586
pioneered 2,407946 0,000395
place 0,597837 0,000196
placed 1,660731 0,000273
places 1,514128 0,000249
plan 0,916291 0,000301
planner 2,525729 0,000415
plans 1,171183 0,000385
plausible 3,218876 0,000529
play 1,139434 0,000374
played 1,771957 0,000291
players 1,966113 0,000646
pledges 3,506558 0,000576
plus 1,203973 0,000198
point 0,301105 0,000049
pokhara 3,912023 0,000642
policy -0,009950 -0,000005
polskiportugu 0,916291 0,000150
popular 0,579818 0,000095
population 1,560648 0,000256
populations 2,302585 0,000378
portal 0,597837 0,000098
portalrecent -0,009950 -0,000002
portals 2,120264 0,000348
portalvte 2,040221 0,000670
portfolio 1,897120 0,000935
portfolios 2,525729 0,000415
portion 1,832581 0,000301
portmanteau 3,506558 0,000576
position 1,171183 0,000577
positive 1,272966 0,000209
possessed 3,912023 0,000642
possibility 1,560648 0,000256
possible 0,287682 0,000047
possibly 1,386294 0,000228
postal 3,218876 0,001586
potential 0,653926 0,000430
potentially 0,755023 0,000124
pounds 3,912023 0,000642
practice 0,371064 0,000122
praeger 2,995732 0,000492
pre 0,941609 0,000155
preauthorized 3,912023 0,000642
precious 2,525729 0,000415
predictable 2,302585 0,000378
prepaid 2,995732 0,000984
prescribe 3,912023 0,001285
present 0,597837 0,000295
presented 1,139434 0,000187
press 0,210721 0,000173
pressure 1,714798 0,000845
prevent 0,891598 0,000146
previous 0,843970 0,000277
price 1,021651 0,000168
pricing 1,609438 0,000529
primacy 3,912023 0,000642
primary 0,527633 0,000347
prime 1,714798 0,000282
princeton 1,660731 0,001091
principal 1,272966 0,000418
principally 3,912023 0,000642
principles 0,597837 0,000491
print -0,009950 -0,000002
prior 0,891598 0,000146
prioritize 2,120264 0,000348
privacy -0,009950 -0,000003
private 0,693147 0,001593
privately 2,207275 0,000362
problem 0,385662 0,000063
problems 0,430783 0,000141
proceeds 2,040221 0,000335
processing 0,356675 0,000117
produced 0,820981 0,000135
product 0,579818 0,000095
production 0,798508 0,000131
products 0,579818 0,000857
professional 0,843970 0,000277
profit -0,009950 -0,000010
profitability 2,207275 0,001450
profitable 2,659260 0,000437
profitmaking 3,912023 0,000642
profits 2,040221 0,000670
program 0,328504 0,000054
programmers 1,347074 0,000221
programs 0,494296 0,000081
project 0,314711 0,000052
projections 3,218876 0,000529
projects -0,009950 -0,000003
prominent 1,660731 0,000273
promise 1,427116 0,000234
promised 2,813411 0,000462
promissory 2,813411 0,001848
promote 1,609438 0,000264
promotes 2,659260 0,000437
promptly 3,218876 0,000529
proper 1,171183 0,000192
prosperous 3,912023 0,000642
protected 0,776529 0,000128
protection 0,994252 0,000163
provide 0,174353 0,000401
provided 0,494296 0,000162
provides 0,261365 0,000129
providing 0,673345 0,000442
provoked 3,912023 0,000642
prudent 3,218876 0,000529
public 0,248461 0,000367
publicly 1,309333 0,000215
published 0,328504 0,000108
publishers 1,514128 0,000497
publishing 0,446287 0,000073
punjab 3,506558 0,000576
purchase 1,469676 0,000724
purity 2,995732 0,000492
purpose 0,356675 0,000176
purposes 0,798508 0,000524
put 0,994252 0,000327
puts 2,525729 0,001244
qinglei 3,912023 0,000642
quality 0,673345 0,000663
quantity 1,469676 0,000483
quarterly 1,832581 0,000301
quasi 1,966113 0,000646
queries 1,897120 0,000312
quickly 0,891598 0,000146
quite 1,514128 0,000249
quotation 2,207275 0,000362
radia 3,218876 0,000529
raise 1,966113 0,000323
raising 2,525729 0,000829
rajhi 3,912023 0,000642
range 0,446287 0,000147
rate 0,755023 0,000992
rates 1,272966 0,001254
rather 0,287682 0,000189
ratings 2,407946 0,000395
ratio 1,469676 0,000724
raviv 3,912023 0,000642
rbaycanca 0,248461 0,000041
reach 1,347074 0,000442
reaction 2,120264 0,000348
readeditview 0,287682 0,000094
readily 2,407946 0,000395
reading 0,342490 0,000112
reads 3,218876 0,000529
real 0,210721 0,000069
really 1,660731 0,000273
reason 1,049822 0,000172
reasonable 1,609438 0,000264
reasons 0,891598 0,000293
recapitalization 3,506558 0,000576
receipt 2,813411 0,001386
receipts 3,218876 0,001057
receives 1,469676 0,000241
receiving 1,714798 0,000845
recent 0,693147 0,000228
recently 1,427116 0,000234
recessions 3,912023 0,000642
record 0,916291 0,000150
recorded 1,237874 0,000203
records 0,994252 0,000163
recurring 3,506558 0,001152
redemption 2,813411 0,000462
redemptions 3,912023 0,000642
redirect 1,832581 0,000903
reduced 1,078810 0,000354
reducing 1,021651 0,000168
reduction 1,237874 0,000203
reductions 2,995732 0,000984
refer 0,867501 0,000142
references 0,020203 0,000007
referred 0,446287 0,000073
refers 0,755023 0,000124
reflected 1,609438 0,000529
reforms 2,813411 0,000462
regional 1,660731 0,000273
regions 1,832581 0,000301
registered -0,009950 -0,000002
regularly 1,771957 0,000582
regulate 2,040221 0,000335
regulated 1,832581 0,002708
regulating 2,407946 0,000791
regulation 1,139434 0,002619
regulations 1,386294 0,001138
regulator 2,525729 0,002488
regulators 2,207275 0,002900
regulatory 1,427116 0,002343
related 0,051293 0,000034
relating 1,609438 0,000264
relation 1,347074 0,000221
relationship 0,891598 0,000732
relatively 1,049822 0,000172
relevant 0,916291 0,000301
religious 2,995732 0,000492
remain 1,078810 0,000177
remaining 1,309333 0,000215
remains 1,237874 0,000407
remittance 3,506558 0,000576
remote 0,843970 0,000416
remove 0,527633 0,000087
renaissance 2,813411 0,001848
repaid 3,506558 0,000576
repay 3,912023 0,000642
repayable 3,912023 0,003212
replacement 1,714798 0,000282
report 0,462035 0,000076
represent 0,733969 0,000121
reprint 3,218876 0,000529
republic 1,714798 0,000282
republicspainisraelotherhistorical 3,506558 0,000576
reputational 2,813411 0,000462
request 1,203973 0,000198
requested 1,897120 0,000312
require 0,462035 0,000228
required 0,274437 0,000315
requirement 1,427116 0,000703
requirements 0,597837 0,000393
reserve 1,832581 0,002708
reserves 2,525729 0,001244
residents 2,995732 0,000492
resort 2,995732 0,000492
resources 0,314711 0,000052
respond 1,660731 0,000273
responding 2,040221 0,000335
responsibilities 2,302585 0,000378
responsibility 1,560648 0,000256
responsible 1,078810 0,000354
restore 2,207275 0,000362
restored 2,995732 0,000492
restricted 1,427116 0,000234
restrictions 1,309333 0,000215
result 0,371064 0,000122
resulted 1,832581 0,000301
resulting 0,798508 0,000393
retail 1,560648 0,003588
retailers 2,120264 0,000348
retained 2,813411 0,000462
retirement 2,813411 0,001386
retrieved -0,009950 -0,000049
return 0,820981 0,000539
reuters 1,660731 0,000273
revenue 1,609438 0,001321
reverse 1,427116 0,000234
review 0,385662 0,000190
revolves 3,218876 0,000529
revolving 3,506558 0,000576
rfs 3,912023 0,000642
richard 0,733969 0,000362
richards 3,506558 0,001727
ride 2,813411 0,000462
riegle 3,912023 0,000642
right 0,478036 0,000078
rights 0,891598 0,000293
rise 0,967584 0,000159
rising 2,207275 0,000725
risk 0,597837 0,005203
risks 1,108663 0,000910
risky 2,302585 0,001134
robbers 3,912023 0,000642
robert 0,579818 0,000095
role 0,634878 0,000208
rom 0,616186 0,000101
roots 2,120264 0,000696
rory 2,995732 0,000492
rothschilds 3,912023 0,001927
route 1,966113 0,000323
routledge 2,407946 0,001186
royal 1,714798 0,000563
rtgs 3,506558 0,001152
rulebook 3,912023 0,000642
rules 0,616186 0,000304
rumantschruna 3,218876 0,000529
run 0,446287 0,000147
rustici 3,912023 0,000642
ryland 3,912023 0,000642
safe 0,994252 0,000327
safety -0,009950 -0,000002
safra 3,506558 0,000576
saint 2,659260 0,000437
sakizayascotsshqipsicilianu 3,912023 0,000642
sakura 3,912023 0,000642
sale 2,040221 0,001340
salt 2,525729 0,000829
satisfy 2,040221 0,000335
save 1,771957 0,000291
savers 3,912023 0,000642
saving 2,040221 0,000335
savings 1,714798 0,007039
scale 0,494296 0,000081
scarce 2,813411 0,000462
scholar 1,309333 0,000215
school 1,078810 0,000177
schouler 3,912023 0,000642
scope 0,941609 0,000155
scotland 3,506558 0,001727
scott 0,891598 0,000146
scramble 3,912023 0,000642
scrutiny 2,813411 0,000462
search -0,009950 -0,000007
seb 3,912023 0,000642
second 0,342490 0,000056
secrecy 2,525729 0,000415
section 0,562119 0,000554
sector 1,386294 0,000228
secured 2,120264 0,000348
securities 1,832581 0,002407
security 0,314711 0,000155
see -0,009950 -0,000016
seem 2,407946 0,000395
seems 1,966113 0,000323
selling 1,514128 0,000746
senior 1,714798 0,000282
sense 1,078810 0,000177
separate 0,693147 0,000228
september 0,150823 0,000124
series 0,328504 0,000054
serve 1,139434 0,000187
served 1,832581 0,000301
service 0,314711 0,000052
services 0,400478 0,001249
servicesbankingthe 3,912023 0,000642
set 0,083382 0,000068
sets 0,776529 0,000128
settlement 1,660731 0,001363
settlements 2,525729 0,000829
several 0,094311 0,000062
shaken 3,912023 0,000642
share 0,616186 0,000405
sharealike -0,009950 -0,000002
shareholders 2,813411 0,000924
shares 1,771957 0,001164
sheet 2,040221 0,000335
shopping 1,966113 0,000323
short -0,009950 -0,000010
shortages 2,659260 0,000437
shortened -0,009950 -0,000002
show 0,867501 0,000142
shut 2,659260 0,000437
sidebar -0,009950 -0,000007
siena 3,506558 0,000576
significant 0,328504 0,000270
signifying 3,506558 0,000576
simi 0,755023 0,000124
similar 0,186330 0,000092
simple 0,150823 0,000025
simply 0,733969 0,000121
since 0,139262 0,000206
singapore 1,897120 0,000312
sister 1,386294 0,000455
site -0,009950 -0,000002
size 0,462035 0,000228
sized 2,407946 0,000791
slams 3,506558 0,000576
slenskaitaliano 0,562119 0,000092
slipping 3,506558 0,000576
slovakia 3,218876 0,000529
sloven 1,514128 0,000249
sma 3,912023 0,000642
small 0,314711 0,000207
smaller 0,994252 0,000163
smart 1,078810 0,000177
smith 1,203973 0,000198
smooth 2,525729 0,000829
socially 2,407946 0,001186
societies 2,040221 0,000335
society 0,673345 0,000442
sociological 2,813411 0,000462
sole 2,120264 0,000348
sometimes 0,301105 0,000148
sought 1,966113 0,000323
sound 1,560648 0,000256
soundness 2,813411 0,000462
source 0,186330 0,000092
sources 0,446287 0,000147
south 1,108663 0,000182
speaking 1,514128 0,000249
special 0,494296 0,000162
specialized 0,843970 0,000139
specific 0,094311 0,000015
specified 0,733969 0,000121
speculation 2,120264 0,000348
spends 3,218876 0,000529
spent 2,040221 0,000335
spfs 3,506558 0,000576
spread 1,309333 0,000860
sqaraqalpaqsha 1,386294 0,000228
srpskisrpskohrvatski 0,510826 0,000084
stability 1,609438 0,000529
stable 0,867501 0,000142
staff 1,469676 0,000241
stage 1,386294 0,000228
standard 0,198451 0,000065
standardised 2,995732 0,000984
standardized 1,203973 0,001384
standards 0,462035 0,000303
standing 1,966113 0,000323
started 0,634878 0,000208
state 0,235722 0,000232
statement -0,009950 -0,000008
statements 0,314711 0,000052
states 0,385662 0,001203
statesfrancebnf 0,510826 0,000084
statistical 0,776529 0,000128
statistics -0,009950 -0,000007
statute 3,912023 0,000642
statutes 3,506558 0,000576
statutory 2,995732 0,001968
steep 3,506558 0,000576
steven 0,916291 0,000150
stevens 2,813411 0,000462
still 0,342490 0,000056
stock 1,386294 0,000683
stop 1,203973 0,000198
store 0,733969 0,000121
stored 0,733969 0,000121
story 1,514128 0,000249
strata 2,407946 0,000395
strategic 1,171183 0,000192
strategies 1,078810 0,000177
stream 1,139434 0,000187
street 1,203973 0,000593
strengths 2,813411 0,000462
stress 1,897120 0,000312
strictly 1,966113 0,000323
stronger 1,966113 0,000323
strongholds 3,912023 0,001285
structure 0,314711 0,000103
structured 0,653926 0,000322
struggle 2,302585 0,001512
study 0,510826 0,000084
sub 1,021651 0,000168
subject 0,527633 0,000347
subordinated 3,506558 0,001727
subprime 3,218876 0,000529
subsection 0,020203 0,000023
substitute 2,659260 0,000437
suburban 3,912023 0,000642
suez 3,218876 0,000529
sufficient 1,309333 0,000215
sufficiently 2,120264 0,000348
suggest 1,771957 0,000291
suggested 1,609438 0,000264
suitcases 3,912023 0,000642
sum 1,347074 0,001106
sumitomo 3,506558 0,000576
sums 2,659260 0,000873
sundasuomisvenskatagalog 1,897120 0,000312
sunset 3,912023 0,000642
super 1,771957 0,000582
supervising 3,218876 0,001057
supervision 2,659260 0,001747
supervisory 2,525729 0,000829
susceptible 2,207275 0,000362
suspect 3,506558 0,000576
sustainability 1,966113 0,000323
sustainable 1,469676 0,000483
swank 3,912023 0,000642
swap 2,407946 0,000395
swift 1,386294 0,000228
switzerland 1,897120 0,000623
switzerlandencyclopedia 3,506558 0,000576
system 0,030459 0,000040
systematic 1,427116 0,000234
systemic 2,120264 0,000696
systems 0,061875 0,000071
table -0,009950 -0,000007
tablecloths 3,912023 0,000642
taken 0,867501 0,000285
taking 0,967584 0,000159
talk 1,203973 0,000198
tallinn 3,506558 0,000576
target 0,673345 0,000221
targeted 1,714798 0,000282
targets 1,272966 0,000418
tatar 1,272966 0,000209
taula 3,506558 0,000576
tax 1,560648 0,000256
taxation 2,525729 0,000415
taxes 2,207275 0,000362
teams 1,469676 0,000241
technologies 0,562119 0,000092
telecommunications 1,469676 0,000483
telegraphic 3,912023 0,000642
telephone 2,207275 0,001087
teller 2,659260 0,002183
templar 3,912023 0,003212
temple 2,525729 0,000829
temples 3,912023 0,000642
tend 1,386294 0,000228
tenth 2,659260 0,000437
term 0,223144 0,000403
terms -0,009950 -0,000020
test 0,673345 0,000111
text -0,009950 -0,000002
textbook 2,302585 0,000378
thecityuk 3,912023 0,000642
theorists 2,813411 0,000462
theory 0,400478 0,000066
therefore 0,478036 0,000157
third 0,356675 0,000176
thomas 0,527633 0,000087
thought 1,139434 0,000187
three 0,287682 0,000047
thrifts 3,912023 0,001285
throughout 1,078810 0,000177
thus 0,328504 0,000108
tier 1,832581 0,000602
time 0,010050 0,000017
times 0,314711 0,000362
tina 1,771957 0,000291
tithes 3,912023 0,000642
title -0,009950 -0,000002
tnau 3,912023 0,001285
today 0,693147 0,000114
toggle -0,009950 -0,000015
tokyo 2,302585 0,000378
toledo 3,912023 0,000642
tongat 3,912023 0,000642
took 1,237874 0,000610
tools -0,009950 -0,000005
top -0,009950 -0,000003
topic -0,009950 -0,000002
topics 0,653926 0,000107
total 0,673345 0,000111
totaled 3,218876 0,000529
tougher 3,218876 0,000529
toxic 2,302585 0,000378
traced 2,407946 0,000395
trade 1,139434 0,000561
traded 2,120264 0,000696
trademark -0,009950 -0,000002
trading 1,609438 0,000264
traditional 0,544727 0,000179
traditionally 1,897120 0,000623
training 1,078810 0,000177
transaction 1,427116 0,001640
transactions 0,713350 0,001171
transfer 0,693147 0,000569
transferable 3,506558 0,000576
transfers 2,207275 0,001087
transformation 1,272966 0,000209
translated 1,609438 0,000264
transparency 1,560648 0,000256
travel 1,832581 0,000301
travelers 2,995732 0,000492
traveling 2,995732 0,000492
treasury 2,407946 0,001186
tremendous 2,995732 0,000492
trends 1,021651 0,000168
triggered 2,302585 0,000378
trillion 1,966113 0,000323
trouble 2,659260 0,000437
trust 0,967584 0,000477
trustworthiness 3,912023 0,000642
twalonwinaray 3,218876 0,000529
two 0,083382 0,000068
type 0,150823 0,000050
types 0,198451 0,000554
typically 0,223144 0,000147
tyree 3,912023 0,001285
tzebuergeschlietuvi 1,514128 0,000249
ubs 2,407946 0,000791
ucb 3,912023 0,000642
ucla 2,525729 0,000415
ufj 3,912023 0,000642
ukraineyale 2,302585 0,000378
ultimately 1,427116 0,000234
under -0,009950 -0,000018
underdeveloped 3,506558 0,000576
understood 1,469676 0,000241
undertaken 2,525729 0,000415
underwrite 3,506558 0,000576
undetected 3,218876 0,000529
undetermined 3,912023 0,000642
uniform 1,347074 0,000221
union 1,021651 0,000503
unions 2,207275 0,001450
united 0,527633 0,001993
universal 0,994252 0,000327
university 0,186330 0,000184
unless 1,237874 0,000407
unlike 0,798508 0,000262
unprofitable 3,218876 0,000529
unsecured 3,912023 0,001285
unsettled 3,912023 0,001285
until 0,510826 0,000252
unwin 3,506558 0,000576
upon 0,673345 0,000111
urldownload -0,009950 -0,000002
usa 1,427116 0,000234
usd 2,120264 0,000696
use -0,009950 -0,000013
used -0,009950 -0,000005
uses 0,094311 0,000031
using -0,009950 -0,000007
usual 1,966113 0,000323
usually 0,223144 0,000073
utc -0,009950 -0,000002
vahcuenghti 3,912023 0,000642
vakavitinederlands 2,659260 0,000437
value 0,301105 0,000396
valued 1,897120 0,000312
van 0,891598 0,000293
varies 1,427116 0,000234
variety 0,653926 0,000107
variorum 3,912023 0,000642
various 0,223144 0,000147
vary 1,049822 0,000172
vast 1,514128 0,000249
vault 2,525729 0,000415
vaults 3,506558 0,000576
venezuela 2,995732 0,000492
venture 1,832581 0,000602
verification 0,733969 0,000121
verify 1,660731 0,000273
version -0,009950 -0,000002
versus 1,347074 0,000221
via 0,186330 0,000275
video 0,616186 0,000405
view -0,009950 -0,000003
visits 2,407946 0,000395
vol 0,616186 0,000202
volker 3,506558 0,000576
vosa 2,659260 0,000437
voucher 3,912023 0,000642
vte 0,967584 0,000159
vyborg 3,912023 0,000642
wads 3,912023 0,000642
wales 3,218876 0,000529
wall 1,309333 0,000215
warehouse 2,407946 0,000395
warns 2,813411 0,000462
warrior 3,506558 0,000576
washington 1,049822 0,000345
watered 2,659260 0,000437
waves 2,207275 0,000362
way 0,198451 0,000033
ways 0,446287 0,000147
wealth 2,207275 0,000725
wealthy 3,218876 0,000529
weeks 1,771957 0,000291
weighted 1,897120 0,000312
well 0,051293 0,000034
wells 3,218876 0,000529
welsers 3,912023 0,000642
west 1,560648 0,000256
western 1,108663 0,000546
westminster 3,912023 0,000642
westport 2,995732 0,000492
what -0,009950 -0,000007
whenever 2,040221 0,001340
whereas 1,049822 0,000172
whether 0,400478 0,000132
which 0,000000 0,000000
while 0,051293 0,000076
white 1,108663 0,000364
who 0,301105 0,000791
whole 0,916291 0,000301
wholesale 2,995732 0,000984
wholly 3,218876 0,000529
whose 0,776529 0,000383
wikidata 0,562119 0,000092
wikidatawikipedia 0,967584 0,000159
wikimedia -0,009950 -0,000003
wikipedia -0,009950 -0,000018
wikipediacontact -0,009950 -0,000002
wikisource 2,525729 0,000415
wiktionarymedia 1,660731 0,000273
wiley 0,562119 0,000092
wilko 3,912023 0,000642
wire 1,966113 0,000646
withdraw 2,813411 0,000462
withdrawal 2,813411 0,000924
withdrawals 3,506558 0,002879
withdrawn 2,659260 0,000437
within 0,116534 0,000153
without 0,094311 0,000062
word 0,693147 0,000228
words 0,916291 0,000150
work 0,127833 0,000021
workload 2,207275 0,000725
works 0,693147 0,000114
world 0,139262 0,000320
worldbank 3,218876 0,000529
worldwide 1,108663 0,000182
worry 3,218876 0,000529
worth 1,897120 0,000623
written 0,287682 0,000047
www 0,356675 0,000234
yale 2,407946 0,000791
ychi 3,506558 0,000576
year 0,579818 0,000381
years 0,274437 0,000315
yields 2,120264 0,000348
yoon 3,506558 0,000576
york 0,371064 0,000427
yorkshire 3,218876 0,000529
zazaki 1,966113 0,000323
zbekcha 0,462035 0,000076
zealand 2,302585 0,000378
