abil 0,562119 0,000081
abl 0,733969 0,000106
abu 2,995732 0,000431
abus 2,120264 0,000305
academ 0,693147 0,000499
acat 3,912023 0,001690
accept 0,634878 0,001280
access 0,127833 0,000221
accid 2,813411 0,003242
accident 1,771957 0,000255
accord 0,287682 0,000331
account -0,009950 -0,000009
accredit 3,218876 0,000464
accur 1,203973 0,000173
achiev 0,510826 0,000368
acknowledg 2,040221 0,000588
acquir 1,203973 0,000347
acquisit 1,203973 0,000867
acrodynia 3,912023 0,000563
acronym 2,120264 0,000305
across 0,415515 0,000180
act 0,713350 0,000205
action -0,009950 -0,000006
activ 0,356675 0,000565
actual 0,597837 0,000258
actuari 2,302585 0,001327
ad 0,198451 0,000029
adapt 0,798508 0,000230
add -0,009950 -0,000001
addit -0,009950 -0,000006
address 0,342490 0,000247
adequ 1,660731 0,000239
adjust 1,078810 0,000155
administr 0,867501 0,000625
adopt 0,415515 0,000299
advanc 0,235722 0,000102
adventur 2,813411 0,000405
advers 2,813411 0,001216
adversari 2,040221 0,000294
advic 2,040221 0,000294
advisor 2,659260 0,000383
advisori 2,302585 0,000332
aerosol 3,912023 0,000563
aerospac 1,771957 0,000510
affair 1,966113 0,000283
affect 0,693147 0,000399
ag 0,867501 0,000125
again 1,078810 0,000311
against 0,462035 0,000266
agenc 1,108663 0,000639
agenda 2,407946 0,000347
agre -0,009950 -0,000003
agreement 1,078810 0,000155
ai 0,673345 0,000097
aim 0,634878 0,000549
aimdd 3,912023 0,001127
air 1,660731 0,000478
aircraft 2,120264 0,000611
airplan 2,525729 0,000364
airport 2,407946 0,000694
al 0,616186 0,000089
alan 1,049822 0,000151
albu 3,218876 0,000464
alfi 3,912023 0,000563
align 1,272966 0,000183
alik 2,813411 0,000405
allergi 3,912023 0,000563
alloc 0,941609 0,000136
allow 0,061875 0,000027
along 0,462035 0,000067
altern 0,342490 0,000247
altogeth 2,207275 0,000318
amend 1,609438 0,000232
american 0,415515 0,000060
among 0,356675 0,000103
amount 0,579818 0,000251
amp -0,009950 -0,000016
analysi 0,186330 0,001449
analysissystem 3,912023 0,000563
analyst 1,272966 0,000550
analyz 0,843970 0,000243
ani 0,083382 0,000108
anim 1,021651 0,000147
annex 2,995732 0,000863
annual 0,776529 0,000224
anonym 1,560648 0,000225
anoth 0,127833 0,000147
ansi 2,207275 0,000636
answer 1,171183 0,000337
anthropogen 3,506558 0,000505
antiviru 2,407946 0,000347
appeal 2,040221 0,000882
appear -0,009950 -0,000009
appel 2,813411 0,000405
appetit 2,995732 0,000863
appli -0,009950 -0,000010
applic 0,030459 0,000053
approach 0,174353 0,000226
appropri 0,867501 0,000375
approv 1,272966 0,000183
april 0,072571 0,000021
architectur 0,400478 0,000058
archiv 0,040822 0,000065
area 0,478036 0,000620
argu 0,994252 0,000143
argument 1,171183 0,000337
ari 2,040221 0,000294
aris 1,469676 0,000212
arm 1,469676 0,000212
arnold 2,407946 0,000347
art 0,673345 0,000097
arthur 1,427116 0,000206
articl 0,000000 0,000000
articleabout -0,009950 -0,000001
articletalk -0,009950 -0,000001
asbestosi 3,912023 0,000563
asc 3,506558 0,000505
ascent 3,218876 0,000464
ashok 3,506558 0,000505
asi 2,659260 0,000383
asisonlin 3,912023 0,000563
aspect 0,616186 0,000355
assess 1,021651 0,006622
asset 1,139434 0,001477
assicurazion 3,912023 0,000563
assign 0,798508 0,000230
associ 0,127833 0,000184
asst 3,912023 0,000563
assum 0,891598 0,000257
assumpt 1,171183 0,000169
assur 1,660731 0,001196
asthma 3,506558 0,000505
ata 3,506558 0,000505
atom 1,309333 0,000189
attack 0,867501 0,000375
attempt 0,478036 0,000069
attent 1,203973 0,000173
attribut -0,009950 -0,000004
audienc 2,659260 0,000383
audit 1,660731 0,000718
australia 1,309333 0,000566
author 0,040822 0,000029
auto 1,514128 0,000218
avail -0,009950 -0,000013
averag 0,967584 0,000139
avers 2,659260 0,000383
aviat 2,525729 0,000728
avoid 0,579818 0,001921
awar 1,203973 0,001040
back 0,462035 0,000067
backpack 3,912023 0,000563
bad 1,347074 0,000194
bahasa 0,186330 0,000027
bajcsi 3,218876 0,000464
balanc 1,139434 0,000656
baldzhi 3,912023 0,000563
bali 2,302585 0,000332
bangladesh 2,207275 0,000318
bank 0,941609 0,000949
banker 2,207275 0,000318
bankrupt 2,995732 0,000431
barbara 2,120264 0,000611
barotrauma 3,912023 0,000563
base 0,010050 0,000012
basel 2,302585 0,000332
basi 0,820981 0,000118
basic 0,198451 0,000057
battl 1,832581 0,000264
bay 2,120264 0,000305
bayesian 1,966113 0,000283
bear 1,966113 0,000283
becam 0,579818 0,000251
becaus 0,127833 0,000018
becom 0,274437 0,000198
begin 0,385662 0,000222
begun 1,966113 0,000283
behavior 0,342490 0,000197
behaviour 1,832581 0,000528
behind 0,867501 0,000125
belief 1,714798 0,000247
benchmark 1,427116 0,000206
benefit 0,776529 0,001454
benjamin 1,386294 0,000200
benoit 2,659260 0,000766
berman 3,912023 0,000563
berylliosi 3,912023 0,000563
best 0,462035 0,000333
bet 2,120264 0,000305
better 0,494296 0,000071
bhandari 3,912023 0,000563
bia 1,660731 0,000239
bibcod 0,693147 0,000200
billion 1,078810 0,000155
biolog 1,427116 0,001028
biomed 2,302585 0,000663
biotechnolog 2,813411 0,000810
bitz 3,912023 0,000563
black 1,203973 0,000347
blanchard 2,525729 0,000364
blog 0,713350 0,000103
bluetooth 2,302585 0,000332
board 0,843970 0,000486
boat 2,659260 0,000766
bodi 0,867501 0,000625
boiler 3,218876 0,000464
bokm 0,127833 0,000018
bomb 2,040221 0,000294
bond 1,832581 0,000528
book 0,210721 0,000121
border 1,771957 0,000255
bow 3,218876 0,000927
brainstorm 2,995732 0,000431
brand 1,386294 0,000399
braun 3,218876 0,000464
break 0,733969 0,000211
breakdown 2,302585 0,000663
brian 1,108663 0,000160
bridg 1,427116 0,000206
briefli 2,659260 0,000383
bright 2,525729 0,000364
bring 1,021651 0,000147
broken 1,660731 0,000239
broker 1,966113 0,000283
brown 1,237874 0,000178
brucellosi 3,912023 0,000563
bse 3,506558 0,000505
bsenv 3,506558 0,000505
budget 1,832581 0,000792
build 0,274437 0,000079
builder 2,407946 0,000347
built 0,462035 0,000067
burden 2,040221 0,000294
burial 3,506558 0,000505
burnout 3,912023 0,000563
busi 0,287682 0,002693
businessinsur 3,912023 0,000563
buyer 1,832581 0,000264
byssinosi 3,912023 0,000563
calcul 0,916291 0,000264
california 1,021651 0,000147
call 0,030459 0,000013
cambridg 0,755023 0,000109
canada 1,427116 0,000411
canadian 1,714798 0,000247
cancel 2,207275 0,000318
cancer 2,525729 0,000364
cannot 0,314711 0,000091
capabl 0,562119 0,000243
capac 1,237874 0,000891
capit 0,994252 0,000859
car 1,309333 0,000189
carcinoma 3,912023 0,000563
card 0,994252 0,000143
cardiovascular 3,912023 0,000563
care 1,237874 0,000713
carlei 2,995732 0,000431
carlo 1,714798 0,000247
case 0,083382 0,000156
cash 1,386294 0,000799
casualti 3,218876 0,001391
cataract 3,912023 0,000563
catastroph 2,525729 0,002546
categori -0,009950 -0,000016
caus 0,430783 0,000683
center 0,415515 0,000180
centobelli 3,912023 0,000563
centr 1,469676 0,000423
cerchion 3,912023 0,000563
certain 0,274437 0,000079
cfa 2,659260 0,000383
chain 0,843970 0,001337
chairman 2,659260 0,000383
chalicosi 3,912023 0,000563
challeng 0,400478 0,000115
chanc 1,660731 0,000239
chang 0,051293 0,000081
changesupload -0,009950 -0,000003
channel 1,049822 0,000151
characterist 0,843970 0,000122
chart 1,309333 0,000189
check 0,634878 0,000183
checklist 2,995732 0,001294
chees 3,218876 0,000464
chemic 1,660731 0,000478
chestnut 3,218876 0,000464
chief 1,609438 0,002550
chimnei 3,912023 0,000563
china 0,967584 0,000139
choic 0,755023 0,000109
choos 0,916291 0,000132
chosen 1,469676 0,000635
chri 0,994252 0,000143
chronic 2,995732 0,000863
cid 0,356675 0,000308
circuit 0,967584 0,000139
circumst 1,897120 0,000273
citat 0,248461 0,000143
civili 3,506558 0,000505
claim 0,634878 0,000274
clarif 1,832581 0,000264
clarifi 2,525729 0,000728
clarificationwikipedia 3,912023 0,000563
class 0,446287 0,000129
classifi 0,967584 0,000279
claus 2,040221 0,000588
cleanroom 3,218876 0,000464
clearanc 3,506558 0,000505
client 0,713350 0,000103
cliff 2,407946 0,000347
climat 1,386294 0,001797
climb 2,813411 0,000405
close 0,356675 0,000154
club 2,659260 0,000766
cmu 2,659260 0,000766
coalwork 3,912023 0,000563
coastal 2,995732 0,000431
code -0,009950 -0,000006
cognit 1,427116 0,000206
collater 2,659260 0,000383
collegium 3,506558 0,000505
com 0,150823 0,000043
combin 0,261365 0,000075
come 0,356675 0,000103
commensur 2,995732 0,000431
commerci 0,527633 0,000304
commiss 1,309333 0,001131
committe 1,309333 0,000566
commod 1,469676 0,000212
common -0,009950 -0,000011
commonsresourc 3,506558 0,000505
commonswikiversitywikidata 2,407946 0,000347
commun 0,139262 0,000702
compani 0,342490 0,000691
compar 0,342490 0,000049
compel 3,218876 0,000464
compens 1,966113 0,000850
compensatori 3,912023 0,000563
competitor 1,966113 0,000566
compil 0,755023 0,000217
complain 3,506558 0,000505
complet 0,223144 0,000032
complex 0,186330 0,000107
complianc 1,514128 0,000654
compon 0,261365 0,000038
comprehens 0,867501 0,000500
comput 0,020203 0,000012
comunidad 3,912023 0,000563
concentr 1,966113 0,000283
concept 0,198451 0,000143
concern 0,597837 0,000431
concuss 3,912023 0,000563
condit 0,579818 0,000084
conduct -0,009950 -0,000003
confer 0,274437 0,000119
confid 1,771957 0,000255
confidenti 2,040221 0,000588
configur 0,798508 0,000230
conflict 1,309333 0,000566
conglomer 2,659260 0,000383
connect 0,430783 0,000062
consensu 1,832581 0,000264
consequ 0,891598 0,001798
consid 0,274437 0,000198
consider 0,713350 0,000103
consist 0,301105 0,000217
constitut 1,272966 0,000183
constraint 1,139434 0,000164
construct 0,579818 0,000167
consult 1,386294 0,000399
consum 0,653926 0,000094
contact -0,009950 -0,000003
contain 0,162519 0,000070
contamin 3,218876 0,000464
content -0,009950 -0,000011
context 0,446287 0,000450
conting 2,120264 0,000916
continu 0,174353 0,000226
contract 0,994252 0,001432
contractor 2,659260 0,000766
contractu 2,120264 0,001527
contribut -0,009950 -0,000003
contro 3,912023 0,000563
control 0,020203 0,000105
convent 0,891598 0,000257
convers 0,776529 0,000112
cooki -0,009950 -0,000001
cooper 1,021651 0,000441
copay 3,506558 0,000505
corp 1,832581 0,000264
corpor 0,562119 0,000891
corpu 2,813411 0,000405
coso 3,506558 0,000505
cost 0,385662 0,000944
costli 2,207275 0,000318
council 1,427116 0,000822
counsel 2,813411 0,000405
counterfeit 3,218876 0,000927
countermeasur 2,120264 0,000611
countri 0,867501 0,000750
court 1,427116 0,000822
courtnei 3,506558 0,001010
cover 0,733969 0,000106
coverag 1,897120 0,000820
covid 1,966113 0,000283
craig 2,040221 0,000294
cramp 3,912023 0,000563
creat -0,009950 -0,000009
creativ -0,009950 -0,000001
credit 0,867501 0,000875
crime 1,469676 0,000423
crisi 1,347074 0,001164
criteria 1,609438 0,000232
criterion 1,966113 0,000283
critic 0,385662 0,000278
critiqu 2,120264 0,000305
crmf 3,912023 0,001127
crockford 2,659260 0,000383
crop 2,407946 0,000347
cross 0,562119 0,000324
csenki 3,912023 0,000563
cultur 1,049822 0,000605
curb 2,995732 0,000431
curti 2,995732 0,000431
curv 1,309333 0,000189
custom 0,544727 0,001098
cve 2,525729 0,000364
cybellium 3,506558 0,001010
cyber 1,427116 0,000411
cybersecur 1,966113 0,001416
cycl 0,867501 0,000750
czech 2,040221 0,000294
dai 0,562119 0,000081
dam 2,995732 0,000431
damag 1,771957 0,001276
danger 1,514128 0,000436
data 0,030459 0,000013
databas 0,072571 0,000021
date 0,210721 0,000061
david 0,385662 0,000111
davo 3,506558 0,000505
deal 0,843970 0,001337
death 1,897120 0,000273
decemb 0,061875 0,000018
decid 0,867501 0,000375
decis 0,400478 0,001211
declar 1,108663 0,000160
declin 1,832581 0,000264
decompress 3,506558 0,000505
decreas 1,660731 0,000478
deduct 2,525729 0,000364
default 0,693147 0,000100
defenc 2,813411 0,000810
defend 1,966113 0,000850
defens 1,386294 0,000998
defin 0,116534 0,000134
definit 0,186330 0,000081
deliber 1,771957 0,000255
deliv 1,078810 0,000311
delphi 2,407946 0,000347
demand 0,820981 0,000118
dementia 3,218876 0,000464
demonstr 0,994252 0,000143
denial 2,040221 0,000294
dental 3,218876 0,000464
depart 0,843970 0,000243
depend 0,105361 0,000061
deploy 1,049822 0,000302
deposit 1,771957 0,000255
derek 2,302585 0,000332
deriv 0,494296 0,000071
descend 2,525729 0,000364
describ 0,174353 0,000126
descript -0,009950 -0,000003
descriptionshort 0,000000 0,000000
design 0,040822 0,000053
detail 0,510826 0,000147
detect 0,755023 0,000217
determin 0,342490 0,000197
develop -0,009950 -0,000043
deviat 1,771957 0,000255
devic 0,634878 0,001920
devot 2,040221 0,000294
diagnost 2,040221 0,000294
diagram 1,560648 0,000450
diagrammat 3,912023 0,000563
differ 0,010050 0,000014
differenti 0,916291 0,000132
difficult 0,597837 0,000258
difficulti 1,237874 0,000178
digesta 3,506558 0,000505
dionn 3,912023 0,000563
direct 0,261365 0,000151
director 1,660731 0,000718
disabl 1,609438 0,000464
disambigu 1,049822 0,000151
disast 1,966113 0,005664
disciplin 1,203973 0,000173
disciplinari 3,218876 0,000464
disclaim -0,009950 -0,000001
discov 1,108663 0,000160
diseas 1,966113 0,001133
diseasesand 3,912023 0,000563
dismember 3,506558 0,000505
distinct 0,544727 0,000078
distinguish 0,733969 0,000211
distribut 0,198451 0,000171
district 2,040221 0,000588
dive 2,525729 0,000728
diversif 2,120264 0,000305
divis 1,237874 0,000178
docra 3,912023 0,001690
document 0,328504 0,000142
dod 2,813411 0,000405
doesn 1,609438 0,000232
doi 0,162519 0,000234
donat -0,009950 -0,000003
done 0,653926 0,000188
dorfman 3,506558 0,000505
dougla 1,237874 0,000178
down 0,597837 0,000086
download -0,009950 -0,000001
downtim 2,995732 0,000431
draft 1,427116 0,000617
drawdown 3,218876 0,000464
drill 3,218876 0,000927
drug 1,609438 0,001159
due 0,261365 0,000113
dust 3,506558 0,000505
duti 2,813411 0,001216
dynam 0,342490 0,000099
ear 3,218876 0,000464
earli 0,301105 0,000043
earlier 1,139434 0,000164
earn 1,660731 0,000478
earth 1,272966 0,000367
earthquak 2,302585 0,000663
easi 1,021651 0,000147
econom 0,653926 0,000942
econometr 1,966113 0,000283
economi 1,309333 0,000943
ed 0,210721 0,000061
edit -0,009950 -0,000063
editcommun -0,009950 -0,000001
edu 1,108663 0,000160
educ 0,494296 0,000570
effect 0,274437 0,000672
effort 0,653926 0,000283
either 0,248461 0,000143
elbow 3,506558 0,001010
electr 0,891598 0,000128
electron 0,430783 0,000062
element 0,301105 0,000087
elimin 0,867501 0,000250
elsewher 2,040221 0,000294
emerg 0,527633 0,000304
emphasis 3,506558 0,001010
emploi 0,673345 0,000194
employe 1,386294 0,000399
enabl 0,274437 0,000040
enact 2,407946 0,000347
encephalopathi 3,912023 0,000563
encount 1,966113 0,000283
encourag 1,203973 0,000173
encyclopedia -0,009950 -0,000003
end 0,186330 0,000054
endang 3,912023 0,000563
endless 2,995732 0,000431
endur 2,659260 0,000383
engin 0,061875 0,000267
engineeringcommun 3,912023 0,000563
engineeringsubfield 3,218876 0,000464
englewood 2,659260 0,000383
english -0,009950 -0,000001
enhanc 0,510826 0,000294
enough 0,843970 0,000122
ensur 0,713350 0,000308
enter 1,049822 0,000151
enterpris 0,446287 0,001350
entiti 0,843970 0,000365
entri 1,203973 0,000173
environ 0,385662 0,000889
environment 1,049822 0,001058
epidemiolog 2,659260 0,000383
equal 0,843970 0,000122
equip 1,078810 0,000777
era 1,386294 0,000200
erad 3,506558 0,000505
ereth 3,912023 0,000563
ergonom 2,995732 0,000431
erik 1,832581 0,000264
erm 3,912023 0,002254
error 0,430783 0,000124
ertz 3,912023 0,000563
espa 0,210721 0,000030
especi 0,415515 0,000060
esrm 3,912023 0,002254
essenti 0,634878 0,000091
establish 0,634878 0,000457
estim 0,820981 0,000118
eszter 3,506558 0,000505
etc 0,562119 0,000243
ethernet 2,407946 0,000347
ethic 1,309333 0,000189
european 0,733969 0,001057
evacu 2,995732 0,000431
evalu 0,562119 0,001214
even 0,235722 0,000102
event 0,356675 0,001593
eventsrandom -0,009950 -0,000001
everydai 1,832581 0,000264
evid 1,272966 0,000367
evolut 0,820981 0,000118
evolv 1,078810 0,000155
exam 2,040221 0,000588
examin 0,867501 0,000125
exampl 0,020203 0,000052
exce 1,897120 0,000273
excel 1,714798 0,000247
except 0,733969 0,000106
excerpt 1,714798 0,000494
exchang 0,579818 0,000251
excipi 3,912023 0,000563
execut 0,356675 0,000257
exist 0,186330 0,000107
expand 0,776529 0,000224
expans 1,309333 0,000189
expatri 3,506558 0,000505
expect 0,494296 0,000498
expend 2,995732 0,000431
expens 1,108663 0,000479
experi 0,510826 0,000221
experienti 3,506558 0,001010
explan 1,771957 0,000255
explicitli 0,916291 0,000132
exploit 1,078810 0,000466
export -0,009950 -0,000001
expos 1,272966 0,000367
exposur 1,560648 0,001349
extend 0,385662 0,000056
extern 0,030459 0,000039
extra 1,609438 0,000232
extract 1,108663 0,000160
extrem 0,941609 0,000136
fabrycki 3,218876 0,000464
face 1,021651 0,000441
facet 2,995732 0,000431
facilit 0,916291 0,000132
fact 0,579818 0,000167
factor 0,544727 0,000471
fail 0,693147 0,000100
failur 1,021651 0,000736
faith 2,813411 0,000405
fall 0,867501 0,000375
famili 0,994252 0,000286
familiar 1,609438 0,000232
far 0,867501 0,000125
farmer 2,659260 0,000383
fat 1,966113 0,000283
fatal 2,659260 0,000383
faulkner 3,912023 0,000563
fault 1,237874 0,000713
favor 1,139434 0,000164
fda 2,813411 0,001216
fear 1,966113 0,000283
featur 0,210721 0,000030
feb 2,659260 0,000766
februari 0,061875 0,000009
feder 1,021651 0,000147
fee 1,714798 0,000247
fever 3,506558 0,000505
fiddler 3,912023 0,000563
fidel 2,659260 0,000383
field 0,314711 0,000272
fighter 3,218876 0,000464
figur 1,272966 0,000183
fileperman -0,009950 -0,000001
filespeci -0,009950 -0,000001
fill 1,660731 0,000478
filler 3,912023 0,000563
filtrat 3,912023 0,000563
final 0,494296 0,000142
financ 0,843970 0,001702
financi 0,776529 0,002684
find 0,371064 0,000267
fire 1,560648 0,001124
firm 1,171183 0,000337
first 0,020203 0,000015
fischer 2,995732 0,000431
fix 0,385662 0,000111
fixat 3,506558 0,001010
flexibl 1,139434 0,000164
flight 1,832581 0,000264
flock 2,207275 0,000318
flood 2,525729 0,001455
florida 2,207275 0,000318
flow 0,430783 0,000062
fmea 3,218876 0,001391
fmeca 3,506558 0,000505
focu 0,755023 0,000544
follow 0,072571 0,000125
food 1,469676 0,001270
foodborn 3,912023 0,000563
foodcont 3,912023 0,000563
forc 0,597837 0,000172
forecast 1,078810 0,000311
forese 3,218876 0,000927
forex 2,813411 0,000405
form 0,072571 0,000010
formal 0,510826 0,000074
formul 1,714798 0,000494
formula 1,427116 0,001439
forward 0,941609 0,000136
found 0,274437 0,000079
foundat -0,009950 -0,000004
four 0,820981 0,000355
fractal 2,659260 0,000383
framework 0,287682 0,000580
fran 0,223144 0,000032
franc 1,427116 0,000206
franci 1,347074 0,000194
fratern 3,218876 0,000464
fraud 1,560648 0,000225
free -0,009950 -0,000001
frequenc 1,078810 0,000155
frequent 0,916291 0,000132
friendli 1,386294 0,000200
fsa 3,506558 0,000505
fta 3,912023 0,001127
fume 3,912023 0,000563
function 0,030459 0,000018
fund 0,941609 0,000678
fundament 0,478036 0,000138
further 0,139262 0,000020
furthermor 1,272966 0,000183
futur 0,235722 0,000136
futurist 3,218876 0,000464
ga 1,609438 0,000927
gain 0,616186 0,000355
gap 1,347074 0,000194
gbta 3,912023 0,001127
gener -0,009950 -0,000010
geograph 1,078810 0,000155
georg 0,843970 0,000122
geospati 3,218876 0,000464
germani 1,560648 0,000225
gerri 3,506558 0,000505
given 0,261365 0,000151
glassblow 3,218876 0,000464
gli 3,912023 0,000563
global 0,446287 0,000450
glossari 0,867501 0,000250
goal 0,562119 0,000648
god 2,995732 0,000431
golfer 3,912023 0,000563
good 0,616186 0,000532
gorc 3,912023 0,001127
gordon 1,966113 0,000283
govern 0,544727 0,000549
government 2,207275 0,000636
gower 3,218876 0,000464
grc 3,506558 0,000505
great 0,941609 0,000136
greater 0,755023 0,000435
greatest 1,897120 0,000546
greengard 3,506558 0,001515
grosz 3,218876 0,000464
group 0,186330 0,000188
growth 0,733969 0,000317
guarante 1,078810 0,000155
guid 0,287682 0,000249
guidanc 1,714798 0,001235
guidelin 1,237874 0,000713
guild 3,218876 0,000464
gyula 3,912023 0,000563
haccp 3,218876 0,000464
haddock 3,218876 0,000464
hall 0,653926 0,000188
halon 3,506558 0,000505
hammurabi 2,659260 0,000383
hand 0,494296 0,000071
handl 0,415515 0,000359
hard 1,049822 0,000151
hardi 3,218876 0,000464
harm 1,771957 0,000510
harold 2,120264 0,000305
hawk 2,813411 0,000405
hazard 1,966113 0,007646
hazop 3,506558 0,001010
head 0,867501 0,000125
health 0,994252 0,005298
healthi 2,813411 0,000405
healthoccup 3,912023 0,000563
hear 2,407946 0,000694
hedg 2,040221 0,000588
held 1,237874 0,000178
help 0,174353 0,000075
helplearn -0,009950 -0,000001
henc 1,347074 0,000582
hererel -0,009950 -0,000001
heurist 1,966113 0,000283
hide -0,009950 -0,000006
hierarchi 1,469676 0,000635
high 0,223144 0,000161
higher 0,430783 0,000248
highwai 2,302585 0,000663
hijack 2,040221 0,000294
hill 0,867501 0,000250
hillson 3,912023 0,000563
hinder 2,302585 0,000332
histori -0,009950 -0,000006
hitchin 3,218876 0,000464
hodg 2,407946 0,000347
hold 0,579818 0,000167
holist 3,506558 0,000505
home 0,616186 0,000089
homeland 2,995732 0,000431
hope 1,660731 0,000239
horizon 1,714798 0,000247
hospit 2,407946 0,000694
hostil 2,659260 0,000383
howev 0,094311 0,000014
hra 3,506558 0,000505
hse 3,912023 0,001690
http -0,009950 -0,000006
hubbard 3,218876 0,000464
hudson 2,659260 0,000383
human 0,527633 0,000912
hygien 3,218876 0,000464
iadc 3,912023 0,001127
ibm 0,693147 0,000100
ic 2,120264 0,001222
ideal 1,514128 0,000654
idef 2,995732 0,000431
ident 0,820981 0,000355
identif 1,139434 0,002626
identifi 0,356675 0,000976
iec 1,897120 0,000546
ignor 1,078810 0,000311
iii 1,560648 0,000450
ill 2,120264 0,000305
illicit 2,813411 0,000405
imag 0,494296 0,000071
immedi 0,967584 0,000418
impact 0,544727 0,001569
imped 2,302585 0,000332
imper 1,560648 0,000225
implant 2,995732 0,000863
implement 0,105361 0,000212
import 0,162519 0,000187
imposs 1,309333 0,000377
improv 0,150823 0,000130
inact 1,966113 0,000283
inadequ 2,525729 0,000364
inasuomisvenska 3,506558 0,000505
inc -0,009950 -0,000003
incent 2,040221 0,000294
incid 2,120264 0,002138
includ 0,000000 0,000000
inclus 1,514128 0,000218
incom 1,272966 0,000183
incorrectli 2,302585 0,000332
increas 0,287682 0,000290
increasingli 0,776529 0,000112
increment 1,386294 0,000200
indemn 3,218876 0,001391
indemnif 3,506558 0,000505
index -0,009950 -0,000004
india 1,171183 0,000169
indic 0,356675 0,000051
indium 3,912023 0,000563
individu 0,314711 0,000181
indonesia 1,272966 0,000183
indoor 3,218876 0,000464
induc 2,040221 0,000588
industri 0,356675 0,000616
ineffect 2,659260 0,000766
infeas 2,525729 0,000364
infect 2,407946 0,000347
infinit 1,609438 0,000232
influenc 0,579818 0,000084
influenza 3,912023 0,000563
inform 0,061875 0,000152
informationcit -0,009950 -0,000001
infortuni 3,912023 0,000563
infrastructur 0,673345 0,000194
infrequ 3,218876 0,000464
infus 3,912023 0,000563
initi 0,235722 0,000068
injuri 2,525729 0,001455
inland 3,506558 0,000505
innov 0,820981 0,000236
insid 0,579818 0,000084
insight 1,309333 0,000189
insolv 2,813411 0,000405
inspect 1,514128 0,000218
instabl 2,995732 0,000431
instanc 0,478036 0,000138
instead 0,301105 0,000087
institut 0,446287 0,000900
insur 1,427116 0,010483
insurancehealth 3,506558 0,000505
intang 2,995732 0,000431
integr 0,174353 0,000201
intellig 0,510826 0,000074
intention 2,207275 0,000318
interact 0,356675 0,000051
interest 0,478036 0,000275
intern 0,040822 0,000153
internationalgndfastnationalunit 1,237874 0,000178
interpret 0,579818 0,000084
interrupt 1,609438 0,000695
interview 1,427116 0,000206
introduc 0,210721 0,000061
introduct 0,210721 0,000152
intrus 1,832581 0,000264
invalid 1,714798 0,000247
invest 0,967584 0,000139
investig 1,078810 0,000311
involv 0,415515 0,000718
iop 2,995732 0,000431
irish 2,995732 0,000431
isaca 3,506558 0,000505
isbn 0,051293 0,000155
iso 1,309333 0,003960
issn 0,478036 0,000344
issu 0,314711 0,000045
istituto 3,912023 0,000563
itali 2,302585 0,000332
item -0,009950 -0,000003
iter 1,272966 0,000550
itself 0,342490 0,000049
ivdd 3,912023 0,001127
iz 3,912023 0,000563
jame 0,634878 0,000091
januari 0,083382 0,000144
jaw 3,506558 0,001010
jeopard 3,912023 0,000563
job 1,171183 0,000337
john 0,198451 0,000114
joint 1,171183 0,000169
joseph 0,820981 0,000118
journal 0,186330 0,000161
jpn 3,912023 0,000563
jstor 0,843970 0,000122
judgment 2,040221 0,000588
juli 0,127833 0,000074
jump -0,009950 -0,000001
june 0,094311 0,000027
juri 2,525729 0,000364
jurisdict 1,832581 0,000264
kai 1,966113 0,000283
karen 2,040221 0,000294
kasza 3,912023 0,000563
kathleen 2,659260 0,000383
katia 2,995732 0,000431
keep 0,733969 0,000317
kei 0,314711 0,000136
keskitalo 3,912023 0,000563
khairul 3,506558 0,000505
kidnap 3,506558 0,000505
kind 0,673345 0,000097
kingdom 1,469676 0,000212
klinger 3,912023 0,000563
knightian 3,506558 0,000505
know 0,653926 0,000094
knowledg 0,597837 0,000689
known 0,127833 0,000074
kuleuven 3,912023 0,000563
label 1,049822 0,000454
laboratori 1,309333 0,000189
labour 2,525729 0,000728
lacp 3,912023 0,000563
lag 2,407946 0,000347
land 1,309333 0,000189
landlord 3,506558 0,000505
languag -0,009950 -0,000006
larg 0,127833 0,000110
last -0,009950 -0,000003
later 0,223144 0,000064
lavoro 3,912023 0,000563
law 0,653926 0,000753
layer 0,713350 0,000205
lead 0,287682 0,000166
leader 1,714798 0,001235
leadership 2,207275 0,000318
learn 0,162519 0,000047
least 0,527633 0,000076
led 0,446287 0,000064
legaci 1,309333 0,000189
legal -0,009950 -0,000013
legisl 1,897120 0,000820
legitim 2,040221 0,000294
lender 2,659260 0,000383
less 0,430783 0,000186
lesson 1,386294 0,000200
leuven 3,506558 0,000505
lev 3,506558 0,001010
level 0,083382 0,000060
li 1,049822 0,000151
liabil 2,040221 0,002939
librari 0,356675 0,000257
licens -0,009950 -0,000001
lietuvi 2,302585 0,000332
life 0,653926 0,001130
lifecycl 2,120264 0,000916
lifelin 3,506558 0,000505
lightn 2,207275 0,000318
like 0,051293 0,000044
likelihood 1,897120 0,000820
limit 0,186330 0,000107
line 0,261365 0,000075
link -0,009950 -0,000010
linkpag -0,009950 -0,000001
linksarticl 1,021651 0,000147
liquid 1,771957 0,000510
liria 3,912023 0,000563
list 0,051293 0,000044
literatur 1,272966 0,000367
live 0,733969 0,000211
livelihood 3,506558 0,000505
llc 1,714798 0,000247
loan 1,966113 0,000283
locat 0,527633 0,000076
lockout 3,506558 0,000505
loeb 3,218876 0,000464
log -0,009950 -0,000003
logist 1,609438 0,000232
london 0,941609 0,000136
long 0,287682 0,000207
longer 0,755023 0,000109
longev 2,995732 0,000431
lopa 3,506558 0,000505
lose 1,560648 0,000674
loss 0,891598 0,004623
lost 1,514128 0,000218
low 0,478036 0,000207
lower 0,673345 0,000582
lung 3,218876 0,002318
lux 0,371064 0,000053
mabel 3,912023 0,000563
machin 0,040822 0,000012
machol 3,218876 0,000464
macro 2,120264 0,000305
macroeconom 2,207275 0,000318
made 0,186330 0,000054
madrid 3,912023 0,000563
magazin 0,755023 0,000326
magnitud 1,897120 0,000546
magyarbahasa 3,506558 0,000505
main -0,009950 -0,000017
maintain 0,400478 0,000115
mainten 0,843970 0,000122
majeur 3,218876 0,000464
major 0,223144 0,000225
make 0,061875 0,000125
manag 0,105361 0,003505
managementactuari 3,912023 0,000563
managementrisk 3,506558 0,000505
manageri 2,407946 0,000347
mandat 1,714798 0,000247
mandelbrot 2,995732 0,001294
mani 0,061875 0,000018
manpow 3,218876 0,000464
manual 0,994252 0,000286
manuela 3,218876 0,000464
manufactur 1,171183 0,000843
map 0,616186 0,000089
march 0,116534 0,000067
marin 2,302585 0,000995
mark 0,261365 0,000038
market 0,446287 0,000964
marketplac 2,040221 0,000294
markov 1,771957 0,000255
maryna 3,912023 0,000563
materi 0,616186 0,000355
matrix 1,609438 0,000464
matthew 1,560648 0,000225
mcda 3,506558 0,000505
mcgivern 3,912023 0,000563
mdd 3,506558 0,001010
mean 0,083382 0,000072
meant 1,514128 0,000218
measur 0,371064 0,000588
mechan 0,356675 0,000051
media 0,139262 0,000020
medic 1,108663 0,003194
medicin 1,427116 0,000617
meet 0,527633 0,000076
megan 2,813411 0,000405
megaproject 3,506558 0,003030
melayuminangkabaunederland 3,912023 0,000563
member 0,562119 0,000486
memori 0,562119 0,000162
mention 1,237874 0,000357
menu -0,009950 -0,000003
merger 1,966113 0,000283
mesopotamian 2,995732 0,000431
mesothelioma 3,912023 0,000563
messag 0,400478 0,000115
metal 1,469676 0,000212
method 0,150823 0,000434
methodolog 0,994252 0,000573
mi 2,302585 0,000332
michael 0,385662 0,000167
microbiolog 3,506558 0,001010
microeconom 2,302585 0,000332
mild 3,506558 0,002525
mine 0,916291 0,000132
minim 0,579818 0,000334
mission 1,714798 0,000247
mistaken 3,218876 0,000464
mitig 1,347074 0,005044
mitr 3,218876 0,000464
mix 0,891598 0,000128
mobil -0,009950 -0,000004
mode 0,755023 0,000326
model 0,116534 0,000319
modern 0,314711 0,000136
modifi 0,527633 0,000152
monei 1,171183 0,000169
monitor 1,021651 0,001177
mont 2,302585 0,000332
moral 2,302585 0,000332
morcov 3,912023 0,001127
mortgag 2,302585 0,000995
motarjemi 3,912023 0,001127
mountain 2,525729 0,001819
mourn 3,912023 0,000563
move -0,009950 -0,000006
much 0,400478 0,000231
mule 3,506558 0,000505
multi 0,342490 0,000099
multipl 0,094311 0,000014
multipli 1,560648 0,000225
multitud 2,813411 0,000405
munadi 3,912023 0,000563
museum 1,660731 0,000478
mutual 1,386294 0,000399
myriam 3,912023 0,000563
nabil 3,506558 0,000505
nagpal 3,218876 0,000464
nail 3,506558 0,000505
name 0,162519 0,000047
nasa 1,897120 0,000273
nasbla 3,912023 0,001127
nation 0,527633 0,000760
natur 0,356675 0,000873
navi 3,218876 0,000464
navig -0,009950 -0,000001
nazional 3,912023 0,000563
nber 2,995732 0,000431
near 1,171183 0,000169
nearli 1,139434 0,000164
necessit 2,813411 0,000405
neck 3,912023 0,000563
need 0,030459 0,000048
neg 0,967584 0,002230
neil 1,771957 0,000510
nest 1,609438 0,000232
net 0,385662 0,000222
network 0,127833 0,000055
never 1,021651 0,000147
nevertheless 1,660731 0,000239
new 0,010050 0,000017
newspap 1,347074 0,000194
next 0,400478 0,000058
niosh 3,506558 0,000505
nois 1,427116 0,000206
nol 3,912023 0,000563
non -0,009950 -0,000003
norm 1,966113 0,000283
normal 0,673345 0,000388
norsk 0,342490 0,000049
norwegian 2,407946 0,000347
number 0,040822 0,000018
numer 0,430783 0,000124
nurs 2,813411 0,000405
object 0,174353 0,000201
obligatori 3,912023 0,000563
observ 0,820981 0,000236
occup 2,207275 0,005405
occur 0,510826 0,000589
occurr 2,120264 0,001832
oclc 0,891598 0,000128
octob 0,139262 0,000040
off 0,673345 0,000097
offer 0,248461 0,000036
offic 0,733969 0,001797
offici 0,653926 0,000094
offshor 2,040221 0,000588
often 0,127833 0,000110
ohsa 3,506558 0,000505
oil 2,040221 0,000588
oldid -0,009950 -0,000001
oleuskara 1,514128 0,000218
ongo 1,560648 0,000450
open 0,150823 0,000043
oper 0,010050 0,000032
opinion 1,347074 0,000194
opportun 1,139434 0,002790
opposit 1,714798 0,000247
optim 0,415515 0,000299
optimis 2,407946 0,000347
option 0,527633 0,000608
order 0,094311 0,000068
ordinari 1,272966 0,000183
org -0,009950 -0,000006
organ -0,009950 -0,000034
organis 1,560648 0,000899
organiz 1,609438 0,000464
organizationsintern 3,912023 0,000563
origin -0,009950 -0,000011
orm 2,995732 0,001294
out 0,261365 0,000188
outcom 1,660731 0,000718
outdoor 2,813411 0,002837
outsourc 2,207275 0,001907
over 0,094311 0,000095
overal 0,967584 0,000279
overhead 1,469676 0,000212
overlap 1,309333 0,000377
overse 2,813411 0,000405
oversea 2,659260 0,000383
oversight 2,120264 0,000305
overtim 3,506558 0,000505
overview 0,616186 0,000089
overwhelm 2,659260 0,000383
overwork 3,912023 0,000563
owner 1,171183 0,000169
oxford 0,843970 0,000122
packag 0,776529 0,000224
page -0,009950 -0,000006
pagecontentscurr -0,009950 -0,000001
pageget -0,009950 -0,000001
pain 2,659260 0,000383
pakistan 2,207275 0,000318
pandem 2,040221 0,000882
parallel 0,941609 0,000136
parametr 1,771957 0,000255
pareto 2,407946 0,000347
pariti 2,659260 0,000383
parliament 2,407946 0,000347
part 0,072571 0,000136
parti 0,616186 0,000710
particip 1,021651 0,000294
particular 0,301105 0,000260
particularli 0,597837 0,000344
partnership 2,040221 0,000588
pass 0,776529 0,000112
past 0,994252 0,000286
patient 1,832581 0,000264
pattern 0,494296 0,000071
payabl 2,995732 0,000431
payment 1,347074 0,000388
pdf 0,139262 0,000221
pdfprintabl -0,009950 -0,000001
peopl 0,356675 0,000257
per 0,616186 0,000177
percentag 1,427116 0,000206
perfect 1,832581 0,000264
perform 0,040822 0,000041
perhap 1,660731 0,000239
peril 2,995732 0,000431
period 0,713350 0,000205
perman 1,272966 0,000183
permit 1,203973 0,000173
person -0,009950 -0,000016
perspect 0,733969 0,000211
persuad 2,813411 0,000405
pertin 3,912023 0,000563
pest 2,995732 0,000431
pet 2,659260 0,000383
peter 0,446287 0,000064
petri 3,218876 0,000464
petroleum 2,659260 0,000766
pha 3,506558 0,000505
pharmaceut 2,207275 0,001590
phase 1,347074 0,000970
phenomena 1,966113 0,000283
phossi 3,912023 0,000563
php -0,009950 -0,000001
physic 0,446287 0,000193
phytosanitari 3,912023 0,000563
pick 1,609438 0,000232
piera 3,912023 0,000563
place 0,356675 0,000051
plan 0,430783 0,002544
plant 1,771957 0,000255
pleas 0,755023 0,000109
plot 2,302585 0,000332
plu 1,203973 0,000173
pmbok 3,506558 0,003030
pmi 3,912023 0,000563
pmid 0,994252 0,000286
pneumoconiosi 3,912023 0,001127
pocket 2,207275 0,000318
point 0,186330 0,000027
poison 3,218876 0,000464
polici -0,009950 -0,000011
policyhold 3,506558 0,001515
polit 1,078810 0,000466
pollut 1,832581 0,000264
polskiportugu 0,916291 0,000132
pool 1,660731 0,000718
poor 1,714798 0,000247
popular 0,400478 0,000115
portalrec -0,009950 -0,000001
portalvt 2,040221 0,000294
portfolio 1,771957 0,000510
posit 0,616186 0,000799
possibl 0,186330 0,000456
post 0,478036 0,000069
potenti 0,371064 0,000641
potti 3,912023 0,000563
power 0,261365 0,000113
practic 0,186330 0,000429
practition 1,514128 0,000436
pragmat 2,302585 0,000332
pre 0,941609 0,000271
precautionari 2,659260 0,000766
predict 0,733969 0,000317
preliminari 2,302585 0,000332
premium 2,207275 0,000954
prentic 0,994252 0,000143
prepar 1,139434 0,000821
prepared 3,912023 0,001690
present 0,287682 0,000249
press 0,210721 0,000030
pressur 1,714798 0,000247
prevent 0,634878 0,000366
previou 0,843970 0,000122
previous 0,843970 0,000122
price 0,798508 0,000115
primari 0,527633 0,000228
primer 1,897120 0,000273
principl 0,385662 0,000444
print -0,009950 -0,000001
printwork 3,912023 0,000563
prior 0,891598 0,000128
priorit 1,609438 0,001391
privaci -0,009950 -0,000003
privat 0,634878 0,000091
prize 1,966113 0,000283
pro 1,237874 0,000178
proactiv 2,659260 0,000383
probabl 0,843970 0,001823
problem 0,186330 0,000268
procedur 0,867501 0,000250
process 0,051293 0,000281
procur 2,659260 0,000383
produc 0,342490 0,000049
product 0,174353 0,000402
profess 2,207275 0,000318
profession 0,673345 0,000485
profil 1,021651 0,000294
profit -0,009950 -0,000009
program 0,116534 0,000117
programm 0,693147 0,000100
prohibit 1,714798 0,000247
project -0,009950 -0,000062
projectthink 3,912023 0,000563
promin 1,237874 0,000178
promot 0,891598 0,000128
prompt 1,609438 0,000232
propel 2,813411 0,000405
properli 1,309333 0,000189
properti 0,314711 0,000317
propos 0,510826 0,000368
proprietorship 2,995732 0,000431
prospect 2,120264 0,000305
protect 0,462035 0,000932
protocol 0,527633 0,000152
provid 0,061875 0,000071
provis 1,660731 0,000239
proxim 2,659260 0,000383
psycholog 1,469676 0,000212
psychosoci 3,218876 0,000927
psychotherapi 3,506558 0,000505
pub 2,207275 0,000318
public 0,127833 0,000166
publish 0,105361 0,000106
purchas 1,139434 0,000492
purpos 0,248461 0,000036
pursu 1,966113 0,000283
put 0,755023 0,000326
qai 3,912023 0,000563
qat 3,912023 0,000563
qav 3,912023 0,000563
qaz 3,912023 0,000563
qbb 3,912023 0,000563
qualit 2,813411 0,000405
qualiti 0,634878 0,000914
quantif 2,525729 0,000364
quantifi 1,560648 0,000225
quantit 1,469676 0,000212
quantiti 1,049822 0,000151
quarterli 1,832581 0,000264
quervain 3,912023 0,000563
question 0,597837 0,000258
questionnair 2,995732 0,000431
quit 1,347074 0,000194
radhika 3,218876 0,000464
radium 3,506558 0,000505
rahman 2,813411 0,000405
railwai 2,407946 0,000347
rais 1,237874 0,000357
ramo 2,995732 0,000431
rang 0,371064 0,000053
ransom 2,525729 0,000364
rapidli 1,514128 0,000218
rare 1,108663 0,000160
rasm 3,912023 0,001690
rata 3,506558 0,000505
rate 0,673345 0,000679
ratio 1,386294 0,000200
raw 1,272966 0,000183
rbaycancabasa 2,995732 0,000431
reach 0,755023 0,000109
reaction 1,966113 0,000283
reactiv 2,659260 0,000383
readeditview 0,287682 0,000083
real 0,210721 0,000030
realist 2,659260 0,000383
reason 0,328504 0,000095
reassess 3,506558 0,000505
recogn 1,021651 0,000294
recommend 0,891598 0,000128
record 0,400478 0,000058
recoveri 1,714798 0,000494
recreat 1,832581 0,000264
redempt 2,813411 0,000405
redirect 0,673345 0,000097
reduc 0,274437 0,000553
reduct 1,203973 0,001734
redund 1,714798 0,000494
refer -0,009950 -0,000013
referencesal 2,813411 0,000405
refus 2,040221 0,000294
regard 0,776529 0,000112
regim 2,120264 0,000305
regist -0,009950 -0,000001
regress 1,771957 0,000510
regul 0,916291 0,000660
regular 0,867501 0,000125
regulatori 1,427116 0,000822
reimburs 3,218876 0,000464
reinsur 2,659260 0,000383
rel 0,634878 0,000183
relat 0,030459 0,000039
relationship 0,653926 0,000094
relev 0,798508 0,000115
reli 0,562119 0,000081
reliabl 0,371064 0,000267
reliev 2,995732 0,000431
remedi 2,207275 0,000318
reminisc 3,218876 0,000464
remot 0,776529 0,000112
remov 0,301105 0,000087
render 0,994252 0,000143
renter 3,506558 0,000505
repair 2,407946 0,000347
repetit 2,120264 0,000305
replac 0,494296 0,000071
report 0,261365 0,000113
repres 0,235722 0,000068
represent 0,634878 0,000091
republicisraelotheryal 1,714798 0,000247
reput 1,660731 0,000957
requir 0,051293 0,000089
research 0,223144 0,000289
residenti 2,995732 0,000431
residu 2,040221 0,000588
resili 2,120264 0,000611
resolut 1,560648 0,000225
resolv 1,309333 0,000189
resourc 0,248461 0,000680
respond 1,049822 0,000302
respons 0,415515 0,000778
rest 1,049822 0,000151
reston 3,506558 0,000505
result 0,139262 0,000120
retail 1,386294 0,000200
retain 1,832581 0,002112
retent 2,659260 0,002298
retriev -0,009950 -0,000039
reuter 1,609438 0,000232
reveal 1,203973 0,000173
revert 2,525729 0,000364
review 0,314711 0,000317
revis 1,021651 0,000294
reward 2,207275 0,000636
rework 2,813411 0,000405
reynold 2,659260 0,000383
richard 0,733969 0,000106
rick 2,407946 0,000347
right 0,314711 0,000091
rima 3,912023 0,000563
risk 0,579818 0,044177
riski 2,302585 0,000332
river 1,309333 0,000189
rmir 3,912023 0,000563
rob 1,832581 0,000264
robert 0,527633 0,000152
roberto 1,897120 0,000273
rochdal 3,506558 0,000505
roehrig 3,912023 0,000563
roi 1,832581 0,000264
role 0,527633 0,000304
rom 0,616186 0,000089
room 1,832581 0,000264
root 0,733969 0,000317
ross 1,560648 0,000225
rout 1,108663 0,000160
routin 1,897120 0,000273
rowl 3,912023 0,000563
rudolf 2,813411 0,000405
ruin 2,407946 0,000347
rule 0,510826 0,000074
ruzena 3,218876 0,000464
sacrif 3,506558 0,000505
safe 0,916291 0,000660
safeguard 2,040221 0,000588
safeti -0,009950 -0,000077
saghe 3,912023 0,000563
sale 1,049822 0,000151
samuel 1,714798 0,000247
san 1,203973 0,000347
sandl 3,912023 0,000563
sanitari 2,995732 0,000431
satellit 2,040221 0,000294
save 0,994252 0,000430
scale 0,371064 0,000107
scanti 3,912023 0,000563
scenario 1,139434 0,001313
schedul 1,021651 0,000294
scheme 1,171183 0,000169
schmandt 3,506558 0,000505
schneider 2,813411 0,000405
scholar 1,021651 0,000294
school 0,867501 0,000125
scienc 0,274437 0,000316
sciencerisk 3,912023 0,000563
scientif 0,673345 0,000097
scientist 1,171183 0,000169
scope 0,891598 0,000128
scrm 3,912023 0,000563
seaport 3,506558 0,000505
search -0,009950 -0,000009
section 0,446287 0,000129
sector 1,171183 0,000337
secur 0,274437 0,000988
see -0,009950 -0,000020
seeger 3,506558 0,000505
seek 1,021651 0,000147
seem 1,560648 0,000450
seemingli 3,506558 0,000505
sei 2,407946 0,000694
select 0,371064 0,000321
self 0,478036 0,000138
semi 0,843970 0,000122
sendai 3,912023 0,000563
senior 1,714798 0,000247
sent 1,171183 0,000169
separ 0,400478 0,000058
septemb 0,150823 0,000043
serbia 3,218876 0,000464
seri 0,328504 0,000189
servic 0,210721 0,000152
set 0,051293 0,000015
sever 0,072571 0,000084
share 0,301105 0,000434
sharealik -0,009950 -0,000001
sharehold 2,407946 0,000347
shashi 3,912023 0,000563
shea 3,218876 0,000464
sheet 1,771957 0,000510
shield 2,120264 0,000305
shift 1,021651 0,000147
ship 1,272966 0,000183
shipment 2,525729 0,000364
short -0,009950 -0,000006
shorten -0,009950 -0,000001
show 0,400478 0,000058
shown 1,237874 0,000357
sick 3,506558 0,000505
side 0,579818 0,000167
sidebar -0,009950 -0,000006
sight 2,407946 0,000347
sign 0,916291 0,000132
signific 0,261365 0,000075
significantli 1,171183 0,000169
silicosi 3,912023 0,000563
silo 2,995732 0,000431
similarli 0,843970 0,000365
simon 1,021651 0,000294
simpl 0,150823 0,000022
simpli 0,733969 0,000317
simul 1,021651 0,000147
sinc 0,139262 0,000120
singl 0,127833 0,000018
sister 1,386294 0,000200
sit 2,659260 0,000383
site -0,009950 -0,000001
situat 0,776529 0,000112
six 1,309333 0,000377
sixth 2,659260 0,000383
size 0,342490 0,000049
skeptic 2,525729 0,000364
sketch 2,995732 0,000431
slenskaitaliano 0,562119 0,000081
sloven 1,514128 0,000218
small 0,314711 0,000091
smaller 0,994252 0,000143
smong 3,912023 0,000563
sneak 3,506558 0,000505
snedak 3,912023 0,000563
social 0,510826 0,000515
societi 0,653926 0,000753
sociocultur 2,995732 0,000431
socscim 3,912023 0,000563
softwar 0,127833 0,000166
sole 1,609438 0,000464
solid 1,171183 0,000169
solut 0,478036 0,000275
solv 0,820981 0,000118
solvent 3,218876 0,000927
sometim 0,301105 0,000043
son 1,049822 0,000454
soon 1,427116 0,000206
sourc 0,094311 0,000217
sourcerisk 3,506558 0,000505
space 0,415515 0,000120
spain 2,207275 0,000318
spare 2,302585 0,000332
speak 1,139434 0,000164
special 0,235722 0,000068
specialist 1,660731 0,000239
specif 0,051293 0,000059
spend 1,347074 0,000194
spent 2,040221 0,000294
spinner 3,912023 0,000563
sport 2,040221 0,000588
spread 1,171183 0,000337
spreadsheet 2,120264 0,000305
springer 0,527633 0,000152
sprinkler 2,995732 0,000431
ssrn 1,427116 0,000206
staff 1,469676 0,000212
stage 1,139434 0,000164
stakehold 2,120264 0,000916
standard 0,094311 0,000367
standardscurr 3,912023 0,000563
start 0,261365 0,000113
state 0,083382 0,000132
statement -0,009950 -0,000007
statementsarticl 0,544727 0,000078
station 2,120264 0,000305
statist -0,009950 -0,000009
stefan 1,560648 0,000450
step 0,713350 0,000411
steril 3,912023 0,000563
stevenson 2,995732 0,000431
still 0,342490 0,000148
stock 1,309333 0,000377
stolen 2,207275 0,000318
stone 1,897120 0,000273
stop 0,967584 0,000139
stori 1,237874 0,000178
strain 2,813411 0,000810
strand 2,813411 0,000405
strateg 1,171183 0,001012
strategi 0,733969 0,002009
stress 1,660731 0,000718
strike 2,302585 0,000332
structur 0,139262 0,000140
studi 0,314711 0,000136
studieshidden 3,912023 0,000563
subject 0,478036 0,000275
submiss 2,525729 0,001091
submit 1,427116 0,000206
subsect 0,020203 0,000012
subsequ 0,916291 0,000132
substanc 2,995732 0,000431
substitut 1,560648 0,000225
success 0,494296 0,000285
suffer 1,832581 0,000528
suitabl 1,237874 0,000178
sul 3,912023 0,000563
summar 1,469676 0,000212
supersed 1,966113 0,000283
supervisori 2,525729 0,000364
suppli 0,994252 0,001575
support 0,150823 0,000109
suppress 2,813411 0,000405
sure 1,966113 0,000566
sureti 3,218876 0,000464
surfer 3,506558 0,000505
surround 1,514128 0,000436
surveil 1,560648 0,000225
susan 2,120264 0,000305
sustain 1,171183 0,000337
sweep 3,218876 0,000464
swift 1,386294 0,000200
swiss 2,040221 0,000294
sycara 2,995732 0,000431
syndic 2,813411 0,000405
syndrom 2,813411 0,000405
syngress 2,659260 0,000383
system 0,010050 0,000043
systemat 1,078810 0,000311
szako 3,912023 0,000563
tabl -0,009950 -0,000004
tagout 3,912023 0,000563
tail 1,966113 0,000566
taka 3,506558 0,000505
take 0,210721 0,000091
takeoff 3,218876 0,000464
talent 2,659260 0,000383
target 0,462035 0,000399
task 0,415515 0,000060
tax 1,560648 0,000225
taxonomi 2,525729 0,001819
taylor 1,203973 0,000347
tclee 3,912023 0,000563
team 0,634878 0,000457
technic 0,478036 0,000275
techniqu 0,385662 0,000555
technolog 0,116534 0,000218
tekla 3,912023 0,000563
templat 0,301105 0,000130
tenni 3,506558 0,000505
term -0,009950 -0,000021
terminolog 1,237874 0,000178
terror 2,407946 0,000347
test 0,248461 0,000072
text -0,009950 -0,000003
theft 1,966113 0,000283
theori 0,400478 0,000231
therapist 3,912023 0,000563
therebi 1,309333 0,000566
therefor 0,478036 0,000413
third 0,342490 0,000247
threat 1,309333 0,005092
three 0,287682 0,000083
throughout 1,078810 0,000311
thu 0,314711 0,000227
ti 0,328504 0,000095
tidswel 3,912023 0,000563
tie 2,813411 0,000810
time 0,000000 0,000000
tinadanskdeutscheesti 1,309333 0,000189
tinnitu 3,912023 0,000563
titl -0,009950 -0,000009
togeth 0,579818 0,000084
toggl -0,009950 -0,000009
toilet 3,218876 0,000464
toler 1,386294 0,000799
tool -0,009950 -0,000019
top -0,009950 -0,000003
topic -0,009950 -0,000003
tort 3,218876 0,000464
total 0,673345 0,000291
touch 2,040221 0,000294
toward 0,713350 0,000103
toxic 2,207275 0,000954
toxicolog 3,912023 0,000563
traceabl 2,995732 0,000431
track 0,713350 0,000308
trade 0,916291 0,001320
trademark -0,009950 -0,000001
trader 2,207275 0,000318
tradit 0,544727 0,000235
traffic 1,272966 0,000733
train 0,967584 0,000279
transatlant 3,912023 0,000563
transfer 0,544727 0,001020
transpar 1,237874 0,000357
transport 0,994252 0,000143
travel 1,560648 0,004046
treat 0,967584 0,000139
treatment 1,660731 0,000718
tree 0,693147 0,000399
trend 0,733969 0,000211
tricki 3,912023 0,000563
trigger 1,514128 0,000654
trom 3,912023 0,000563
true 0,776529 0,000112
trumper 3,912023 0,001127
tsunami 3,218876 0,000464
tuition 3,506558 0,000505
tunnel 2,120264 0,000611
turnpik 3,912023 0,001127
two 0,083382 0,000060
type 0,051293 0,000059
typic 0,186330 0,000134
tyranni 3,218876 0,000464
udc 3,506558 0,001010
uiaa 3,912023 0,001127
umbrella 2,407946 0,000347
uncertain 2,407946 0,000694
uncertainti 1,237874 0,001248
under -0,009950 -0,000006
underestim 2,995732 0,000431
underinsur 3,506558 0,000505
understand 0,342490 0,000247
underwrit 2,813411 0,000405
undesir 2,207275 0,000318
unido 3,506558 0,000505
union 0,994252 0,000573
uniqu 0,867501 0,000125
unit 0,248461 0,000251
unitis 3,506558 0,000505
univers 0,139262 0,000120
unknown 1,108663 0,000160
unlik 0,653926 0,000094
unpredict 2,813411 0,001216
unsourc 0,446287 0,000193
unsustain 3,218876 0,000464
unwant 2,407946 0,000694
updat 0,342490 0,000099
upfront 3,218876 0,000464
upon 0,673345 0,000194
urldownload -0,009950 -0,000001
usa 1,427116 0,000206
usag 0,579818 0,000084
usual 0,198451 0,000086
utc -0,009950 -0,000001
vagu 1,660731 0,000239
valid 0,616186 0,000444
valu 0,162519 0,000328
valuabl 2,207275 0,000318
valuat 2,120264 0,000305
vanmarck 3,912023 0,000563
var 1,966113 0,000283
vari 0,478036 0,000069
variabl 0,494296 0,000071
varianc 1,660731 0,000239
varieti 0,616186 0,000177
variou 0,223144 0,000225
vehicl 1,309333 0,000566
veloso 3,218876 0,000464
ventur 1,714798 0,000494
verif 0,733969 0,000317
version -0,009950 -0,000003
versu 1,347074 0,000582
via 0,186330 0,000054
viabl 2,813411 0,000405
vid 3,506558 0,000505
vienna 2,659260 0,000766
view -0,009950 -0,000004
virin 3,912023 0,001127
viru 2,407946 0,000347
virus 2,407946 0,000347
vitro 3,506558 0,001010
vocabulari 1,966113 0,000850
von 1,469676 0,000212
vteieee 3,912023 0,000563
vteinsurancetyp 3,506558 0,000505
vteoccup 3,912023 0,000563
vterisk 3,506558 0,000505
vtesystem 3,218876 0,000464
vulner 0,994252 0,000859
wai 0,105361 0,000046
waltham 3,506558 0,001010
war 1,078810 0,000622
warfield 2,995732 0,000431
warn 1,272966 0,000183
warranti 2,525729 0,000364
washington 1,049822 0,000151
wast 1,660731 0,000239
wastewat 3,506558 0,000505
water 1,386294 0,000200
wayback 0,478036 0,000207
weadapt 3,912023 0,000563
weather 1,897120 0,000546
webarch 1,021651 0,000147
weigh 2,525729 0,000364
well 0,051293 0,000044
wellington 3,218876 0,000464
wernher 3,218876 0,000464
what -0,009950 -0,000006
wherea 1,049822 0,000302
wherebi 1,897120 0,000273
whether 0,400478 0,000115
which 0,000000 0,000000
while 0,051293 0,000022
who 0,301105 0,000217
whole 0,916291 0,000396
whom 2,120264 0,000305
whose 0,776529 0,000224
wide 0,210721 0,000091
widen 2,659260 0,000383
wigig 3,912023 0,000563
wikidata 0,562119 0,000081
wikidataarticl 1,171183 0,000169
wikimedia -0,009950 -0,000003
wikipedia -0,009950 -0,000011
wikipediacontact -0,009950 -0,000001
wikiversitydata 2,302585 0,000332
wild 2,302585 0,001990
wilder 3,912023 0,005071
wilei 0,562119 0,000243
wimax 3,912023 0,000563
wish 1,609438 0,000232
withdraw 2,207275 0,000636
within 0,116534 0,000050
without 0,094311 0,000054
witt 3,218876 0,000927
wolt 3,218876 0,000464
woodhead 3,912023 0,000563
work 0,030459 0,000035
worker 1,427116 0,001028
workplac 2,525729 0,001455
world 0,139262 0,000060
worri 2,525729 0,000364
writer 1,514128 0,000218
www 0,356675 0,000205
xalibu 3,912023 0,000563
yang 1,966113 0,000283
yasmin 3,506558 0,000505
year 0,162519 0,000047
yemen 3,506558 0,001010
zealand 2,302585 0,001327
zigbe 3,506558 0,000505
