ability 0,616186 0,000089
able 0,733969 0,000106
abu 2,995732 0,000431
abuse 2,407946 0,000347
academic 0,755023 0,000544
acat 3,912023 0,001690
accept 1,427116 0,000411
acceptable 2,120264 0,000916
acceptance 2,407946 0,000694
accepted 1,171183 0,000843
accepting 2,525729 0,000728
access 0,287682 0,000124
accessed 0,916291 0,001188
accident 2,813411 0,002431
accidental 2,302585 0,000332
accidents 3,218876 0,000927
accord 2,813411 0,000810
according 0,301105 0,000260
account -0,009950 -0,000004
accounting 1,386294 0,000599
accreditation 3,218876 0,000464
accurately 1,771957 0,000255
achieve 0,843970 0,000243
achieved 1,049822 0,000151
achievement 2,995732 0,000431
achieving 1,897120 0,000273
acknowledging 3,912023 0,001127
acquired 1,660731 0,000239
acquiring 2,207275 0,000318
acquisition 1,427116 0,000822
acquisitions 2,120264 0,000305
acrodynia 3,912023 0,000563
acronym 2,207275 0,000318
across 0,415515 0,000180
act 0,967584 0,000279
action 0,867501 0,000125
actions -0,009950 -0,000004
active 0,843970 0,000122
activities 1,171183 0,000843
activity 0,867501 0,000625
actual 0,941609 0,000407
actuarial 2,302585 0,000995
actuary 3,506558 0,000505
adaptation 2,302585 0,000663
add -0,009950 -0,000001
adding 0,597837 0,000086
additional -0,009950 -0,000006
address 0,713350 0,000205
addressed 1,272966 0,000183
addresses 1,203973 0,000173
addressing 1,469676 0,000212
adequate 1,832581 0,000264
adjuster 3,506558 0,000505
administration 1,237874 0,000357
administrative 1,966113 0,000283
administrator 2,302585 0,000663
adopt 2,120264 0,000305
adopted 0,867501 0,000375
adopting 1,897120 0,000273
advancement 1,966113 0,000850
adventure 2,995732 0,000431
adversary 2,302585 0,000332
adverse 2,813411 0,000810
adversely 3,912023 0,000563
advice 2,120264 0,000305
advisor 2,995732 0,000431
advisory 2,302585 0,000332
aerosol 3,912023 0,000563
aerospace 1,771957 0,000510
affairs 2,040221 0,000294
affect 1,347074 0,000388
affected 1,660731 0,000239
affects 1,714798 0,000247
again 1,078810 0,000311
against 0,462035 0,000266
age 1,108663 0,000160
agencies 1,660731 0,000478
agency 1,237874 0,000357
agenda 2,525729 0,000364
agree -0,009950 -0,000001
agreed 1,427116 0,000206
agreement 1,171183 0,000169
aimdd 3,912023 0,001127
aimed 1,609438 0,000464
aims 1,171183 0,000675
air 1,714798 0,000494
aircraft 2,120264 0,000611
airplane 2,813411 0,000405
airport 2,659260 0,000383
airports 2,813411 0,000405
ais 1,272966 0,000183
alan 1,049822 0,000151
albus 3,218876 0,000464
ale 3,912023 0,000563
alfi 3,912023 0,000563
align 2,659260 0,000383
alike 2,813411 0,000405
allergy 3,912023 0,000563
allocation 1,347074 0,000194
allow 0,287682 0,000083
allowed 0,634878 0,000091
along 0,462035 0,000067
alternative 0,527633 0,000152
alternatively 1,427116 0,000206
alternatives 1,609438 0,000464
altogether 2,207275 0,000318
amendment 2,525729 0,000364
american 0,446287 0,000064
among 0,356675 0,000103
amount 0,616186 0,000089
amounts 1,309333 0,000377
amp -0,009950 -0,000016
analysis 0,186330 0,001449
analysissystems 3,912023 0,000563
analysts 1,714798 0,000741
analyze 1,469676 0,000212
analyzed 1,714798 0,000247
animal 2,659260 0,000383
annexes 3,506558 0,001010
annual 0,776529 0,000112
annualized 3,912023 0,000563
anonymous 1,771957 0,000255
another 0,127833 0,000147
ansi 2,207275 0,000636
answer 1,660731 0,000239
answers 1,897120 0,000273
anthropogenic 3,506558 0,000505
antivirus 2,407946 0,000347
any 0,083382 0,000108
appeal 2,207275 0,000636
appealing 3,506558 0,000505
appear 1,049822 0,000454
appearance -0,009950 -0,000003
appears 1,427116 0,000206
appellant 3,506558 0,000505
appetite 2,995732 0,000863
applicability 2,995732 0,000431
applicable 1,714798 0,000988
application 0,127833 0,000110
applications 0,094311 0,000014
applied 0,356675 0,000205
apply -0,009950 -0,000003
applying 1,469676 0,000212
approach 0,261365 0,000226
approaches 0,733969 0,000317
appropriate 0,891598 0,000385
approved 1,897120 0,000273
april 0,072571 0,000021
architecture 0,462035 0,000067
archived 0,040822 0,000053
archives 1,966113 0,000566
area 0,776529 0,000224
areas 0,755023 0,000761
argued 1,386294 0,000200
argument 1,347074 0,000194
arguments 1,714798 0,000247
ari 2,302585 0,000332
arise 2,207275 0,000318
arm 1,714798 0,000247
arnold 2,407946 0,000347
art 0,713350 0,000103
arthur 1,427116 0,000206
article 0,040822 0,000076
articleabout -0,009950 -0,000001
articles 0,020203 0,000020
articletalk -0,009950 -0,000001
asbestosis 3,912023 0,000563
asce 3,506558 0,000505
ascent 3,218876 0,000464
ashok 3,506558 0,000505
asis 3,912023 0,000563
asisonline 3,912023 0,000563
aspect 1,386294 0,000399
aspects 0,776529 0,000224
assess 1,897120 0,001366
assessed 2,525729 0,001091
assessing 1,771957 0,000766
assessment 1,309333 0,006035
assessments 2,995732 0,000863
asset 1,386294 0,000799
assets 1,347074 0,000970
assicurazione 3,912023 0,000563
assigned 1,237874 0,000178
assigning 2,040221 0,000294
associated 0,400478 0,000173
association 0,634878 0,000640
asst 3,912023 0,000563
assumes 2,040221 0,000294
assuming 1,966113 0,000283
assumptions 1,560648 0,000225
assurance 1,966113 0,001416
asthma 3,506558 0,000505
ata 3,506558 0,000505
atom 1,897120 0,000273
attack 1,078810 0,000155
attacks 1,237874 0,000357
attempts 0,916291 0,000132
attention 1,203973 0,000173
attributed 1,832581 0,000264
attributes 1,347074 0,000194
attribution -0,009950 -0,000001
audiences 3,218876 0,000464
audit 2,120264 0,000916
australia 1,309333 0,000566
author 1,386294 0,000200
authorities 1,966113 0,000283
authority 0,083382 0,000036
auto 1,514128 0,000218
available -0,009950 -0,000013
average 1,139434 0,000164
aversion 3,218876 0,000464
aviation 2,525729 0,000728
avoid 0,941609 0,001221
avoidance 2,659260 0,002298
avoided 2,407946 0,001040
avoiding 1,714798 0,000741
avoids 2,302585 0,000663
awareness 2,040221 0,001763
back 0,527633 0,000076
backpacker 3,912023 0,000563
bad 1,347074 0,000194
bahasa 0,186330 0,000027
bajcsy 3,218876 0,000464
balance 1,966113 0,001133
baldzhy 3,912023 0,000563
bali 2,302585 0,000332
bangladesh 2,207275 0,000318
bank 1,108663 0,000479
banker 2,407946 0,000347
banking 1,347074 0,000582
bankrupt 2,995732 0,000431
banks 1,560648 0,000225
barbara 2,120264 0,000611
barotrauma 3,912023 0,000563
based 0,010050 0,000012
basel 2,302585 0,000332
basic 0,235722 0,000068
basis 0,820981 0,000118
battle 1,897120 0,000273
bayes 2,120264 0,000305
bayesian 1,966113 0,000283
bearing 2,659260 0,000383
became 0,579818 0,000251
because 0,127833 0,000018
become 0,510826 0,000221
becomes 0,916291 0,000264
begin 1,309333 0,000566
beginning 0,776529 0,000112
begun 1,966113 0,000283
behavior 0,462035 0,000133
behavioral 1,832581 0,000264
behaviors 2,040221 0,000294
behaviour 1,966113 0,000566
behind 0,867501 0,000125
belief 1,714798 0,000247
benchmark 1,966113 0,000283
benefit 1,386294 0,001597
benefits 1,237874 0,000891
benjamin 1,386294 0,000200
benoit 2,659260 0,000766
berman 3,912023 0,000563
berylliosis 3,912023 0,000563
best 0,462035 0,000333
bet 2,995732 0,000431
better 0,494296 0,000071
bhandari 3,912023 0,000563
bias 1,660731 0,000239
bibcode 0,693147 0,000200
billion 1,139434 0,000164
biological 1,427116 0,001028
biomedical 2,302585 0,000663
biotechnological 3,912023 0,001127
bitz 3,912023 0,000563
black 1,203973 0,000347
blanchard 2,525729 0,000364
blog 0,776529 0,000112
bluetooth 2,302585 0,000332
board 0,916291 0,000528
boating 3,912023 0,001127
bodies 1,660731 0,000478
body 1,139434 0,000492
boiler 3,506558 0,000505
bokm 0,127833 0,000018
bomb 2,407946 0,000347
bond 2,040221 0,000588
books 0,544727 0,000314
borders 2,813411 0,000405
bow 3,218876 0,000927
brainstorming 2,995732 0,000431
brand 1,832581 0,000528
braun 3,218876 0,000464
break 1,272966 0,000367
breakdown 2,302585 0,000663
brian 1,108663 0,000160
bridges 2,120264 0,000305
briefly 2,659260 0,000383
bright 2,995732 0,000431
bring 1,560648 0,000225
broken 1,660731 0,000239
broker 2,207275 0,000318
brown 1,309333 0,000189
brucellosis 3,912023 0,000563
bse 3,506558 0,000505
bsenv 3,506558 0,000505
budget 2,207275 0,000636
budgeting 2,525729 0,000364
builder 2,659260 0,000383
building 0,415515 0,000060
buildings 2,207275 0,000318
built 0,462035 0,000067
burden 2,120264 0,000305
burial 3,506558 0,000505
burnout 3,912023 0,000563
business 0,301105 0,002776
businesses 1,469676 0,000212
businessinsurance 3,912023 0,000563
buyer 2,525729 0,000364
byssinosis 3,912023 0,000563
calculate 1,714798 0,000247
calculation 2,040221 0,000294
california 1,021651 0,000147
called 0,040822 0,000012
calls 1,049822 0,000151
cambridge 0,755023 0,000109
canada 1,427116 0,000411
canadian 1,714798 0,000247
cancellation 3,218876 0,000464
cancer 2,659260 0,000383
cannot 0,314711 0,000091
capability 1,309333 0,000377
capable 1,309333 0,000189
capacity 1,237874 0,000891
capital 1,237874 0,001070
car 1,386294 0,000200
carcinoma 3,912023 0,000563
card 1,272966 0,000183
cardiovascular 3,912023 0,000563
care 1,514128 0,000872
carley 2,995732 0,000431
carlo 2,207275 0,000318
case 0,139262 0,000241
cases 0,478036 0,000069
cash 1,386294 0,000799
casualties 3,912023 0,001127
casualty 3,218876 0,000464
cataract 3,912023 0,000563
catastrophe 2,813411 0,000810
catastrophic 2,813411 0,002026
categories -0,009950 -0,000007
category 0,116534 0,000101
cause 0,916291 0,001056
causes 1,469676 0,000635
center 0,562119 0,000162
centered 1,609438 0,000232
centobelli 3,912023 0,000563
centre 1,771957 0,000510
cerchione 3,912023 0,000563
certain 0,274437 0,000079
cfa 2,659260 0,000383
chain 1,049822 0,001663
chairman 2,659260 0,000383
chalicosis 3,912023 0,000563
challenge 1,139434 0,000164
challenged 1,309333 0,000189
chance 1,771957 0,000255
change 0,261365 0,000264
changes 0,356675 0,000154
changesupload -0,009950 -0,000003
changing 0,820981 0,000118
channel 1,309333 0,000189
characteristic 1,560648 0,000225
charting 3,506558 0,000505
checked 1,514128 0,000218
checking 1,272966 0,000183
checklist 2,995732 0,001294
cheese 3,218876 0,000464
chemical 1,771957 0,000510
chestnut 3,218876 0,000464
chief 1,609438 0,002550
chimney 3,912023 0,000563
china 0,967584 0,000139
choices 1,966113 0,000283
choosing 1,832581 0,000264
chosen 1,469676 0,000635
chris 0,994252 0,000143
chronic 2,995732 0,000863
cid 0,356675 0,000308
circuit 1,203973 0,000173
circumstances 1,897120 0,000273
citation 0,415515 0,000120
citations 0,916291 0,000264
civilis 3,506558 0,000505
claim 1,347074 0,000388
claims 1,386294 0,000200
clarification 1,832581 0,000264
clarificationwikipedia 3,912023 0,000563
clarified 3,506558 0,000505
clarifying 3,912023 0,000563
class 0,616186 0,000089
classes 0,967584 0,000139
classified 1,272966 0,000367
clause 2,120264 0,000305
clauses 2,813411 0,000405
cleanroom 3,218876 0,000464
clearance 3,506558 0,000505
client 0,867501 0,000125
cliffs 2,813411 0,000405
climate 1,386294 0,001797
climbing 2,995732 0,000431
closed 1,021651 0,000147
closely 1,237874 0,000178
closing 1,514128 0,000218
club 2,659260 0,000766
cmu 2,659260 0,000766
coalworker 3,912023 0,000563
coastal 2,995732 0,000431
code -0,009950 -0,000006
cognitive 1,427116 0,000206
collateral 2,659260 0,000383
collegium 3,506558 0,000505
com 0,150823 0,000043
combination 0,916291 0,000132
combines 1,714798 0,000247
come 0,867501 0,000125
comes 0,867501 0,000125
commensurate 3,506558 0,000505
commercial 0,653926 0,000377
commission 1,427116 0,001233
committee 1,347074 0,000582
commodity 1,660731 0,000239
common 0,072571 0,000063
commons -0,009950 -0,000003
commonsresources 3,506558 0,000505
commonswikiversitywikidata 2,407946 0,000347
communicated 3,218876 0,000464
communicating 1,832581 0,000528
communication 0,616186 0,002396
communications 0,733969 0,000211
communicators 3,912023 0,000563
communities 1,660731 0,000478
companies 0,597837 0,000086
company 0,462035 0,000865
compares 2,813411 0,000405
compelling 3,506558 0,000505
compensation 2,207275 0,000954
compensatory 3,912023 0,000563
competitor 2,525729 0,000364
competitors 2,302585 0,000332
compiled 1,386294 0,000399
complainant 3,912023 0,000563
completion 1,966113 0,000283
complex 0,261365 0,000075
complexity 0,616186 0,000177
compliance 1,514128 0,000654
component 0,713350 0,000103
comprehensible 3,218876 0,000464
comprehensive 0,941609 0,000407
computer 0,139262 0,000060
computing 0,301105 0,000043
comunidad 3,912023 0,000563
concentrate 3,218876 0,000464
concept 0,415515 0,000060
concepts 0,400478 0,000231
concerned 1,237874 0,000357
concerning 1,897120 0,000546
concerns 1,021651 0,000147
concussions 3,912023 0,000563
conditions 0,843970 0,000122
conduct -0,009950 -0,000003
conference 0,301105 0,000087
conferences 1,347074 0,000194
confidence 1,832581 0,000264
confidential 2,207275 0,000636
configuration 1,021651 0,000294
conflict 1,514128 0,000654
conglomerate 2,659260 0,000383
connected 1,108663 0,000160
consensus 1,832581 0,000264
consequence 1,771957 0,000510
consequences 1,966113 0,003398
consider 1,078810 0,000155
considerable 1,832581 0,000264
considered 0,400478 0,000115
considering 1,347074 0,000194
considers 1,897120 0,000273
consist 1,560648 0,000225
consistent 1,108663 0,000160
consists 1,078810 0,000466
constitutional 3,218876 0,000464
constraints 1,309333 0,000189
constructing 2,407946 0,000694
consultant 2,525729 0,000364
consulting 1,660731 0,000239
consumer 1,049822 0,000151
contact -0,009950 -0,000001
contacts -0,009950 -0,000001
contain 0,693147 0,000100
containment 3,218876 0,000927
contamination 3,506558 0,000505
content -0,009950 -0,000004
contents -0,009950 -0,000007
context 0,494296 0,000498
contingency 2,525729 0,001091
continual 3,506558 0,001515
continuity 2,302585 0,001990
contract 1,272966 0,001650
contracting 2,659260 0,000383
contractor 2,995732 0,000431
contractors 2,995732 0,000431
contractual 2,120264 0,001527
contribute -0,009950 -0,000003
contro 3,912023 0,000563
control 0,020203 0,000055
controlling 1,427116 0,000206
controls 1,078810 0,002486
convention 2,040221 0,000588
conversion 1,469676 0,000212
cookie -0,009950 -0,000001
cooperative 1,609438 0,000695
copayment 3,506558 0,000505
corporate 1,078810 0,001398
corporation 0,916291 0,000264
corps 2,659260 0,000383
corpus 2,813411 0,000405
coso 3,506558 0,000505
cost 0,478036 0,000689
costing 2,995732 0,000431
costly 2,207275 0,000318
costs 0,994252 0,000859
council 1,427116 0,000822
counseling 3,912023 0,000563
counterfeit 3,506558 0,001010
countermeasures 2,302585 0,000663
countries 0,994252 0,000286
country 1,171183 0,000675
court 1,469676 0,000847
courtney 3,506558 0,001010
coverage 1,897120 0,000820
covered 1,560648 0,000225
covid 1,966113 0,000283
craig 2,040221 0,000294
cramp 3,912023 0,000563
create -0,009950 -0,000004
created 0,430783 0,000062
creating 0,562119 0,000162
creative -0,009950 -0,000001
credit 1,139434 0,001149
crime 1,514128 0,000436
crisis 1,347074 0,001164
criteria 1,609438 0,000232
criterion 1,966113 0,000283
critical 0,653926 0,000377
criticized 1,469676 0,000212
critique 2,207275 0,000318
crmf 3,912023 0,001127
crockford 2,659260 0,000383
crop 2,813411 0,000405
cross 0,562119 0,000243
crossing 2,995732 0,000431
csenki 3,912023 0,000563
cultural 1,427116 0,000206
culture 1,514128 0,000654
curb 3,506558 0,000505
curtis 3,218876 0,000464
curve 1,347074 0,000194
customer 1,139434 0,000328
customers 1,078810 0,000311
customs 2,995732 0,004315
cve 2,525729 0,000364
cybellium 3,506558 0,001010
cyber 1,427116 0,000411
cybersecurity 1,966113 0,001416
cycle 1,049822 0,000605
cycles 1,771957 0,000510
czech 2,120264 0,000305
damage 2,120264 0,001527
dams 3,218876 0,000464
dangerous 2,040221 0,000294
dangers 2,525729 0,000364
data 0,030459 0,000013
database 0,579818 0,000084
databases 0,127833 0,000018
date 0,579818 0,000167
david 0,385662 0,000111
davos 3,506558 0,000505
day 0,843970 0,000122
deal 1,171183 0,000337
dealing 1,714798 0,000988
deals 1,660731 0,001196
death 1,966113 0,000283
december 0,061875 0,000018
decide 1,714798 0,000494
decided 1,469676 0,000212
decision 0,494296 0,000854
decisions 1,078810 0,001398
declared 1,714798 0,000247
decline 2,120264 0,000305
decompression 3,912023 0,000563
decrease 1,966113 0,000283
decreased 3,218876 0,000464
deductible 3,506558 0,000505
default 0,693147 0,000100
defence 2,813411 0,000810
defend 2,813411 0,000405
defendant 2,813411 0,000405
defending 3,218876 0,000464
defense 1,609438 0,001159
defined 0,248461 0,000143
defines 0,776529 0,000224
defining 1,021651 0,000294
definition 0,342490 0,000099
definitions 0,891598 0,000128
deliberate 2,407946 0,000347
delivered 1,660731 0,000239
delivering 2,302585 0,000332
delphi 2,407946 0,000347
demand 1,049822 0,000151
dementia 3,218876 0,000464
demonstrate 2,207275 0,000318
denial 2,040221 0,000294
dental 3,218876 0,000464
department 0,941609 0,000271
depend 1,171183 0,000169
dependencies 1,660731 0,000239
dependent 1,021651 0,000294
deployment 1,078810 0,000311
deposit 1,966113 0,000283
derek 2,302585 0,000332
derivative 2,207275 0,000318
descending 3,506558 0,000505
describe 0,820981 0,000118
described 0,430783 0,000248
description -0,009950 -0,000003
descriptionshort 0,000000 0,000000
design 0,127833 0,000147
designed 0,261365 0,000038
details 0,916291 0,000264
detect 1,386294 0,000200
detection 1,108663 0,000160
determine 0,733969 0,000317
determining 1,272966 0,000183
develop 0,867501 0,000125
developed 0,127833 0,000074
developers -0,009950 -0,000001
developing 0,673345 0,000388
development 0,083382 0,000228
developments 1,347074 0,000194
deviations 2,302585 0,000332
device 0,891598 0,001027
devices 0,867501 0,001624
devoting 3,912023 0,000563
diagnostics 2,207275 0,000318
diagrammatic 3,912023 0,000563
diagramming 3,912023 0,000563
diagrams 2,407946 0,000347
difference 0,820981 0,000118
differences 0,967584 0,000139
different 0,020203 0,000023
differentiated 3,912023 0,000563
difficult 0,597837 0,000258
difficulty 1,609438 0,000232
digesta 3,506558 0,000505
dionne 3,912023 0,000563
direction 1,771957 0,000255
directive 1,771957 0,000766
directorate 2,813411 0,000405
directors 2,407946 0,000694
disability 2,813411 0,000810
disambiguation 1,049822 0,000151
disaster 2,040221 0,004114
disasters 2,407946 0,002081
disciplinary 3,218876 0,000464
disciplines 1,660731 0,000239
disclaimers -0,009950 -0,000001
discovered 1,514128 0,000218
disease 2,040221 0,000882
diseases 2,407946 0,000347
diseasesand 3,912023 0,000563
dismemberment 3,506558 0,000505
distinct 0,916291 0,000132
distinguished 1,897120 0,000273
distinguishing 2,040221 0,000294
distributed 0,478036 0,000069
distribution 0,634878 0,000091
distributions 1,386294 0,000799
district 2,120264 0,000611
diversification 2,120264 0,000305
diving 3,912023 0,001127
division 1,386294 0,000200
docra 3,912023 0,001690
document 0,673345 0,000097
documented 1,832581 0,000264
documents 1,078810 0,000155
dod 2,813411 0,000405
doesn 1,609438 0,000232
doi 0,162519 0,000234
donate -0,009950 -0,000003
done 0,653926 0,000188
dorfman 3,506558 0,000505
douglas 1,237874 0,000178
down 0,597837 0,000086
download -0,009950 -0,000001
downtime 2,995732 0,000431
draft 1,514128 0,000654
drawdowns 3,912023 0,000563
drilling 3,912023 0,001127
drug 1,714798 0,000988
drugs 2,207275 0,000318
due 0,261365 0,000113
dust 3,506558 0,000505
duty 3,218876 0,001391
dynamic 0,562119 0,000081
dynamics 1,347074 0,000194
ear 3,912023 0,000563
earlier 1,139434 0,000164
early 0,301105 0,000043
earned 2,659260 0,000383
earning 2,813411 0,000405
earth 1,272966 0,000367
earthquake 2,302585 0,000332
earthquakes 3,912023 0,000563
easy 1,021651 0,000147
econometrics 2,207275 0,000318
economic 0,843970 0,000486
economics 0,867501 0,000750
economy 1,347074 0,000970
edit -0,009950 -0,000060
editcommunity -0,009950 -0,000001
edited -0,009950 -0,000001
edition 0,579818 0,000084
eds 0,798508 0,000230
edu 1,108663 0,000160
educated 3,506558 0,001010
educating 3,912023 0,000563
education 0,579818 0,000418
effect 0,843970 0,000486
effective 0,994252 0,000430
effectively 0,994252 0,000143
effectiveness 1,427116 0,000617
effects 0,820981 0,000709
effort 0,967584 0,000418
either 0,248461 0,000143
elbow 3,506558 0,001010
electrical 1,021651 0,000147
electronic 0,634878 0,000091
elements 0,415515 0,000120
eliminate 1,832581 0,000264
elimination 2,407946 0,000347
elsewhere 2,040221 0,000294
emergency 2,120264 0,001222
emphasise 3,912023 0,000563
emphasises 3,912023 0,000563
employ 1,347074 0,000194
employed 1,272966 0,000183
employees 1,609438 0,000464
enables 0,693147 0,000100
enacting 3,912023 0,000563
encephalopathy 3,912023 0,000563
encountered 2,302585 0,000332
encourage 1,897120 0,000273
encyclopedia -0,009950 -0,000003
end 0,261365 0,000075
endanger 3,912023 0,000563
endless 2,995732 0,000431
enduring 3,506558 0,000505
engineering 0,198451 0,000829
engineeringcommunication 3,912023 0,000563
engineeringsubfields 3,218876 0,000464
engineers 1,171183 0,000169
englewood 2,659260 0,000383
english -0,009950 -0,000001
enhance 1,347074 0,000388
enhancement 2,207275 0,000318
enhancing 1,966113 0,000283
enough 0,843970 0,000122
ensure 0,994252 0,000143
ensuring 1,609438 0,000464
entering 2,207275 0,000318
enterprise 0,510826 0,001545
entities 1,139434 0,000164
entity 1,309333 0,000377
entry 1,309333 0,000189
environment 0,478036 0,001033
environmental 1,049822 0,001058
environments 0,941609 0,000136
epidemiology 2,659260 0,000383
equals 2,040221 0,000294
equipment 1,203973 0,000867
era 1,427116 0,000206
eradication 3,506558 0,000505
erethism 3,912023 0,000563
ergonomics 2,995732 0,000431
erik 1,832581 0,000264
erm 3,912023 0,002254
error 0,713350 0,000103
errors 0,733969 0,000106
ertz 3,912023 0,000563
espa 0,210721 0,000030
especially 0,415515 0,000060
esrm 3,912023 0,002254
essential 0,941609 0,000136
established 0,916291 0,000132
establishing 1,660731 0,000957
estimates 1,560648 0,000225
eszter 3,506558 0,000505
etc 0,562119 0,000243
ethernet 2,407946 0,000347
ethics 1,560648 0,000225
european 0,755023 0,001087
evacuation 3,218876 0,000464
evaluate 1,771957 0,000510
evaluated 2,120264 0,000611
evaluates 2,120264 0,000305
evaluating 1,771957 0,000510
evaluation 0,843970 0,000972
even 0,235722 0,000102
event 0,843970 0,001337
events 0,634878 0,001829
eventsrandom -0,009950 -0,000001
everyday 1,897120 0,000273
evidence 1,309333 0,000377
evolution 0,820981 0,000118
evolve 2,407946 0,000347
exam 2,120264 0,000305
examine 2,207275 0,000318
example 0,030459 0,000070
examples 0,328504 0,000095
exams 2,995732 0,000431
exceed 2,207275 0,000318
excelling 3,912023 0,000563
exceptional 3,218876 0,000464
excerpt 2,040221 0,000294
excerpts 2,525729 0,000364
exchange 0,693147 0,000200
exchanged 1,771957 0,000255
excipients 3,912023 0,000563
execution 0,891598 0,000257
executive 1,347074 0,000388
executives 2,207275 0,000318
exist 0,653926 0,000188
existence 1,469676 0,000212
exists 1,049822 0,000151
expanded 1,203973 0,000347
expansion 1,386294 0,000200
expatriate 3,506558 0,000505
expect 1,897120 0,000273
expectancy 3,506558 0,000505
expected 0,693147 0,000399
expecting 3,506558 0,000505
expended 3,912023 0,000563
expense 2,120264 0,000611
expenses 2,302585 0,000332
experience 1,021651 0,000294
experiences 1,560648 0,000225
experiential 3,506558 0,001010
explanation 1,897120 0,000273
explicitly 0,916291 0,000132
exploit 1,897120 0,000546
exploits 2,120264 0,000305
export -0,009950 -0,000001
exposed 1,771957 0,000510
exposure 1,714798 0,001235
exposures 2,659260 0,000383
extended 0,755023 0,000109
external 0,030459 0,000039
extra 1,609438 0,000232
extraction 1,660731 0,000239
extreme 1,514128 0,000218
fabrycky 3,218876 0,000464
faced 2,525729 0,000728
facet 3,912023 0,000563
facilitation 3,506558 0,000505
facing 2,207275 0,000318
fact 0,755023 0,000217
factoring 2,995732 0,000431
factors 1,021651 0,000736
failed 1,108663 0,000160
failure 1,139434 0,000492
failures 1,832581 0,000528
faith 2,995732 0,000431
fall 1,139434 0,000328
falls 1,832581 0,000264
familiar 1,714798 0,000247
family 1,078810 0,000311
far 0,867501 0,000125
farmer 2,995732 0,000431
fat 1,966113 0,000283
fatality 3,912023 0,000563
faulkner 3,912023 0,000563
fault 1,237874 0,000713
favor 1,347074 0,000194
fda 2,813411 0,001216
fear 2,207275 0,000318
feature 0,616186 0,000089
feb 2,659260 0,000766
february 0,061875 0,000009
federal 1,386294 0,000200
fee 1,897120 0,000273
fever 3,506558 0,000505
fiddler 3,912023 0,000563
fidelity 2,659260 0,000383
field 0,527633 0,000304
fields 0,713350 0,000205
fighter 3,506558 0,000505
figures 1,832581 0,000264
filepermanent -0,009950 -0,000001
filespecial -0,009950 -0,000001
fill 2,407946 0,000347
filled 2,525729 0,000364
filler 3,912023 0,000563
filtration 3,912023 0,000563
final 0,916291 0,000264
finance 0,843970 0,001702
financial 0,776529 0,002684
find 0,544727 0,000078
finding 1,021651 0,000294
findings 2,040221 0,000588
fire 1,660731 0,001196
firm 1,560648 0,000225
firms 1,514128 0,000218
first 0,020203 0,000015
fischer 2,995732 0,000431
fix 1,714798 0,000247
fixation 3,506558 0,001010
fixed 0,494296 0,000071
flexible 1,427116 0,000206
flights 2,995732 0,000431
flock 2,407946 0,000347
flood 2,813411 0,000810
floods 3,218876 0,000927
florida 2,207275 0,000318
flow 0,510826 0,000074
fmea 3,218876 0,001391
fmeca 3,506558 0,000505
focus 0,755023 0,000544
followed 0,733969 0,000211
following 0,210721 0,000182
follows 0,891598 0,000514
food 1,609438 0,001391
foodborne 3,912023 0,000563
foodcont 3,912023 0,000563
force 0,867501 0,000125
forces 1,560648 0,000225
forecasting 1,469676 0,000423
foreseeing 3,912023 0,000563
foresees 3,912023 0,000563
forex 2,813411 0,000405
formal 0,673345 0,000097
formed 1,139434 0,000164
formula 1,660731 0,001435
formulae 2,813411 0,000405
formulated 2,407946 0,000694
forward 1,021651 0,000147
found 0,385662 0,000111
foundation -0,009950 -0,000004
four 0,820981 0,000355
fractal 2,813411 0,000405
framework 0,342490 0,000592
frameworks 1,108663 0,000319
fran 0,223144 0,000032
france 1,560648 0,000225
francis 1,347074 0,000194
fraternal 3,506558 0,000505
fraud 1,560648 0,000225
free -0,009950 -0,000001
frequency 1,078810 0,000155
frequently 0,967584 0,000139
friendly 1,386294 0,000200
fsa 3,506558 0,000505
fta 3,912023 0,001127
fume 3,912023 0,000563
function 0,210721 0,000091
functional 0,733969 0,000106
fund 1,514128 0,000872
fundamental 0,867501 0,000125
fundamentally 1,832581 0,000264
funding 1,386294 0,000200
further 0,139262 0,000020
furthermore 1,272966 0,000183
future 0,274437 0,000119
futures 1,897120 0,000273
futurists 3,506558 0,000505
gain 1,386294 0,000599
gains 1,514128 0,000218
gap 1,609438 0,000232
gas 2,040221 0,001175
gbta 3,912023 0,001127
general -0,009950 -0,000004
generally 0,287682 0,000166
geographic 1,203973 0,000173
georges 3,218876 0,000464
geospatial 3,218876 0,000464
germany 1,560648 0,000225
gerry 3,506558 0,000505
given 0,261365 0,000151
glassblower 3,912023 0,000563
gli 3,912023 0,000563
global 0,478036 0,000482
glossary 0,891598 0,000257
goal 0,713350 0,000103
goals 1,237874 0,001248
god 2,995732 0,000431
golfer 3,912023 0,000563
good 0,733969 0,000423
goods 1,771957 0,000510
gorce 3,912023 0,001127
gordon 1,966113 0,000283
governance 1,309333 0,000754
government 0,755023 0,000217
governmental 2,207275 0,000636
governs 3,218876 0,000464
gower 3,506558 0,000505
grc 3,506558 0,000505
great 0,941609 0,000136
greater 0,755023 0,000435
greatest 1,897120 0,000546
greengard 3,506558 0,001515
grosz 3,218876 0,000464
group 0,301105 0,000304
growth 0,755023 0,000326
guarantees 2,040221 0,000294
guidance 1,714798 0,001235
guide 0,356675 0,000308
guidelines 1,272966 0,000733
guild 3,506558 0,000505
gyula 3,912023 0,000563
haccp 3,218876 0,000464
haddock 3,218876 0,000464
hall 0,653926 0,000188
halon 3,506558 0,000505
hammurabi 2,659260 0,000383
hand 0,733969 0,000106
handled 1,609438 0,000927
handling 0,798508 0,000230
hard 1,078810 0,000155
hardy 3,218876 0,000464
harm 2,302585 0,000663
harold 2,120264 0,000305
having 0,579818 0,000251
hawks 3,912023 0,000563
hazard 2,525729 0,008731
hazardous 2,659260 0,000383
hazards 2,302585 0,000663
hazop 3,506558 0,001010
headings 2,995732 0,000431
health 0,994252 0,005298
healthoccupational 3,912023 0,000563
healthy 2,813411 0,000405
hearing 2,659260 0,000766
hedge 2,120264 0,000611
held 1,237874 0,000178
help 0,248461 0,000072
helplearn -0,009950 -0,000001
helps 1,347074 0,000194
hence 1,347074 0,000582
hererelated -0,009950 -0,000001
heuristic 2,120264 0,000305
hide -0,009950 -0,000006
hierarchy 1,660731 0,000718
high 0,223144 0,000161
higher 0,430783 0,000248
highway 2,302585 0,000332
highways 3,912023 0,000563
hijacking 2,120264 0,000305
hill 0,867501 0,000250
hillson 3,912023 0,000563
hinder 2,995732 0,000431
history -0,009950 -0,000006
hitchins 3,218876 0,000464
hodge 3,506558 0,000505
hold 1,021651 0,000147
holding 1,386294 0,000200
holistic 3,506558 0,000505
home 0,653926 0,000094
homeland 2,995732 0,000431
hopes 2,813411 0,000405
horizons 2,813411 0,000405
hospital 2,813411 0,000405
hospitals 2,407946 0,000347
hostile 2,659260 0,000383
however 0,094311 0,000014
hra 3,506558 0,000505
hse 3,912023 0,001690
http 1,021651 0,000147
https -0,009950 -0,000004
hubbard 3,218876 0,000464
hudson 2,659260 0,000383
human 0,579818 0,001002
hygiene 3,218876 0,000464
iadc 3,912023 0,001127
ibm 0,693147 0,000100
ice 2,813411 0,001621
ideal 2,207275 0,000636
ideally 1,897120 0,000273
idef 2,995732 0,000431
identical 1,514128 0,000218
identification 1,139434 0,002626
identified 0,994252 0,001146
identifies 1,609438 0,000464
identify 0,867501 0,000500
identifying 1,139434 0,000821
identity 1,309333 0,000377
iec 1,897120 0,000546
ignore 2,302585 0,000663
iii 1,560648 0,000450
illicit 2,813411 0,000405
illnesses 3,218876 0,000464
image 0,544727 0,000078
immediate 1,609438 0,000232
immediately 1,309333 0,000377
impact 0,597837 0,001205
impacts 1,966113 0,001699
impede 3,218876 0,000464
imperative 1,660731 0,000239
implantable 3,506558 0,000505
implanting 3,506558 0,000505
implement 0,755023 0,000217
implementation 0,328504 0,000379
implemented 0,544727 0,000078
implementing 0,994252 0,000430
importance 1,171183 0,000506
important 0,287682 0,000207
impossible 1,347074 0,000388
improve 0,274437 0,000079
improved 0,776529 0,000112
improvement 1,203973 0,000520
inaction 3,912023 0,000563
inadequate 2,525729 0,000364
inasuomisvenska 3,506558 0,000505
inc -0,009950 -0,000003
incentives 2,407946 0,000347
incident 2,302585 0,001658
incidents 2,525729 0,000728
include 0,061875 0,000080
included 0,400478 0,000173
includes 0,274437 0,000158
including 0,040822 0,000059
inclusive 2,525729 0,000364
income 1,609438 0,000232
incorrectly 2,302585 0,000332
increase 0,544727 0,000157
increased 0,820981 0,000118
increases 1,171183 0,000337
increasing 0,916291 0,000264
increasingly 0,776529 0,000112
incrementally 2,525729 0,000364
indemnification 3,506558 0,000505
indemnity 3,218876 0,001391
index -0,009950 -0,000004
india 1,171183 0,000169
indicate 1,272966 0,000183
indium 3,912023 0,000563
individual 0,415515 0,000239
indonesia 1,272966 0,000183
indoor 3,506558 0,000505
induced 2,407946 0,000694
industrial 0,843970 0,000486
industries 1,560648 0,000225
industry 0,527633 0,000532
ineffective 2,995732 0,000863
infeasible 2,525729 0,000364
infection 2,813411 0,000405
infinite 1,771957 0,000255
influences 1,771957 0,000255
influenza 3,912023 0,000563
information 0,072571 0,000167
informationcite -0,009950 -0,000001
informative 3,218876 0,000464
infortuni 3,912023 0,000563
infrastructure 0,713350 0,000205
infrequency 3,912023 0,000563
infusion 3,912023 0,000563
initial 0,597837 0,000086
initially 0,693147 0,000100
injuries 2,995732 0,000863
injury 2,813411 0,000810
inland 3,506558 0,000505
innovation 1,078810 0,000311
insider 1,609438 0,000232
insights 1,427116 0,000206
insolvency 3,506558 0,000505
inspection 1,966113 0,000283
instability 2,995732 0,000431
instance 0,510826 0,000147
instead 0,301105 0,000087
institute 0,579818 0,000835
institution 1,660731 0,000239
institutions 1,171183 0,000506
insurability 3,506558 0,000505
insurable 3,506558 0,000505
insurance 1,427116 0,008427
insurancehealth 3,506558 0,000505
insure 3,506558 0,001010
insured 3,218876 0,001854
insurer 3,506558 0,000505
insuring 3,506558 0,000505
intangible 3,218876 0,000464
integral 1,714798 0,000741
integrated 0,634878 0,000091
integrating 1,560648 0,000225
integration 0,673345 0,000097
integrative 2,995732 0,000431
integrity 1,427116 0,000206
intelligence 0,693147 0,000100
intentionally 2,302585 0,000332
interaction 0,967584 0,000139
interest 0,693147 0,000300
interests 1,832581 0,000264
internal 0,634878 0,000457
international 0,139262 0,000421
internationalgndfastnationalunited 1,237874 0,000178
interpretation 1,660731 0,000239
interrupt 2,525729 0,000364
interruption 3,506558 0,001010
interviews 2,995732 0,000431
introduced 0,371064 0,000107
introduction 0,261365 0,000188
intrusions 3,218876 0,000464
invalid 1,897120 0,000273
investigated 2,120264 0,000305
investigation 1,609438 0,000232
investment 1,171183 0,000169
involve 1,309333 0,000377
involved 0,916291 0,000396
involves 0,776529 0,000559
involving 1,309333 0,000377
iop 2,995732 0,000431
irish 2,995732 0,000431
isaca 3,506558 0,000505
isbn 0,051293 0,000155
iso 1,309333 0,003960
issn 0,478036 0,000344
issue 0,820981 0,000118
istituto 3,912023 0,000563
italy 2,302585 0,000332
item -0,009950 -0,000001
items 1,108663 0,000160
iteration 2,120264 0,000305
iterations 2,813411 0,000405
iterative 2,302585 0,000332
itself 0,342490 0,000049
ivdd 3,912023 0,001127
izs 3,912023 0,000563
james 0,634878 0,000091
january 0,083382 0,000144
jaw 3,912023 0,001127
jeopardized 3,912023 0,000563
job 1,203973 0,000347
john 0,210721 0,000121
joint 1,171183 0,000169
joseph 0,820981 0,000118
journal 0,198451 0,000114
journals 1,609438 0,000464
jpn 3,912023 0,000563
jstor 0,843970 0,000122
judgment 2,120264 0,000611
july 0,127833 0,000074
jump -0,009950 -0,000001
june 0,094311 0,000027
juris 3,218876 0,000464
jurisdictions 2,120264 0,000305
kai 2,302585 0,000332
karen 2,040221 0,000294
kasza 3,912023 0,000563
kathleen 2,659260 0,000383
katia 2,995732 0,000431
keep 0,994252 0,000143
keeping 1,427116 0,000411
keskitalo 3,912023 0,000563
key 0,356675 0,000154
khairul 3,506558 0,000505
kidnap 3,506558 0,000505
kinds 1,171183 0,000169
kingdom 1,514128 0,000218
klinger 3,912023 0,000563
knightian 3,506558 0,000505
know 0,776529 0,000112
knowledge 0,616186 0,000710
known 0,127833 0,000074
kuleuven 3,912023 0,000563
labeling 2,207275 0,000954
laboratory 1,609438 0,000232
labour 2,525729 0,000728
lacp 3,912023 0,000563
lags 3,506558 0,000505
land 1,347074 0,000194
landlords 3,506558 0,000505
language 0,186330 0,000054
languages -0,009950 -0,000003
large 0,127833 0,000110
last -0,009950 -0,000003
later 0,223144 0,000064
lavoro 3,912023 0,000563
law 0,755023 0,000870
layers 1,427116 0,000411
lead 0,673345 0,000291
leader 2,407946 0,000347
leaders 1,966113 0,001133
leadership 2,207275 0,000318
leads 1,237874 0,000178
learn 0,494296 0,000071
learned 1,386294 0,000200
least 0,527633 0,000076
led 0,446287 0,000064
legacy 1,309333 0,000189
legal -0,009950 -0,000013
legislation 1,966113 0,000566
legislative 2,659260 0,000383
legitimate 2,120264 0,000305
lenders 2,995732 0,000431
less 0,430783 0,000186
lessons 1,832581 0,000264
leuven 3,506558 0,000505
lev 3,506558 0,001010
level 0,116534 0,000050
levels 0,755023 0,000217
liabilities 2,813411 0,000405
liability 2,040221 0,002645
libraries 0,713350 0,000205
library 0,478036 0,000207
license -0,009950 -0,000001
lies 1,897120 0,000273
lietuvi 2,302585 0,000332
life 0,653926 0,001130
lifecycle 2,120264 0,000916
lifelines 3,912023 0,000563
lightning 2,207275 0,000318
like 0,072571 0,000052
likelihood 1,897120 0,000820
likely 0,994252 0,000143
limit 0,994252 0,000286
limitation 2,207275 0,000318
limited 0,510826 0,000074
line 0,356675 0,000051
lines 1,078810 0,000155
link 0,162519 0,000023
linked 0,941609 0,000136
linkpage -0,009950 -0,000001
links -0,009950 -0,000007
linksarticles 1,021651 0,000147
liquidation 3,506558 0,000505
liquidity 1,966113 0,000283
lirias 3,912023 0,000563
list 0,083382 0,000048
listing 2,207275 0,000318
lists 0,597837 0,000086
literature 1,272966 0,000367
live 1,203973 0,000173
livelihoods 3,912023 0,000563
lives 1,832581 0,000264
llc 1,714798 0,000247
loan 2,040221 0,000294
location 0,994252 0,000143
lockout 3,506558 0,000505
loeb 3,218876 0,000464
log -0,009950 -0,000003
logistics 1,966113 0,000283
london 0,941609 0,000136
long 0,287682 0,000207
longer 0,755023 0,000109
longevity 2,995732 0,000431
lopa 3,506558 0,000505
loses 2,995732 0,000431
losing 2,120264 0,000611
loss 0,967584 0,003763
losses 1,966113 0,002549
lost 1,514128 0,000218
low 0,478036 0,000207
lower 0,776529 0,000559
lowers 2,813411 0,000405
lung 3,218876 0,002318
lux 0,371064 0,000053
mabel 3,912023 0,000563
machine 0,083382 0,000024
machol 3,218876 0,000464
macro 2,120264 0,000305
macroeconomics 2,302585 0,000332
made 0,186330 0,000054
madrid 3,912023 0,000563
magazine 0,776529 0,000336
magnitude 1,897120 0,000546
magyarbahasa 3,506558 0,000505
main -0,009950 -0,000017
maintaining 1,171183 0,000337
maintenance 0,843970 0,000122
majeure 3,218876 0,000464
major 0,314711 0,000272
majority 1,139434 0,000164
make 0,235722 0,000170
making 0,328504 0,000426
manage 0,967584 0,000697
managed 1,203973 0,000347
management 0,139262 0,004112
managementactuarial 3,912023 0,000563
managementrisk 3,506558 0,000505
manager 0,994252 0,000573
managerial 2,407946 0,000347
managers 1,427116 0,001439
managing 1,021651 0,001177
mandate 2,659260 0,000383
mandelbrot 2,995732 0,001294
manpower 3,218876 0,000464
manual 1,237874 0,000357
manuela 3,218876 0,000464
manufacturers 1,771957 0,000255
manufacturing 1,469676 0,000847
many 0,061875 0,000018
map 1,171183 0,000169
march 0,116534 0,000067
marine 2,407946 0,001040
mark 0,462035 0,000067
market 0,616186 0,000799
marketing 0,916291 0,000264
marketplace 2,120264 0,000305
markets 1,139434 0,000656
markov 1,771957 0,000255
maryna 3,912023 0,000563
material 0,867501 0,000125
materials 1,386294 0,000599
matrix 1,609438 0,000464
matthew 1,771957 0,000255
mcda 3,506558 0,000505
mcgivern 3,912023 0,000563
mdd 3,506558 0,001010
mean 0,755023 0,000217
meaning 0,544727 0,000078
means 0,198451 0,000086
meant 1,514128 0,000218
measurable 3,506558 0,000505
measure 0,994252 0,000286
measures 0,941609 0,000949
measuring 1,609438 0,000232
mechanism 0,733969 0,000106
media 0,139262 0,000020
medical 1,139434 0,003282
medicine 1,427116 0,000617
meeting 1,427116 0,000206
megan 2,813411 0,000405
megaprojects 3,506558 0,003030
melayuminangkabaunederlands 3,912023 0,000563
member 1,237874 0,000535
members 0,755023 0,000326
memory 0,579818 0,000167
mention 2,302585 0,000332
mentioned 1,560648 0,000225
menu -0,009950 -0,000003
mergers 2,302585 0,000332
mesopotamian 2,995732 0,000431
mesothelioma 3,912023 0,000563
message 0,478036 0,000069
messaging 1,714798 0,000247
metal 1,714798 0,000247
method 0,210721 0,000304
methodologies 1,771957 0,000510
methodology 1,108663 0,000319
methods 0,274437 0,000395
michael 0,400478 0,000173
microbiological 3,912023 0,000563
microbiology 3,506558 0,000505
microeconomics 2,407946 0,000347
mild 3,506558 0,002525
minimization 2,207275 0,000318
minimize 1,514128 0,000436
minimizes 2,659260 0,000383
mining 1,021651 0,000147
mis 2,659260 0,000383
mission 1,966113 0,000283
mistaken 3,218876 0,000464
mitigate 1,609438 0,001854
mitigated 2,995732 0,001294
mitigating 2,407946 0,000694
mitigation 2,302585 0,004311
mitre 3,218876 0,000464
mixed 1,309333 0,000189
mobile -0,009950 -0,000004
mode 0,891598 0,000385
model 0,162519 0,000257
modeling 0,867501 0,000625
modelling 1,832581 0,000264
models 0,527633 0,000152
modern 0,314711 0,000136
modify 1,237874 0,000178
modifying 1,832581 0,000264
money 1,171183 0,000169
monitor 1,660731 0,001196
monitoring 1,427116 0,000617
monte 2,407946 0,000347
moral 2,302585 0,000332
morcov 3,912023 0,001127
mortgage 2,525729 0,001091
motarjemi 3,912023 0,001127
mountain 2,659260 0,000766
mountaineering 3,912023 0,001690
mourning 3,912023 0,000563
move -0,009950 -0,000006
much 0,400478 0,000231
mule 3,912023 0,000563
multi 0,342490 0,000099
multiple 0,116534 0,000017
multiplied 2,813411 0,000405
multitude 2,813411 0,000405
munadi 3,912023 0,000563
museums 3,506558 0,001010
mutual 1,966113 0,000566
myriam 3,912023 0,000563
nabil 3,506558 0,000505
nagpal 3,218876 0,000464
nail 3,912023 0,000563
named 0,820981 0,000118
namely 1,771957 0,000255
nasa 1,897120 0,000273
nasbla 3,912023 0,001127
national 0,562119 0,000810
natural 0,733969 0,001691
nature 0,597837 0,000086
navigation -0,009950 -0,000001
navy 3,218876 0,000464
nazionale 3,912023 0,000563
nber 2,995732 0,000431
near 1,171183 0,000169
nearly 1,139434 0,000164
necessitate 2,995732 0,000431
neck 3,912023 0,000563
need 0,248461 0,000036
needed 0,210721 0,000061
needing 0,597837 0,000344
needs 0,415515 0,000239
negative 1,078810 0,002331
negatively 2,407946 0,000347
neil 1,771957 0,000510
nest 2,995732 0,000431
net 0,415515 0,000180
nets 2,659260 0,000383
network 0,210721 0,000091
never 1,021651 0,000147
nevertheless 1,660731 0,000239
new 0,010050 0,000014
news 0,446287 0,000129
newspapers 1,427116 0,000206
next 0,400478 0,000058
niosh 3,506558 0,000505
noise 1,427116 0,000206
nols 3,912023 0,000563
non -0,009950 -0,000003
norm 2,659260 0,000383
normal 1,139434 0,000656
norsk 0,342490 0,000049
norwegian 2,525729 0,000364
number 0,051293 0,000007
numbers 0,544727 0,000157
numerical 1,021651 0,000147
numerous 1,203973 0,000173
nursing 2,995732 0,000431
objective 1,386294 0,000599
objectives 1,660731 0,001196
obligatory 3,912023 0,000563
observed 1,469676 0,000212
observing 2,207275 0,000318
occupational 2,659260 0,006511
occur 0,916291 0,000132
occurrence 2,407946 0,001734
occurrences 2,995732 0,000431
occurring 1,832581 0,001320
occurs 1,427116 0,000411
oclc 0,891598 0,000128
october 0,139262 0,000040
offers 0,755023 0,000109
office 0,916291 0,000396
officer 1,832581 0,003431
officers 2,813411 0,000405
official 0,733969 0,000106
offs 2,407946 0,000347
offshore 2,040221 0,000588
often 0,127833 0,000110
ohsas 3,506558 0,000505
oil 2,040221 0,000588
oldid -0,009950 -0,000001
oleuskara 1,514128 0,000218
one 0,010050 0,000013
ongoing 1,560648 0,000450
open 0,235722 0,000034
opening 1,966113 0,000283
operability 3,506558 0,001010
operating 0,462035 0,000133
operation 0,713350 0,000103
operational 1,171183 0,001518
operations 0,301105 0,000347
opinions 2,525729 0,000364
opportunities 1,427116 0,002672
opportunity 1,832581 0,001056
opposite 1,897120 0,000273
optimises 3,912023 0,000563
optimism 3,218876 0,000464
optimization 0,693147 0,000200
optimize 1,560648 0,000225
optimizing 1,469676 0,000212
option 1,108663 0,000319
optionally 2,120264 0,000305
options 1,108663 0,000798
order 0,094311 0,000068
ordinary 1,272966 0,000183
org -0,009950 -0,000006
organisation 2,207275 0,000318
organisations 1,897120 0,000820
organization -0,009950 -0,000026
organizational 1,609438 0,000464
organizations 0,798508 0,000690
organizationsinternational 3,912023 0,000563
original 0,030459 0,000035
orm 3,912023 0,001690
others 0,314711 0,000045
out 0,261365 0,000188
outcomes 2,040221 0,000882
outdoor 3,506558 0,003535
outsource 3,506558 0,001010
outsourcer 3,912023 0,000563
outsourcing 2,407946 0,001040
over 0,094311 0,000095
overall 0,967584 0,000279
overhead 1,469676 0,000212
overlapping 2,302585 0,000332
overlaps 2,525729 0,000364
overseas 2,659260 0,000383
oversee 3,506558 0,000505
oversight 2,120264 0,000305
overtime 3,506558 0,000505
overview 0,616186 0,000089
overwhelming 2,995732 0,000431
overwork 3,912023 0,000563
owned 1,660731 0,000239
owner 1,309333 0,000189
oxford 0,843970 0,000122
packages 1,309333 0,000189
packaging 1,771957 0,000255
page -0,009950 -0,000003
pagecontentscurrent -0,009950 -0,000001
pageget -0,009950 -0,000001
pages -0,009950 -0,000003
pain 3,218876 0,000464
pakistan 2,207275 0,000318
pandemic 2,120264 0,000611
pandemics 3,506558 0,000505
parallel 1,021651 0,000147
parametric 1,832581 0,000264
pareto 2,407946 0,000347
parity 2,659260 0,000383
parliament 2,407946 0,000347
part 0,127833 0,000239
participate 2,040221 0,000294
participation 1,560648 0,000225
particular 0,301105 0,000260
particularly 0,597837 0,000344
parties 1,021651 0,000147
partnership 2,040221 0,000588
party 0,798508 0,000805
pass 1,469676 0,000212
past 1,049822 0,000302
patients 2,120264 0,000305
patterns 0,776529 0,000112
payable 3,218876 0,000464
payment 1,427116 0,000411
pdf 0,139262 0,000221
pdfprintable -0,009950 -0,000001
people 0,356675 0,000257
per 0,616186 0,000177
percentage 1,514128 0,000218
perfect 1,897120 0,000273
perform 0,562119 0,000162
performance 0,261365 0,000075
performed 0,867501 0,000250
performing 1,272966 0,000183
perhaps 1,660731 0,000239
peril 3,506558 0,000505
periodically 2,407946 0,000694
permanent 1,609438 0,000232
permit 1,771957 0,000255
person 1,021651 0,000441
personal -0,009950 -0,000009
persons 2,302585 0,000663
perspective 0,820981 0,000118
perspectives 1,832581 0,000264
persuade 3,218876 0,000464
pertinent 3,912023 0,000563
pest 3,506558 0,000505
pet 2,659260 0,000383
peter 0,494296 0,000071
petri 3,218876 0,000464
petroleum 2,659260 0,000766
pha 3,506558 0,000505
pharmaceutical 2,525729 0,001455
pharmaceuticals 2,995732 0,000431
phase 1,560648 0,000674
phases 2,659260 0,000766
phenomena 1,966113 0,000283
phossy 3,912023 0,000563
php -0,009950 -0,000001
physical 0,616186 0,000177
physics 0,994252 0,000143
phytosanitary 3,912023 0,000563
pick 2,040221 0,000294
piera 3,912023 0,000563
place 0,597837 0,000086
plan 0,916291 0,003035
planned 1,714798 0,000741
planning 0,941609 0,001221
plans 1,171183 0,001012
plants 2,302585 0,000332
please 0,776529 0,000112
plot 2,525729 0,000364
plus 1,203973 0,000173
pmbok 3,506558 0,003030
pmi 3,912023 0,000563
pmid 0,994252 0,000286
pneumoconiosis 3,912023 0,001127
pocket 2,302585 0,000332
points 0,867501 0,000125
poisoning 3,218876 0,000464
policies 1,237874 0,000178
policy -0,009950 -0,000010
policyholder 3,506558 0,001515
political 1,272966 0,000550
pollution 1,897120 0,000273
polskiportugu 0,916291 0,000132
pool 1,897120 0,000546
pools 2,302585 0,000332
poor 1,714798 0,000247
popular 0,579818 0,000167
portalrecent -0,009950 -0,000001
portalvte 2,040221 0,000294
portfolio 1,897120 0,000273
portfolios 2,525729 0,000364
position 1,171183 0,000337
positive 1,272966 0,001283
possibilities 2,407946 0,000347
possibility 1,560648 0,000674
possible 0,287682 0,000539
post 0,579818 0,000084
potential 0,653926 0,001036
potentially 0,755023 0,000109
potty 3,912023 0,000563
power 0,400478 0,000173
practical 0,634878 0,000274
practice 0,371064 0,000534
practices 1,139434 0,000492
practitioners 1,609438 0,000464
pragmatic 2,995732 0,000431
pre 0,941609 0,000271
precautionary 2,659260 0,000766
predict 1,469676 0,000423
predictable 2,302585 0,000332
preliminary 2,302585 0,000332
premium 2,407946 0,000694
premiums 2,995732 0,000431
prentice 0,994252 0,000143
preparation 1,897120 0,000820
preparedness 3,912023 0,001690
preparing 2,813411 0,000810
present 0,597837 0,000172
presented 1,139434 0,000164
presenting 2,525729 0,001091
press 0,210721 0,000030
pressure 1,714798 0,000247
prevent 0,891598 0,000128
prevention 2,120264 0,000916
previous 0,843970 0,000122
previously 0,843970 0,000122
price 1,021651 0,000147
primary 0,527633 0,000228
primer 1,897120 0,000273
principle 1,078810 0,000311
principles 0,597837 0,000517
print -0,009950 -0,000001
printworks 3,912023 0,000563
prior 0,891598 0,000128
prioritization 2,995732 0,000863
prioritize 2,120264 0,000611
prioritized 2,995732 0,000431
prioritizing 2,813411 0,000405
privacy -0,009950 -0,000003
privately 2,207275 0,000318
prize 2,040221 0,000294
pro 1,347074 0,000194
proactive 2,995732 0,000431
probability 1,078810 0,002175
probable 2,659260 0,000383
problem 0,385662 0,000333
problems 0,430783 0,000248
procedure 1,386294 0,000399
process 0,116534 0,000436
processes 0,634878 0,001097
procurements 3,912023 0,000563
produce 0,916291 0,000132
product 0,579818 0,000585
production 0,798508 0,000230
products 0,579818 0,000585
professional 0,843970 0,000365
professionals 1,427116 0,000411
professions 2,995732 0,000431
profile 1,514128 0,000436
profit -0,009950 -0,000004
profitability 2,207275 0,000636
profits 2,040221 0,000294
program 0,328504 0,000189
programme 3,218876 0,000464
programs 0,494296 0,000214
prohibitive 3,218876 0,000464
project 0,314711 0,001586
projects -0,009950 -0,000011
projectthink 3,912023 0,000563
prominently 2,659260 0,000383
promotion 2,040221 0,000294
prompted 2,207275 0,000318
propelled 3,218876 0,000464
properly 1,309333 0,000189
property 0,776529 0,000783
propose 2,659260 0,000383
proposed 0,713350 0,000308
proposes 2,813411 0,000405
proprietorship 2,995732 0,000431
prospective 2,995732 0,000431
protect 1,427116 0,000206
protection 0,994252 0,001575
protections 2,659260 0,000383
protective 2,813411 0,000405
protocols 0,967584 0,000279
provide 0,174353 0,000025
provides 0,261365 0,000226
providing 0,673345 0,000097
provision 2,302585 0,000332
proximate 3,506558 0,000505
psychology 1,514128 0,000218
psychosocial 3,218876 0,000927
psychotherapy 3,506558 0,000505
pub 2,207275 0,000318
public 0,248461 0,000286
publications 0,941609 0,000136
publish 1,714798 0,000247
published 0,328504 0,000284
purchase 1,469676 0,000635
purpose 0,356675 0,000051
pursue 2,407946 0,000347
put 0,994252 0,000430
qat 3,912023 0,000563
qav 3,912023 0,000563
qay 3,912023 0,000563
qaz 3,912023 0,000563
qbb 3,912023 0,000563
qualitative 2,813411 0,000405
quality 0,673345 0,000970
quantification 2,525729 0,000364
quantify 2,995732 0,000431
quantitative 1,514128 0,000218
quantities 1,771957 0,000255
quarterly 1,832581 0,000264
quervain 3,912023 0,000563
question 0,941609 0,000271
questionnaire 2,995732 0,000431
questions 1,171183 0,000169
quite 1,514128 0,000218
radhika 3,218876 0,000464
radium 3,506558 0,000505
rahman 2,813411 0,000405
railways 3,218876 0,000464
raise 1,966113 0,000283
raising 2,525729 0,000364
ramo 3,218876 0,000464
range 0,446287 0,000064
ransom 2,525729 0,000364
rapidly 1,514128 0,000218
rare 1,771957 0,000255
rasm 3,912023 0,001690
rata 3,506558 0,000505
rate 0,755023 0,000652
rating 2,659260 0,000383
ratio 1,469676 0,000212
raw 1,272966 0,000183
rbaycancabasa 2,995732 0,000431
reach 1,347074 0,000194
reactions 2,813411 0,000405
reactivity 3,506558 0,000505
readeditview 0,287682 0,000083
real 0,210721 0,000030
realistic 2,659260 0,000383
reasoning 1,171183 0,000169
reasons 0,891598 0,000128
reassessment 3,912023 0,000563
recognize 1,897120 0,000273
recognizing 2,120264 0,000305
recommends 1,966113 0,000283
records 0,994252 0,000143
recovery 1,714798 0,000494
recreation 3,218876 0,000464
redemption 2,813411 0,000405
redirects 1,078810 0,000155
reduce 0,673345 0,000776
reduced 1,078810 0,000155
reducing 1,021651 0,000736
reduction 1,237874 0,001783
redundancy 2,040221 0,000588
refer 0,867501 0,000250
reference 0,478036 0,000207
references 0,020203 0,000009
referencesall 2,813411 0,000405
referred 0,446287 0,000064
refusing 3,506558 0,000505
regard 1,609438 0,000232
regime 2,407946 0,000347
registered -0,009950 -0,000001
regression 1,832581 0,000528
regular 1,049822 0,000151
regulated 1,832581 0,000264
regulation 1,139434 0,000164
regulations 1,386294 0,000200
regulators 2,207275 0,000636
regulatory 1,427116 0,000822
reimbursement 3,506558 0,000505
reinsurance 2,659260 0,000383
related 0,051293 0,000059
relation 1,347074 0,000194
relationship 0,891598 0,000128
relatively 1,049822 0,000302
relevant 0,916291 0,000132
reliability 1,021651 0,000441
reliable 0,616186 0,000177
relieve 3,218876 0,000464
rely 1,139434 0,000164
remediate 3,912023 0,000563
reminiscent 3,506558 0,000505
remote 0,843970 0,000122
remove 0,527633 0,000076
removed 0,693147 0,000100
rendering 1,347074 0,000194
renters 3,506558 0,000505
repair 2,813411 0,000405
repetitive 2,813411 0,000405
replacement 1,714798 0,000247
report 0,462035 0,000133
reporting 1,427116 0,000206
representations 1,560648 0,000225
representative 2,120264 0,000305
represents 0,891598 0,000128
republicisraelotheryale 1,714798 0,000247
reputation 2,040221 0,000588
reputational 2,813411 0,000810
required 0,274437 0,000040
requirement 1,427116 0,000411
requirements 0,597837 0,000603
requires 0,430783 0,000124
research 0,261365 0,000339
residential 2,995732 0,000431
residual 2,207275 0,000636
resilience 2,407946 0,000347
resiliency 3,506558 0,000505
resolution 1,560648 0,000225
resolved 2,302585 0,000332
resource 0,733969 0,000529
resources 0,314711 0,000635
respond 1,660731 0,000239
respondent 3,912023 0,000563
response 0,755023 0,000217
responses 1,771957 0,001021
responsibilities 2,302585 0,000663
responsibility 1,560648 0,000225
responsible 1,078810 0,000466
responsive 2,813411 0,000405
rest 1,108663 0,000160
reston 3,506558 0,000505
result 0,371064 0,000053
resulting 0,798508 0,000230
results 0,446287 0,000193
retail 1,560648 0,000225
retain 2,525729 0,000364
retained 2,813411 0,001216
retaining 2,813411 0,001216
retains 2,813411 0,000405
retention 2,659260 0,002298
retrieve 1,771957 0,000255
retrieved -0,009950 -0,000037
reuters 1,660731 0,000239
reveal 2,040221 0,000294
revert 2,995732 0,000431
review 0,385662 0,000389
revision 1,347074 0,000388
reward 2,302585 0,000663
rework 3,218876 0,000464
reynolds 2,659260 0,000383
richard 0,733969 0,000106
rick 2,407946 0,000347
right 0,478036 0,000138
rima 3,912023 0,000563
risk 0,597837 0,037887
risks 1,108663 0,014212
risky 2,302585 0,000332
river 1,309333 0,000189
rmir 3,912023 0,000563
rob 1,832581 0,000264
robert 0,579818 0,000167
roberto 1,897120 0,000273
rochdale 3,506558 0,000505
roehrig 3,912023 0,000563
role 0,634878 0,000274
roles 1,469676 0,000212
rom 0,616186 0,000089
room 1,897120 0,000273
root 0,994252 0,000430
ross 1,560648 0,000225
route 1,966113 0,000283
routine 2,407946 0,000347
rowling 3,912023 0,000563
roy 1,966113 0,000283
rudolf 2,813411 0,000405
ruin 2,813411 0,000405
rule 0,941609 0,000136
ruzena 3,218876 0,000464
sacrificing 3,506558 0,000505
safe 0,994252 0,000716
safeguarding 3,218876 0,000464
safeguards 2,659260 0,000383
safety -0,009950 -0,000077
saghee 3,912023 0,000563
sales 1,171183 0,000169
samuel 1,714798 0,000247
sandle 3,912023 0,000563
sanitary 2,995732 0,000431
sans 3,218876 0,000927
satellite 2,120264 0,000305
saves 2,659260 0,000383
savings 1,714798 0,000494
scale 0,494296 0,000142
scanty 3,912023 0,000563
scenario 1,897120 0,001366
scenarios 1,514128 0,000654
schedule 1,832581 0,000528
schemes 1,660731 0,000239
schmandt 3,506558 0,000505
schneider 2,813411 0,000405
scholar 1,309333 0,000189
scholars 1,966113 0,000283
school 1,078810 0,000155
science 0,287682 0,000290
sciencerisk 3,912023 0,000563
sciences 0,867501 0,000125
scientific 0,693147 0,000100
scientists 1,660731 0,000239
scope 0,941609 0,000136
scrm 3,912023 0,000563
seaports 3,912023 0,000563
search -0,009950 -0,000006
searches 1,560648 0,000450
section 0,562119 0,000162
sector 1,386294 0,000399
securities 1,832581 0,000264
security 0,314711 0,001088
see -0,009950 -0,000020
seeger 3,506558 0,000505
seek 1,660731 0,000239
seem 2,407946 0,000347
seemingly 3,506558 0,000505
seems 1,966113 0,000283
sei 2,813411 0,000810
select 1,347074 0,000194
selected 1,386294 0,000399
selecting 2,302585 0,000332
selection 1,021651 0,000294
self 0,478036 0,000138
semi 0,843970 0,000122
sendai 3,912023 0,000563
senior 1,714798 0,000247
sent 1,171183 0,000169
separated 1,514128 0,000218
september 0,150823 0,000043
serbia 3,218876 0,000464
series 0,328504 0,000189
service 0,314711 0,000091
services 0,400478 0,000173
set 0,083382 0,000012
sets 0,776529 0,000112
several 0,094311 0,000054
severity 2,813411 0,001621
share 0,616186 0,000355
sharealike -0,009950 -0,000001
shareholders 2,813411 0,000405
sharing 0,967584 0,000836
shashi 3,912023 0,000563
shea 3,218876 0,000464
sheet 2,040221 0,000588
shields 3,218876 0,000464
shifting 1,966113 0,000283
shipments 2,525729 0,000364
shipping 1,832581 0,000264
short -0,009950 -0,000006
shortened -0,009950 -0,000001
showing 1,347074 0,000194
shown 1,237874 0,000357
sickness 3,506558 0,000505
side 0,693147 0,000200
sidebar -0,009950 -0,000006
sight 2,525729 0,000364
significant 0,328504 0,000095
significantly 1,171183 0,000169
signs 2,207275 0,000318
silicosis 3,912023 0,000563
silo 3,506558 0,000505
similarly 0,843970 0,000365
simon 1,108663 0,000319
simple 0,150823 0,000022
simply 0,733969 0,000317
simulation 1,309333 0,000189
since 0,139262 0,000120
single 0,127833 0,000018
sister 1,386294 0,000200
sit 3,218876 0,000464
site -0,009950 -0,000001
situation 1,272966 0,000183
six 1,309333 0,000377
sixth 2,659260 0,000383
sizing 2,813411 0,000405
skepticism 2,995732 0,000431
sketch 3,218876 0,000464
slenskaitaliano 0,562119 0,000081
sloven 1,514128 0,000218
small 0,314711 0,000091
smaller 0,994252 0,000143
smong 3,912023 0,000563
sneak 3,506558 0,000505
snedaker 3,912023 0,000563
social 0,527633 0,000532
societies 2,040221 0,000588
society 0,673345 0,000582
sociocultural 2,995732 0,000431
socscimed 3,912023 0,000563
software 0,127833 0,000166
sole 2,120264 0,000611
solid 1,347074 0,000194
solution 0,776529 0,000224
solutions 0,820981 0,000236
solvent 3,218876 0,000464
solvents 3,912023 0,000563
solving 1,609438 0,000232
sometimes 0,301105 0,000043
sons 1,108663 0,000479
soon 1,427116 0,000206
source 0,186330 0,000215
sourcerisk 3,506558 0,000505
sources 0,446287 0,000514
space 0,478036 0,000138
spain 2,207275 0,000318
spare 2,525729 0,000364
speaking 1,514128 0,000218
special 0,494296 0,000142
specialist 1,897120 0,000273
specific 0,094311 0,000095
specifications 1,237874 0,000178
spending 1,714798 0,000247
spent 2,040221 0,000294
spinners 3,912023 0,000563
sport 2,525729 0,000364
sports 2,207275 0,000318
spread 1,309333 0,000189
spreading 2,525729 0,000364
spreadsheet 2,525729 0,000364
springer 0,527633 0,000152
sprinklers 3,218876 0,000464
ssrn 1,427116 0,000206
staff 1,469676 0,000212
stage 1,386294 0,000200
stakeholders 2,302585 0,000995
standard 0,198451 0,000457
standardization 1,309333 0,000754
standards 0,462035 0,000466
standardscurrent 3,912023 0,000563
start 0,843970 0,000365
state 0,235722 0,000102
statement -0,009950 -0,000006
statements 0,314711 0,000045
statementsarticles 0,544727 0,000078
states 0,385662 0,000444
station 2,525729 0,000364
statistical 0,776529 0,000112
statistics -0,009950 -0,000007
stefan 1,560648 0,000450
step 0,967584 0,000279
steps 1,309333 0,000377
sterility 3,912023 0,000563
stevenson 2,995732 0,000431
still 0,342490 0,000148
stock 1,386294 0,000399
stolen 2,207275 0,000318
stones 2,995732 0,000431
stop 1,203973 0,000173
story 1,514128 0,000218
strain 2,995732 0,000863
stranded 3,506558 0,000505
strategic 1,171183 0,001012
strategies 1,078810 0,001865
strategy 0,891598 0,000899
stress 1,897120 0,000820
striking 3,912023 0,000563
structure 0,314711 0,000091
structured 0,653926 0,000471
studies 0,673345 0,000097
studieshidden 3,912023 0,000563
study 0,510826 0,000147
subject 0,527633 0,000304
submission 2,813411 0,000810
submissions 3,218876 0,000464
submit 2,407946 0,000347
subsection 0,020203 0,000012
subsequent 1,469676 0,000212
substances 3,506558 0,000505
substitution 2,525729 0,000364
success 1,171183 0,000337
successful 0,843970 0,000243
suffered 2,995732 0,000431
suffering 2,813411 0,000405
suitable 1,347074 0,000194
sul 3,912023 0,000563
summarizing 3,218876 0,000464
superseded 2,207275 0,000318
supervisory 2,525729 0,000364
supply 1,171183 0,001856
support 0,198451 0,000086
supported 0,634878 0,000091
supports 0,867501 0,000125
suppression 3,912023 0,000563
sure 2,040221 0,000588
surety 3,218876 0,000464
surfer 3,506558 0,000505
surrounding 1,832581 0,000264
surroundings 3,912023 0,000563
surveillance 1,560648 0,000225
susan 2,120264 0,000305
sustained 2,813411 0,000405
sustaining 3,912023 0,000563
sweeps 3,912023 0,000563
swift 1,386294 0,000200
swiss 2,040221 0,000294
sycara 2,995732 0,000431
syndicate 3,218876 0,000464
syndrome 2,813411 0,000405
syngress 2,659260 0,000383
system 0,030459 0,000039
systematic 1,427116 0,000206
systematical 3,912023 0,000563
systemic 2,120264 0,000305
systems 0,061875 0,000178
szakos 3,912023 0,000563
table -0,009950 -0,000004
tagout 3,912023 0,000563
tail 2,659260 0,000383
tailed 3,218876 0,000464
takaful 3,506558 0,000505
take 0,527633 0,000152
takeoff 3,218876 0,000464
taking 0,967584 0,000139
talent 2,813411 0,000405
target 0,673345 0,000291
targeted 1,714798 0,000247
targets 1,272966 0,000367
tasks 0,798508 0,000115
tax 1,560648 0,000225
taxonomy 2,525729 0,001819
taylor 1,203973 0,000347
tclee 3,912023 0,000563
team 0,776529 0,000447
teams 1,469676 0,000212
technical 0,478036 0,000138
technically 2,407946 0,000694
technique 0,994252 0,000430
techniques 0,544727 0,000549
technological 1,427116 0,000206
technologies 0,562119 0,000081
technology 0,186330 0,000295
tekla 3,912023 0,000563
template 0,328504 0,000047
templates 2,659260 0,000766
tennis 3,506558 0,000505
term 0,223144 0,000257
terminology 1,309333 0,000189
terms -0,009950 -0,000010
terrorism 2,407946 0,000347
test 0,673345 0,000194
text -0,009950 -0,000003
theft 1,966113 0,000283
theories 1,469676 0,000212
theory 0,400478 0,000173
therapist 3,912023 0,000563
thereby 1,309333 0,000566
therefore 0,478036 0,000413
third 0,356675 0,000257
threat 1,514128 0,003053
threats 1,771957 0,003318
three 0,287682 0,000083
throughout 1,078810 0,000311
thus 0,328504 0,000237
tidswell 3,912023 0,000563
tie 2,813411 0,000810
tied 2,120264 0,000305
ties 2,813411 0,000405
time 0,010050 0,000003
tinadanskdeutscheesti 1,309333 0,000189
tinnitus 3,912023 0,000563
title -0,009950 -0,000007
titled 1,966113 0,000283
together 0,579818 0,000084
toggle -0,009950 -0,000009
toilet 3,218876 0,000464
tolerable 3,506558 0,000505
tolerance 1,514128 0,000654
tools -0,009950 -0,000019
top -0,009950 -0,000003
topic -0,009950 -0,000001
topics 0,653926 0,000094
tort 3,218876 0,000464
total 0,673345 0,000291
touching 3,218876 0,000464
toward 1,108663 0,000160
toxic 2,302585 0,000663
toxicity 3,506558 0,000505
toxicology 3,912023 0,000563
traceability 2,995732 0,000431
tracking 1,237874 0,000535
trade 1,139434 0,001477
trademark -0,009950 -0,000001
traders 2,302585 0,000332
trading 1,609438 0,000232
tradition 2,659260 0,000383
traditional 0,544727 0,000157
traffic 1,272966 0,000733
training 1,078810 0,000311
transatlantic 3,912023 0,000563
transfer 0,693147 0,000899
transferred 1,660731 0,000718
transferring 1,609438 0,000232
transparency 1,560648 0,000225
transparent 1,966113 0,000283
transport 1,203973 0,000173
travel 1,832581 0,003431
traveler 3,912023 0,000563
travelers 2,995732 0,000863
travelling 3,506558 0,001010
treating 2,659260 0,000383
treatment 1,897120 0,000273
treatments 2,302585 0,000663
tree 0,843970 0,000486
trends 1,021651 0,000294
tricky 3,912023 0,000563
trigger 1,897120 0,000273
triggered 2,302585 0,000332
triggers 2,525729 0,000364
troms 3,912023 0,000563
true 0,776529 0,000112
trumper 3,912023 0,001127
tsunamis 3,912023 0,000563
tuition 3,506558 0,000505
tunnel 2,813411 0,000405
tunnels 2,659260 0,000383
turnpike 3,912023 0,000563
turnpikes 3,912023 0,000563
two 0,083382 0,000060
type 0,150823 0,000087
types 0,198451 0,000114
typical 1,139434 0,000328
typically 0,223144 0,000096
tyranny 3,218876 0,000464
udc 3,506558 0,001010
uiaa 3,912023 0,001127
umbrella 2,407946 0,000347
uncertain 2,407946 0,000694
uncertainties 2,995732 0,000431
uncertainty 1,237874 0,001070
under -0,009950 -0,000006
underestimate 3,218876 0,000464
underinsurance 3,506558 0,000505
understand 1,139434 0,000328
understanding 0,562119 0,000243
underwriting 2,995732 0,000431
undesired 3,218876 0,000464
unido 3,506558 0,000505
union 1,021651 0,000589
unique 0,916291 0,000132
united 0,527633 0,000456
unitised 3,506558 0,000505
units 1,309333 0,000189
universal 0,994252 0,000430
university 0,186330 0,000081
unknown 1,171183 0,000169
unlikely 2,040221 0,000294
unpredictable 2,813411 0,001216
unsourced 0,446287 0,000193
unsustainable 3,218876 0,000464
unwanted 2,407946 0,000694
updated 0,867501 0,000250
upfront 3,218876 0,000464
upon 0,673345 0,000194
urldownload -0,009950 -0,000001
usa 1,427116 0,000206
usage 0,597837 0,000086
use -0,009950 -0,000017
used -0,009950 -0,000017
uses 0,094311 0,000041
using -0,009950 -0,000009
usually 0,223144 0,000096
utc -0,009950 -0,000001
vague 1,714798 0,000247
valid 1,272966 0,000367
validation 1,237874 0,000535
valuable 2,207275 0,000318
valuation 2,120264 0,000305
value 0,301105 0,000564
values 0,597837 0,000086
vanmarcke 3,912023 0,000563
var 1,966113 0,000283
variable 0,843970 0,000122
variance 1,714798 0,000247
variety 0,653926 0,000188
various 0,223144 0,000225
vary 1,049822 0,000151
vehicle 1,609438 0,000695
veloso 3,218876 0,000464
venture 1,832581 0,000264
ventures 2,813411 0,000405
verification 0,733969 0,000317
version -0,009950 -0,000003
versus 1,347074 0,000582
via 0,186330 0,000054
viable 2,813411 0,000405
vid 3,912023 0,000563
vienna 2,659260 0,000766
view -0,009950 -0,000004
virine 3,912023 0,001127
virus 2,407946 0,000347
viruses 2,407946 0,000347
vitro 3,506558 0,001010
vocabulary 2,302585 0,000995
von 1,469676 0,000212
vteieee 3,912023 0,000563
vteinsurancetypes 3,506558 0,000505
vteoccupational 3,912023 0,000563
vterisk 3,506558 0,000505
vtesystems 3,218876 0,000464
vulnerability 1,609438 0,001391
waltham 3,506558 0,001010
war 1,272966 0,000733
warfield 2,995732 0,000431
warning 1,714798 0,000247
warranty 2,659260 0,000383
washington 1,049822 0,000151
wasted 3,218876 0,000464
wastewater 3,506558 0,000505
water 1,771957 0,000255
way 0,198451 0,000029
wayback 0,478036 0,000207
ways 0,446287 0,000129
weadapt 3,912023 0,000563
weather 1,966113 0,000566
webarchive 1,021651 0,000147
weighs 3,912023 0,000563
well 0,051293 0,000044
wellington 3,218876 0,000464
wernher 3,218876 0,000464
what -0,009950 -0,000006
whereas 1,049822 0,000302
whereby 1,897120 0,000273
whether 0,400478 0,000115
which 0,000000 0,000000
while 0,051293 0,000022
who 0,301105 0,000217
whole 0,916291 0,000396
whom 2,120264 0,000305
whose 0,776529 0,000224
widely 0,342490 0,000148
widened 3,912023 0,000563
wigig 3,912023 0,000563
wikidata 0,562119 0,000081
wikidataarticles 1,171183 0,000169
wikimedia -0,009950 -0,000003
wikipedia -0,009950 -0,000011
wikipediacontact -0,009950 -0,000001
wikiversitydata 2,302585 0,000332
wild 2,525729 0,001819
wilderness 3,912023 0,005071
wildness 3,912023 0,000563
wiley 0,562119 0,000243
wimax 3,912023 0,000563
wished 3,218876 0,000464
withdraw 2,813411 0,000405
withdrawing 3,506558 0,000505
within 0,116534 0,000050
without 0,094311 0,000054
witt 3,218876 0,000927
wolt 3,218876 0,000464
woodhead 3,912023 0,000563
work 0,127833 0,000110
worker 1,714798 0,000494
workers 1,832581 0,000792
working 0,478036 0,000138
workplace 2,525729 0,001455
world 0,139262 0,000060
worry 3,218876 0,000464
writer 1,714798 0,000247
www 0,356675 0,000205
xalibu 3,912023 0,000563
yang 1,966113 0,000283
yasmine 3,506558 0,000505
years 0,274437 0,000079
yemen 3,506558 0,001010
zealand 2,302585 0,001327
zigbee 3,506558 0,000505
