ability 0,616186 0,000117
aboard 3,912023 0,000745
acad 3,506558 0,000668
academia 2,120264 0,000404
academic 0,755023 0,000575
academics 2,302585 0,000438
accenture 2,995732 0,000570
access 0,287682 0,000219
according 0,301105 0,000344
accordingly 2,120264 0,000404
account -0,009950 -0,000008
accounting 1,386294 0,000264
accounts 1,171183 0,000223
accurately 1,771957 0,000337
achieve 0,843970 0,000161
achieved 1,049822 0,000200
acquiring 2,207275 0,000420
acquisition 1,427116 0,000272
actions -0,009950 -0,000002
activities 1,171183 0,003345
activity 0,867501 0,000826
acts 1,714798 0,000653
actually 1,108663 0,000422
adapting 2,995732 0,000570
add -0,009950 -0,000002
added 0,415515 0,000158
adding 0,597837 0,000569
addition 0,371064 0,000071
additional -0,009950 -0,000008
addressed 1,272966 0,000242
adhocracy 3,218876 0,000613
adjusts 3,218876 0,000613
administration 1,237874 0,000943
advance 1,609438 0,000919
advanced 0,430783 0,000164
advantage 0,941609 0,000359
advertising 1,609438 0,000306
african 2,040221 0,000388
again 1,078810 0,000205
against 0,462035 0,000088
agencies 1,660731 0,000316
agent 0,994252 0,000189
agents 1,309333 0,000249
ages 2,302585 0,000438
aggregates 3,506558 0,000668
agrawal 3,218876 0,000613
agree -0,009950 -0,000002
agv 3,912023 0,000745
ahead 1,427116 0,000272
ahmed 2,040221 0,000388
aid 1,237874 0,000471
aimed 1,609438 0,000306
aims 1,171183 0,000446
air 1,714798 0,001306
aircraft 2,120264 0,001615
airline 3,218876 0,000613
airplanes 2,995732 0,000570
airport 2,659260 0,001013
aise 3,912023 0,000745
aisgalego 1,309333 0,000249
alessandra 3,506558 0,000668
alexander 1,237874 0,000943
algebra 1,560648 0,000297
allentown 3,912023 0,000745
alliance 2,040221 0,000388
alliances 2,813411 0,001607
allocation 1,347074 0,000256
allows 0,248461 0,000095
along 0,462035 0,000176
alternatives 1,609438 0,000613
although 0,287682 0,000219
amaze 3,912023 0,000745
ambiguous 1,560648 0,000594
american 0,446287 0,000255
ammunition 3,506558 0,002003
among 0,356675 0,000272
amount 0,616186 0,000117
amp -0,009950 -0,000025
analysis 0,186330 0,000035
analytic 2,120264 0,000404
analytique 3,506558 0,002003
analyze 1,469676 0,000560
analyzing 1,347074 0,000256
ancient 1,660731 0,000949
andersen 3,506558 0,000668
andreas 1,771957 0,000337
anglo 3,506558 0,000668
animals 2,302585 0,000877
annotated 1,771957 0,000337
anorganizationon 3,218876 0,000613
another 0,127833 0,000049
antenna 3,506558 0,000668
anticipated 2,207275 0,000420
antoine 2,813411 0,000536
any 0,083382 0,000032
anywhere 1,560648 0,000297
aog 3,912023 0,000745
apart 1,966113 0,000374
appearance -0,009950 -0,000004
appears 1,427116 0,000815
application 0,127833 0,000024
apply -0,009950 -0,000002
applying 1,469676 0,000280
approaches 0,733969 0,000140
april 0,072571 0,000041
architecture 0,462035 0,000088
archived 0,040822 0,000047
area 0,776529 0,000444
areas 0,755023 0,000431
arises 2,813411 0,000536
arm 1,714798 0,000653
armaments 3,506558 0,000668
armed 3,218876 0,001839
army 2,207275 0,005464
around 0,356675 0,000068
arranging 3,912023 0,000745
array 1,021651 0,000195
arriv 3,912023 0,000745
arrival 2,525729 0,000962
arriving 2,659260 0,000506
art 0,713350 0,000815
article 0,040822 0,000031
articleabout -0,009950 -0,000002
articles 0,020203 0,000054
articletalk -0,009950 -0,000002
aspect 1,386294 0,000264
aspects 0,776529 0,000148
asrs 3,912023 0,000745
assembled 2,659260 0,001013
assembles 3,506558 0,000668
assembling 2,995732 0,000570
assembly 1,139434 0,000651
asset 1,386294 0,000264
assets 1,347074 0,000513
association 0,634878 0,000484
associations 2,302585 0,000438
assure 2,995732 0,000570
assurer 3,912023 0,000745
asturianuaz 1,427116 0,000272
attempts 0,916291 0,000174
attention 1,203973 0,000229
attested 3,912023 0,000745
attributed 1,832581 0,000349
attribution -0,009950 -0,000002
august 0,162519 0,000093
australia 1,309333 0,000748
authority 0,083382 0,000032
automated 0,776529 0,000887
automatic 1,078810 0,000822
automatically 0,653926 0,000249
automation 1,237874 0,001178
automotive 1,897120 0,000361
autonomous 1,609438 0,000306
autonomy 2,302585 0,000438
autrefois 3,912023 0,000745
aux 3,218876 0,000613
availability 1,469676 0,001119
available -0,009950 -0,000004
avais 3,912023 0,000745
avec 3,218876 0,001226
aviation 2,525729 0,000481
avl 2,995732 0,000570
avss 3,912023 0,000745
axis 2,302585 0,000438
ayrault 3,912023 0,000745
bachelor 2,525729 0,000962
backward 1,897120 0,000361
bahasa 0,186330 0,000035
ballou 3,912023 0,000745
bank 1,108663 0,000211
bar 1,609438 0,000919
barcode 3,506558 0,000668
baron 3,218876 0,000613
barriers 2,207275 0,000420
bars 2,813411 0,000536
base 0,755023 0,000288
based 0,010050 0,000019
basic 0,235722 0,000180
basics 1,897120 0,000361
batch 1,897120 0,000361
battle 1,897120 0,000361
baziotopoulos 3,506558 0,000668
beams 3,506558 0,000668
because 0,127833 0,000049
become 0,510826 0,000195
becoming 1,108663 0,000211
beforehand 2,995732 0,000570
behavior 0,462035 0,000088
beijing 2,813411 0,001071
believing 3,506558 0,000668
belt 2,525729 0,000481
belts 3,218876 0,000613
ben 1,309333 0,000249
bending 3,506558 0,000668
benefit 1,386294 0,000792
benefited 2,813411 0,000536
benefiting 3,506558 0,000668
berlin 1,469676 0,000560
besides 1,832581 0,000698
best 0,462035 0,000088
bibcode 0,693147 0,000132
bidgoil 3,912023 0,000745
bien 3,912023 0,001490
bilateral 3,218876 0,000613
bill 0,941609 0,000179
bixby 3,506558 0,000668
black 1,203973 0,000229
blanchard 2,525729 0,000481
blockchain 1,660731 0,000316
board 0,916291 0,000174
boats 2,995732 0,000570
bodies 1,660731 0,000949
bokm 0,127833 0,000024
books 0,544727 0,000104
borrowed 2,302585 0,000438
boss 3,218876 0,000613
bowersox 3,506558 0,000668
bozutti 3,912023 0,000745
branch 1,309333 0,000499
branches 1,427116 0,000272
brand 1,832581 0,000349
brands 2,407946 0,000458
brian 1,108663 0,000211
brien 2,995732 0,000570
bring 1,560648 0,000297
bringing 2,040221 0,000388
british 1,203973 0,000229
broad 1,203973 0,000917
broader 1,309333 0,000249
broken 1,660731 0,000316
broker 2,207275 0,000420
bucket 2,995732 0,000570
bueno 3,912023 0,000745
build 0,673345 0,000128
building 0,415515 0,000237
burma 3,912023 0,000745
bush 2,407946 0,000458
business 0,301105 0,001433
businesses 1,469676 0,000280
businesspress 3,912023 0,000745
buy 1,514128 0,000288
buyers 2,040221 0,000388
buying 1,660731 0,000632
bvl 3,912023 0,000745
cahill 3,506558 0,000668
california 1,021651 0,000584
call 0,733969 0,000140
called 0,040822 0,000039
came 1,078810 0,000205
canada 1,427116 0,000272
canadian 1,714798 0,000653
cantilever 3,912023 0,000745
capabilities 0,891598 0,000340
capability 1,309333 0,000249
capacity 1,237874 0,001414
capital 1,237874 0,000707
capo 3,912023 0,000745
capture 1,272966 0,000242
captured 1,714798 0,000327
capturing 2,302585 0,000438
car 1,386294 0,000264
card 1,272966 0,000242
career 2,407946 0,000458
cargo 2,407946 0,003209
carl 1,771957 0,000337
carousel 3,912023 0,000745
carried 1,514128 0,000288
carrier 2,120264 0,001615
carry 1,469676 0,000280
cart 3,218876 0,000613
carthaginians 3,912023 0,000745
carts 3,218876 0,001226
case 0,139262 0,000053
catal 0,094311 0,000018
categorical 1,771957 0,000337
categories -0,009950 -0,000008
category 0,116534 0,000022
cell 1,609438 0,000306
cells 2,207275 0,000420
center 0,562119 0,000428
centers 1,427116 0,001359
central 0,510826 0,000389
centre 1,771957 0,000337
certification 1,660731 0,000316
certified 1,966113 0,000749
cessaires 3,912023 0,000745
chain 1,049822 0,006796
chains 1,771957 0,001012
chal 3,912023 0,001490
challenged 1,309333 0,000249
chamber 3,218876 0,000613
chambray 3,912023 0,002235
change 0,261365 0,000100
changesupload -0,009950 -0,000004
changing 0,820981 0,000313
channels 1,897120 0,000722
characteristic 1,560648 0,000297
characteristics 1,139434 0,000217
characterized 1,660731 0,000632
charge 1,609438 0,000306
charter 2,407946 0,000458
chartered 2,407946 0,003668
checked 1,514128 0,000288
china 0,967584 0,000184
chip 1,469676 0,000280
chooses 3,506558 0,000668
choosing 1,832581 0,000349
christopher 1,139434 0,000217
cid 0,356675 0,000136
cilt 3,912023 0,002979
cilta 3,912023 0,001490
cilthk 3,912023 0,001490
cis 3,218876 0,000613
citation 0,415515 0,000316
citations 0,916291 0,000523
civil 1,427116 0,000543
civilizations 2,995732 0,000570
claim 1,347074 0,000256
claims 1,386294 0,000264
class 0,616186 0,000469
classes 0,967584 0,000553
classification 1,049822 0,000400
clerking 3,912023 0,000745
clients 1,139434 0,000217
closely 1,237874 0,000236
closs 3,506558 0,000668
clothing 2,813411 0,000536
cloutier 3,912023 0,000745
clunky 3,912023 0,000745
coast 2,302585 0,000438
code -0,009950 -0,000008
codes 1,660731 0,000316
cognate 3,912023 0,000745
coined 1,514128 0,000288
collaboration 1,272966 0,000242
collaborative 1,714798 0,000327
collecting 2,302585 0,000438
collection 0,527633 0,000100
collective 1,771957 0,000337
colonization 3,506558 0,000668
colonnes 3,912023 0,000745
columns 2,407946 0,000458
com 0,150823 0,000057
combinaisons 3,912023 0,001490
combinations 1,897120 0,000361
combine 1,469676 0,000280
combined 0,798508 0,000304
combiner 3,506558 0,000668
combines 1,714798 0,000327
combining 1,560648 0,000594
come 0,867501 0,000330
coming 1,203973 0,000229
commerce 1,021651 0,000778
commercial 0,653926 0,000249
commitment 1,832581 0,000349
commodity 1,660731 0,000316
common 0,072571 0,000041
commonly 0,342490 0,000065
commons -0,009950 -0,000004
commonswikiquotewikidata 2,302585 0,000438
communication 0,616186 0,000235
communications 0,733969 0,000140
community 0,616186 0,000117
companies 0,597837 0,000683
company 0,462035 0,000792
compared 0,634878 0,000363
compensation 2,207275 0,000420
competencies 3,218876 0,000613
competing 1,386294 0,000528
competitive 1,897120 0,000361
complete 0,713350 0,000272
completely 0,941609 0,000179
complex 0,261365 0,000199
complexities 2,525729 0,000481
complexity 0,616186 0,000235
complicated 1,609438 0,000306
complying 3,506558 0,000668
component 0,713350 0,000679
components 0,415515 0,000079
comprehensive 0,941609 0,000179
computer 0,139262 0,000053
computers 0,562119 0,000107
concentrating 3,912023 0,001490
concept 0,415515 0,000237
concern 1,427116 0,000543
concerned 1,237874 0,000707
concerns 1,021651 0,000389
condition 1,609438 0,000613
conduct -0,009950 -0,000002
conducted 1,560648 0,000297
configuration 1,021651 0,001167
configured 1,714798 0,000653
configuring 2,995732 0,000570
conflict 1,514128 0,000288
conforming 2,302585 0,000438
conquest 3,218876 0,000613
conservation 2,659260 0,000506
consider 1,078810 0,000205
considerably 2,525729 0,000962
considerations 1,560648 0,000297
considered 0,400478 0,000153
considering 1,347074 0,000256
consist 1,560648 0,000297
consistent 1,108663 0,000633
consisting 1,469676 0,000280
consists 1,078810 0,000616
consolidate 2,813411 0,000536
consolidated 2,659260 0,000506
consolidating 3,218876 0,000613
consolidation 2,659260 0,003544
constantly 1,966113 0,000374
constraints 1,309333 0,000997
construction 1,049822 0,001399
consultation 2,813411 0,000536
consulting 1,660731 0,000949
consumed 2,659260 0,000506
consumer 1,049822 0,000800
consumers 1,272966 0,000485
consuming 2,120264 0,000404
consumption 1,139434 0,003037
contact -0,009950 -0,000002
contacts -0,009950 -0,000002
contain 0,693147 0,000396
container 1,660731 0,000316
containerization 2,995732 0,000570
containers 2,040221 0,000777
containing 0,579818 0,000331
content -0,009950 -0,000002
contents -0,009950 -0,000006
continues 1,469676 0,000280
contract 1,272966 0,000485
contractor 2,995732 0,000570
contradictory 3,506558 0,000668
contribute -0,009950 -0,000002
control 0,020203 0,000038
controlling 1,427116 0,000543
controls 1,078810 0,000205
converted 1,897120 0,000361
conveyor 3,218876 0,002452
cookie -0,009950 -0,000002
cooper 2,525729 0,000481
cooperation 1,897120 0,000361
cooperations 3,912023 0,000745
coordinate 1,897120 0,000361
coordinates 2,407946 0,000458
coordination 2,040221 0,000388
cope 2,995732 0,000570
core 0,597837 0,000114
corporate 1,078810 0,000205
corps 2,659260 0,000506
correct 1,386294 0,000264
cosmetics 3,218876 0,000613
cost 0,478036 0,000728
costa 2,995732 0,000570
costs 0,994252 0,001325
council 1,427116 0,001087
counterweight 3,912023 0,000745
countries 0,994252 0,000379
country 1,171183 0,000446
county 2,813411 0,000536
couriers 3,912023 0,000745
court 1,469676 0,000280
cover 1,203973 0,000229
covering 2,207275 0,000420
cozzolino 3,912023 0,000745
cranes 3,912023 0,000745
create -0,009950 -0,000008
creates 1,309333 0,000499
createspace 3,506558 0,000668
creating 0,562119 0,000107
creation 0,693147 0,000264
creative -0,009950 -0,000002
credited 2,120264 0,000404
crisis 1,347074 0,000256
critical 0,653926 0,000249
criticized 1,469676 0,000280
cross 0,562119 0,000321
crucial 1,386294 0,000264
cscmp 3,506558 0,000668
cultural 1,427116 0,000272
current 0,385662 0,000073
cusl 3,912023 0,000745
custom 1,171183 0,000223
customer 1,139434 0,002820
customers 1,078810 0,001232
customized 2,120264 0,000404
customs 2,995732 0,000570
cybernetics 2,040221 0,000388
cycles 1,771957 0,000337
dans 3,506558 0,001335
data 0,030459 0,000029
databases 0,127833 0,000024
dates 0,430783 0,000164
david 0,385662 0,000147
deal 1,171183 0,000223
deals 1,660731 0,001265
december 0,061875 0,000024
decide 1,714798 0,000327
decides 2,525729 0,000481
deciding 2,525729 0,000481
decimal 1,897120 0,000361
decision 0,494296 0,000376
decisions 1,078810 0,001232
dedicated 1,347074 0,000769
defeat 3,218876 0,001226
defense 1,609438 0,000306
defenseless 3,912023 0,000745
defined 0,248461 0,000189
defines 0,776529 0,000444
definition 0,342490 0,000326
degrees 1,560648 0,000594
delay 2,120264 0,000807
delayed 2,207275 0,000420
deliver 1,514128 0,000288
deliveries 2,995732 0,001141
delivery 1,347074 0,002052
demand 1,049822 0,001199
demands 2,120264 0,001211
denote 2,302585 0,000438
denotes 2,302585 0,000438
denver 3,218876 0,000613
depalletizing 3,912023 0,000745
department 0,941609 0,000179
departure 2,995732 0,000570
dependent 1,021651 0,000195
depending 0,673345 0,000128
depends 0,994252 0,000189
deploy 2,302585 0,000438
deposit 1,966113 0,000374
depot 3,218876 0,000613
derive 1,966113 0,000374
derived 0,891598 0,000340
des 2,040221 0,004273
described 0,430783 0,000082
describes 0,820981 0,000313
description -0,009950 -0,000002
descriptions 1,771957 0,001687
descriptionshort 0,000000 0,000000
design 0,127833 0,000097
designate 2,813411 0,000536
designed 0,261365 0,000050
designing 1,309333 0,000499
despite 1,021651 0,000195
destination 2,813411 0,001071
destinations 3,506558 0,000668
detailed 1,272966 0,000485
details 0,916291 0,000174
deterioration 3,506558 0,000668
determining 1,272966 0,000242
devastating 2,995732 0,000570
developed 0,127833 0,000049
developers -0,009950 -0,000002
developing 0,673345 0,000128
development 0,083382 0,000064
dictionaries 2,040221 0,000388
dictionary 0,673345 0,000385
dictionnaire 3,912023 0,000745
differ 1,660731 0,000632
differences 0,967584 0,000184
different 0,020203 0,000035
digital 0,400478 0,000229
digitalization 3,218876 0,000613
dimensioning 3,912023 0,001490
dimensions 1,897120 0,000722
direct 0,597837 0,000114
directly 0,415515 0,000316
director 2,207275 0,000420
disadvantage 2,525729 0,000481
disambiguation 1,049822 0,000200
disaster 2,040221 0,000388
disbursed 3,912023 0,000745
discipline 1,427116 0,000272
disclaimers -0,009950 -0,000002
discount 2,407946 0,000458
dispensers 3,912023 0,001490
display 1,171183 0,000223
displaying 1,966113 0,001872
disposal 3,218876 0,003064
disrupting 2,813411 0,000536
distance 1,560648 0,000297
distances 2,659260 0,001519
distinct 0,916291 0,000174
distinction 1,272966 0,000485
distribute 1,832581 0,000349
distributed 0,478036 0,000364
distribution 0,634878 0,004110
divided 1,309333 0,000249
division 1,386294 0,000264
dmy 0,994252 0,000189
docking 3,506558 0,001335
doctor 2,813411 0,000536
document 0,673345 0,000128
documents 1,078810 0,000205
dodge 2,813411 0,000536
doi 0,162519 0,000186
dolinskaya 3,912023 0,000745
dollars 1,832581 0,000349
donald 1,347074 0,001026
donate -0,009950 -0,000004
done 0,653926 0,000374
donkeys 3,912023 0,000745
donors 2,995732 0,000570
door 2,207275 0,000841
dordrecht 3,218876 0,000613
down 0,597837 0,000341
download -0,009950 -0,000002
drive 1,309333 0,000249
drivers 1,469676 0,000280
driving 1,714798 0,000327
drp 3,912023 0,000745
drucker 3,218876 0,000613
dubious 3,218876 0,000613
due 0,261365 0,000149
duke 2,813411 0,001071
dutch 2,120264 0,000404
earl 2,995732 0,000570
earned 2,659260 0,000506
easily 0,843970 0,000161
east 1,714798 0,000327
ecological 2,120264 0,000404
economic 0,843970 0,000482
economics 0,867501 0,000330
edible 3,912023 0,000745
edit -0,009950 -0,000045
editcommunity -0,009950 -0,000002
edited -0,009950 -0,000002
edition 0,579818 0,000221
edu 1,108663 0,000211
education 0,579818 0,000221
edufscar 3,912023 0,000745
edumaritime 3,912023 0,002235
effective 0,994252 0,001136
effectiveness 1,427116 0,000543
efficiencies 2,525729 0,000481
efficiency 0,673345 0,000769
efficient 0,494296 0,000565
either 0,248461 0,000331
electronic 0,634878 0,000121
element 1,021651 0,000195
eliyahu 2,813411 0,000536
ellram 3,506558 0,000668
embracing 2,659260 0,000506
emerged 1,139434 0,000217
emergency 2,120264 0,001615
emerging 1,139434 0,000434
emploie 3,912023 0,000745
employ 1,347074 0,000513
employed 1,272966 0,000242
employing 2,120264 0,000404
encompasses 2,120264 0,000404
encompassing 2,525729 0,000481
encore 3,912023 0,000745
encyclopedia -0,009950 -0,000002
end 0,261365 0,000100
enduring 3,506558 0,000668
enemy 2,525729 0,000481
energy 0,891598 0,000170
enforce 2,040221 0,000388
engels 3,912023 0,001490
engineering 0,198451 0,000189
engineeringhidden 3,912023 0,000745
england 1,469676 0,000280
english -0,009950 -0,000008
englishsloven 0,510826 0,000097
enhancing 1,966113 0,000374
enlisting 3,912023 0,000745
enom 3,912023 0,000745
ensure 0,994252 0,000379
enterprise 0,510826 0,000195
entire 0,755023 0,000144
entrepreneur 2,995732 0,000570
entrepreneurship 2,659260 0,000506
environmental 1,049822 0,000200
epicenter 3,912023 0,001490
equal 1,347074 0,000513
equipment 1,203973 0,001375
equipped 2,407946 0,000458
erp 2,813411 0,000536
esame 3,912023 0,000745
esercitazioni 3,912023 0,000745
espa 0,210721 0,000040
especially 0,415515 0,000158
essential 0,941609 0,000179
essentially 1,514128 0,000288
est 2,995732 0,000570
establish 1,714798 0,000327
established 0,916291 0,000349
etc 0,562119 0,000214
etymology 2,040221 0,001165
evaluate 1,771957 0,000337
even 0,235722 0,000090
event 0,843970 0,000161
events 0,634878 0,000121
eventsrandom -0,009950 -0,000002
evidence 1,309333 0,000249
evolved 1,560648 0,000594
example 0,030459 0,000041
examples 0,328504 0,000063
except 1,171183 0,000223
exchange 0,693147 0,000132
exchanged 1,771957 0,000337
execute 1,514128 0,000288
executive 1,347074 0,000513
existing 0,673345 0,000641
expanded 1,203973 0,000229
expandedarticles 2,995732 0,000570
expansion 1,386294 0,000264
expected 0,693147 0,000132
expedition 3,506558 0,000668
expensive 1,560648 0,000297
expiration 2,659260 0,000506
explains 2,120264 0,000404
exploitable 2,995732 0,001141
export -0,009950 -0,000002
extending 1,714798 0,000327
external 0,030459 0,000035
externalization 3,912023 0,000745
facilities 1,171183 0,000669
facility 1,660731 0,001581
fact 0,755023 0,000144
factor 0,867501 0,000165
factories 2,525729 0,000481
factors 1,021651 0,000584
factory 1,966113 0,001123
fad 2,407946 0,000458
failure 1,139434 0,000217
failures 1,832581 0,000349
faire 3,912023 0,000745
fait 3,912023 0,000745
families 1,966113 0,001123
family 1,078810 0,000205
february 0,061875 0,000024
field 0,527633 0,000703
fields 0,713350 0,000272
fighting 2,659260 0,000506
filepermanent -0,009950 -0,000002
filespecial -0,009950 -0,000002
final 0,916291 0,000349
financial 0,776529 0,000296
find 0,544727 0,000104
finished 1,966113 0,001872
finland 2,407946 0,000458
finnish 2,813411 0,000536
firm 1,560648 0,000297
firms 1,514128 0,000288
first 0,020203 0,000015
five 0,776529 0,000444
fixed 0,494296 0,000094
flat 2,207275 0,000420
flea 3,912023 0,000745
fleet 2,659260 0,002532
floods 3,218876 0,000613
floor 2,207275 0,000420
flow 0,510826 0,001070
flower 2,995732 0,000570
flows 1,714798 0,000653
focus 0,755023 0,000719
followed 0,733969 0,000140
following 0,210721 0,000160
follows 0,891598 0,000170
food 1,609438 0,000919
force 0,867501 0,000496
forces 1,560648 0,001189
forecast 1,771957 0,000337
forecasting 1,469676 0,000280
fork 1,386294 0,000264
forklift 3,912023 0,001490
form 0,162519 0,000062
formation 2,040221 0,000388
formerly 1,309333 0,000249
forms 0,562119 0,000107
forum 1,347074 0,000256
forward 1,021651 0,000973
forwarder 3,506558 0,001335
forwarders 3,912023 0,001490
forwards 2,525729 0,000481
found 0,385662 0,000073
foundation -0,009950 -0,000004
fourth 1,560648 0,000594
fran 0,223144 0,000085
franchisers 3,912023 0,000745
frank 1,309333 0,000249
free -0,009950 -0,000002
freedom 1,609438 0,000306
freight 3,218876 0,005516
french 1,386294 0,002376
frequency 1,078810 0,000616
fruition 3,218876 0,000613
fuel 2,120264 0,001615
fulfillment 2,995732 0,001711
full 0,371064 0,000071
fully 0,616186 0,000117
function 0,210721 0,000160
functionality 0,843970 0,000161
functioning 2,525729 0,000481
functionings 3,912023 0,000745
functions 0,356675 0,000204
fundamentally 1,832581 0,000349
fundamentals 1,309333 0,000499
further 0,139262 0,000133
furthermore 1,272966 0,000242
future 0,274437 0,000105
gap 1,609438 0,000306
garbage 1,832581 0,000349
gathering 2,120264 0,000404
gazette 3,506558 0,000668
general -0,009950 -0,000011
generally 0,287682 0,000110
geniuses 3,912023 0,000745
geographic 1,203973 0,000458
george 0,916291 0,000174
georges 3,218876 0,000613
germany 1,560648 0,000594
get 0,733969 0,000140
ghiani 3,506558 0,000668
gianpaolo 3,506558 0,000668
gil 2,813411 0,000536
gilbert 2,302585 0,000438
give 0,843970 0,000161
given 0,261365 0,000100
global 0,478036 0,000728
globalized 3,218876 0,000613
glossary 0,891598 0,000170
going 1,272966 0,000242
goldratt 2,995732 0,000570
goldsby 3,912023 0,000745
good 0,733969 0,000140
goods 1,771957 0,007085
gordan 3,912023 0,000745
governance 1,309333 0,000499
government 0,755023 0,000144
governmental 2,207275 0,000420
governments 1,386294 0,000264
grandes 3,912023 0,001490
granite 2,525729 0,000481
graphical 1,386294 0,000264
gravity 3,218876 0,000613
great 0,941609 0,000538
greater 0,755023 0,000144
greatly 1,427116 0,000272
greek 1,966113 0,002246
green 0,994252 0,000189
ground 1,771957 0,000337
grounded 2,813411 0,000536
group 0,301105 0,000057
grouped 2,120264 0,000404
groups 0,891598 0,000170
growth 0,755023 0,000144
guerre 3,506558 0,002003
guided 2,407946 0,000458
gulf 2,995732 0,000570
haired 3,218876 0,000613
hall 0,653926 0,000249
hamburg 3,506558 0,000668
hampshire 2,995732 0,000570
hand 0,733969 0,000280
handbook 0,941609 0,000359
handfield 3,506558 0,000668
handicrafts 3,912023 0,000745
handler 2,407946 0,000917
handlers 2,995732 0,002852
handles 2,040221 0,000777
handling 0,798508 0,001520
hannibal 3,912023 0,002235
hanoi 3,506558 0,000668
hans 2,120264 0,000404
having 0,579818 0,000442
hdl 1,049822 0,000200
health 0,994252 0,000568
healthcare 1,347074 0,000256
heavily 1,203973 0,000229
heavy 1,609438 0,000306
heidelberg 2,207275 0,001261
help 0,248461 0,000142
helplearn -0,009950 -0,000002
hence 1,347074 0,000256
henri 2,813411 0,000536
hererelated -0,009950 -0,000002
hess 3,218876 0,000613
hide -0,009950 -0,000008
high 0,223144 0,000127
higher 0,430783 0,000082
highly 0,867501 0,000165
hill 0,867501 0,000496
histoire 3,912023 0,000745
historical 1,021651 0,000389
history -0,009950 -0,000011
hne 3,506558 0,002003
hoboken 1,897120 0,000361
hofmann 3,912023 0,000745
holding 1,386294 0,000264
holds 1,660731 0,000316
home 0,653926 0,000125
homonym 3,912023 0,000745
hong 2,040221 0,001165
horizontal 2,040221 0,002331
hossein 2,659260 0,000506
hours 1,560648 0,000297
house 0,916291 0,000349
however 0,094311 0,000054
hrvatskiidobahasa 1,203973 0,000229
http 1,021651 0,000389
https -0,009950 -0,000004
hub 2,040221 0,000388
hult 3,506558 0,000668
human 0,579818 0,000110
humanitarian 3,506558 0,003338
hundred 2,120264 0,000404
hurdle 3,912023 0,000745
huston 3,506558 0,000668
hybrid 1,171183 0,000223
hypermarkets 3,912023 0,000745
iaphl 3,912023 0,001490
ict 2,659260 0,000506
ideas 0,891598 0,000170
identification 1,139434 0,000217
identify 0,867501 0,000165
identifying 1,139434 0,000217
ignorant 3,912023 0,000745
ijlm 3,506558 0,000668
ill 2,659260 0,000506
ils 3,506558 0,000668
impact 0,597837 0,000114
implementation 0,328504 0,000063
implementations 0,733969 0,000140
implementing 0,994252 0,000568
implements 1,347074 0,000256
importance 1,171183 0,000223
important 0,287682 0,000219
improve 0,274437 0,000314
improved 0,776529 0,000148
improves 1,832581 0,000349
improving 1,171183 0,000446
ina 0,356675 0,000068
inasloven 0,616186 0,000117
inbound 2,659260 0,002025
inc -0,009950 -0,000004
include 0,061875 0,000141
includes 0,274437 0,000261
including 0,040822 0,000023
incorporates 2,040221 0,000388
incoterms 3,912023 0,001490
increase 0,544727 0,000104
increased 0,820981 0,000156
increases 1,171183 0,000223
increasing 0,916291 0,000174
increasingly 0,776529 0,000148
independence 1,897120 0,000361
independent 0,713350 0,000272
index -0,009950 -0,000008
individual 0,415515 0,000079
indonesiaitaliano 1,237874 0,000236
industrial 0,843970 0,000803
industriale 3,912023 0,000745
industries 1,560648 0,000891
industry 0,527633 0,000402
influenced 1,203973 0,000229
information 0,072571 0,000166
informationcite -0,009950 -0,000002
infrastructure 0,713350 0,000407
initiatives 2,040221 0,000388
inline 1,966113 0,000374
innovation 1,078810 0,000822
inside 0,755023 0,000288
insights 1,427116 0,000272
insignificant 3,218876 0,000613
installing 2,040221 0,000388
instance 0,510826 0,000097
instead 0,301105 0,000115
institute 0,579818 0,001214
institutions 1,171183 0,000892
intangible 3,218876 0,000613
integrated 0,634878 0,000484
integrating 1,560648 0,000297
integrator 3,506558 0,000668
intelligence 0,693147 0,000132
intelligent 1,203973 0,000229
intercontinental 2,995732 0,001141
interim 2,525729 0,000481
intermediaries 2,525729 0,002885
intermediary 2,120264 0,000404
intermodal 3,218876 0,001839
internal 0,634878 0,000363
international 0,139262 0,000133
internationalgndnationalunited 1,108663 0,000211
internationally 2,813411 0,000536
interplay 3,506558 0,000668
interrelated 2,813411 0,000536
intertwined 2,813411 0,000536
interwiki 3,912023 0,000745
introduction 0,261365 0,000249
inventories 2,659260 0,000506
inventory 1,966113 0,007861
investigation 1,609438 0,000306
investment 1,171183 0,000223
involve 1,309333 0,000499
involved 0,916291 0,000174
involves 0,776529 0,000591
involving 1,309333 0,000499
iot 1,714798 0,000327
irina 3,218876 0,000613
isbn 0,051293 0,000049
iso 1,309333 0,000499
ispolskiportugu 1,771957 0,000337
issn 0,478036 0,000091
issue 0,820981 0,000313
issued 1,514128 0,000288
issues 0,527633 0,000201
italian 2,040221 0,000777
item -0,009950 -0,000004
items 1,108663 0,001689
itemspages 3,912023 0,000745
itin 3,912023 0,000745
itinerary 3,912023 0,000745
itself 0,342490 0,000065
james 0,634878 0,000121
jan 1,386294 0,000264
january 0,083382 0,000095
japan 1,309333 0,000249
jeannette 3,218876 0,000613
jersey 1,714798 0,001306
job 1,203973 0,000229
john 0,210721 0,000120
joint 1,171183 0,000446
jomini 3,912023 0,004469
jon 1,514128 0,000288
jones 1,386294 0,000264
journal 0,198451 0,000227
journey 2,120264 0,000807
jretai 3,506558 0,000668
jsis 3,912023 0,000745
jstor 0,843970 0,000161
july 0,127833 0,000073
jump -0,009950 -0,000002
june 0,094311 0,000144
kahn 2,525729 0,000481
keeping 1,427116 0,000543
kekec 3,506558 0,000668
kept 1,560648 0,000297
key 0,356675 0,000136
kingdom 1,514128 0,000577
kirby 3,506558 0,000668
klaus 2,813411 0,000536
knemeyer 3,506558 0,000668
know 0,776529 0,000296
knowledge 0,616186 0,000235
known 0,127833 0,000024
kong 2,040221 0,001165
kozlenkova 3,506558 0,000668
labeling 2,207275 0,000841
lack 0,843970 0,000161
lading 3,912023 0,000745
lambert 3,506558 0,000668
land 1,347074 0,000256
language 0,186330 0,000142
languages -0,009950 -0,000004
laporte 3,506558 0,000668
large 0,127833 0,000097
largest 1,108663 0,000211
laser 2,302585 0,000438
last -0,009950 -0,000004
latter 0,916291 0,000174
latvie 0,994252 0,000189
layout 1,714798 0,000327
lead 0,673345 0,000128
leaders 1,966113 0,000374
leadership 2,207275 0,000841
leading 0,798508 0,000152
lean 2,302585 0,000438
learn 0,494296 0,000188
learning 0,494296 0,000094
led 0,446287 0,000085
legal -0,009950 -0,000006
les 2,525729 0,002405
less 0,430783 0,000164
leur 3,912023 0,002235
leurs 3,912023 0,001490
level 0,116534 0,000422
levels 0,755023 0,000719
license -0,009950 -0,000002
life 0,653926 0,000125
lifecycle 2,120264 0,000404
lifes 3,912023 0,000745
lifo 3,506558 0,000668
like 0,072571 0,000028
likely 0,994252 0,000189
line 0,356675 0,000340
linear 0,916291 0,000174
lines 1,078810 0,000411
link 0,162519 0,000031
linkcommons 2,813411 0,000536
linked 0,941609 0,000179
linkpage -0,009950 -0,000002
links -0,009950 -0,000008
list 0,083382 0,000016
lit 3,912023 0,002235
literature 1,272966 0,000485
litt 3,912023 0,000745
little 0,820981 0,000156
lmuse 3,912023 0,000745
lnorsk 0,653926 0,000125
load 1,347074 0,000513
loading 1,897120 0,001084
loads 2,207275 0,001681
local 0,415515 0,000079
location 0,994252 0,001136
lodge 3,912023 0,000745
lodging 3,912023 0,000745
lodgings 3,912023 0,003724
log -0,009950 -0,000006
logic 0,755023 0,000288
logis 3,912023 0,005959
logisiticians 3,912023 0,000745
logistic 2,659260 0,007595
logistica 3,912023 0,000745
logistical 3,218876 0,005516
logistician 3,506558 0,004006
logisticians 3,912023 0,005959
logistics 1,966113 0,080861
logisticsbusiness 3,912023 0,000745
logistik 3,912023 0,000745
logistika 3,912023 0,000745
logistique 3,912023 0,004469
logjam 3,506558 0,000668
london 0,941609 0,000179
long 0,287682 0,000164
low 0,478036 0,000091
lower 0,776529 0,000444
lowest 1,897120 0,000361
loyalty 3,506558 0,000668
lsp 2,995732 0,001141
luggage 3,912023 0,000745
lund 3,218876 0,000613
lux 0,371064 0,000071
macedonian 3,506558 0,001335
machine 0,083382 0,000048
machinery 1,203973 0,000688
machines 0,776529 0,000148
macmillan 1,660731 0,000316
macromanagement 3,218876 0,000613
made 0,186330 0,000142
magazine 0,776529 0,000296
magyar 1,049822 0,000200
mail 1,427116 0,000272
main -0,009950 -0,000019
mainly 1,021651 0,000195
maintainability 3,218876 0,001226
maintaining 1,171183 0,001338
maintenance 0,843970 0,000161
major 0,314711 0,000300
make 0,235722 0,000090
makes 0,415515 0,000079
making 0,328504 0,000125
mallik 3,912023 0,000745
man 1,139434 0,000651
manage 0,967584 0,000921
managed 1,203973 0,000688
management 0,139262 0,002121
manager 0,994252 0,000189
managerial 2,407946 0,000917
managerialism 3,218876 0,000613
managers 1,427116 0,000272
manages 1,714798 0,000327
managing 1,021651 0,000778
manual 1,237874 0,000707
manually 1,714798 0,000327
manufactured 2,813411 0,000536
manufacturers 1,771957 0,001012
manufacturing 1,469676 0,001679
many 0,061875 0,000047
mar 2,813411 0,001071
march 0,116534 0,000089
marches 3,912023 0,001490
marcus 2,659260 0,000506
marginally 3,912023 0,000745
maritime 2,659260 0,001519
marked 1,139434 0,000651
market 0,616186 0,000352
marketing 0,916291 0,000523
markets 1,139434 0,000434
markup 2,040221 0,000388
marridi 3,912023 0,000745
marshal 3,912023 0,000745
marshall 2,120264 0,000404
mast 3,912023 0,000745
master 1,203973 0,000458
matches 1,021651 0,000195
material 0,867501 0,000826
materials 1,386294 0,003167
mathematical 0,733969 0,000280
mathematics 0,916291 0,000174
maximize 2,120264 0,000404
maximizing 2,813411 0,001071
maximum 1,386294 0,000264
mcginnis 3,912023 0,000745
mcgraw 1,108663 0,000633
meaning 0,544727 0,000311
means 0,198451 0,000227
meanwhile 2,207275 0,000420
measure 0,994252 0,000189
measured 1,021651 0,000195
media 0,139262 0,000027
medical 1,139434 0,000217
meet 0,867501 0,000165
melayu 0,820981 0,000156
members 0,755023 0,000144
memory 0,579818 0,000110
mena 3,218876 0,000613
mentioned 1,560648 0,000297
menu -0,009950 -0,000004
merchandise 2,813411 0,003750
merely 2,207275 0,000420
merri 3,912023 0,000745
message 0,478036 0,000182
method 0,210721 0,000120
methodologies 1,771957 0,000337
methods 0,274437 0,000261
meticulous 3,912023 0,000745
metrics 1,714798 0,001959
mhlnews 3,912023 0,000745
michael 0,400478 0,000153
micromanagement 3,218876 0,000613
middle 1,203973 0,000229
midpoint 3,506558 0,000668
midwestern 3,506558 0,000668
mie 3,506558 0,000668
militaire 3,506558 0,001335
militaires 3,912023 0,002235
militaries 3,218876 0,000613
military 1,469676 0,005876
mine 2,813411 0,000536
mini 1,832581 0,000349
minimal 1,347074 0,000256
minimize 1,514128 0,000288
minimizing 1,966113 0,000749
minimum 1,469676 0,000280
minute 2,302585 0,000438
misra 2,813411 0,000536
misraweb 3,912023 0,000745
missing 0,891598 0,000170
mix 1,660731 0,000316
mobile -0,009950 -0,000002
modal 2,525729 0,000481
model 0,162519 0,000062
modeling 0,867501 0,000330
models 0,527633 0,000100
modern 0,314711 0,000300
modes 1,714798 0,000653
module 1,049822 0,000200
mom 3,506558 0,000668
moment 1,609438 0,000306
monetary 1,609438 0,000613
monitor 1,660731 0,000632
montreal 3,218876 0,001226
morriss 3,912023 0,000745
mostly 0,994252 0,000189
mot 3,912023 0,001490
motivation 2,120264 0,000404
motorcycles 3,912023 0,000745
motorized 3,912023 0,000745
movable 3,218876 0,000613
move -0,009950 -0,000011
moved 1,347074 0,000513
movement 1,427116 0,001087
movements 1,771957 0,000337
moving 0,776529 0,000887
moyens 3,912023 0,000745
mrp 2,995732 0,000570
much 0,400478 0,000076
mules 3,912023 0,001490
multi 0,342490 0,000196
multimodal 2,302585 0,000438
multiple 0,116534 0,000022
murtaza 3,912023 0,000745
museum 1,714798 0,003265
museums 3,506558 0,004006
musmanno 3,506558 0,000668
myslov 3,912023 0,000745
nada 3,506558 0,000668
nakladatelstv 3,912023 0,000745
named 0,820981 0,000156
namely 1,771957 0,001350
namescs 3,218876 0,000613
nancy 2,659260 0,000506
nature 0,597837 0,000114
navigation -0,009950 -0,000002
necessary 0,616186 0,000352
nederlands 0,415515 0,000079
need 0,248461 0,000284
needed 0,210721 0,000361
needing 0,597837 0,000228
needs 0,415515 0,000396
network 0,210721 0,000843
networks 0,446287 0,000340
new 0,010050 0,000021
news 0,446287 0,000255
newspapers 1,427116 0,000272
nix 3,506558 0,000668
node 1,203973 0,000229
nodes 1,108663 0,002111
nomenclature 3,218876 0,001226
nomm 3,912023 0,000745
nommaient 3,912023 0,000745
non -0,009950 -0,000006
normed 3,506558 0,000668
norsk 0,342490 0,000065
north 1,309333 0,000249
notably 1,309333 0,000249
note 0,776529 0,000296
notes 0,415515 0,000079
nouveau 3,912023 0,000745
november 0,150823 0,000086
nulle 3,912023 0,000745
number 0,051293 0,000117
numbers 0,544727 0,000104
numerical 1,021651 0,000195
nyhuis 3,912023 0,000745
nynorskoccitanoromooo 3,506558 0,000668
objectives 1,660731 0,000316
objects 0,544727 0,000207
observation 2,040221 0,000388
obtained 1,171183 0,000223
occasion 3,218876 0,000613
occur 0,916291 0,000174
ocean 2,659260 0,000506
october 0,139262 0,000106
off 0,776529 0,000148
offer 0,820981 0,000313
offered 1,139434 0,000217
offering 0,994252 0,000379
offerings 2,040221 0,000388
office 0,916291 0,000174
officer 1,832581 0,000698
officers 2,813411 0,001071
officiers 3,912023 0,000745
often 0,127833 0,000195
oldid -0,009950 -0,000002
olesperantoeuskara 0,510826 0,000097
oliver 1,660731 0,000316
one 0,010050 0,000017
ones 1,309333 0,000249
online 0,415515 0,000316
operate 1,049822 0,000200
operated 1,660731 0,000316
operation 0,713350 0,000679
operational 1,171183 0,000446
operations 0,301105 0,000459
operatives 3,506558 0,000668
operator 1,139434 0,000651
operators 1,237874 0,000471
opportunities 1,427116 0,000272
opposite 1,897120 0,000361
optimization 0,693147 0,000396
optimize 1,560648 0,000297
optimized 1,714798 0,000327
optimizes 3,218876 0,000613
optimizing 1,469676 0,000280
options 1,108663 0,000211
orchestrator 3,912023 0,000745
orchestrators 3,912023 0,000745
ordepartmentmanagedline 3,218876 0,000613
order 0,094311 0,000305
ordering 1,897120 0,000722
orders 2,120264 0,000404
ordonner 3,912023 0,000745
ordre 3,912023 0,000745
org -0,009950 -0,000002
organisation 2,207275 0,000420
organisations 1,897120 0,000361
organization -0,009950 -0,000013
organizational 1,609438 0,000306
organizations 0,798508 0,001216
organize 2,207275 0,000420
organized 1,469676 0,000839
organizing 1,771957 0,000337
orientation 1,897120 0,000361
origin 1,108663 0,001900
original 0,030459 0,000058
originally 0,820981 0,000313
orrelationship 3,218876 0,000613
others 0,314711 0,000120
out 0,261365 0,000149
outbound 2,995732 0,001711
outline 0,653926 0,000125
outside 0,798508 0,000152
outsourcing 2,407946 0,005043
over 0,094311 0,000126
overall 0,967584 0,000184
overlap 1,832581 0,000349
overseas 2,659260 0,000506
owned 1,660731 0,000632
oxford 0,843970 0,000643
oxidizer 3,912023 0,000745
package 1,078810 0,000411
packages 1,309333 0,000499
packaging 1,771957 0,000337
packing 2,995732 0,001141
page -0,009950 -0,000002
pagecontentscurrent -0,009950 -0,000002
pageget -0,009950 -0,000002
pages -0,009950 -0,000008
pakistan 2,207275 0,000420
palgrave 1,897120 0,000361
pallet 3,912023 0,002979
palletizing 3,506558 0,000668
pallets 3,912023 0,002235
par 2,525729 0,000481
para 3,506558 0,001335
parcels 3,912023 0,000745
part 0,127833 0,000170
partial 1,237874 0,000236
particular 0,301105 0,000172
particularly 0,597837 0,000114
partners 2,302585 0,000877
parts 0,544727 0,000415
party 0,798508 0,001216
path 0,994252 0,000379
paths 1,897120 0,000361
pdf 0,139262 0,000133
pdfprintable -0,009950 -0,000002
peace 2,813411 0,000536
peacetime 3,912023 0,000745
pearson 1,347074 0,000513
peculiar 3,506558 0,000668
peninsula 3,912023 0,001490
pennsylvania 2,813411 0,000536
people 0,356675 0,000272
perception 1,966113 0,000374
perego 3,912023 0,000745
performance 0,261365 0,000199
performed 0,867501 0,000496
peripheral 2,120264 0,001211
persian 3,218876 0,000613
personal -0,009950 -0,000002
personnel 1,966113 0,000374
perspective 0,820981 0,000156
perspectives 1,832581 0,000698
pertaining 3,506558 0,000668
peter 0,494296 0,000282
petersburg 3,506558 0,000668
pfohl 3,912023 0,000745
phd 2,040221 0,000777
phelan 3,506558 0,000668
philadelphia 2,813411 0,001071
php -0,009950 -0,000002
phrases 1,832581 0,000698
phrasesarticles 2,407946 0,000458
physical 0,616186 0,000939
picking 2,813411 0,006964
piemont 1,427116 0,000272
pile 3,912023 0,000745
pinar 3,506558 0,000668
pioneers 2,207275 0,000420
pipeline 2,659260 0,001013
place 0,597837 0,000797
placement 2,120264 0,000404
places 1,514128 0,000288
planner 2,525729 0,000962
planning 0,941609 0,002689
plans 1,171183 0,000446
plant 1,897120 0,000722
plants 2,302585 0,001315
platform 0,527633 0,000100
play 1,139434 0,000217
please 0,776529 0,000296
pls 2,995732 0,000570
point 0,301105 0,000803
points 0,867501 0,000165
pointy 3,218876 0,000613
policies 1,237874 0,000236
policy -0,009950 -0,000006
politique 3,912023 0,001490
pollution 1,897120 0,000361
poluha 3,912023 0,000745
pooling 2,995732 0,000570
pop 1,771957 0,000337
popular 0,579818 0,000110
popularized 2,120264 0,000404
portable 1,660731 0,000316
portal 0,597837 0,000114
portalrecent -0,009950 -0,000002
portuguese 2,525729 0,000481
positions 1,771957 0,000337
possible 0,287682 0,000055
postgraduate 3,912023 0,001490
potentially 0,755023 0,000144
pour 2,995732 0,002282
power 0,400478 0,000076
pqe 3,912023 0,000745
practical 0,634878 0,000121
practice 0,371064 0,000141
practices 1,139434 0,000434
practitioner 2,659260 0,000506
practitioners 1,609438 0,000306
prague 2,813411 0,000536
praze 3,912023 0,000745
precise 2,407946 0,000458
precisely 1,609438 0,000306
precl 3,912023 0,000745
predicting 2,207275 0,000420
preferred 1,560648 0,000297
prentice 0,994252 0,000379
preparation 1,897120 0,000361
presence 1,139434 0,000434
present 0,597837 0,000228
preservation 2,525729 0,000481
press 0,210721 0,000120
presumably 3,218876 0,000613
prevent 0,891598 0,000340
previously 0,843970 0,000321
price 1,021651 0,000195
primarily 0,653926 0,000249
primary 0,527633 0,000301
principal 1,272966 0,000242
principales 3,912023 0,001490
print -0,009950 -0,000002
privacy -0,009950 -0,000004
problem 0,385662 0,000441
problems 0,430783 0,000246
procedures 1,660731 0,000316
process 0,116534 0,000311
processes 0,634878 0,000484
processing 0,356675 0,000611
procurement 2,813411 0,002678
procuring 3,912023 0,000745
produced 0,820981 0,000156
producer 2,525729 0,000481
product 0,579818 0,001104
production 0,798508 0,003345
products 0,579818 0,001656
profession 2,525729 0,000481
professional 0,843970 0,002089
professionals 1,427116 0,000815
professions 2,995732 0,001711
profit -0,009950 -0,000004
program 0,328504 0,000063
programs 0,494296 0,000565
project 0,314711 0,000240
projects -0,009950 -0,000002
promotes 2,659260 0,000506
promotion 2,040221 0,000388
proper 1,171183 0,000669
properly 1,309333 0,000249
protective 2,813411 0,000536
provide 0,174353 0,000100
provider 1,966113 0,002246
providers 1,514128 0,001441
provides 0,261365 0,000050
providing 0,673345 0,000385
provisioning 2,995732 0,000570
psychology 1,514128 0,000288
public 0,248461 0,000237
publishing 0,446287 0,000085
punic 3,912023 0,000745
punjab 3,506558 0,000668
purchasing 1,897120 0,000722
pure 1,560648 0,000297
purpose 0,356675 0,000204
purposes 0,798508 0,000304
pydna 3,912023 0,000745
qasim 3,912023 0,000745
qualifications 3,506558 0,000668
qualified 3,218876 0,000613
quality 0,673345 0,000256
quantity 1,469676 0,002239
quebec 2,995732 0,000570
qui 3,912023 0,000745
quintessence 3,912023 0,001490
rack 2,407946 0,002292
racks 3,506558 0,004006
radiation 2,302585 0,000438
radio 1,469676 0,000560
rail 2,813411 0,001607
raire 3,506558 0,000668
rajesh 3,218876 0,000613
ral 3,506558 0,002003
ram 1,660731 0,000316
randomness 2,207275 0,000420
range 0,446287 0,000085
rapidly 1,514128 0,000288
rapporte 3,912023 0,000745
rapports 3,912023 0,001490
rarely 1,514128 0,000288
rate 0,755023 0,000144
rather 0,287682 0,000110
rations 3,506558 0,001335
rature 3,912023 0,000745
raue 3,912023 0,000745
raw 1,272966 0,000727
rbaycanca 0,248461 0,000047
rcr 3,506558 0,000668
read 0,843970 0,000161
readeditview 0,287682 0,000110
reader 1,832581 0,000349
reading 0,342490 0,000130
ready 1,469676 0,000280
real 0,210721 0,000201
really 1,660731 0,000316
realm 2,207275 0,000420
reason 1,049822 0,000200
reasoning 1,171183 0,000223
reassembling 3,912023 0,000745
recapture 3,912023 0,000745
received 1,078810 0,000205
receives 1,469676 0,000280
receiving 1,714798 0,000327
recent 0,693147 0,000132
recording 2,407946 0,000458
records 0,994252 0,000189
recueil 3,912023 0,000745
recycling 2,525729 0,000481
red 1,237874 0,000236
redirect 1,832581 0,001745
redirects 1,078810 0,000205
reduce 0,673345 0,000385
reducing 1,021651 0,000389
refer 0,867501 0,000165
references 0,020203 0,000012
referencesall 2,813411 0,000536
referred 0,446287 0,000170
referring 2,120264 0,000404
refers 0,755023 0,000288
regarding 1,386294 0,001320
regardless 1,272966 0,000242
regiment 3,506558 0,000668
region 1,832581 0,000349
registered -0,009950 -0,000002
regulations 1,386294 0,000264
related 0,051293 0,000107
relates 2,207275 0,000420
relating 1,609438 0,000306
relationship 0,891598 0,000679
relationships 1,171183 0,000223
relatively 1,049822 0,000200
reliability 1,021651 0,000389
reliable 0,616186 0,000117
relief 2,995732 0,000570
relies 1,272966 0,000242
rely 1,139434 0,000217
removal 1,609438 0,000306
remove 0,527633 0,000201
removed 0,693147 0,000264
reorganization 3,218876 0,000613
repair 2,813411 0,000536
replenishment 2,995732 0,000570
report 0,462035 0,000176
representation 0,776529 0,000148
representative 2,120264 0,000404
republicisraelothernarayale 3,912023 0,000745
reputation 2,040221 0,000388
require 0,462035 0,000176
required 0,274437 0,000209
requirements 0,597837 0,000455
requires 0,430783 0,000164
resconrec 3,506558 0,000668
research 0,261365 0,000249
researchall 3,912023 0,000745
reserve 1,832581 0,000698
reserved 2,120264 0,000404
resistance 1,897120 0,000361
resolve 1,966113 0,000374
resource 0,733969 0,000839
resources 0,314711 0,000959
response 0,755023 0,000144
responsibility 1,560648 0,000297
restaurant 2,813411 0,001071
restructuring 2,813411 0,001071
resultant 2,995732 0,000570
retail 1,560648 0,000891
retailer 3,218876 0,000613
retailers 2,120264 0,000404
retailing 2,995732 0,000570
retractable 3,912023 0,000745
retrieval 1,347074 0,000769
retrieved -0,009950 -0,000025
return 0,820981 0,000313
returned 1,832581 0,000349
returning 2,040221 0,000388
reuse 2,525729 0,000481
reverse 1,427116 0,002446
review 0,385662 0,000147
rfid 2,813411 0,002143
right 0,478036 0,001638
rise 0,967584 0,000184
risk 0,597837 0,000114
river 1,309333 0,000249
riverside 3,218876 0,000613
road 1,427116 0,000815
roberto 1,897120 0,000361
robot 1,832581 0,000349
robotic 2,302585 0,000438
robots 1,897120 0,000722
robust 1,272966 0,000242
roger 1,309333 0,000249
role 0,634878 0,000363
rom 0,616186 0,000117
roman 2,040221 0,001165
romanized 3,506558 0,000668
romans 3,506558 0,001335
ronald 1,714798 0,000327
roth 3,506558 0,000668
route 1,966113 0,000749
routes 2,525729 0,001443
routing 1,560648 0,001783
royal 1,714798 0,000653
ruggeri 3,912023 0,001490
rules 0,616186 0,000117
run 0,446287 0,000085
russia 1,714798 0,000327
saadany 3,912023 0,000745
safety -0,009950 -0,000009
said 0,755023 0,000288
saint 2,659260 0,000506
sale 2,040221 0,000777
sales 1,171183 0,001561
samir 3,912023 0,000745
sanders 2,207275 0,000420
satisfied 2,659260 0,000506
saurabh 2,995732 0,000570
save 1,771957 0,000337
scale 0,494296 0,000094
scanning 2,120264 0,000404
scattered 3,218876 0,000613
scenarios 1,514128 0,000288
scheduled 2,813411 0,000536
schedules 2,207275 0,000420
scheduling 1,386294 0,000264
scholar 1,309333 0,000249
scholars 1,966113 0,000749
school 1,078810 0,000205
science 0,287682 0,000219
sciences 0,867501 0,000165
scientific 0,693147 0,000132
scopestrategic 3,218876 0,000613
seaport 3,912023 0,000745
search -0,009950 -0,000008
sebastian 2,407946 0,000458
second 0,342490 0,000130
secondary 1,386294 0,000264
section 0,562119 0,000428
sector 1,386294 0,000528
sectors 2,040221 0,000777
security 0,314711 0,000120
see -0,009950 -0,000011
seen 0,776529 0,000444
selection 1,021651 0,000195
selective 2,302585 0,000438
selectivity 3,912023 0,000745
self 0,478036 0,000091
sell 1,560648 0,000297
semi 0,843970 0,000321
senior 1,714798 0,000327
september 0,150823 0,000144
sequence 0,994252 0,000568
sequential 1,897120 0,000361
series 0,328504 0,000125
serve 1,139434 0,000217
serves 1,609438 0,000306
service 0,314711 0,001019
services 0,400478 0,000839
servir 3,912023 0,001490
set 0,083382 0,000048
seven 1,469676 0,001119
several 0,094311 0,000036
share 0,616186 0,000117
sharealike -0,009950 -0,000002
shared 0,755023 0,000144
shelf 2,659260 0,000506
shelving 3,912023 0,000745
ship 2,207275 0,001261
shipment 3,506558 0,002671
shipments 2,525729 0,003366
shipper 3,218876 0,000613
shipping 1,832581 0,001745
ships 2,302585 0,000438
short -0,009950 -0,000013
shortened -0,009950 -0,000002
shown 1,237874 0,000236
shqipsimple 1,203973 0,000229
sidebar -0,009950 -0,000008
signals 1,203973 0,000229
signer 3,912023 0,000745
significant 0,328504 0,000188
significantly 1,171183 0,000223
similar 0,186330 0,000106
similarities 2,407946 0,000458
similarly 0,843970 0,000161
simon 1,108663 0,000211
simulation 1,309333 0,000249
since 0,139262 0,000159
sinews 3,912023 0,000745
singh 1,714798 0,000653
single 0,127833 0,000170
singuli 3,912023 0,000745
site -0,009950 -0,000004
situation 1,272966 0,000727
situations 1,237874 0,000236
size 0,462035 0,000088
skills 1,660731 0,000949
sku 3,506558 0,001335
slabs 3,912023 0,000745
slow 1,514128 0,000288
small 0,314711 0,000240
smilowitz 3,912023 0,000745
social 0,527633 0,000100
socio 2,813411 0,000536
software 0,127833 0,000122
sold 1,347074 0,000256
solutions 0,820981 0,000469
solve 1,203973 0,000229
solving 1,609438 0,000306
sometimes 0,301105 0,000115
sons 1,108663 0,000422
sorters 3,912023 0,000745
sorting 2,407946 0,001375
source 0,186330 0,000035
sourced 1,771957 0,000337
sources 0,446287 0,000425
south 1,108663 0,000422
southern 2,813411 0,000536
space 0,478036 0,000364
spare 2,525729 0,000481
speaks 2,659260 0,000506
special 0,494296 0,000094
specialist 1,897120 0,000722
specialized 0,843970 0,000161
specific 0,094311 0,000054
specifically 0,843970 0,000482
spectateur 3,912023 0,000745
spin 2,525729 0,000481
spotlight 2,995732 0,000570
springer 0,527633 0,000301
sprinklers 3,218876 0,000613
srivastava 2,659260 0,000506
srpskisrpskohrvatski 0,510826 0,000097
stacker 3,912023 0,000745
stacking 3,506558 0,000668
staff 1,469676 0,001119
standard 0,198451 0,000151
standardized 1,203973 0,000458
standards 0,462035 0,000088
statement -0,009950 -0,000004
statements 0,314711 0,000240
statementsarticles 0,544727 0,000104
states 0,385662 0,000220
statesczech 2,525729 0,000481
static 1,272966 0,000242
stations 2,525729 0,000481
statistics -0,009950 -0,000004
status 0,693147 0,000264
stay 1,966113 0,000374
steady 2,659260 0,000506
stica 3,912023 0,000745
still 0,342490 0,000065
stock 1,386294 0,001320
stocking 3,218876 0,001226
stockpages 3,912023 0,000745
stockpile 3,218876 0,000613
stocks 2,040221 0,000777
stoji 3,912023 0,000745
stop 1,203973 0,000458
stops 2,813411 0,000536
storage 0,430783 0,001394
store 0,733969 0,000280
stored 0,733969 0,000280
storeroom 3,912023 0,000745
stores 1,272966 0,000727
storing 1,171183 0,000669
strategic 1,171183 0,000223
strategies 1,078810 0,000411
strategy 0,891598 0,000340
straube 3,912023 0,000745
stress 1,897120 0,000361
students 1,469676 0,000280
studied 1,560648 0,000297
studies 0,673345 0,000128
study 0,510826 0,000195
style 0,994252 0,000189
subject 0,527633 0,000100
subsection 0,020203 0,000008
subsidiaries 2,659260 0,000506
subsistence 3,912023 0,000745
success 1,171183 0,000223
summary 1,469676 0,000280
suomisvenskatagalog 1,171183 0,000223
supercomputers 2,302585 0,000438
superficial 3,506558 0,000668
supermarkets 3,218876 0,000613
supervisor 2,995732 0,000570
supplier 2,659260 0,001013
suppliers 1,897120 0,001445
supplies 1,966113 0,001123
supply 1,171183 0,011819
supplying 2,525729 0,000962
support 0,198451 0,000113
supportable 3,912023 0,000745
supported 0,634878 0,000242
supporting 0,843970 0,000161
supports 0,867501 0,000165
sur 2,407946 0,000458
surge 2,207275 0,000420
surpluses 3,506558 0,000668
susan 2,120264 0,000404
sustain 3,218876 0,000613
sustainable 1,469676 0,000560
swap 2,407946 0,000458
swiss 2,040221 0,000388
synergistically 3,912023 0,000745
synonym 2,525729 0,000481
system 0,030459 0,000174
systempages 3,912023 0,000745
systems 0,061875 0,000259
table -0,009950 -0,000006
tableau 3,912023 0,002235
tactical 3,506558 0,003338
tag 1,714798 0,000327
tags 1,897120 0,000361
take 0,527633 0,000100
taken 0,867501 0,000165
takes 0,634878 0,000121
taking 0,967584 0,000553
talent 2,813411 0,000536
tampere 3,912023 0,000745
tanackov 3,912023 0,000745
tangible 3,506558 0,001335
tank 3,506558 0,000668
targets 1,272966 0,001939
task 0,776529 0,000148
tasks 0,798508 0,000152
tat 3,218876 0,000613
tats 3,912023 0,001490
taught 2,995732 0,000570
team 0,776529 0,000148
technical 0,478036 0,000182
technically 2,407946 0,000458
techniquepages 3,912023 0,000745
technological 1,427116 0,000272
technologies 0,562119 0,000214
technology 0,186330 0,000142
telecommunications 1,469676 0,000280
tell 1,966113 0,000374
temi 3,912023 0,000745
temperature 2,659260 0,000506
temporal 1,771957 0,000675
temps 3,912023 0,000745
tems 3,912023 0,000745
tepic 3,912023 0,000745
term 0,223144 0,000680
terme 3,912023 0,000745
terms -0,009950 -0,000013
termssystems 3,912023 0,000745
territory 2,659260 0,001519
testing 0,616186 0,000117
text -0,009950 -0,000002
textarticles 2,995732 0,001141
theater 3,506558 0,000668
themselves 0,843970 0,000321
theodore 3,218876 0,000613
theory 0,400478 0,000076
therefore 0,478036 0,000091
thereof 2,040221 0,000388
thermal 2,407946 0,000458
thesis 1,832581 0,000349
think 1,309333 0,000249
third 0,356675 0,000475
thomas 0,527633 0,000100
thoroughfares 3,912023 0,000745
thousands 1,469676 0,000280
three 0,287682 0,000219
throughout 1,078810 0,000205
thus 0,328504 0,000125
time 0,010050 0,000042
timeline 0,776529 0,000148
times 0,314711 0,000060
timevague 2,040221 0,000388
tinadanskdeutscheesti 1,309333 0,000249
title -0,009950 -0,000002
titled 1,966113 0,000374
together 0,579818 0,000221
toggle -0,009950 -0,000008
tokyo 2,302585 0,000438
tolerances 3,912023 0,000745
tomas 3,218876 0,000613
tool 0,653926 0,000125
tools -0,009950 -0,000008
top -0,009950 -0,000004
topic -0,009950 -0,000002
torre 3,506558 0,000668
total 0,673345 0,000128
tout 3,912023 0,000745
toward 1,108663 0,000211
trace 1,897120 0,000361
track 1,049822 0,000200
tracking 1,237874 0,000707
trade 1,139434 0,000434
trademark -0,009950 -0,000002
traditional 0,544727 0,000519
traditionally 1,897120 0,001806
traffic 1,272966 0,000242
trailers 3,912023 0,000745
train 2,207275 0,000841
training 1,078810 0,000205
trait 2,813411 0,001071
trans 3,218876 0,000613
transactions 0,713350 0,000136
transformations 1,966113 0,000374
transit 2,525729 0,000962
translated 1,609438 0,000306
transmission 1,347074 0,000256
transmits 3,218876 0,000613
transmitted 1,514128 0,000288
transport 1,203973 0,005960
transportation 1,832581 0,011166
transported 3,218876 0,000613
transporting 3,506558 0,002003
transversal 3,912023 0,000745
tre 2,813411 0,000536
trend 1,237874 0,000236
trends 1,021651 0,000584
trilateral 3,912023 0,000745
troop 3,912023 0,000745
troops 3,218876 0,002452
troupes 3,912023 0,000745
troy 2,995732 0,000570
truck 2,813411 0,002678
truckers 3,506558 0,000668
truckload 3,506558 0,000668
trucks 2,995732 0,000570
trust 0,967584 0,000184
turn 1,108663 0,000211
turnover 2,995732 0,001141
twinaray 2,302585 0,000438
two 0,083382 0,000064
twofold 3,506558 0,000668
tymologie 3,912023 0,000745
type 0,150823 0,000144
typeof 3,218876 0,000613
types 0,198451 0,000113
typical 1,139434 0,000434
typically 0,223144 0,000297
typology 3,506558 0,000668
ulietuvi 1,049822 0,000200
under -0,009950 -0,000004
undergraduate 2,302585 0,000438
understanding 0,562119 0,000107
undertaken 2,525729 0,000481
une 3,506558 0,001335
unfinished 3,218876 0,000613
unit 0,798508 0,000760
united 0,527633 0,000502
units 1,309333 0,000997
universities 1,469676 0,000560
university 0,186330 0,000177
unsourced 0,446287 0,000425
upon 0,673345 0,000128
urgent 2,995732 0,000570
urldownload -0,009950 -0,000002
usage 0,597837 0,000228
use -0,009950 -0,000013
used -0,009950 -0,000025
useful 0,634878 0,000121
user 0,328504 0,000188
users 0,478036 0,000091
uses 0,094311 0,000054
using -0,009950 -0,000017
uss 3,912023 0,002235
usually 0,223144 0,000212
utc -0,009950 -0,000002
utilities 1,897120 0,000361
vague 1,714798 0,000327
value 0,301105 0,000287
valued 1,897120 0,000361
variable 0,843970 0,000161
variables 0,891598 0,000340
varies 1,427116 0,000272
various 0,223144 0,000127
varying 1,309333 0,000249
vehicle 1,609438 0,002452
vehicles 1,660731 0,001265
vendors 1,514128 0,000288
venture 1,832581 0,000349
venu 3,912023 0,000745
verification 0,733969 0,000280
verifying 2,525729 0,000481
version -0,009950 -0,000002
vertical 1,966113 0,001497
via 0,186330 0,000071
victoria 2,659260 0,000506
vietnam 2,407946 0,000458
view -0,009950 -0,000002
virtual 0,527633 0,000100
vis 3,218876 0,000613
visibility 2,040221 0,000388
vision 0,891598 0,000340
visualize 2,995732 0,000570
vol 0,616186 0,000352
volume 0,616186 0,000117
volumetric 3,218876 0,001226
voluntary 2,407946 0,000458
vratislav 3,912023 0,000745
vte 0,967584 0,000184
vtemanagement 3,218876 0,000613
vut 3,912023 0,000745
wallenburg 3,506558 0,000668
war 1,272966 0,003393
warehouse 2,407946 0,012379
warehouses 2,813411 0,002143
warehousing 2,407946 0,001834
wars 1,897120 0,000361
wartime 3,506558 0,000668
waste 1,897120 0,000361
waters 2,995732 0,000570
waves 2,207275 0,000420
way 0,198451 0,000076
ways 0,446287 0,000085
wcs 3,912023 0,002979
weapon 2,659260 0,001013
weasel 2,407946 0,001375
weekly 1,966113 0,000374
weight 1,386294 0,000528
weighting 3,218876 0,000613
well 0,051293 0,000068
wellington 3,218876 0,001839
what -0,009950 -0,000006
whereas 1,049822 0,000800
which 0,000000 0,000000
while 0,051293 0,000068
white 1,108663 0,000211
who 0,301105 0,000229
wholesaler 3,912023 0,000745
whom 2,120264 0,000404
width 2,207275 0,000420
wieland 3,218876 0,001226
wiendahi 3,912023 0,000745
wikidata 0,562119 0,000107
wikidatause 1,108663 0,000211
wikimedia -0,009950 -0,000006
wikipedia -0,009950 -0,000011
wikipediacontact -0,009950 -0,000002
wiley 0,562119 0,000214
williamson 2,525729 0,000481
windows 1,021651 0,000195
withdrawal 2,813411 0,000536
within 0,116534 0,000178
without 0,094311 0,000018
wms 3,912023 0,002979
word 0,693147 0,000396
worded 2,407946 0,001375
work 0,127833 0,000049
working 0,478036 0,000546
workstation 2,207275 0,000420
world 0,139262 0,000133
worldwide 1,108663 0,000422
writer 1,714798 0,000327
wuzi 3,912023 0,000745
www 0,356675 0,000204
years 0,274437 0,000105
yet 0,891598 0,000170
york 0,371064 0,000141
youtube 1,272966 0,000242
zach 3,218876 0,000613
zacharia 3,506558 0,000668
zbekcha 0,462035 0,000088
zero 0,733969 0,000280
